date|security_id|ticker|open|high|low|close|volume|adj_factor|adj_close_vendor
2026-03-09|1|AEP|131.809998|132.350006|130.789993|131.860001|4476500|0.9852885257|129.920135
2026-03-09|2|BA|226.750000|227.589996|220.449997|225.000000|8400100|1.0000000000|225.000000
2026-03-09|3|CAT|665.219971|708.630005|662.849976|704.820007|3584400|0.9962516275|702.178101
2026-03-09|4|CNP|43.509998|43.750000|42.950001|43.480000|3774700|0.9886466776|42.986359
2026-03-09|5|CVX|191.000000|191.649994|188.110001|189.440002|15987500|0.9823507513|186.096527
2026-03-09|6|DIS|100.550003|101.870003|98.449997|101.660004|11715100|0.9923958226|100.886963
2026-03-09|7|DTE|150.440002|150.740005|147.179993|148.960007|989700|0.9843774065|146.632858
2026-03-09|8|ED|112.540001|112.750000|111.089996|111.800003|2255800|0.9836258984|109.969376
2026-03-09|9|GD|362.529999|364.000000|355.579987|361.980011|1444600|0.9910149667|358.727631
2026-03-09|10|GE|319.890015|322.000000|310.119995|321.929993|5740100|0.9987550328|321.529205
2026-03-09|11|HON|234.129993|238.390000|230.789993|237.589995|3405100|1.0399150842|247.073425
2026-03-09|12|HPQ|19.170000|19.190001|18.500000|18.930000|21087600|0.9721972446|18.403694
2026-03-09|13|IBM|255.380005|258.079987|251.570007|253.330002|6126600|0.9856234381|249.687973
2026-03-09|14|IP|38.770000|38.830002|37.020000|38.389999|10302600|0.9742073595|37.399822
2026-03-09|15|JNJ|240.869995|244.089996|240.039993|242.589996|7844000|0.9894021702|240.019058
2026-03-09|16|KO|76.620003|78.070000|76.529999|77.800003|18554100|0.9867998793|76.773041
2026-03-09|17|KR|73.589996|74.800003|73.339996|73.370003|8411400|0.9879807975|72.488152
2026-03-09|18|LMT|675.580017|676.080017|657.349976|664.150024|2369700|0.9934960884|659.830444
2026-03-09|19|MMM|151.490005|152.919998|147.720001|151.630005|6235100|0.9905187908|150.192368
2026-03-09|20|MO|66.510002|67.110001|66.040001|67.040001|9488500|0.9690282260|64.963654
2026-03-09|21|MRK|114.980003|117.260002|114.110001|117.110001|8321600|0.9855603323|115.418968
2026-03-09|22|MSI|457.500000|458.910004|452.890015|458.029999|1268900|0.9943844568|455.457947
2026-03-09|23|PG|153.149994|156.229996|152.899994|155.220001|12494900|0.9851719538|152.918381
2026-03-09|24|XOM|152.020004|153.889999|149.470001|150.440002|25532700|0.9868681737|148.464462
2026-03-09|25|RTX|211.759995|213.000000|206.809998|208.229996|8626400|0.9925545778|206.679642
2026-03-09|26|MCD|325.799988|331.700012|324.579987|330.799988|3407500|0.9932635540|328.571564
2026-03-09|27|AXP|294.529999|306.299988|292.429993|305.380005|4695000|0.9941272834|303.586609
2026-03-09|28|BMY|59.919998|60.639999|59.250000|60.630001|10964600|0.9787458882|59.341366
2026-03-09|29|DD|44.179998|45.440002|43.049998|45.240000|5829501|2.9881422927|135.183563
2026-03-09|30|DE|586.469971|600.820007|578.320007|599.479980|1499500|0.9945059901|596.186462
2026-03-09|31|EMR|135.970001|141.449997|134.649994|141.119995|3149000|0.9926085470|140.076920
2026-03-09|32|ETN|343.320007|355.559998|338.250000|353.869995|3409100|0.9917042798|350.934357
2026-03-09|33|ETR|104.209999|104.790001|102.730003|104.650002|2904200|0.9886701734|103.464333
2026-03-09|34|F|11.940000|12.200000|11.800000|12.190000|69611200|0.9769709546|11.909275
2026-03-09|35|HAL|33.779999|34.759998|33.490002|34.650002|17753100|0.9957637679|34.503216
2026-03-09|36|LLY|986.890015|1008.929993|980.580017|1008.390015|2802200|0.9968530383|1005.216675
2026-03-09|37|PCG|18.559999|18.639999|17.920000|18.170000|21484900|0.9942476518|18.065479
2026-03-09|38|PEP|159.169998|162.429993|158.100006|161.529999|6416000|0.9895884624|159.848221
2026-03-09|39|PFE|26.910000|27.110001|26.360001|26.809999|42789500|0.9668473999|25.921177
2026-03-09|40|TXN|192.750000|197.160004|189.679993|196.199997|7597500|0.9898764050|194.213745
2026-03-09|41|WFC|79.430000|79.790001|76.860001|78.830002|24959500|0.9886393471|77.934448
2026-03-09|42|HUBB|462.839996|488.070007|457.600006|487.760010|590633|0.9970037769|486.298584
2026-03-09|43|WMT|123.690002|124.510002|122.500000|124.339996|19375900|0.9936722171|123.553192
2026-03-09|44|AIG|78.320000|78.529999|76.500000|77.620003|6020400|0.9875732230|76.655434
2026-03-09|45|AVY|177.550003|177.690002|174.380005|176.470001|742600|0.9936321953|175.346268
2026-03-09|46|BAC|47.939999|48.150002|46.770000|47.900002|62752800|0.9948310871|47.652409
2026-03-09|47|BALL|61.790001|62.689999|60.750000|62.389999|1835800|0.9963416864|62.161758
2026-03-09|48|BDX|165.000000|167.059998|161.750000|165.460007|2905100|0.9866980137|163.259064
2026-03-09|49|CLX|113.500000|114.000000|108.940002|113.410004|2726800|0.9761478543|110.704933
2026-03-09|50|CMI|521.000000|551.429993|516.960022|550.190002|852100|0.9931721942|546.433411
2026-03-09|51|CMS|77.309998|77.459999|76.250000|77.239998|2869200|0.9843492113|76.031128
2026-03-09|52|CVS|77.239998|78.410004|76.300003|78.260002|6872200|0.9851999130|77.101746
2026-03-09|53|ECL|279.549988|282.480011|274.739990|281.859985|1639900|0.9946163507|280.342560
2026-03-09|54|ES|74.500000|74.970001|72.730003|73.849998|2590500|0.9882685720|72.983635
2026-03-09|55|EVRG|83.360001|83.360001|81.709999|83.129997|2545600|0.9752573788|81.073143
2026-03-09|56|GWW|1097.250000|1120.329956|1083.329956|1115.280029|231200|0.9960365882|1110.859619
2026-03-09|57|LNT|71.550003|71.750000|70.669998|71.610001|2144200|0.9850786184|70.541481
2026-03-09|58|MKC|64.080002|64.809998|63.500000|64.180000|2059900|0.9822640876|63.041710
2026-03-09|59|MRSH|182.240005|182.449997|177.919998|179.970001|3131300|0.9892843147|178.041504
2026-03-09|60|NEE|90.269997|92.190002|89.650002|92.010002|9563600|0.9927287582|90.659225
2026-03-09|61|NI|46.220001|47.200001|45.880001|47.029999|5037100|0.9871584841|46.426064
2026-03-09|62|PNW|102.419998|102.419998|100.099998|101.279999|1354300|0.9822795276|99.485268
2026-03-09|63|RVTY|90.000000|92.849998|88.339996|92.110001|1215300|0.9985919505|91.980309
2026-03-09|64|SNA|365.640015|374.720001|361.630005|373.570007|358000|0.9870969475|368.749817
2026-03-09|65|SPGI|448.589987|449.589989|431.419995|445.279991|2154600|0.9417621693|419.347839
2026-03-09|66|TER|265.399994|296.440002|263.019989|296.440002|6533700|0.9996224662|296.328094
2026-03-09|67|TGT|118.660004|120.160004|115.750000|120.139999|6005500|0.9830946401|118.108994
2026-03-09|68|TXT|93.949997|94.870003|91.360001|94.139999|1369100|0.9995682296|94.099350
2026-03-09|69|VMC|271.809998|274.329987|266.809998|274.329987|1866600|0.9961649269|273.277924
2026-03-09|70|XEL|82.680000|82.680000|81.279999|82.099998|3586500|0.9852321471|80.887558
2026-03-09|71|ITW|273.549988|277.200012|269.950012|276.579987|1248800|0.9877340632|273.187469
2026-03-09|72|CL|92.690002|93.620003|92.010002|93.000000|7808700|0.9881586198|91.898750
2026-03-09|73|EXC|49.220001|49.340000|48.669998|49.139999|7478400|0.9906832302|48.682175
2026-03-09|74|MDT|90.000000|91.540001|89.010002|91.339996|11112400|0.9830319865|89.790138
2026-03-09|75|BNY|113.150002|115.699997|111.709999|115.099998|3556200|0.9920974180|114.190414
2026-03-09|76|EIX|71.379997|71.489998|68.769997|70.730003|5732200|0.9764773062|69.066246
2026-03-09|77|FRT|106.000000|106.989998|104.080002|106.540001|702100|0.9803038504|104.441566
2026-03-09|78|PNR|90.639999|92.690002|88.730003|92.199997|1467000|0.9926207111|91.519630
2026-03-09|79|USB|51.529999|52.439999|50.320000|52.130001|11260600|0.9813809589|51.159389
2026-03-09|80|WY|24.219999|24.580000|23.820000|24.450001|7571800|0.9829820427|24.033911
2026-03-09|81|SYY|84.550003|84.860001|82.760002|84.699997|3190800|0.9859824728|83.512711
2026-03-09|82|WRB|69.620003|69.620003|67.620003|68.239998|1926700|0.9910634494|67.630173
2026-03-09|83|IFF|72.730003|73.489998|71.209999|73.160004|1692400|0.9889000540|72.347939
2026-03-09|84|TAP|46.240002|46.380001|45.320000|46.009998|2417500|0.9881685974|44.941792
2026-03-09|85|PNC|203.050003|206.070007|198.039993|205.339996|3001200|0.9845274632|202.162872
2026-03-09|86|TRV|304.369995|304.910004|299.920013|303.190002|1734900|0.9922238191|300.832336
2026-03-09|87|C|104.449997|107.050003|102.010002|106.589996|18525600|0.9902572054|105.551514
2026-03-09|88|FDX|351.610014|361.989982|346.009986|361.099983|1912800|0.8027880446|289.886749
2026-03-09|89|WDC|239.190002|262.160004|238.000000|262.059998|10377400|0.9997393571|261.991699
2026-03-09|90|DHR|194.830002|199.389999|193.389999|198.800003|3522600|0.9958070237|197.966431
2026-03-09|91|APA|33.230000|33.779999|32.310001|32.590000|11503100|0.9864084367|32.147049
2026-03-09|92|LUV|40.689999|43.110001|38.820000|43.029999|14823200|0.9913697990|42.658642
2026-03-09|93|PEG|83.290001|84.160004|81.949997|84.040001|3023700|0.9834778438|82.651474
2026-03-09|94|UNP|251.250000|254.679993|247.649994|253.610001|2863900|0.9948314607|252.299210
2026-03-09|95|ABT|109.419998|112.739998|108.940002|112.650002|13560800|0.9867277802|111.154892
2026-03-09|96|ADI|310.239990|319.899994|307.220001|319.709991|5945400|0.9972683702|318.836670
2026-03-09|97|ADM|67.510002|68.739998|66.309998|67.919998|3646300|0.9871845133|67.049576
2026-03-09|98|ADP|224.570007|225.490005|220.380005|223.039993|4331900|0.9843371720|219.546555
2026-03-09|99|AFL|110.089996|110.519997|108.260002|110.180000|2802800|0.9898631333|109.063126
2026-03-09|100|AMAT|320.480011|339.160004|316.660004|338.940002|9504100|0.9976914901|338.157562
2026-03-09|101|AMD|189.360001|202.970001|189.020004|202.679993|38877200|1.0000000000|202.679993
2026-03-09|102|APD|273.500000|276.250000|272.170013|274.399994|1791200|0.9876339339|271.006744
2026-03-09|103|BF-B|24.760000|25.049999|24.230000|24.879999|7916800|0.9913580245|24.664988
2026-03-09|104|CHD|99.940002|102.510002|99.580002|102.250000|2634700|0.9937159244|101.607452
2026-03-09|105|CINF|164.339996|164.339996|160.479996|163.320007|1004600|0.9887134133|161.476685
2026-03-09|106|CMCSA|31.639999|31.760000|30.469999|31.040001|45897400|0.9752182964|30.270777
2026-03-09|107|D|63.090000|63.240002|62.049999|62.910000|3381800|0.9900860786|62.286316
2026-03-09|108|DOV|204.720001|211.259995|201.789993|211.000000|1334400|0.9975530563|210.483688
2026-03-09|109|DUK|131.860001|132.479996|130.539993|131.080002|7057200|0.9827918175|128.824356
2026-03-09|110|EFX|204.880005|205.350006|195.059998|204.610001|1653600|0.9965665237|203.907486
2026-03-09|111|EQT|62.340000|62.930000|61.509998|62.230000|12013100|0.9940720641|61.861103
2026-03-09|112|FITB|46.110001|47.209999|45.259998|46.980000|13094900|0.9840657827|46.231407
2026-03-09|113|GIS|44.150002|44.299999|43.389999|43.400002|7527400|0.9666684497|41.953411
2026-03-09|114|GPC|113.919998|114.559998|110.769997|111.839996|1584700|0.9892223458|110.634621
2026-03-09|115|HAS|92.769997|96.050003|91.339996|95.779999|1417500|0.9844894224|94.294395
2026-03-09|116|HBAN|16.080000|16.260000|15.580000|16.120001|39514100|0.9810694650|15.814840
2026-03-09|117|HRL|24.250000|24.420000|23.670000|23.879999|5473400|0.9742790885|23.265783
2026-03-09|118|HST|18.910000|19.209999|18.400000|19.160000|11739100|0.9529227702|18.257999
2026-03-09|119|HSY|223.880005|224.919998|220.220001|222.779999|2150400|0.9846288447|219.355621
2026-03-09|120|INTC|42.740002|45.759998|41.639999|45.580002|82937400|1.0000000000|45.580002
2026-03-09|121|J|134.720001|135.020004|131.399994|134.669998|818900|0.9944174758|133.918198
2026-03-09|122|JPM|285.500000|291.100006|280.450012|289.920013|12241100|0.9904464778|287.150269
2026-03-09|123|KMB|103.559998|103.580002|101.919998|102.849998|5291500|0.9864507253|101.456459
2026-03-09|124|L|109.040001|109.120003|107.540001|109.099998|645200|0.9988625697|108.975906
2026-03-09|125|LEN|99.529999|100.709999|96.400002|99.940002|3193900|0.9888298730|98.823662
2026-03-09|126|LOW|250.119995|251.449997|243.589996|250.220001|2896300|0.9891098782|247.495087
2026-03-09|127|MAS|62.250000|64.269997|61.299999|64.239998|3109800|0.9908891403|63.654716
2026-03-09|128|MTB|204.789993|210.000000|201.639999|208.660004|1137600|0.9930590903|207.211716
2026-03-09|129|NEM|112.320000|117.089996|109.300003|116.959999|9829600|0.9976704596|116.687538
2026-03-09|130|NTRS|135.949997|139.020004|132.770004|138.410004|1078400|0.9953773257|137.770172
2026-03-09|131|NUE|166.740005|169.960007|163.289993|169.470001|1430600|0.9941593298|168.480179
2026-03-09|132|OMC|84.419998|84.669998|82.599998|83.989998|4921100|0.9796477026|82.280609
2026-03-09|133|PCAR|118.790001|121.169998|116.550003|120.669998|3473600|0.9942707430|119.978645
2026-03-09|134|PGR|209.809998|210.839996|205.050003|206.800003|2595900|0.9990392069|206.601303
2026-03-09|135|PH|900.880005|933.409973|900.000000|932.169983|1349500|0.9977448271|930.067749
2026-03-09|136|PHM|125.199997|126.910004|122.379997|126.660004|2197400|0.9957597479|126.122940
2026-03-09|137|PPG|104.959999|108.430000|102.290001|108.250000|3425900|0.9873814378|106.884041
2026-03-09|138|PPL|38.360001|38.450001|37.630001|38.310001|7338800|0.9846479678|37.721867
2026-03-09|139|RF|26.570000|27.090000|26.059999|26.959999|19249800|0.9905357143|26.704842
2026-03-09|140|ROL|57.830002|58.200001|56.779999|57.570000|3321700|0.9917679269|57.096077
2026-03-09|141|SHW|324.519989|333.480011|321.369995|333.399994|2189600|0.9951137391|331.770935
2026-03-09|142|STT|118.660004|122.260002|116.150002|121.930000|2393700|0.9884428745|120.520844
2026-03-09|143|SWK|73.849998|76.040001|71.519997|75.620003|2781600|0.9785642065|73.999023
2026-03-09|144|SYK|360.760010|367.429993|356.940002|365.920013|1842900|0.9946461548|363.960938
2026-03-09|145|TMO|496.220001|510.600006|492.130005|509.970001|2210500|0.9980119596|508.956146
2026-03-09|146|TPL|528.059998|545.000000|520.000000|539.789978|560100|0.9984732824|538.965881
2026-03-09|147|TSN|60.740002|61.560001|59.779999|61.330002|3506400|0.9916420846|60.817410
2026-03-09|148|TT|417.350006|428.179993|413.929993|427.519989|1639100|0.9977358979|426.552063
2026-03-09|149|TYL|370.929993|373.459991|361.399994|367.350006|548300|1.0000000000|367.350006
2026-03-09|150|UDR|36.910000|37.380001|36.459999|37.209999|3590400|0.9803230978|36.477821
2026-03-09|151|VTRS|13.860000|14.290000|13.800000|14.220000|8863200|0.9853197013|14.011247
2026-03-09|152|WEC|115.830002|115.930000|114.440002|115.589996|2170600|0.9829379991|113.617798
2026-03-09|153|WST|243.410004|249.160004|239.850006|248.059998|665900|0.9985945833|247.711380
2026-03-09|154|NDSN|268.250000|272.850006|264.739990|271.489990|577300|0.9941183690|269.893158
2026-03-09|155|TFC|46.060001|46.990002|44.910000|46.750000|9819000|0.9798350561|45.807289
2026-03-09|156|WELL|202.860001|208.240005|202.610001|207.679993|3757500|0.9928496012|206.195007
2026-03-09|157|AON|341.549988|342.380005|329.750000|332.839996|1708500|0.9951005240|331.209290
2026-03-09|158|GL|140.839996|142.279999|138.399994|142.009995|592300|0.9958260151|141.417252
2026-03-09|159|OKE|86.879997|87.699997|85.300003|85.959999|6132900|0.9765151605|83.941246
2026-03-09|160|KLAC|1322.929993|1435.220032|1321.020050|1429.100037|1120700|0.0997597720|142.566696
2026-03-09|161|CSX|39.950001|40.840000|39.340000|40.599998|13194200|0.9969438988|40.475922
2026-03-09|162|PSA|306.160004|307.630005|296.579987|306.480011|1441400|0.9808120164|300.599274
2026-03-09|163|NKE|55.740002|56.709999|55.389999|56.529999|18053100|0.9911312999|56.028652
2026-03-09|164|AAPL|255.690002|261.149994|253.679993|259.880005|38218500|0.9982185855|259.417053
2026-03-09|165|BRO|72.779999|73.400002|70.570000|71.040001|3227100|0.9947741799|70.668755
2026-03-09|166|UHS|188.490005|191.050003|181.429993|190.529999|1157500|0.9986223049|190.267502
2026-03-09|167|HD|355.600006|356.489990|345.640015|353.559998|4224500|0.9859634354|348.597229
2026-03-09|168|BAX|17.260000|17.969999|17.000000|17.910000|10923600|0.9994805195|17.893793
2026-03-09|169|COP|117.540001|118.769997|116.199997|117.029999|13694700|0.9860463925|115.397011
2026-03-09|170|GLW|121.000000|129.610001|120.010002|129.050003|15927600|0.9984696945|128.852524
2026-03-09|171|HUM|177.949997|179.270004|173.820007|178.529999|1747200|0.9926050698|177.209778
2026-03-09|172|LHX|366.000000|373.119995|363.380005|371.260010|2254900|0.9959648783|369.761932
2026-03-09|173|NOC|763.000000|765.580017|744.570007|747.340027|910400|0.9956180811|744.065247
2026-03-09|174|OXY|54.430000|56.090000|54.080002|55.020000|33141000|0.9906984712|54.508228
2026-03-09|175|ROK|364.299988|376.260010|360.579987|375.549988|1220100|0.9938632005|373.245300
2026-03-09|176|SLB|46.869999|47.270000|45.500000|47.189999|21100800|0.9947843000|46.943871
2026-03-09|177|SO|97.500000|97.699997|96.709999|97.250000|5191900|0.9836658196|95.661499
2026-03-09|178|WMB|73.699997|74.139999|72.699997|73.180000|9302300|0.9855810767|72.124817
2026-03-09|179|VLO|226.369995|226.369995|214.110001|215.949997|6476300|0.9914397807|214.101410
2026-03-09|180|CI|268.670013|271.250000|264.470001|269.660004|1677700|0.9942378017|268.106171
2026-03-09|181|NSC|299.679993|303.250000|295.410004|302.429993|1980800|0.9917671837|299.940125
2026-03-09|182|COO|75.269997|76.180000|72.760002|75.820000|3723000|1.0000000000|75.820000
2026-03-09|183|AMGN|368.269989|378.820007|366.529999|376.970001|2719900|0.9867386103|371.970856
2026-03-09|184|RJF|149.729996|152.289993|147.119995|151.190002|1216500|0.9927317770|150.091125
2026-03-09|185|WSM|181.919998|189.240005|176.600006|188.300003|1521400|0.9927167515|186.928574
2026-03-09|186|CAH|217.399994|222.380005|214.899994|222.279999|2555200|0.9954149217|221.260818
2026-03-09|187|CTAS|203.199997|203.440002|198.100006|200.770004|1949000|0.9947044338|199.706818
2026-03-09|188|PAYX|99.519997|99.790001|97.099998|98.300003|4489900|0.9771272923|96.051613
2026-03-09|189|BEN|25.670000|25.870001|24.639999|25.780001|5784800|0.9758021744|25.156181
2026-03-09|190|AOS|70.139999|70.900002|67.930000|70.459999|1450100|0.9883617008|69.639961
2026-03-09|191|CASY|658.750000|665.320007|627.489990|664.539978|982600|0.9985579358|663.581665
2026-03-09|192|T|28.129999|28.360001|27.389999|27.530001|52145000|0.9765662530|26.884869
2026-03-09|193|VZ|51.000000|51.099998|50.360001|50.450001|29057400|0.9686690897|48.869358
2026-03-09|194|JBHT|211.639999|217.839996|206.429993|217.460007|1125200|0.9964612666|216.690475
2026-03-09|195|ATO|183.119995|185.899994|182.910004|185.240005|1601300|0.9884163190|183.094238
2026-03-09|196|LRCX|195.000000|211.500000|194.080002|211.149994|13421000|0.9992960416|211.001358
2026-03-09|197|MU|363.959991|390.000000|357.670013|389.320007|35547200|0.9994263974|389.096680
2026-03-09|198|AJG|226.899994|226.899994|215.279999|217.779999|1977700|0.9966824645|217.057510
2026-03-09|199|AME|219.910004|225.679993|217.520004|225.070007|1731300|0.9969202115|224.376846
2026-03-09|200|SWKS|53.930000|55.450001|52.169998|55.279999|3943000|0.9913855858|54.803795
2026-03-09|201|EXPD|146.309998|146.850006|142.169998|145.240005|2174400|0.9948730934|144.495377
2026-03-09|202|UNH|282.000000|285.200012|278.660004|285.170013|10348800|0.9943209633|283.550537
2026-03-09|203|BBY|65.099998|66.209999|63.040001|65.959999|5550900|0.9720666083|64.117508
2026-03-09|204|DOC|17.000000|17.500000|16.809999|17.420000|5852900|0.9689596923|16.879278
2026-03-09|205|ADSK|260.769989|262.519989|256.500000|260.750000|1803400|1.0000000000|260.750000
2026-03-09|206|DVN|45.200001|46.000000|44.180000|44.820000|25647000|0.9877783076|44.272228
2026-03-09|207|NVR|6876.490234|6909.200195|6697.979980|6872.029785|25700|1.0000000000|6872.029785
2026-03-09|208|ROST|209.979996|212.279999|204.250000|212.149994|3408600|0.9959267541|211.285843
2026-03-09|209|JKHY|170.899994|172.839996|167.990005|171.589996|1133100|0.9955252350|170.822174
2026-03-09|210|MNST|74.959999|75.739998|73.349998|75.730003|8605800|0.5000000000|75.730003
2026-03-09|211|ORCL|150.699997|152.000000|146.429993|151.559998|31173500|0.9930647011|150.508881
2026-03-09|212|MSFT|404.920013|410.209991|403.500000|409.410004|30131900|0.9959638868|407.757568
2026-03-09|213|TROW|88.669998|91.099998|86.940002|90.550003|2450900|0.9736426638|88.163345
2026-03-09|214|COST|999.630005|1007.409973|987.989990|1005.299988|2348200|0.9969659831|1002.249878
2026-03-09|215|ADBE|281.320007|285.200012|277.899994|282.440002|4728400|1.0000000000|282.440002
2026-03-09|216|FISV|62.299999|62.369999|59.970001|61.290001|5435300|1.0000000000|61.290001
2026-03-09|217|BKR|59.750000|60.150002|58.860001|60.099998|11952600|0.9930140272|59.680141
2026-03-09|218|CDNS|293.760010|300.269989|289.369995|298.049988|2493900|1.0000000000|298.049988
2026-03-09|219|TJX|158.479996|158.929993|155.110001|158.139999|4620600|0.9936003560|157.127960
2026-03-09|220|FICO|1446.479980|1461.699951|1418.050049|1441.199951|198000|1.0000000000|1441.199951
2026-03-09|221|CCL|24.469999|26.389999|23.469999|26.389999|56154000|0.9887339129|26.092686
2026-03-09|222|FAST|46.009998|47.049999|45.380001|46.799999|9592800|0.9892709750|46.297882
2026-03-09|223|SCHW|94.099998|94.860001|92.269997|94.379997|8517400|0.9935274715|93.769119
2026-03-09|224|JCI|130.190002|134.250000|128.759995|133.089996|4954200|0.9941759575|132.314865
2026-03-09|225|COHR|236.389999|254.360001|236.000000|252.320007|10589700|1.0000000000|252.320007
2026-03-09|226|KEY|19.490000|19.760000|18.969999|19.690001|20104700|0.9901913874|19.496870
2026-03-09|227|MOS|26.250000|27.260000|25.379999|26.920000|11434800|0.9899359564|26.649075
2026-03-09|228|MGM|34.750000|35.889999|33.450001|35.639999|7072800|1.0000000000|35.639999
2026-03-09|229|WM|243.369995|247.979996|242.740005|246.509995|3292700|0.9917417797|244.474258
2026-03-09|230|TECH|52.810001|55.139999|52.380001|54.869999|2677800|0.9970482740|54.708038
2026-03-09|231|IEX|194.240005|198.050003|190.770004|197.600006|780900|0.9931996195|196.256241
2026-03-09|232|GEN|22.330000|22.680000|21.990000|22.549999|5240600|0.9903038605|22.331350
2026-03-09|233|CRH|102.980003|106.550003|101.879997|106.459999|8278500|0.9923991275|105.650810
2026-03-09|234|EOG|133.490005|134.360001|130.190002|131.669998|7598100|0.9849854996|129.693039
2026-03-09|235|PTC|161.350006|164.160004|160.110001|163.419998|1157400|1.0000000000|163.419998
2026-03-09|236|CSCO|77.180000|77.559998|75.199997|76.209999|32855900|0.9909035959|75.516762
2026-03-09|237|LH|268.380005|274.350006|264.239990|273.609985|563100|0.9972597526|272.276459
2026-03-09|238|TRMB|69.230003|70.760002|67.930000|70.449997|1800700|1.0000000000|70.449997
2026-03-09|239|AZO|3680.129883|3705.929932|3617.629883|3672.679932|152500|1.0000000000|3672.679932
2026-03-09|240|REGN|759.859985|783.700012|754.909973|781.599976|697100|0.9973440317|779.524048
2026-03-09|241|IDXX|601.520020|611.619995|594.320007|610.450012|477700|1.0000000000|610.450012
2026-03-09|242|AES|14.150000|14.230000|14.120000|14.190000|14669200|0.9761125722|13.851037
2026-03-09|243|VRTX|455.589996|461.260010|450.779999|460.869995|1179900|1.0000000000|460.869995
2026-03-09|244|ZBRA|215.000000|216.460007|206.919998|213.779999|880900|1.0000000000|213.779999
2026-03-09|245|BIIB|183.910004|188.500000|182.600006|188.240005|651600|1.0000000000|188.240005
2026-03-09|246|ODFL|190.770004|197.690002|184.690002|197.220001|2558500|0.9987340667|196.970337
2026-03-09|247|APH|129.570007|136.729996|128.610001|136.059998|8755100|0.9965240421|135.587067
2026-03-09|248|KIM|23.010000|23.219999|22.600000|23.200001|6897000|0.9891711788|22.948772
2026-03-09|249|QCOM|133.490005|138.580002|132.460007|138.110001|12304600|0.9963201471|137.601776
2026-03-09|250|GILD|143.500000|146.919998|143.490005|146.630005|5210400|0.9878606941|144.850006
2026-03-09|251|ROP|363.790009|365.769989|358.880005|363.059998|1326300|0.9949619600|361.230896
2026-03-09|252|SNPS|432.570007|440.910004|429.649994|437.220001|2603500|1.0000000000|437.220001
2026-03-09|253|STZ|145.000000|149.250000|144.610001|148.960007|2129700|0.9856055004|146.815796
2026-03-09|254|BSX|70.320000|72.370003|69.519997|71.900002|11651100|1.0000000000|71.900002
2026-03-09|255|STE|227.729996|228.089996|222.210007|227.720001|1185800|0.9970332000|227.044403
2026-03-09|256|DHI|144.740005|148.220001|141.899994|147.690002|2775200|0.9940209933|146.806961
2026-03-09|257|LIN|482.660004|486.540009|478.829987|483.619995|2279400|0.9935105778|480.481598
2026-03-09|258|SBUX|98.250000|100.379997|96.820000|99.769997|9376800|0.9884945611|98.622093
2026-03-09|259|MS|157.919998|161.850006|154.070007|160.449997|7480800|0.9892093304|158.718643
2026-03-09|260|INTU|475.709991|481.000000|466.100006|473.670013|3985900|0.9925226498|470.128204
2026-03-09|261|MCHP|63.560001|65.550003|61.680000|65.000000|12951600|0.9890553567|64.288597
2026-03-09|262|CB|326.149994|327.510010|321.750000|324.399994|1737600|0.9939554166|322.439148
2026-03-09|263|ORLY|94.739998|95.470001|93.440002|94.610001|5922900|1.0000000000|94.610001
2026-03-09|264|RCL|268.029999|291.380005|256.160004|290.549988|5464200|0.9948418155|289.051270
2026-03-09|265|JBL|234.960007|248.020004|234.960007|247.460007|1429500|0.9995582709|247.350693
2026-03-09|266|ALL|211.300003|211.639999|205.759995|207.690002|1407700|0.9947595710|206.601608
2026-03-09|267|CPT|105.279999|105.910004|103.110001|105.110001|1045000|0.9801843508|103.027176
2026-03-09|268|VMRK|62.090000|62.520000|60.950001|62.180000|2416300|0.9778762777|60.804348
2026-03-09|269|IT|167.809998|168.990005|161.199997|166.389999|1603700|1.0000000000|166.389999
2026-03-09|270|DECK|102.180000|104.540001|99.930000|104.320000|2290300|1.0000000000|104.320000
2026-03-09|271|REG|78.099998|78.610001|76.660004|78.230003|1292300|0.9810739142|76.749413
2026-03-09|272|INCY|95.940002|97.620003|94.519997|97.099998|1521200|1.0000000000|97.099998
2026-03-09|273|SPG|192.000000|193.229996|187.110001|192.830002|2370900|0.9778630534|188.561340
2026-03-09|274|MAA|131.619995|132.589996|129.500000|132.139999|885600|0.9765831817|129.045700
2026-03-09|275|MLM|604.070007|613.229980|589.640015|612.520020|667900|0.9985730005|611.645935
2026-03-09|276|TSCO|49.990002|51.099998|49.459999|50.669998|8927300|0.9851405019|49.917065
2026-03-09|277|ALB|158.759995|169.809998|157.509995|169.570007|2420700|0.9949889134|168.720276
2026-03-09|278|CPRT|37.389999|37.740002|37.049999|37.570000|11911400|1.0000000000|37.570000
2026-03-09|279|FLEX|58.869999|61.480000|58.529999|61.330002|4021600|1.0000000000|61.330002
2026-03-09|280|ESS|252.990005|256.649994|249.009995|255.339996|650300|0.9806657936|250.403214
2026-03-09|281|O|64.199997|65.150002|63.939999|64.940002|7143400|0.9785744934|63.548630
2026-03-09|282|MCO|464.440002|467.130005|447.519989|462.690002|1297900|0.9955156672|460.615143
2026-03-09|283|SJM|112.510002|112.510002|108.220001|108.959999|1576500|0.9798392929|106.763290
2026-03-09|284|MCK|920.109985|942.169983|913.090027|942.159973|765700|0.9988955336|941.119385
2026-03-09|285|COF|183.110001|186.250000|178.729996|185.729996|8730300|0.9922218930|184.285385
2026-03-09|286|EME|695.280029|719.190002|685.500000|719.179993|391100|0.9989862194|718.450867
2026-03-09|287|DLTR|114.519997|116.129997|111.300003|115.849998|2638800|1.0000000000|115.849998
2026-03-09|288|COR|358.100006|362.059998|354.899994|361.799988|782900|0.9957711437|360.269989
2026-03-09|289|DRI|199.110001|201.889999|194.259995|201.639999|2056700|0.9843985059|198.494110
2026-03-09|290|RMD|250.080002|253.130005|246.169998|252.929993|1049200|0.9941821390|251.458481
2026-03-09|291|WAB|241.009995|247.919998|237.789993|247.000000|1134200|0.9977552294|246.445541
2026-03-09|292|FCX|57.259998|60.490002|55.500000|60.490002|26344800|0.9953868541|60.210953
2026-03-09|293|IVZ|23.170000|23.959999|22.410000|23.879999|6089000|0.9856541725|23.537422
2026-03-09|294|ACGL|96.690002|96.739998|95.099998|95.620003|1919000|1.0000000000|95.620003
2026-03-09|295|ERIE|259.000000|259.500000|247.000000|255.660004|328900|0.9885906317|252.743073
2026-03-09|296|EG|331.230011|331.890015|325.600006|328.049988|359200|0.9878843207|324.075439
2026-03-09|297|DVA|150.000000|153.410004|147.210007|152.559998|1042500|1.0000000000|152.559998
2026-03-09|298|HSIC|76.839996|78.260002|75.669998|78.099998|1429700|1.0000000000|78.099998
2026-03-09|299|EL|91.000000|92.760002|88.169998|92.629997|4666200|0.9961483439|92.273216
2026-03-09|300|WAT|299.649994|307.739990|296.100006|305.670013|926400|1.0000000000|305.670013
2026-03-09|301|NTAP|99.110001|100.730003|97.680000|100.610001|1862300|0.9918913810|99.794197
2026-03-09|302|HIG|138.240005|138.369995|136.059998|137.949997|1618600|0.9952804215|137.298935
2026-03-09|303|IRM|104.220001|107.660004|102.519997|107.139999|1292200|0.9851777356|105.551941
2026-03-09|304|BRK-B|494.899994|498.820007|490.209991|497.200012|5833600|1.0000000000|497.200012
2026-03-09|305|FDS|224.059998|225.050003|217.000000|221.039993|892800|0.9951444118|219.966721
2026-03-09|306|STLD|179.250000|183.880005|175.009995|182.360001|1285700|0.9946588101|181.385986
2026-03-09|307|DGX|198.250000|202.479996|195.389999|201.580002|819600|0.9916252453|199.891815
2026-03-09|308|CIEN|289.489990|319.290009|287.250000|318.540009|3070300|1.0000000000|318.540009
2026-03-09|309|TTWO|208.690002|214.839996|208.009995|214.630005|1876300|1.0000000000|214.630005
2026-03-09|310|VTR|84.370003|86.339996|83.800003|86.209999|1733500|0.9878430433|85.161949
2026-03-09|311|AMZN|210.449997|213.820007|207.110001|213.490005|54642900|1.0000000000|213.490005
2026-03-09|312|ARE|49.849998|51.430000|48.439999|51.180000|2240500|0.9716953716|49.731369
2026-03-09|313|RL|331.170013|345.260010|325.019989|344.119995|788900|0.9948318200|342.341522
2026-03-09|314|BXP|52.410000|52.759998|49.720001|52.480000|3778000|0.9761958291|51.230755
2026-03-09|315|FIX|1246.739990|1373.650024|1225.239990|1372.400024|600500|0.9990909066|1371.152344
2026-03-09|316|YUM|158.869995|160.059998|156.600006|159.850006|1506200|0.9951301862|159.071564
2026-03-09|317|CHRW|177.580002|182.059998|174.410004|181.940002|1431200|0.9965870306|181.319046
2026-03-09|318|FE|50.959999|51.090000|50.169998|50.959999|4522900|0.9800753088|49.944633
2026-03-09|319|MTD|1194.280029|1252.300049|1192.849976|1248.619995|244400|1.0000000000|1248.619995
2026-03-09|320|PLD|133.029999|136.059998|129.880005|135.149994|4635400|0.9848712132|133.105347
2026-03-09|321|URI|798.630005|826.510010|784.260010|820.679993|1007200|0.9962197184|817.577576
2026-03-09|322|AEE|110.970001|111.300003|109.949997|111.160004|1697100|0.9863006617|109.637184
2026-03-09|323|VRSN|242.750000|243.589996|239.080002|242.380005|663400|0.9944277890|241.029404
2026-03-09|324|PWR|531.210022|568.909973|531.210022|568.039978|1611900|0.9996508742|567.841614
2026-03-09|325|AMT|188.229996|189.529999|185.300003|186.639999|2800900|0.9807453674|183.046310
2026-03-09|326|MAR|317.119995|329.329987|311.200012|328.859985|1993500|0.9960059445|327.546509
2026-03-09|327|CTSH|66.010002|66.050003|63.889999|64.650002|5306400|0.9872095485|63.823097
2026-03-09|328|SRE|92.070000|93.769997|90.820000|93.510002|4064800|0.9860298575|92.203651
2026-03-09|329|CSGP|48.200001|48.930000|47.619999|48.419998|5632900|1.0000000000|48.419998
2026-03-09|330|RSG|229.589996|231.369995|228.080002|230.139999|1300400|0.9942648020|228.820099
2026-03-09|331|CCI|90.110001|90.260002|87.940002|89.730003|2770400|0.9762634240|87.600121
2026-03-09|332|EBAY|91.739998|93.199997|90.300003|92.910004|4230400|0.9972353518|92.372292
2026-03-09|333|NVDA|176.830002|182.910004|175.559998|182.649994|177213600|0.9987817973|182.427490
2026-03-09|334|BKNG|4461.709976|4488.919830|4340.000153|4440.689850|518400|0.0398996955|177.182175
2026-03-09|335|GS|810.000000|836.679993|795.000000|832.030029|3258200|0.9956121536|828.379211
2026-03-09|336|FFIV|281.549988|287.140015|274.290009|285.329987|609900|1.0000000000|285.329987
2026-03-09|337|SBAC|196.460007|196.660004|192.669998|195.929993|1188200|0.9805017315|192.109680
2026-03-09|338|LII|506.950012|520.020020|495.339996|516.960022|476700|0.9946881341|514.213989
2026-03-09|339|BLK|929.380005|960.390015|919.000000|957.669983|1933100|0.9943964168|952.303589
2026-03-09|340|TKO|199.149994|204.770004|197.539993|204.070007|1228800|0.9921219970|202.462341
2026-03-09|341|AKAM|98.580002|103.070000|98.489998|102.110001|2883300|1.0000000000|102.110001
2026-03-09|342|UPS|100.970001|100.970001|97.010002|99.940002|10354800|0.9679890039|96.740822
2026-03-09|343|A|113.930000|116.709999|113.320000|116.639999|3207800|0.9958080410|116.151047
2026-03-09|344|TDY|640.780029|654.739990|631.469971|654.059998|208100|1.0000000000|654.059998
2026-03-09|345|PKG|219.339996|223.779999|214.520004|222.800003|1135000|0.9876260349|220.043091
2026-03-09|346|EW|80.870003|84.290001|80.540001|84.260002|4758700|1.0000000000|84.260002
2026-03-09|347|MET|70.690002|71.040001|68.839996|70.769997|5285400|0.9862851080|69.799393
2026-03-09|348|ON|55.970001|59.320000|54.990002|59.230000|9905600|1.0000000000|59.230000
2026-03-09|349|ISRG|485.010010|493.890015|480.230011|493.559998|1651600|1.0000000000|493.559998
2026-03-09|350|CRL|172.729996|178.050003|168.210007|176.990005|1029100|1.0000000000|176.990005
2026-03-09|351|MRVL|87.930000|92.930000|84.199997|92.650002|38873500|0.9992531920|92.580803
2026-03-09|352|EQIX|926.500000|947.359985|918.280029|944.909973|699400|0.9903463937|935.788147
2026-03-09|353|TPR|140.550003|145.699997|137.850006|145.500000|2253500|0.9971524169|145.085678
2026-03-09|354|GRMN|240.139999|244.190002|236.449997|242.630005|881000|0.9917889977|240.637772
2026-03-09|355|GPN|74.379997|75.250000|71.870003|74.800003|4014500|0.9961797067|74.514244
2026-03-09|356|ALGN|170.600006|175.490005|164.509995|175.050003|1796900|1.0000000000|175.050003
2026-03-09|357|WTW|302.940002|302.940002|290.000000|294.670013|742300|0.9930717262|292.628448
2026-03-09|358|MDLZ|58.189999|58.650002|57.430000|58.169998|10735800|0.9831751096|57.191296
2026-03-09|359|AXON|565.510010|577.530029|546.169983|559.059998|792100|1.0000000000|559.059998
2026-03-09|360|FIS|51.299999|51.759998|50.139999|51.619999|6173400|0.9802816760|50.602139
2026-03-09|361|ACN|212.839996|215.649994|205.830002|209.360001|7849100|0.9798095806|205.132935
2026-03-09|362|ZBH|93.010002|93.959999|90.309998|93.279999|2124900|0.9946488082|92.780838
2026-03-09|363|BG|116.669998|119.839996|115.680000|118.790001|2408800|0.9877945902|117.340126
2026-03-09|364|PFG|90.959999|91.209999|87.959999|90.610001|2288800|0.9832413887|89.091499
2026-03-09|365|ELV|287.000000|288.049988|274.839996|280.739990|2758300|0.9898456688|277.889282
2026-03-09|366|CNC|43.369999|43.820000|42.049999|43.320000|3914500|1.0000000000|43.320000
2026-03-09|367|PRU|96.029999|97.000000|93.379997|95.930000|2791900|0.9752946989|93.560020
2026-03-09|368|NFLX|97.699997|98.940002|96.580002|98.320000|48589000|1.0000000000|98.320000
2026-03-09|369|NDAQ|86.980003|88.800003|85.610001|88.050003|4703300|0.9932805958|87.458359
2026-03-09|370|WYNN|98.709999|102.080002|96.519997|101.559998|4359200|0.9949442808|101.046539
2026-03-09|371|CME|317.329987|320.859985|314.570007|319.089996|3573300|0.9716146686|310.032532
2026-03-09|372|STX|342.420013|374.660004|342.000000|374.329987|2929900|0.9975473958|373.411896
2026-03-09|373|NRG|150.679993|155.600006|149.000000|155.419998|3177600|0.9934205862|154.397430
2026-03-09|374|AIZ|221.279999|221.279999|216.539993|219.669998|381600|0.9965805324|218.918839
2026-03-09|375|CBRE|133.889999|137.539993|131.000000|136.940002|2578500|1.0000000000|136.940002
2026-03-09|376|CRM|198.559998|203.669998|195.869995|198.789993|10754800|0.9949373630|197.783600
2026-03-09|377|DPZ|405.950012|416.589996|398.940002|415.779999|1099500|0.9888611209|411.148682
2026-03-09|378|EXR|145.190002|146.949997|142.139999|146.289993|889200|0.9779070040|143.058014
2026-03-09|379|GOOG|294.135010|306.500000|293.929993|306.010010|19632700|0.9993985127|305.825958
2026-03-09|380|GOOGL|294.359985|306.799988|294.079987|306.359985|29312100|0.9994030337|306.177094
2026-03-09|381|DLR|173.899994|179.809998|172.910004|179.649994|2098600|0.9866588059|177.253250
2026-03-09|382|MPWR|1013.049988|1066.020020|988.000000|1062.000000|913300|0.9964842129|1058.266235
2026-03-09|383|LVS|52.990002|54.110001|51.470001|53.910000|4716400|0.9879067226|53.258053
2026-03-09|384|DXCM|67.019997|68.940002|66.000000|68.739998|4072500|1.0000000000|68.739998
2026-03-09|385|BLDR|91.570000|95.599998|89.410004|94.949997|3306000|1.0000000000|94.949997
2026-03-09|386|WBD|27.850000|27.940001|27.709999|27.750000|24402700|1.0000000000|27.750000
2026-03-09|387|EXPE|243.360001|245.779999|229.830002|241.539993|3042400|0.9964448664|240.681290
2026-03-09|388|CF|116.699997|121.800003|109.709999|111.040001|10270400|0.9908287958|110.021629
2026-03-09|389|AMP|455.899994|462.820007|445.000000|461.480011|664200|0.9932580907|458.368744
2026-03-09|390|ICE|164.960007|166.350006|162.500000|165.800003|3458700|0.9930916239|164.654587
2026-03-09|391|PSKY|11.490000|11.600000|11.020000|11.190000|13474600|0.9901049837|11.079274
2026-03-09|392|LYV|162.130005|167.559998|160.619995|165.800003|7681200|1.0000000000|165.800003
2026-03-09|393|CMG|34.500000|35.380001|34.009998|35.290001|17730200|1.0000000000|35.290001
2026-03-09|394|UAL|89.080002|94.760002|84.699997|94.519997|18431400|1.0000000000|94.519997
2026-03-09|395|TDG|1287.810059|1287.810059|1251.420044|1277.930054|401200|1.0000000000|1277.930054
2026-03-09|396|MA|516.270020|520.890015|509.109985|517.719971|3546600|0.9966137732|515.966919
2026-03-09|397|LDOS|177.179993|180.009995|174.029999|179.539993|926800|0.9940154778|178.465546
2026-03-09|398|FSLR|187.350006|196.600006|187.100006|195.380005|1955800|1.0000000000|195.380005
2026-03-09|399|BR|193.800003|194.589996|187.889999|189.009995|2451600|0.9878384663|186.711349
2026-03-09|400|SMCI|30.700001|32.160000|29.850000|31.980000|27705300|1.0000000000|31.980000
2026-03-09|401|TMUS|220.000000|220.169998|215.080002|217.500000|5228500|0.9946034600|215.084900
2026-03-09|402|DAL|57.560001|60.639999|55.279999|60.580002|28401600|0.9948974393|60.270889
2026-03-09|403|IBKR|65.339996|67.500000|63.490002|67.489998|4969300|0.9989881568|67.421707
2026-03-09|404|PODD|234.770004|241.130005|234.660004|240.380005|928200|1.0000000000|240.380005
2026-03-09|405|TEL|201.690002|207.460007|197.070007|206.240005|1948900|0.9922749574|204.646790
2026-03-09|406|BX|108.250000|111.709999|106.040001|110.650002|10438800|0.9808140125|108.527069
2026-03-09|407|LULU|165.639999|170.929993|163.449997|169.759995|2708400|1.0000000000|169.759995
2026-03-09|408|ULTA|633.280029|642.500000|615.000000|642.219971|610000|1.0000000000|642.219971
2026-03-09|409|MSCI|563.640015|567.460022|550.169983|564.409973|541000|0.9928506457|560.374817
2026-03-09|410|ECHO|108.180000|110.639999|104.900002|109.919998|6330900|1.0000000000|109.919998
2026-03-09|411|PM|169.500000|173.289993|169.250000|173.250000|5176400|0.9830023955|170.305161
2026-03-09|412|V|313.459991|316.399994|310.149994|315.970001|8381500|0.9960807290|314.731628
2026-03-09|413|AWK|137.000000|138.589996|134.919998|137.729996|2658200|0.9863367160|135.848160
2026-03-09|414|KDP|28.110001|28.240000|27.480000|28.190001|10723500|0.9842341174|27.745562
2026-03-09|415|SW|42.009998|42.880001|40.130001|42.090000|8727600|0.9797713221|41.238575
2026-03-09|416|AVGO|327.250000|348.489990|323.609985|345.750000|40605800|0.9963298147|344.481049
2026-03-09|417|VRSK|213.750000|214.600006|210.149994|210.279999|2000100|0.9947617775|209.178513
2026-03-09|418|DG|144.750000|145.770004|141.619995|145.520004|2770900|0.9902299309|144.098267
2026-03-09|419|FTNT|83.059998|84.599998|82.180000|83.809998|6446500|1.0000000000|83.809998
2026-03-09|420|CHTR|229.240005|229.720001|221.529999|222.809998|1716600|1.0000000000|222.809998
2026-03-09|421|FERG|225.380005|230.809998|221.029999|230.580002|1802500|0.9924610460|228.841675
2026-03-09|422|GNRC|200.050003|207.990005|193.679993|207.110001|1006200|1.0000000000|207.110001
2026-03-09|423|LYB|68.690002|69.260002|66.709999|66.820000|17039200|0.9795355103|65.452560
2026-03-09|424|CBOE|303.049988|303.170013|297.549988|299.200012|994100|0.9979084359|298.574219
2026-03-09|425|TSLA|390.049988|401.589996|381.399994|398.679993|67018900|1.0000000000|398.679993
2026-03-09|426|KKR|89.320000|91.550003|87.000000|90.940002|8451700|0.9961485906|90.589752
2026-03-09|427|NXPI|200.149994|206.250000|193.020004|205.250000|3696600|0.9914738451|203.500015
2026-03-09|428|GM|73.400002|74.699997|71.919998|74.690002|8829600|0.9978370584|74.528450
2026-03-09|429|TRGP|237.779999|237.779999|233.679993|234.740005|2154700|0.9903678073|232.478943
2026-03-09|430|CPAY|311.779999|329.109985|307.769989|325.600006|904000|1.0000000000|325.600006
2026-03-09|431|KMI|33.660000|33.660000|33.150002|33.299999|12552800|0.9816636474|32.689400
2026-03-09|432|HCA|530.919983|546.049988|526.049988|545.130005|1462100|0.9965176399|543.231628
2026-03-09|433|HII|426.579987|432.290009|417.850006|429.579987|468400|0.9956995948|425.747101
2026-03-09|434|APO|106.570000|108.809998|104.440002|108.139999|5556400|0.9916121637|107.232933
2026-03-09|435|MPC|223.559998|223.660004|213.679993|215.699997|4136700|0.9934777159|214.293137
2026-03-09|436|XYL|120.300003|123.970001|119.680000|123.519997|2519400|0.9923180477|122.571121
2026-03-09|437|APTV|71.000000|73.300003|69.730003|72.849998|2812100|1.0000000000|72.849998
2026-03-09|438|PSX|168.020004|168.020004|161.740005|163.000000|4719000|0.9875507674|160.970779
2026-03-09|439|AMCR|42.509998|42.549999|41.139999|42.299999|8028500|0.9836148215|41.606907
2026-03-09|440|META|634.780029|647.750000|626.780029|647.390015|13489700|0.9982193806|646.237244
2026-03-09|441|NOW|123.059998|126.669998|121.290001|121.930000|20324700|1.0000000000|121.930000
2026-03-09|442|PANW|164.080002|167.759995|163.490005|165.100006|9194300|1.0000000000|165.100006
2026-03-09|443|FANG|183.649994|186.660004|179.500000|182.860001|5221200|0.9890830467|180.863724
2026-03-09|444|WDAY|149.690002|153.899994|147.190002|148.139999|5460700|1.0000000000|148.139999
2026-03-09|445|ABBV|229.970001|230.679993|223.229996|227.449997|7915800|0.9847626719|223.984283
2026-03-09|446|NCLH|19.420000|20.860001|18.510000|20.709999|30044700|1.0000000000|20.709999
2026-03-09|447|ZTS|119.779999|122.379997|118.330002|122.360001|3689300|0.9887765322|120.986702
2026-03-09|448|IQV|174.490005|180.240005|172.169998|178.550003|1979300|1.0000000000|178.550003
2026-03-09|449|NWS|27.100000|27.790001|26.910000|27.709999|1230100|0.9963262306|27.608198
2026-03-09|450|NWSA|24.350000|24.600000|23.969999|24.540001|3224000|0.9958385353|24.437878
2026-03-09|451|CDW|120.589996|121.430000|118.160004|120.739998|1374600|0.9893792048|119.457642
2026-03-09|452|VEEV|194.270004|197.190002|189.850006|195.570007|2240600|1.0000000000|195.570007
2026-03-09|453|ALLE|148.270004|150.720001|146.059998|150.220001|805900|0.9921390873|149.039139
2026-03-09|454|HLT|294.079987|304.450012|290.000000|303.459991|3226900|0.9990803866|303.180939
2026-03-09|455|ARES|107.360001|109.660004|106.450996|108.849998|3764200|0.9767290545|106.316956
2026-03-09|456|ANET|130.404999|137.675003|129.789993|137.169998|6715200|1.0000000000|137.169998
2026-03-09|457|SYF|65.070000|67.209999|63.740002|67.120003|3797100|0.9916769819|66.561356
2026-03-09|458|CFG|57.709999|58.310001|55.755001|58.310001|7005000|0.9864525111|57.520050
2026-03-09|459|KEYS|267.929993|282.739990|264.700012|282.019989|1785400|1.0000000000|282.019989
2026-03-09|460|GDDY|93.320000|93.949997|89.919998|91.690002|2142600|1.0000000000|91.690002
2026-03-09|461|KHC|24.389999|24.680000|24.180000|24.440001|20151300|0.9821984863|24.004930
2026-03-09|462|PYPL|46.049999|46.526001|44.959999|46.160000|18908300|0.9967143863|46.008339
2026-03-09|463|LITE|578.000000|641.020020|573.659973|640.690002|7822700|1.0000000000|640.690002
2026-03-09|464|HPE|20.639999|21.850000|20.600000|21.809999|34704400|0.9906947030|21.607052
2026-03-09|465|XYZ|65.084999|66.084999|63.264000|65.540001|7511200|1.0000000000|65.540001
2026-03-09|466|FTV|56.430000|56.915001|55.410000|56.349998|4668400|0.9979248563|56.233063
2026-03-09|467|DELL|144.600006|146.699997|141.360001|146.509995|7400600|0.9952707496|145.817123
2026-03-09|468|TTD|28.770000|28.966000|27.980000|28.559999|16131100|1.0000000000|28.559999
2026-03-09|469|VST|155.899994|164.630005|155.000000|163.619995|4109000|0.9972411805|163.168594
2026-03-09|470|HWM|247.350006|254.240005|243.619995|254.139999|2647400|0.9990766853|253.905350
2026-03-09|471|INVH|25.969999|26.035000|25.635000|25.969999|8588200|0.9779475029|25.397297
2026-03-09|472|CVNA|312.889996|329.099998|302.849998|328.260002|3094500|0.2000000000|65.652000
2026-03-09|473|IR|84.559998|87.019997|82.949997|86.660004|2748400|0.9994839545|86.615280
2026-03-09|474|VICI|29.340000|29.605000|28.930000|29.500000|10246600|0.9677245240|28.547874
2026-03-09|475|VRT|251.490005|266.670013|251.000000|264.350006|20427900|0.9995540701|264.232147
2026-03-09|476|MRNA|53.299999|56.619999|51.910000|55.740002|13833900|1.0000000000|55.740002
2026-03-09|477|FOXA|59.029999|59.549999|58.330002|59.259998|3715200|1.0000000000|59.259998
2026-03-09|478|FOX|53.779999|54.220001|53.070000|54.040001|1946600|1.0000000000|54.040001
2026-03-09|479|DOW|34.950001|35.749001|34.099998|34.310001|28495500|0.9899338512|33.964630
2026-03-09|480|UBER|74.120003|74.540001|71.940002|73.839996|21208900|1.0000000000|73.839996
2026-03-09|481|CTVA|76.904999|78.370003|76.120003|78.300003|3896300|0.9977005620|78.119957
2026-03-09|482|CRWD|425.575012|438.279999|425.519989|434.130005|3850400|0.2500000000|108.532501
2026-03-09|483|DDOG|124.080002|128.690002|124.080002|128.559998|4764200|1.0000000000|128.559998
2026-03-09|484|CARR|57.200001|59.090000|56.430000|58.720001|7501400|0.9928803129|58.301933
2026-03-09|485|OTIS|88.070000|88.695000|86.459999|87.570000|3964500|0.9879889159|86.518188
2026-03-09|486|PLTR|155.690002|158.440002|152.970001|156.429993|47574200|1.0000000000|156.429993
2026-03-09|487|DASH|176.610001|177.100006|170.240005|176.589996|4850200|1.0000000000|176.589996
2026-03-09|488|ABNB|131.429993|134.300003|128.365005|134.029999|3920500|1.0000000000|134.029999
2026-03-09|489|EXE|107.889999|109.160004|106.709999|107.870003|4254700|0.9880522369|106.581200
2026-03-09|490|COIN|198.000000|203.490005|192.630005|199.789993|12064600|1.0000000000|199.789993
2026-03-09|491|APP|498.345001|520.359985|494.000000|517.229980|5332500|1.0000000000|517.229980
2026-03-09|492|HOOD|75.919998|79.650002|75.550003|79.349998|25186600|1.0000000000|79.349998
2026-03-09|493|CEG|312.260010|323.950012|309.029999|322.989990|2736900|0.9969162535|321.993958
2026-03-09|494|GEHC|73.349998|75.980003|72.300003|75.629997|2906100|0.9989494212|75.550545
2026-03-09|495|KVUE|18.190001|18.243000|18.010000|18.160000|29336900|0.9772015009|17.745979
2026-03-09|496|VLTO|93.739998|94.514999|91.705002|94.059998|1527500|0.9970188523|93.779587
2026-03-09|497|RDDT|136.750000|139.389999|132.410004|138.860001|7991100|1.0000000000|138.860001
2026-03-09|498|SOLV|68.290001|68.845001|66.614998|68.599998|1338400|1.0000000000|68.599998
2026-03-09|499|GEV|782.530029|830.489990|777.000000|830.099976|2878000|0.9988852954|829.174683
2026-03-09|500|SNDK|517.000000|589.510010|517.000000|588.729980|21205500|1.0000000000|588.729980
2026-03-09|501|Q|106.989998|114.345001|106.000000|114.250000|1996000|0.9994967288|114.192505
