date|security_id|ticker|open|high|low|close|volume|adj_factor|adj_close_vendor
2026-03-16|1|AEP|134.759995|135.000000|133.509995|134.149994|4356800|0.9852885257|132.176437
2026-03-16|2|BA|210.750000|216.149994|210.750000|213.470001|7347100|1.0000000000|213.470001
2026-03-16|3|CAT|705.369995|710.000000|694.599976|699.780029|2145500|0.9962516275|697.156982
2026-03-16|4|CNP|44.250000|44.310001|43.939999|44.139999|3419600|0.9886466776|43.638863
2026-03-16|5|CVX|196.600006|197.839996|195.580002|196.839996|12683900|0.9823507513|193.365921
2026-03-16|6|DIS|99.470001|99.690002|98.459999|98.660004|11578500|0.9923958226|97.909775
2026-03-16|7|DTE|149.000000|149.729996|148.350006|149.259995|1042000|0.9921049063|148.081573
2026-03-16|8|ED|115.620003|115.750000|114.320000|115.459999|2851100|0.9836258984|113.569443
2026-03-16|9|GD|353.049988|357.230011|351.410004|354.359985|1185600|0.9910149667|351.176056
2026-03-16|10|GE|303.769989|305.700012|300.149994|304.000000|6327200|0.9987550328|303.621521
2026-03-16|11|HON|234.999995|236.309995|233.640003|234.510005|3176700|1.0399150842|243.870499
2026-03-16|12|HPQ|19.000000|19.129999|18.400000|18.680000|18240400|0.9879711310|18.455301
2026-03-16|13|IBM|247.869995|252.199997|246.100006|249.250000|5674200|0.9856234381|245.666641
2026-03-16|14|IP|37.650002|37.950001|37.110001|37.540001|4220900|0.9742073595|36.571747
2026-03-16|15|JNJ|243.919998|245.059998|241.669998|243.190002|7571500|0.9894021702|240.612701
2026-03-16|16|KO|78.000000|78.430000|77.739998|77.820000|11761200|0.9935850886|77.320793
2026-03-16|17|KR|75.440002|75.500000|74.370003|74.489998|7241500|0.9879807975|73.594688
2026-03-16|18|LMT|645.229980|651.549988|639.000000|645.200012|1181000|0.9934960884|641.003662
2026-03-16|19|MMM|152.589996|152.750000|148.130005|149.949997|5104700|0.9905187908|148.528290
2026-03-16|20|MO|68.260002|68.550003|67.529999|67.529999|7328100|0.9690282260|65.438477
2026-03-16|21|MRK|115.339996|116.059998|114.220001|115.430000|8785300|0.9928601430|114.605843
2026-03-16|22|MSI|473.730011|477.170013|470.160004|470.790009|1025400|0.9943844568|468.146271
2026-03-16|23|PG|151.860001|152.639999|150.649994|152.119995|6944000|0.9851719538|149.864349
2026-03-16|24|XOM|156.000000|157.779999|154.759995|157.229996|22835600|0.9868681737|155.165283
2026-03-16|25|RTX|204.710007|208.899994|204.610001|206.059998|4795600|0.9925545778|204.525787
2026-03-16|26|MCD|327.839996|328.709991|326.510010|326.649994|2584300|0.9932635540|324.449524
2026-03-16|27|AXP|301.010010|304.029999|295.829987|298.200012|3604200|0.9941272834|296.448761
2026-03-16|28|BMY|59.490002|59.799999|58.869999|59.709999|8436800|0.9787458882|58.440914
2026-03-16|29|DD|45.309998|46.080002|45.230001|45.399999|2853600|2.9881422927|135.661652
2026-03-16|30|DE|581.969971|582.940002|570.729980|572.479980|1150900|0.9945059901|569.334778
2026-03-16|31|EMR|133.649994|134.639999|131.910004|133.089996|2352700|0.9926085470|132.106277
2026-03-16|32|ETN|360.970001|368.000000|359.359985|361.040009|3493900|0.9947965913|359.161346
2026-03-16|33|ETR|106.709999|106.709999|105.540001|106.169998|1751000|0.9886701734|104.967102
2026-03-16|34|F|11.820000|11.880000|11.640000|11.710000|49441400|0.9769709546|11.440331
2026-03-16|35|HAL|33.820000|34.450001|33.750000|34.160000|20262100|0.9957637679|34.015289
2026-03-16|36|LLY|991.979980|998.169983|975.510010|989.119995|2289900|0.9968530383|986.007324
2026-03-16|37|PCG|18.389999|18.540001|18.230000|18.450001|24283000|0.9942476518|18.343870
2026-03-16|38|PEP|161.360001|161.580002|157.539993|157.720001|4498700|0.9895884624|156.077896
2026-03-16|39|PFE|26.700001|26.889999|26.520000|26.610001|28551500|0.9668473999|25.727808
2026-03-16|40|TXN|194.320007|196.259995|192.429993|194.130005|4754900|0.9898764050|192.164719
2026-03-16|41|WFC|74.830002|75.889999|74.370003|75.750000|17836300|0.9886393471|74.889435
2026-03-16|42|HUBB|477.470001|479.989990|470.510101|472.640015|451042|0.9970037769|471.223877
2026-03-16|43|WMT|126.760002|126.980003|124.830002|125.989998|20463200|0.9936722171|125.192749
2026-03-16|44|AIG|76.500000|77.540001|76.459999|76.540001|2681900|0.9933984683|76.034721
2026-03-16|45|AVY|171.789993|173.419998|171.720001|171.949997|598400|0.9936321953|170.855057
2026-03-16|46|BAC|47.119999|47.680000|46.900002|47.060001|38055600|0.9948310871|46.816753
2026-03-16|47|BALL|62.540001|62.990002|61.980000|62.099998|1788900|0.9963416864|61.872818
2026-03-16|48|BDX|160.610001|161.660004|159.410004|160.270004|2187400|0.9929995336|159.148041
2026-03-16|49|CLX|111.949997|113.110001|111.269997|112.089996|1443100|0.9761478543|109.416412
2026-03-16|50|CMI|541.710022|549.250000|540.270020|545.030029|634100|0.9931721942|541.308716
2026-03-16|51|CMS|78.459999|78.459999|77.830002|78.269997|1693800|0.9843492113|77.045006
2026-03-16|52|CVS|76.449997|77.080002|75.769997|75.839996|5392900|0.9851999130|74.717560
2026-03-16|53|ECL|279.450012|279.700012|272.220001|273.109985|1547800|0.9946163507|271.639648
2026-03-16|54|ES|73.440002|73.839996|72.129997|73.199997|2699600|0.9882685720|72.341255
2026-03-16|55|EVRG|83.070000|83.559998|82.750000|83.239998|2359500|0.9834796618|81.864845
2026-03-16|56|GWW|1080.270020|1082.189941|1056.790039|1060.459961|223400|0.9960365882|1056.256836
2026-03-16|57|LNT|73.410004|73.410004|72.709999|73.029999|1704500|0.9850786184|71.940292
2026-03-16|58|MKC|58.500000|58.700001|56.680000|57.689999|3642700|0.9822640876|56.666817
2026-03-16|59|MRSH|173.149994|174.809998|171.399994|173.759995|2183900|0.9892843147|171.898041
2026-03-16|60|NEE|93.900002|94.440002|92.239998|92.820000|8466100|0.9927287582|91.457329
2026-03-16|61|NI|47.880001|47.959999|47.400002|47.470001|2197600|0.9871584841|46.860413
2026-03-16|62|PNW|103.970001|103.970001|102.690002|103.080002|934900|0.9822795276|101.253372
2026-03-16|63|RVTY|86.669998|87.900002|85.400002|86.480003|1459800|0.9985919505|86.358231
2026-03-16|64|SNA|369.760010|371.480011|367.250000|369.589996|343100|0.9870969475|364.821167
2026-03-16|65|SPGI|424.700007|428.780011|424.700007|426.590013|1852900|0.9417621693|401.746338
2026-03-16|66|TER|295.959991|305.000000|294.660004|298.269989|2448400|0.9996224662|298.157379
2026-03-16|67|TGT|118.000000|118.449997|116.000000|117.050003|4858100|0.9830946401|115.071228
2026-03-16|68|TXT|91.949997|93.580002|91.650002|91.860001|1846600|0.9997866667|91.840408
2026-03-16|69|VMC|269.399994|271.089996|265.489990|265.950012|1160600|0.9961649269|264.930084
2026-03-16|70|XEL|82.660004|82.660004|81.150002|81.629997|4298900|0.9925145167|81.018951
2026-03-16|71|ITW|269.200012|270.109985|267.470001|268.640015|716200|0.9877340632|265.344910
2026-03-16|72|CL|89.610001|90.709999|89.199997|90.300003|5433200|0.9881586198|89.230728
2026-03-16|73|EXC|50.189999|50.330002|49.799999|50.290001|7549000|0.9906832302|49.821461
2026-03-16|74|MDT|87.410004|88.750000|87.250000|88.239998|8109900|0.9830319865|86.742744
2026-03-16|75|BNY|117.120003|118.050003|115.220001|115.379997|3435200|0.9920974180|114.468201
2026-03-16|76|EIX|72.500000|73.040001|71.529999|72.970001|3059400|0.9764773062|71.253548
2026-03-16|77|FRT|105.809998|106.629997|105.129997|106.349998|723300|0.9803038504|104.255310
2026-03-16|78|PNR|89.410004|90.190002|88.260002|88.790001|1083000|0.9926207111|88.134796
2026-03-16|79|USB|51.560001|51.980000|51.070000|51.160000|10617900|0.9813809589|50.207451
2026-03-16|80|WY|23.660000|23.809999|23.549999|23.730000|4305800|0.9914979760|23.528248
2026-03-16|81|SYY|85.629997|85.739998|84.459999|84.519997|2343900|0.9859824728|83.335236
2026-03-16|82|WRB|69.019997|69.339996|68.410004|68.529999|1541700|0.9910634494|67.917580
2026-03-16|83|IFF|70.349998|70.940002|69.510002|70.089996|1409500|0.9889000540|69.312004
2026-03-16|84|TAP|43.830002|44.169998|42.090000|42.099998|3045500|0.9881685974|41.122570
2026-03-16|85|PNC|203.250000|205.399994|200.449997|200.750000|2859400|0.9845274632|197.643890
2026-03-16|86|TRV|303.529999|308.279999|303.309998|304.640015|1256700|0.9958368027|303.371735
2026-03-16|87|C|107.309998|108.690002|106.610001|107.349998|11902600|0.9902572054|106.304108
2026-03-16|88|FDX|355.299989|357.519988|352.310008|352.350001|1231200|0.8027880446|282.862366
2026-03-16|89|WDC|282.790009|289.869995|278.769989|286.209991|8565000|0.9997393571|286.135376
2026-03-16|90|DHR|188.990005|191.919998|187.500000|191.389999|4333500|0.9958070237|190.587509
2026-03-16|91|APA|34.240002|35.040001|33.860001|34.540001|7612400|0.9864084367|34.070545
2026-03-16|92|LUV|39.480000|40.230000|39.340000|40.230000|7977800|0.9956521741|40.055088
2026-03-16|93|PEG|84.750000|85.000000|83.860001|84.879997|2216400|0.9913815279|84.148460
2026-03-16|94|UNP|245.169998|245.619995|241.929993|242.210007|2218000|0.9948314607|240.958130
2026-03-16|95|ABT|108.809998|110.099998|108.529999|109.949997|7442200|0.9867277802|108.490715
2026-03-16|96|ADI|311.670013|313.859985|309.109985|310.920013|3254900|0.9972683702|310.070709
2026-03-16|97|ADM|71.900002|72.150002|70.360001|70.750000|4235500|0.9871845133|69.843307
2026-03-16|98|ADP|208.449997|210.949997|207.589996|209.110001|3394800|0.9924702132|207.535446
2026-03-16|99|AFL|109.419998|110.199997|109.080002|109.110001|1914300|0.9898631333|108.003967
2026-03-16|100|AMAT|347.700012|350.750000|343.570007|346.179993|4427000|0.9976914901|345.380829
2026-03-16|101|AMD|194.979996|200.169998|194.800003|196.580002|30285200|1.0000000000|196.580002
2026-03-16|102|APD|290.200012|290.290009|285.529999|289.160004|1225100|0.9876339339|285.584229
2026-03-16|103|BF-B|24.139999|24.139999|22.840000|23.080000|6385500|0.9913580245|22.880543
2026-03-16|104|CHD|98.510002|98.830002|97.580002|98.220001|1670900|0.9937159244|97.602776
2026-03-16|105|CINF|165.009995|168.479996|164.490005|166.570007|610400|0.9887134133|164.690002
2026-03-16|106|CMCSA|30.160000|30.559999|30.059999|30.340000|19653200|0.9752182964|29.588121
2026-03-16|107|D|63.820000|63.849998|63.189999|63.419998|3096300|0.9900860786|62.791256
2026-03-16|108|DOV|206.570007|208.750000|205.509995|207.419998|915400|0.9975530563|206.912445
2026-03-16|109|DUK|133.850006|134.270004|133.050003|133.460007|4974000|0.9827918175|131.163406
2026-03-16|110|EFX|186.110001|189.869995|184.410004|185.179993|1241100|0.9965665237|184.544189
2026-03-16|111|EQT|64.239998|64.989998|63.950001|64.309998|6547100|0.9940720641|63.928768
2026-03-16|112|FITB|44.259998|44.599998|44.020000|44.099998|10646700|0.9840657827|43.397301
2026-03-16|113|GIS|39.599998|39.930000|38.590000|38.980000|10178600|0.9666684497|37.680737
2026-03-16|114|GPC|105.730003|106.500000|103.419998|104.010002|2414400|0.9892223458|102.889015
2026-03-16|115|HAS|93.550003|94.220001|92.800003|92.849998|1292200|0.9844894224|91.409843
2026-03-16|116|HBAN|15.410000|15.550000|15.260000|15.280000|38594900|0.9810694650|14.990741
2026-03-16|117|HRL|22.709999|22.860001|22.600000|22.690001|3846200|0.9742790885|22.106392
2026-03-16|118|HST|18.750000|19.000000|18.690001|18.709999|6813900|0.9529227702|17.829184
2026-03-16|119|HSY|219.220001|221.380005|218.009995|220.110001|1403300|0.9846288447|216.726654
2026-03-16|120|INTC|47.910000|49.169998|45.689999|45.759998|114199400|1.0000000000|45.759998
2026-03-16|121|J|129.960007|130.300003|128.580002|128.830002|942500|0.9944174758|128.110794
2026-03-16|122|JPM|286.339996|289.269989|284.609985|286.160004|8149000|0.9904464778|283.426147
2026-03-16|123|KMB|99.550003|100.370003|98.980003|100.260002|3407100|0.9864507253|98.901550
2026-03-16|124|L|108.949997|109.959999|108.099998|108.489998|566400|0.9988625697|108.366600
2026-03-16|125|LEN|95.830002|96.690002|94.330002|95.949997|3099800|0.9888298730|94.878220
2026-03-16|126|LOW|240.710007|243.949997|239.389999|242.110001|2315300|0.9891098782|239.473389
2026-03-16|127|MAS|61.950001|62.700001|61.750000|62.099998|2318600|0.9908891403|61.534214
2026-03-16|128|MTB|197.979996|200.800003|196.720001|198.330002|1085200|0.9930590903|196.953415
2026-03-16|129|NEM|108.440002|112.139999|108.250000|110.190002|9884400|0.9976704596|109.933311
2026-03-16|130|NTRS|138.720001|139.630005|135.669998|136.490005|1204500|0.9953773257|135.859055
2026-03-16|131|NUE|165.179993|165.990005|161.690002|162.740005|1080500|0.9941593298|161.789505
2026-03-16|132|OMC|77.980003|79.180000|77.400002|78.720001|5062400|0.9894221866|77.887314
2026-03-16|133|PCAR|116.230003|116.510002|114.150002|115.629997|2603700|0.9942707430|114.967529
2026-03-16|134|PGR|205.369995|207.669998|204.410004|204.710007|2715300|0.9990392069|204.513306
2026-03-16|135|PH|901.750000|904.349976|887.000000|894.640015|924100|0.9977448271|892.622437
2026-03-16|136|PHM|120.160004|122.209999|119.589996|122.169998|2106400|0.9957597479|121.651962
2026-03-16|137|PPG|103.279999|104.629997|102.629997|103.449997|1896700|0.9873814378|102.144608
2026-03-16|138|PPL|38.950001|38.959999|38.560001|38.740002|6157600|0.9920279720|38.431168
2026-03-16|139|RF|25.459999|25.650000|25.280001|25.330000|15486400|0.9905357143|25.090271
2026-03-16|140|ROL|55.220001|55.650002|54.759998|55.000000|2376300|0.9917679269|54.547234
2026-03-16|141|SHW|324.700012|327.529999|321.549988|322.709991|1192600|0.9951137391|321.133179
2026-03-16|142|STT|122.709999|123.650002|120.070000|120.220001|2084600|0.9884428745|118.830605
2026-03-16|143|SWK|71.199997|71.919998|70.839996|71.080002|1209400|0.9894240575|70.328262
2026-03-16|144|SYK|340.589996|350.339996|339.100006|349.559998|2870900|0.9946461548|347.688507
2026-03-16|145|TMO|471.070007|474.500000|467.239990|470.000000|2995700|0.9989985938|469.529327
2026-03-16|146|TPL|531.000000|531.880005|517.200012|526.890015|398500|0.9984732824|526.085632
2026-03-16|147|TSN|60.630001|62.080002|60.549999|61.830002|2832600|0.9916420846|61.313229
2026-03-16|148|TT|427.239990|428.440002|418.130005|421.500000|1541000|0.9977358979|420.545685
2026-03-16|149|TYL|348.839996|354.420013|346.700012|348.630005|443900|1.0000000000|348.630005
2026-03-16|150|UDR|35.730000|36.049999|35.560001|35.630001|2244400|0.9803230978|34.928913
2026-03-16|151|VTRS|13.660000|13.770000|13.450000|13.510000|11968700|0.9853197013|13.311669
2026-03-16|152|WEC|118.000000|118.190002|116.900002|117.900002|1746100|0.9829379991|115.888390
2026-03-16|153|WST|236.880005|242.369995|236.199997|240.309998|867800|0.9985945833|239.972260
2026-03-16|154|NDSN|269.859985|271.869995|267.670013|268.709991|348500|0.9941183690|267.129547
2026-03-16|155|TFC|44.560001|44.939999|44.279999|44.520000|11570000|0.9798350561|43.622257
2026-03-16|156|WELL|209.679993|211.000000|208.440002|210.179993|2938500|0.9928496012|208.677139
2026-03-16|157|AON|322.600006|327.260010|320.130005|326.750000|1067800|0.9951005240|325.149109
2026-03-16|158|GL|139.380005|141.449997|138.649994|139.820007|315000|0.9958260151|139.236404
2026-03-16|159|OKE|85.570000|85.879997|84.660004|85.320000|3368600|0.9765151605|83.316269
2026-03-16|160|KLAC|1453.899994|1457.019958|1425.140076|1438.240051|955700|0.0997597720|143.478516
2026-03-16|161|CSX|39.590000|39.990002|39.439999|39.779999|11235900|0.9969438988|39.658428
2026-03-16|162|PSA|291.329987|295.799988|281.209991|289.799988|4034500|0.9907958521|287.132629
2026-03-16|163|NKE|54.270000|55.070000|53.980000|54.790001|13115200|0.9911312999|54.304085
2026-03-16|164|AAPL|252.110001|253.889999|249.880005|252.820007|32074200|0.9982185855|252.369644
2026-03-16|165|BRO|68.379997|69.419998|67.959999|69.190002|2667600|0.9947741799|68.828423
2026-03-16|166|UHS|195.070007|196.429993|193.419998|193.470001|743300|0.9986223049|193.203461
2026-03-16|167|HD|342.440002|345.239990|340.649994|342.579987|3194400|0.9925551970|340.029541
2026-03-16|168|BAX|17.150000|17.709999|16.840000|17.080000|13190600|0.9994805195|17.064543
2026-03-16|169|COP|121.190002|122.379997|120.400002|121.320000|7556800|0.9860463925|119.627144
2026-03-16|170|GLW|133.940002|135.279999|131.419998|132.050003|9243400|0.9984696945|131.847931
2026-03-16|171|HUM|167.589996|173.110001|167.169998|169.990005|1410600|0.9926050698|168.732941
2026-03-16|172|LHX|360.019989|368.570007|360.019989|366.209991|1382800|0.9959648783|364.732300
2026-03-16|173|NOC|733.530029|737.400024|726.169983|735.960022|604600|0.9956180811|732.735107
2026-03-16|174|OXY|57.340000|57.990002|56.709999|57.250000|15133100|0.9954022988|56.986782
2026-03-16|175|ROK|365.279999|367.390015|360.779999|364.049988|691800|0.9938632005|361.815887
2026-03-16|176|SLB|44.560001|45.009998|44.299999|44.959999|12648500|0.9947843000|44.725502
2026-03-16|177|SO|98.500000|99.309998|97.870003|99.110001|4471600|0.9836658196|97.491119
2026-03-16|178|WMB|73.650002|73.949997|72.839996|73.889999|5717200|0.9926696456|73.348358
2026-03-16|179|VLO|232.589996|234.970001|230.000000|232.570007|2648700|0.9914397807|230.579163
2026-03-16|180|CI|268.809998|269.839996|266.019989|268.350006|1166200|0.9942378017|266.803711
2026-03-16|181|NSC|292.980011|294.290009|290.489990|290.700012|734400|0.9917671837|288.306732
2026-03-16|182|COO|70.419998|71.540001|69.830002|71.040001|2154100|1.0000000000|71.040001
2026-03-16|183|AMGN|369.380005|370.890015|364.720001|366.250000|2099100|0.9867386103|361.393036
2026-03-16|184|RJF|147.119995|147.929993|143.600006|143.820007|1567600|0.9927317770|142.774689
2026-03-16|185|WSM|181.149994|186.009995|180.869995|182.360001|1513000|0.9927167515|181.031830
2026-03-16|186|CAH|218.669998|220.229996|216.889999|217.589996|1731400|0.9954149217|216.592331
2026-03-16|187|CTAS|194.460007|195.440002|192.270004|192.740005|1732900|0.9947044338|191.719330
2026-03-16|188|PAYX|92.669998|93.860001|92.500000|93.099998|2604500|0.9771272923|90.970543
2026-03-16|189|BEN|24.370001|24.629999|24.240000|24.389999|4000200|0.9758021744|23.799814
2026-03-16|190|AOS|67.440002|67.839996|66.139999|66.400002|1344800|0.9883617008|65.627220
2026-03-16|191|CASY|668.380005|676.890015|661.000000|673.270020|294600|0.9985579358|672.299133
2026-03-16|192|T|27.730000|27.820000|27.469999|27.730000|31792800|0.9765662530|27.080183
2026-03-16|193|VZ|51.360001|51.459999|50.750000|50.970001|20017500|0.9686690897|49.373066
2026-03-16|194|JBHT|202.899994|205.000000|201.639999|202.729996|894400|0.9964612666|202.012589
2026-03-16|195|ATO|190.130005|190.130005|187.070007|187.820007|899100|0.9884163190|185.644348
2026-03-16|196|LRCX|217.949997|221.460007|215.949997|219.399994|9533100|0.9992960416|219.245544
2026-03-16|197|MU|446.160004|454.859985|437.750000|441.799988|43067600|0.9994263974|441.546570
2026-03-16|198|AJG|209.970001|212.789993|208.000000|211.850006|1516500|0.9966824645|211.147186
2026-03-16|199|AME|216.610001|217.020004|213.490005|214.509995|1695200|0.9985029940|214.188873
2026-03-16|200|SWKS|56.020000|56.020000|54.509998|54.540001|2061000|0.9913855858|54.070171
2026-03-16|201|EXPD|143.500000|144.850006|142.710007|142.789993|931500|0.9948730934|142.057922
2026-03-16|202|UNH|283.980011|287.399994|281.040009|285.489990|4854000|0.9943209633|283.868683
2026-03-16|203|BBY|62.919998|63.320000|61.919998|62.889999|3465900|0.9720666083|61.133266
2026-03-16|204|DOC|17.139999|17.430000|17.049999|17.360001|7287100|0.9689596923|16.821140
2026-03-16|205|ADSK|252.089996|253.020004|249.300003|249.779999|1353400|1.0000000000|249.779999
2026-03-16|206|DVN|46.000000|46.910000|45.570000|46.650002|19839700|0.9929375416|46.320538
2026-03-16|207|NVR|6495.490234|6570.020020|6432.899902|6565.939941|21900|1.0000000000|6565.939941
2026-03-16|208|ROST|206.820007|210.309998|206.820007|207.960007|2073000|0.9980432679|207.553085
2026-03-16|209|JKHY|168.720001|168.960007|165.039993|167.350006|816500|0.9955252350|166.601151
2026-03-16|210|MNST|77.930000|78.580002|76.910004|77.050003|4291000|0.5000000000|77.050003
2026-03-16|211|ORCL|156.059998|158.740005|154.509995|155.970001|21607700|0.9930647011|154.888306
2026-03-16|212|MSFT|398.070007|400.630005|394.790009|399.950012|27733700|0.9959638868|398.335754
2026-03-16|213|TROW|88.269997|88.639999|87.139999|87.379997|2311400|0.9881430134|86.343933
2026-03-16|214|COST|1010.500000|1012.650024|995.429993|1001.739990|1243400|0.9969659831|998.700684
2026-03-16|215|ADBE|248.250000|256.369995|244.550003|251.860001|11679200|1.0000000000|251.860001
2026-03-16|216|FISV|56.919998|57.619999|56.630001|57.570000|7207300|1.0000000000|57.570000
2026-03-16|217|BKR|54.470001|55.209999|53.830002|55.189999|10462800|0.9930140272|54.804443
2026-03-16|218|CDNS|289.329987|295.429993|288.000000|292.720001|1516900|1.0000000000|292.720001
2026-03-16|219|TJX|156.580002|157.779999|155.330002|156.020004|4384700|0.9936003560|155.021530
2026-03-16|220|FICO|1141.239990|1181.489990|1141.239990|1161.530029|320000|1.0000000000|1161.530029
2026-03-16|221|CCL|24.430000|25.090000|24.410000|24.719999|24107700|0.9887339129|24.441500
2026-03-16|222|FAST|45.750000|45.869999|45.259998|45.680000|5124800|0.9892709750|45.189899
2026-03-16|223|SCHW|94.129997|95.239998|93.260002|93.629997|8835600|0.9935274715|93.023972
2026-03-16|224|JCI|131.619995|132.130005|130.610001|131.690002|4971200|0.9972406182|131.326614
2026-03-16|225|COHR|255.009995|262.790009|242.759995|247.369995|6165200|1.0000000000|247.369995
2026-03-16|226|KEY|19.139999|19.290001|18.950001|18.959999|20130100|0.9901913874|18.774029
2026-03-16|227|MOS|28.620001|28.719999|27.660000|27.670000|15738900|0.9899359564|27.391527
2026-03-16|228|MGM|37.220001|37.250000|35.860001|35.980000|5871100|1.0000000000|35.980000
2026-03-16|229|WM|238.820007|239.630005|236.000000|236.960007|2160200|0.9956851284|235.937546
2026-03-16|230|TECH|51.500000|52.250000|48.250000|48.810001|3002900|0.9970482740|48.665928
2026-03-16|231|IEX|189.559998|191.630005|188.910004|189.570007|840900|0.9931996195|188.280853
2026-03-16|232|GEN|20.750000|20.910000|20.459999|20.610001|6812900|0.9903038605|20.410164
2026-03-16|233|CRH|101.320000|103.160004|101.099998|103.019997|7833400|0.9923991275|102.236954
2026-03-16|234|EOG|133.789993|135.500000|132.399994|134.509995|3926000|0.9849854996|132.490387
2026-03-16|235|PTC|157.240005|157.949997|153.679993|155.940002|1091000|1.0000000000|155.940002
2026-03-16|236|CSCO|78.919998|79.169998|78.190002|78.900002|14715100|0.9909035959|78.182297
2026-03-16|237|LH|265.829987|270.260010|264.019989|266.850006|508800|0.9972597526|265.549438
2026-03-16|238|TRMB|67.320000|67.989998|66.400002|66.599998|1377300|1.0000000000|66.599998
2026-03-16|239|AZO|3556.469971|3570.000000|3474.659912|3488.879883|139900|1.0000000000|3488.879883
2026-03-16|240|REGN|750.000000|763.299988|747.010010|756.909973|396200|0.9973440317|754.899597
2026-03-16|241|IDXX|577.510010|592.590027|576.539978|586.369995|510600|1.0000000000|586.369995
2026-03-16|242|AES|14.250000|14.250000|14.160000|14.200000|13970600|0.9761125722|13.860799
2026-03-16|243|VRTX|475.140015|476.170013|461.130005|466.100006|1496800|1.0000000000|466.100006
2026-03-16|244|ZBRA|206.610001|208.350006|202.619995|203.970001|590500|1.0000000000|203.970001
2026-03-16|245|BIIB|182.750000|184.619995|181.880005|183.259995|995900|1.0000000000|183.259995
2026-03-16|246|ODFL|183.339996|184.070007|179.929993|182.440002|1696400|0.9987340667|182.209045
2026-03-16|247|APH|137.000000|140.580002|135.649994|136.800003|10492800|0.9965240421|136.324493
2026-03-16|248|KIM|23.190001|23.360001|23.000000|23.190001|5041600|0.9891711788|22.938881
2026-03-16|249|QCOM|131.070007|131.869995|128.940002|129.389999|10132900|0.9963201471|128.913864
2026-03-16|250|GILD|144.229996|146.130005|142.679993|145.210007|3697200|0.9934708175|144.261902
2026-03-16|251|ROP|350.670013|353.540009|349.079987|352.200012|989300|0.9949619600|350.425629
2026-03-16|252|SNPS|420.179993|428.420013|417.609985|425.880005|1262000|1.0000000000|425.880005
2026-03-16|253|STZ|151.600006|154.809998|150.759995|151.020004|1961300|0.9856055004|148.846146
2026-03-16|254|BSX|69.220001|70.029999|69.019997|69.790001|8681500|1.0000000000|69.790001
2026-03-16|255|STE|217.029999|221.059998|216.440002|219.050003|853500|0.9970332000|218.400116
2026-03-16|256|DHI|141.630005|142.130005|139.960007|142.089996|1924600|0.9940209933|141.240433
2026-03-16|257|LIN|494.290009|498.480011|490.890015|497.410004|2217600|0.9968477255|495.842041
2026-03-16|258|SBUX|99.230003|99.900002|97.379997|97.820000|6871000|0.9884945611|96.694534
2026-03-16|259|MS|156.460007|159.089996|154.789993|155.699997|5498100|0.9892093304|154.019897
2026-03-16|260|INTU|445.320007|455.890015|442.109985|452.309998|3051500|0.9925226498|448.927917
2026-03-16|261|MCHP|63.400002|64.900002|63.200001|63.830002|7291100|0.9890553567|63.131405
2026-03-16|262|CB|329.820007|332.429993|328.049988|330.119995|1757000|0.9968895800|329.093201
2026-03-16|263|ORLY|91.400002|92.070000|89.800003|90.459999|6239000|1.0000000000|90.459999
2026-03-16|264|RCL|280.000000|285.829987|277.350006|280.809998|2442500|0.9948418155|279.361542
2026-03-16|265|JBL|254.880005|260.359985|253.139999|258.000000|1438800|0.9995582709|257.886017
2026-03-16|266|ALL|206.990005|210.169998|206.990005|207.809998|1416200|0.9947595710|206.720978
2026-03-16|267|CPT|101.489998|101.940002|100.739998|100.779999|960200|0.9801843508|98.782974
2026-03-16|268|VMRK|60.549999|60.740002|60.040001|60.060001|2050200|0.9778762777|58.731251
2026-03-16|269|IT|166.429993|166.800003|160.100006|160.250000|1506600|1.0000000000|160.250000
2026-03-16|270|DECK|101.680000|102.870003|99.980003|101.709999|2118900|1.0000000000|101.709999
2026-03-16|271|REG|77.349998|77.930000|77.000000|77.389999|674700|0.9906432027|76.665878
2026-03-16|272|INCY|92.139999|93.650002|91.150002|93.000000|1617400|1.0000000000|93.000000
2026-03-16|273|SPG|189.699997|190.789993|188.220001|189.330002|1327600|0.9891482587|187.275436
2026-03-16|274|MAA|127.550003|127.970001|126.360001|126.370003|547800|0.9765831817|123.410820
2026-03-16|275|MLM|592.219971|596.140015|581.750000|585.309998|504300|0.9985730005|584.474792
2026-03-16|276|TSCO|47.820000|49.160000|47.820000|48.779999|6013600|0.9851405019|48.055153
2026-03-16|277|ALB|162.960007|165.779999|161.220001|162.440002|1215200|0.9974537910|162.026398
2026-03-16|278|CPRT|34.430000|34.770000|33.639999|33.880001|11510200|1.0000000000|33.880001
2026-03-16|279|FLEX|64.559998|65.839996|64.150002|64.449997|3692600|1.0000000000|64.449997
2026-03-16|280|ESS|252.639999|254.369995|248.110001|249.100006|454600|0.9806657936|244.283875
2026-03-16|281|O|64.910004|65.510002|64.809998|64.919998|6842400|0.9785744934|63.529049
2026-03-16|282|MCO|433.799988|439.059998|432.239990|432.690002|1129500|0.9955156672|430.749695
2026-03-16|283|SJM|106.809998|107.309998|104.489998|104.989998|2150000|0.9798392929|102.873322
2026-03-16|284|MCK|947.340027|953.679993|936.059998|943.250000|612400|0.9988955336|942.208191
2026-03-16|285|COF|181.600006|183.990005|178.949997|180.770004|5196400|0.9922218930|179.363968
2026-03-16|286|EME|722.630005|732.690002|720.969971|726.549988|302000|0.9989862194|725.813416
2026-03-16|287|DLTR|111.730003|115.480003|109.000000|114.360001|5311400|1.0000000000|114.360001
2026-03-16|288|COR|353.220001|354.519989|345.690002|345.880005|1278400|0.9957711437|344.417328
2026-03-16|289|DRI|205.440002|207.800003|203.949997|206.690002|1694100|0.9843985059|203.465332
2026-03-16|290|RMD|230.860001|234.889999|229.559998|230.610001|1179400|0.9941821390|229.268341
2026-03-16|291|WAB|239.729996|240.940002|237.699997|239.199997|586100|0.9977552294|238.663040
2026-03-16|292|FCX|57.209999|58.259998|56.799999|57.930000|17824100|0.9953868541|57.662762
2026-03-16|293|IVZ|23.510000|23.680000|23.020000|23.030001|4059800|0.9856541725|22.699617
2026-03-16|294|ACGL|93.989998|95.239998|93.580002|93.699997|1738300|1.0000000000|93.699997
2026-03-16|295|ERIE|247.089996|250.380005|245.759995|247.229996|166300|0.9885906317|244.409241
2026-03-16|296|EG|321.980011|325.910004|320.510010|320.519989|265900|0.9940520446|318.613556
2026-03-16|297|DVA|150.000000|151.800003|147.759995|148.220001|1040800|1.0000000000|148.220001
2026-03-16|298|HSIC|75.739998|76.449997|74.239998|74.610001|994000|1.0000000000|74.610001
2026-03-16|299|EL|88.300003|90.379997|88.290001|88.760002|3365300|0.9961483439|88.418129
2026-03-16|300|WAT|286.000000|294.109985|284.079987|290.019989|713000|1.0000000000|290.019989
2026-03-16|301|NTAP|100.360001|102.709999|99.760002|102.239998|2485100|0.9918913810|101.410973
2026-03-16|302|HIG|133.789993|136.830002|133.789993|134.750000|1284500|0.9952804215|134.114044
2026-03-16|303|IRM|107.739998|108.550003|106.820000|107.519997|1368100|0.9932096824|106.789902
2026-03-16|304|BRK-B|492.769989|496.630005|491.079987|492.209991|3752000|1.0000000000|492.209991
2026-03-16|305|FDS|206.100006|209.110001|203.940002|207.460007|989200|0.9951444118|206.452667
2026-03-16|306|STLD|172.850006|174.639999|171.169998|174.279999|1028000|0.9946588101|173.349136
2026-03-16|307|DGX|200.979996|201.880005|198.860001|198.940002|777200|0.9916252453|197.273926
2026-03-16|308|CIEN|345.000000|367.450012|344.989990|363.880005|3759700|1.0000000000|363.880005
2026-03-16|309|TTWO|209.460007|212.020004|207.449997|207.690002|2129900|1.0000000000|207.690002
2026-03-16|310|VTR|87.639999|88.230003|87.330002|87.790001|3058900|0.9878430433|86.722748
2026-03-16|311|AMZN|208.350006|212.720001|207.449997|211.740005|42209300|1.0000000000|211.740005
2026-03-16|312|ARE|48.930000|49.049999|48.049999|48.310001|1960800|0.9716953716|46.942604
2026-03-16|313|RL|334.109985|342.649994|333.739990|339.239990|432000|0.9948318200|337.486755
2026-03-16|314|BXP|52.840000|53.060001|51.849998|52.290001|2326200|0.9761958291|51.045280
2026-03-16|315|FIX|1392.050049|1421.079956|1391.069946|1414.099976|288900|0.9990909066|1412.814453
2026-03-16|316|YUM|161.600006|163.699997|161.059998|161.779999|2624900|0.9951301862|160.992157
2026-03-16|317|CHRW|171.750000|173.509995|170.429993|170.479996|1297200|0.9965870306|169.898148
2026-03-16|318|FE|51.750000|51.930000|51.470001|51.759998|4123900|0.9800753088|50.728699
2026-03-16|319|MTD|1188.550049|1207.000000|1187.569946|1198.709961|176300|1.0000000000|1198.709961
2026-03-16|320|PLD|133.470001|135.199997|132.580002|134.070007|2170200|0.9848712132|132.041702
2026-03-16|321|URI|747.000000|754.090027|737.250000|743.130005|499400|0.9962197184|740.320740
2026-03-16|322|AEE|113.000000|113.000000|111.279999|112.860001|1577400|0.9930004667|112.070030
2026-03-16|323|VRSN|238.789993|241.399994|238.350006|241.259995|474200|0.9944277890|239.915634
2026-03-16|324|PWR|567.359985|576.539978|565.190002|574.020020|1421000|0.9996508742|573.819580
2026-03-16|325|AMT|185.729996|186.210007|184.149994|184.710007|2267300|0.9807453674|181.153488
2026-03-16|326|MAR|318.239990|323.250000|316.970001|321.839996|1419900|0.9960059445|320.554535
2026-03-16|327|CTSH|60.779999|61.389999|60.220001|61.049999|5590900|0.9872095485|60.269142
2026-03-16|328|SRE|96.139999|96.400002|95.019997|95.940002|3561800|0.9860298575|94.599709
2026-03-16|329|CSGP|43.950001|44.099998|43.450001|43.619999|5905000|1.0000000000|43.619999
2026-03-16|330|RSG|224.949997|225.279999|223.009995|224.130005|874700|0.9942648020|222.844574
2026-03-16|331|CCI|88.019997|88.199997|87.099998|87.519997|2390100|0.9884657123|86.510513
2026-03-16|332|EBAY|91.910004|92.500000|90.699997|91.410004|4676700|0.9972353518|90.880966
2026-03-16|333|NVDA|182.970001|188.880005|181.410004|183.220001|217307400|0.9988358556|183.006714
2026-03-16|334|BKNG|4265.510178|4339.229965|4251.940155|4293.019867|201800|0.0398996955|171.290176
2026-03-16|335|GS|792.000000|805.460022|790.000000|794.770020|2082700|0.9956121536|791.282654
2026-03-16|336|FFIV|289.309998|292.100006|282.660004|283.730011|841100|1.0000000000|283.730011
2026-03-16|337|SBAC|189.919998|190.639999|187.330002|187.610001|719900|0.9871816268|185.205139
2026-03-16|338|LII|485.000000|488.739990|477.989990|478.859985|494200|0.9946881341|476.316345
2026-03-16|339|BLK|931.469971|946.520020|929.000000|943.260010|926900|0.9943964168|937.974365
2026-03-16|340|TKO|195.360001|200.029999|195.339996|199.770004|1262300|0.9961152636|198.993958
2026-03-16|341|AKAM|107.910004|108.199997|104.550003|105.440002|4758000|1.0000000000|105.440002
2026-03-16|342|UPS|97.980003|98.400002|97.400002|97.400002|4867700|0.9679890039|94.282135
2026-03-16|343|A|113.180000|114.070000|111.430000|111.830002|1462900|0.9958080410|111.361214
2026-03-16|344|TDY|646.059998|647.729980|638.090027|645.659973|218200|1.0000000000|645.659973
2026-03-16|345|PKG|216.490005|217.529999|213.589996|214.949997|1089200|0.9934276825|213.537277
2026-03-16|346|EW|82.129997|84.250000|81.889999|83.559998|4270700|1.0000000000|83.559998
2026-03-16|347|MET|68.599998|69.639999|68.489998|69.160004|2972100|0.9862851080|68.211479
2026-03-16|348|ON|59.919998|60.849998|59.419998|59.880001|6515400|1.0000000000|59.880001
2026-03-16|349|ISRG|473.320007|486.130005|472.950012|483.459991|1297400|1.0000000000|483.459991
2026-03-16|350|CRL|157.669998|158.509995|151.679993|151.970001|791000|1.0000000000|151.970001
2026-03-16|351|MRVL|89.150002|92.519997|89.120003|91.580002|15875500|0.9992531920|91.511604
2026-03-16|352|EQIX|975.030029|990.979980|974.919983|984.460022|790300|0.9903463937|974.956421
2026-03-16|353|TPR|144.059998|146.940002|141.479996|141.779999|1527600|0.9971524169|141.376266
2026-03-16|354|GRMN|234.000000|238.110001|233.580002|234.830002|684300|0.9955900883|233.794418
2026-03-16|355|GPN|69.320000|69.339996|67.099998|68.050003|3742400|0.9961797067|67.790031
2026-03-16|356|ALGN|166.600006|169.570007|164.050003|169.449997|1514900|1.0000000000|169.449997
2026-03-16|357|WTW|289.410004|293.239990|288.700012|291.470001|357300|0.9930717262|289.450623
2026-03-16|358|MDLZ|55.580002|57.360001|55.299999|57.160000|11950800|0.9831751096|56.198292
2026-03-16|359|AXON|497.649994|500.940002|484.429993|489.640015|868100|1.0000000000|489.640015
2026-03-16|360|FIS|49.740002|50.590000|49.560001|50.439999|4824300|0.9887092639|49.870495
2026-03-16|361|ACN|197.490005|200.470001|195.639999|199.309998|7832700|0.9798095806|195.285843
2026-03-16|362|ZBH|93.550003|95.250000|93.290001|93.300003|1955800|0.9946488082|92.800735
2026-03-16|363|BG|123.580002|125.400002|120.440002|123.620003|1516400|0.9877945902|122.111168
2026-03-16|364|PFG|86.779999|87.639999|86.379997|86.449997|1287600|0.9920864700|85.765869
2026-03-16|365|ELV|293.540009|294.950012|291.630005|292.070007|1837400|0.9959475060|290.886383
2026-03-16|366|CNC|34.730000|35.130001|34.439999|34.759998|7581400|1.0000000000|34.759998
2026-03-16|367|PRU|93.089996|94.440002|92.500000|93.220001|2096300|0.9752946989|90.916969
2026-03-16|368|NFLX|95.580002|96.099998|94.360001|95.199997|34931800|1.0000000000|95.199997
2026-03-16|369|NDAQ|85.449997|86.379997|85.309998|85.849998|2301800|0.9964261009|85.543182
2026-03-16|370|WYNN|101.250000|103.000000|100.190002|100.629997|1949400|0.9949442808|100.121239
2026-03-16|371|CME|309.260010|314.299988|308.970001|313.829987|1936900|0.9948418839|312.211212
2026-03-16|372|STX|397.500000|410.799988|395.630005|398.779999|3120200|0.9975473958|397.801941
2026-03-16|373|NRG|156.000000|157.559998|151.679993|152.479996|2224300|0.9934205862|151.476776
2026-03-16|374|AIZ|220.080002|222.500000|218.899994|222.149994|329200|0.9965805324|221.390366
2026-03-16|375|CBRE|135.800003|137.229996|134.649994|135.070007|1570200|1.0000000000|135.070007
2026-03-16|376|CRM|195.149994|198.630005|195.149994|198.339996|13419600|0.9949373630|197.335861
2026-03-16|377|DPZ|400.489990|402.170013|392.000000|392.269989|1052000|0.9938557491|389.859802
2026-03-16|378|EXR|141.759995|142.830002|138.639999|139.500000|1533700|0.9892430283|137.999405
2026-03-16|379|GOOG|303.600006|305.570007|301.809998|304.420013|14822000|0.9993985127|304.236908
2026-03-16|380|GOOGL|304.350006|306.489990|303.019989|305.559998|23519700|0.9994030337|305.377594
2026-03-16|381|DLR|181.940002|182.949997|180.860001|181.250000|2082000|0.9933767643|180.049545
2026-03-16|382|MPWR|1078.839966|1097.069946|1073.770020|1077.400024|484200|0.9964842129|1073.612061
2026-03-16|383|LVS|54.340000|54.500000|53.250000|53.700001|3484700|0.9879067226|53.050591
2026-03-16|384|DXCM|64.849998|66.809998|64.599998|66.339996|4922100|1.0000000000|66.339996
2026-03-16|385|BLDR|88.230003|89.889999|86.690002|87.019997|2408200|1.0000000000|87.019997
2026-03-16|386|WBD|27.280001|27.559999|27.190001|27.510000|29756200|1.0000000000|27.510000
2026-03-16|387|EXPE|229.360001|233.800003|229.160004|231.460007|1539800|0.9964448664|230.637146
2026-03-16|388|CF|123.930000|126.989998|121.019997|122.330002|7658800|0.9908287958|121.208092
2026-03-16|389|AMP|446.480011|449.839996|438.230011|439.019989|597400|0.9932580907|436.060150
2026-03-16|390|ICE|160.830002|161.539993|159.869995|161.490005|3066900|0.9930916239|160.374374
2026-03-16|391|PSKY|9.620000|9.720000|9.480000|9.500000|12748500|0.9952244509|9.454633
2026-03-16|392|LYV|153.949997|157.460007|153.119995|157.059998|3214800|1.0000000000|157.059998
2026-03-16|393|CMG|32.770000|34.080002|32.709999|34.080002|17722700|1.0000000000|34.080002
2026-03-16|394|UAL|88.169998|90.610001|87.970001|90.279999|7148500|1.0000000000|90.279999
2026-03-16|395|TDG|1222.770020|1251.329956|1222.770020|1247.819946|506200|1.0000000000|1247.819946
2026-03-16|396|MA|498.619995|508.579987|498.619995|508.500000|3450300|0.9966137732|506.778137
2026-03-16|397|LDOS|172.520004|172.779999|166.309998|167.449997|1342500|0.9964800263|166.860580
2026-03-16|398|FSLR|200.479996|202.000000|197.649994|199.479996|1052400|1.0000000000|199.479996
2026-03-16|399|BR|177.309998|179.259995|176.770004|178.589996|1697000|0.9932693636|177.387970
2026-03-16|400|SMCI|31.500000|32.430000|30.920000|31.860001|28824000|1.0000000000|31.860001
2026-03-16|401|TMUS|217.029999|217.029999|209.389999|214.820007|4561300|0.9946034600|212.434662
2026-03-16|402|DAL|59.369999|61.110001|59.139999|60.840000|14465500|0.9948974393|60.529560
2026-03-16|403|IBKR|67.250000|69.309998|67.070000|68.279999|4185200|0.9989881568|68.210907
2026-03-16|404|PODD|222.800003|229.940002|219.889999|224.660004|1119500|1.0000000000|224.660004
2026-03-16|405|TEL|203.449997|206.440002|201.419998|203.449997|1639800|0.9922749574|201.878342
2026-03-16|406|BX|108.239998|108.699997|105.379997|107.120003|7786800|0.9808140125|105.064796
2026-03-16|407|LULU|157.500000|161.589996|156.779999|159.910004|3026200|1.0000000000|159.910004
2026-03-16|408|ULTA|532.919983|542.840027|516.030029|516.739990|2700200|1.0000000000|516.739990
2026-03-16|409|MSCI|550.130005|554.239990|546.679993|550.000000|450500|0.9928506457|546.067871
2026-03-16|410|ECHO|110.180000|114.809998|110.000000|114.330002|4890200|1.0000000000|114.330002
2026-03-16|411|PM|176.509995|177.250000|174.600006|174.779999|3444100|0.9830023955|171.809158
2026-03-16|412|V|307.850006|311.130005|307.380005|310.109985|6401200|0.9960807290|308.894562
2026-03-16|413|AWK|140.440002|140.440002|137.479996|139.119995|1598600|0.9863367160|137.219162
2026-03-16|414|KDP|27.620001|28.020000|27.510000|27.549999|10204900|0.9842341174|27.115650
2026-03-16|415|SW|39.970001|40.270000|39.250000|39.419998|4001800|0.9797713221|38.622581
2026-03-16|416|AVGO|326.019989|329.200012|320.059998|324.920013|31363100|0.9963298147|323.727509
2026-03-16|417|VRSK|200.919998|206.479996|200.410004|204.740005|2038100|0.9972796518|204.183044
2026-03-16|418|DG|133.070007|135.490005|131.419998|134.850006|3251300|0.9902299309|133.532516
2026-03-16|419|FTNT|84.389999|85.860001|83.970001|84.489998|5725100|1.0000000000|84.489998
2026-03-16|420|CHTR|219.000000|220.229996|214.899994|217.649994|1193000|1.0000000000|217.649994
2026-03-16|421|FERG|224.000000|225.639999|221.800003|223.550003|1128500|0.9924610460|221.864670
2026-03-16|422|GNRC|203.910004|205.259995|200.910004|202.479996|846500|1.0000000000|202.479996
2026-03-16|423|LYB|71.500000|73.000000|70.849998|71.080002|6427700|0.9795355103|69.625389
2026-03-16|424|CBOE|288.239990|293.779999|287.200012|291.779999|1024000|0.9979084359|291.169708
2026-03-16|425|TSLA|396.220001|403.730011|394.420013|395.559998|58068300|1.0000000000|395.559998
2026-03-16|426|KKR|87.000000|87.309998|84.839996|86.099998|5915800|0.9961485906|85.768387
2026-03-16|427|NXPI|194.580002|195.979996|191.250000|191.889999|2826500|0.9914738451|190.253906
2026-03-16|428|GM|73.320000|73.849998|72.430000|72.949997|7471500|0.9978370584|72.792213
2026-03-16|429|TRGP|239.639999|241.839996|237.539993|239.149994|1020500|0.9903678073|236.846451
2026-03-16|430|CPAY|321.190002|322.220001|305.170013|310.220001|644700|1.0000000000|310.220001
2026-03-16|431|KMI|33.400002|33.450001|33.060001|33.310001|10930800|0.9816636474|32.699219
2026-03-16|432|HCA|537.380005|537.380005|524.869995|525.190002|852400|0.9965176399|523.361145
2026-03-16|433|HII|414.000000|419.190002|403.589996|416.589996|685200|0.9956995948|412.873016
2026-03-16|434|APO|105.360001|105.900002|101.360001|103.449997|7219900|0.9916121637|102.582275
2026-03-16|435|MPC|228.419998|230.589996|225.250000|228.940002|2739900|0.9934777159|227.446793
2026-03-16|436|XYL|120.980003|121.510002|120.150002|121.070000|1648200|0.9923180477|120.139946
2026-03-16|437|APTV|70.760002|72.430000|70.489998|71.570000|2685200|1.0000000000|71.570000
2026-03-16|438|PSX|173.220001|174.679993|171.000000|173.479996|3140300|0.9875507674|171.320312
2026-03-16|439|AMCR|41.189999|41.270000|40.590000|40.599998|3802100|0.9836148215|39.934761
2026-03-16|440|META|632.000000|634.750000|623.099976|627.450012|15134900|0.9990740414|626.869019
2026-03-16|441|NOW|116.900002|117.199997|113.800003|114.879997|12289400|1.0000000000|114.879997
2026-03-16|442|PANW|167.740005|168.279999|166.149994|167.449997|5985100|1.0000000000|167.449997
2026-03-16|443|FANG|182.600006|183.619995|179.710007|182.330002|3203000|0.9890830467|180.339508
2026-03-16|444|WDAY|133.639999|136.860001|132.240005|133.630005|6331200|1.0000000000|133.630005
2026-03-16|445|ABBV|221.089996|224.369995|220.320007|221.449997|3991800|0.9847626719|218.075699
2026-03-16|446|NCLH|19.379999|20.020000|19.360001|19.840000|22927700|1.0000000000|19.840000
2026-03-16|447|ZTS|115.610001|118.550003|115.300003|118.150002|3667100|0.9887765322|116.823959
2026-03-16|448|IQV|166.979996|168.860001|163.600006|164.889999|1307700|1.0000000000|164.889999
2026-03-16|449|NWS|27.150000|27.540001|27.150000|27.360001|1148900|1.0000000000|27.360001
2026-03-16|450|NWSA|23.799999|24.360001|23.799999|24.200001|3786200|1.0000000000|24.200001
2026-03-16|451|CDW|117.120003|118.669998|115.330002|118.199997|1270600|0.9893792048|116.944618
2026-03-16|452|VEEV|179.869995|186.289993|179.750000|185.279999|2360000|1.0000000000|185.279999
2026-03-16|453|ALLE|146.839996|147.869995|145.580002|145.820007|790400|0.9958946033|145.221359
2026-03-16|454|HLT|295.720001|298.829987|294.000000|296.000000|1216300|0.9990803866|295.727783
2026-03-16|455|ARES|102.150002|103.959999|98.800003|100.510002|4379200|0.9767290545|98.171043
2026-03-16|456|ANET|133.869995|136.279999|131.910004|135.350006|7884200|1.0000000000|135.350006
2026-03-16|457|SYF|64.660004|65.230003|63.810001|64.019997|3847400|0.9916769819|63.487152
2026-03-16|458|CFG|56.439999|57.060001|56.150002|56.360001|4014700|0.9864525111|55.596462
2026-03-16|459|KEYS|287.500000|289.959991|285.000000|285.940002|1275300|1.0000000000|285.940002
2026-03-16|460|GDDY|81.089996|82.809998|80.419998|82.099998|1606300|1.0000000000|82.099998
2026-03-16|461|KHC|22.670000|22.959999|22.480000|22.709999|14454300|0.9821984863|22.305727
2026-03-16|462|PYPL|45.250000|45.900002|45.189999|45.419998|14460200|0.9967143863|45.270767
2026-03-16|463|LITE|656.000000|672.989990|607.270020|624.840027|5036600|1.0000000000|624.840027
2026-03-16|464|HPE|21.900000|22.110001|21.650000|21.850000|16518800|0.9906947030|21.646681
2026-03-16|465|XYZ|60.560001|60.779999|59.331001|59.849998|6082700|1.0000000000|59.849998
2026-03-16|466|FTV|54.630001|54.790001|53.730000|53.759998|3269700|0.9990168769|53.707146
2026-03-16|467|DELL|153.050003|157.800003|152.679993|156.539993|7923400|0.9952707496|155.799667
2026-03-16|468|TTD|27.879999|27.999001|26.930000|27.080000|10875300|1.0000000000|27.080000
2026-03-16|469|VST|161.000000|163.500000|160.110001|161.990005|2775200|0.9972411805|161.543106
2026-03-16|470|HWM|241.229996|242.600006|238.529999|240.729996|2982600|0.9990766853|240.507736
2026-03-16|471|INVH|25.110001|25.420000|25.100000|25.110001|5903700|0.9779475029|24.556263
2026-03-16|472|CVNA|306.700001|315.979996|303.444996|305.970001|2854300|0.2000000000|61.194000
2026-03-16|473|IR|83.010002|84.809998|82.989998|83.809998|4302700|0.9994839545|83.766754
2026-03-16|474|VICI|28.820000|29.030001|28.610001|28.620001|9174800|0.9677245240|27.696278
2026-03-16|475|VRT|261.679993|270.910004|261.679993|264.739990|7386700|0.9995540701|264.621948
2026-03-16|476|MRNA|53.400002|53.959999|51.634998|53.310001|6970100|1.0000000000|53.310001
2026-03-16|477|FOXA|58.275002|58.598000|57.439999|57.509998|3523000|1.0000000000|57.509998
2026-03-16|478|FOX|52.139999|53.090000|52.080002|52.150002|1594000|1.0000000000|52.150002
2026-03-16|479|DOW|36.389999|36.630001|35.970001|36.000000|9567400|0.9899338512|35.637619
2026-03-16|480|UBER|74.000000|75.379997|74.000000|74.660004|15997300|1.0000000000|74.660004
2026-03-16|481|CTVA|79.190002|79.565002|78.605003|79.040001|3816200|0.9977005620|78.858253
2026-03-16|482|CRWD|442.989990|443.519989|423.769989|423.839996|3666400|0.2500000000|105.959999
2026-03-16|483|DDOG|125.809998|129.259995|125.385002|126.570000|3683200|1.0000000000|126.570000
2026-03-16|484|CARR|56.020000|56.610001|55.700001|55.849998|5718800|0.9928803129|55.452366
2026-03-16|485|OTIS|83.489998|84.269997|82.930000|83.610001|2866200|0.9879889159|82.605759
2026-03-16|486|PLTR|152.449997|153.860001|151.169998|152.720001|32898900|1.0000000000|152.720001
2026-03-16|487|DASH|163.479996|168.115005|162.119995|167.779999|3205200|1.0000000000|167.779999
2026-03-16|488|ABNB|127.279999|129.235001|126.910004|128.320007|3049300|1.0000000000|128.320007
2026-03-16|489|EXE|107.110001|109.900002|106.360001|107.709999|3954500|0.9880522369|106.423111
2026-03-16|490|COIN|201.809998|206.440002|198.619995|203.320007|13054000|1.0000000000|203.320007
2026-03-16|491|APP|460.839996|465.989990|446.880005|453.299988|3998200|1.0000000000|453.299988
2026-03-16|492|HOOD|75.099998|75.805000|74.110001|75.309998|22783400|1.0000000000|75.309998
2026-03-16|493|CEG|305.869995|307.500000|301.420013|305.579987|2208300|0.9969162535|304.637665
2026-03-16|494|GEHC|71.870003|72.566002|71.339996|72.169998|3367300|0.9989494212|72.094170
2026-03-16|495|KVUE|17.610001|17.750000|17.540001|17.709999|14091200|0.9772015009|17.306238
2026-03-16|496|VLTO|91.040001|91.919998|89.959999|91.209999|1245100|0.9970188523|90.938080
2026-03-16|497|RDDT|133.970001|140.080002|133.179993|140.000000|4488700|1.0000000000|140.000000
2026-03-16|498|SOLV|67.570000|68.699997|66.964996|67.139999|1641800|1.0000000000|67.139999
2026-03-16|499|GEV|817.500000|837.000000|811.119995|827.369995|2361400|0.9988852954|826.447693
2026-03-16|500|SNDK|687.520020|720.000000|687.429993|703.630005|19406300|1.0000000000|703.630005
2026-03-16|501|Q|111.949997|113.220001|109.900002|112.250000|1830700|0.9994967288|112.193512
