date|security_id|ticker|open|high|low|close|volume|adj_factor|adj_close_vendor
2026-03-25|1|AEP|129.460007|129.500000|128.039993|128.300003|3335000|0.9852885257|126.412521
2026-03-25|2|BA|198.190002|200.750000|198.000000|199.610001|5055900|1.0000000000|199.610001
2026-03-25|3|CAT|727.250000|729.349976|717.000000|719.039978|1591500|0.9962516275|716.344727
2026-03-25|4|CNP|42.310001|42.509998|42.020000|42.070000|3009600|0.9886466776|41.592365
2026-03-25|5|CVX|206.000000|207.240005|204.619995|205.149994|8865000|0.9823507513|201.529266
2026-03-25|6|DIS|96.820000|97.180000|95.059998|95.949997|8467500|0.9923958226|95.220375
2026-03-25|7|DTE|144.630005|145.250000|143.369995|143.449997|1020900|0.9921049063|142.317444
2026-03-25|8|ED|110.209999|111.129997|109.330002|110.029999|1927200|0.9836258984|108.228363
2026-03-25|9|GD|349.559998|354.100006|347.750000|352.500000|1702600|0.9910149667|349.332794
2026-03-25|10|GE|295.100006|297.869995|293.089996|296.559998|4456600|0.9987550328|296.190796
2026-03-25|11|HON|223.819998|227.610006|222.639995|225.789996|4574600|1.0399150842|234.802429
2026-03-25|12|HPQ|19.120001|20.139999|19.090000|19.459999|21397500|0.9879711310|19.225918
2026-03-25|13|IBM|243.600006|246.190002|238.000000|241.389999|4207900|0.9856234381|237.919647
2026-03-25|14|IP|36.669998|36.950001|35.759998|36.470001|5871100|0.9742073595|35.529346
2026-03-25|15|JNJ|236.800003|241.460007|235.729996|239.929993|6456400|0.9894021702|237.387253
2026-03-25|16|KO|74.589996|75.650002|74.070000|75.250000|14787900|0.9935850886|74.767281
2026-03-25|17|KR|72.150002|72.150002|69.959999|70.360001|6392600|0.9879807975|69.514336
2026-03-25|18|LMT|612.500000|626.929993|612.419983|624.200012|1190300|0.9934960884|620.140259
2026-03-25|19|MMM|148.479996|149.169998|146.470001|148.050003|2238500|0.9905187908|146.646301
2026-03-25|20|MO|63.049999|64.190002|62.869999|63.779999|8133000|0.9852654995|62.840233
2026-03-25|21|MRK|117.300003|120.120003|116.800003|119.370003|10220300|0.9928601430|118.517715
2026-03-25|22|MSI|456.209991|457.559998|438.329987|451.010010|1201300|0.9970118292|449.662323
2026-03-25|23|PG|143.740005|144.100006|142.229996|143.919998|8418100|0.9851719538|141.785934
2026-03-25|24|XOM|163.869995|165.000000|162.929993|163.259995|17192300|0.9868681737|161.116104
2026-03-25|25|RTX|196.050003|196.669998|194.050003|195.000000|4057300|0.9925545778|193.548141
2026-03-25|26|MCD|310.059998|312.940002|308.109985|311.700012|3714000|0.9932635540|309.600250
2026-03-25|27|AXP|305.000000|306.380005|296.910004|300.239990|2823800|0.9941272834|298.476776
2026-03-25|28|BMY|57.790001|59.389999|57.790001|58.939999|9052200|0.9787458882|57.687279
2026-03-25|29|DD|46.000000|46.440002|45.559998|46.330002|2961600|2.9881422927|138.440643
2026-03-25|30|DE|588.580017|590.690002|577.109985|577.989990|930100|0.9945059901|574.814514
2026-03-25|31|EMR|132.460007|132.520004|129.440002|130.860001|3087600|0.9926085470|129.892761
2026-03-25|32|ETN|378.470001|380.450012|372.769989|375.000000|2527400|0.9947965913|373.048706
2026-03-25|33|ETR|103.370003|103.739998|102.360001|102.760002|2487400|0.9886701734|101.595749
2026-03-25|34|F|11.950000|12.010000|11.660000|11.670000|37746100|0.9769709546|11.401252
2026-03-25|35|HAL|38.000000|38.830002|37.970001|38.630001|9290800|0.9957637679|38.466354
2026-03-25|36|LLY|912.489990|922.150024|909.090027|916.309998|2177700|0.9968530383|913.426453
2026-03-25|37|PCG|17.510000|17.629999|17.420000|17.440001|15541100|0.9942476518|17.339678
2026-03-25|38|PEP|151.300003|151.839996|149.029999|151.729996|4978500|0.9895884624|150.150253
2026-03-25|39|PFE|27.180000|27.530001|27.040001|27.280001|37603900|0.9668473999|26.375597
2026-03-25|40|TXN|197.520004|198.970001|195.520004|196.770004|4505800|0.9898764050|194.777969
2026-03-25|41|WFC|79.510002|80.790001|79.330002|80.260002|17213400|0.9886393471|79.348206
2026-03-25|42|HUBB|511.049988|511.589996|502.964996|503.200012|577082|0.9970037769|501.692322
2026-03-25|43|WMT|122.809998|123.489998|121.779999|123.059998|16597300|0.9957114974|122.532249
2026-03-25|44|AIG|74.769997|75.550003|74.410004|75.470001|5504100|0.9933984683|74.971786
2026-03-25|45|AVY|168.119995|171.330002|166.949997|170.639999|797100|0.9936321953|169.553391
2026-03-25|46|BAC|48.520000|49.110001|48.180000|48.750000|29988300|0.9948310871|48.498016
2026-03-25|47|BALL|59.540001|61.099998|59.060001|60.750000|2571500|0.9963416864|60.527760
2026-03-25|48|BDX|157.470001|158.789993|155.020004|158.270004|1853300|0.9929995336|157.162048
2026-03-25|49|CLX|104.120003|104.820000|102.000000|104.760002|2046000|0.9761478543|102.261253
2026-03-25|50|CMI|564.630005|564.630005|552.849976|553.359985|817300|0.9931721942|549.581787
2026-03-25|51|CMS|76.000000|76.199997|75.320000|75.440002|1966700|0.9843492113|74.259308
2026-03-25|52|CVS|72.739998|73.379997|71.440002|72.180000|5363400|0.9851999130|71.111732
2026-03-25|53|ECL|268.459991|270.899994|265.109985|268.540009|2191600|0.9972820015|267.810120
2026-03-25|54|ES|68.470001|68.949997|66.970001|67.040001|3495600|0.9882685720|66.253525
2026-03-25|55|EVRG|80.510002|80.650002|79.800003|79.980003|1198800|0.9834796618|78.658707
2026-03-25|56|GWW|1076.250000|1083.219971|1060.489990|1075.869995|181600|0.9960365882|1071.605713
2026-03-25|57|LNT|70.000000|70.379997|69.489998|69.769997|1333900|0.9850786184|68.728928
2026-03-25|58|MKC|52.459999|52.790001|51.290001|52.779999|4175200|0.9822640876|51.843895
2026-03-25|59|MRSH|171.910004|174.440002|169.740005|174.199997|3821500|0.9892843147|172.333328
2026-03-25|60|NEE|92.410004|92.570000|91.070000|91.160004|8639900|0.9927287582|89.821716
2026-03-25|61|NI|46.060001|46.209999|45.509998|45.680000|2171000|0.9871584841|45.093403
2026-03-25|62|PNW|98.510002|98.980003|97.629997|97.699997|1241500|0.9822795276|95.968704
2026-03-25|63|RVTY|88.660004|89.739998|86.279999|87.839996|1003400|0.9985919505|87.716316
2026-03-25|64|SNA|366.470001|368.489990|362.869995|367.619995|349700|0.9870969475|362.876556
2026-03-25|65|SPGI|417.729993|419.360008|404.999995|408.479985|3002600|0.9417621693|384.690979
2026-03-25|66|TER|324.989990|325.809998|313.480011|323.359985|3077100|0.9996224662|323.237915
2026-03-25|67|TGT|117.500000|117.650002|114.690002|116.370003|4408000|0.9830946401|114.402725
2026-03-25|68|TXT|91.389999|92.040001|90.279999|90.709999|1200800|0.9997866667|90.690651
2026-03-25|69|VMC|270.970001|271.660004|263.589996|269.529999|1121300|0.9961649269|268.496338
2026-03-25|70|XEL|78.379997|78.580002|77.680000|77.699997|2941800|0.9925145167|77.118370
2026-03-25|71|ITW|267.309998|268.410004|263.299988|266.450012|1169500|0.9877340632|263.181763
2026-03-25|72|CL|85.250000|85.510002|83.949997|85.489998|6003800|0.9881586198|84.477676
2026-03-25|73|EXC|47.590000|48.060001|47.340000|47.669998|5483500|0.9906832302|47.225868
2026-03-25|74|MDT|86.900002|88.070000|86.339996|87.889999|9380100|0.9830319865|86.398674
2026-03-25|75|BNY|118.910004|119.669998|116.949997|117.989998|3726400|0.9920974180|117.057571
2026-03-25|76|EIX|71.910004|72.120003|71.160004|71.190002|1703300|0.9764773062|69.515419
2026-03-25|77|FRT|103.379997|103.779999|102.239998|103.269997|1071700|0.9803038504|101.235970
2026-03-25|78|PNR|89.029999|89.290001|85.930000|87.610001|2061200|0.9926207111|86.963501
2026-03-25|79|USB|52.320000|52.779999|51.430000|51.889999|8957400|0.9813809589|50.923859
2026-03-25|80|WY|23.830000|23.889999|23.290001|23.650000|3604700|0.9914979760|23.448927
2026-03-25|81|SYY|82.800003|83.239998|81.410004|82.800003|3005800|0.9859824728|81.639351
2026-03-25|82|WRB|64.839996|65.330002|63.680000|64.489998|2661700|0.9910634494|63.913681
2026-03-25|83|IFF|68.779999|71.000000|67.989998|70.709999|2000300|0.9947403026|70.338089
2026-03-25|84|TAP|41.490002|41.759998|41.040001|41.270000|2222700|0.9881685974|40.311840
2026-03-25|85|PNC|208.080002|209.270004|203.639999|205.949997|1625100|0.9845274632|202.763428
2026-03-25|86|TRV|294.609985|296.000000|289.579987|290.589996|1412300|0.9958368027|289.380219
2026-03-25|87|C|114.989998|116.129997|113.589996|114.480003|11314900|0.9902572054|113.364647
2026-03-25|88|FDX|361.150012|362.000018|352.760007|357.519988|2225600|0.8027880446|287.012787
2026-03-25|89|WDC|292.000000|300.720001|280.750000|296.140015|7642100|0.9997393571|296.062836
2026-03-25|90|DHR|191.770004|192.960007|184.990005|187.149994|5265500|0.9958070237|186.365280
2026-03-25|91|APA|40.189999|41.689999|39.930000|41.320000|10601900|0.9864084367|40.758392
2026-03-25|92|LUV|40.740002|41.669998|39.820000|40.189999|6658600|0.9956521741|40.015259
2026-03-25|93|PEG|81.000000|81.639999|80.489998|81.070000|3752500|0.9913815279|80.371300
2026-03-25|94|UNP|241.539993|242.410004|238.580002|241.330002|2800600|0.9948314607|240.082672
2026-03-25|95|ABT|105.449997|105.820000|104.250000|104.830002|6377000|0.9867277802|103.438683
2026-03-25|96|ADI|325.000000|328.179993|320.619995|322.029999|2460900|0.9972683702|321.150330
2026-03-25|97|ADM|70.900002|71.889999|70.489998|71.660004|2905800|0.9871845133|70.741646
2026-03-25|98|ADP|206.259995|209.490005|198.589996|202.110001|2854700|0.9924702132|200.588150
2026-03-25|99|AFL|106.779999|107.389999|106.230003|107.209999|1995300|0.9898631333|106.123230
2026-03-25|100|AMAT|371.000000|375.679993|360.660004|369.339996|5052000|0.9976914901|368.487366
2026-03-25|101|AMD|211.509995|221.330002|211.509995|220.270004|48518300|1.0000000000|220.270004
2026-03-25|102|APD|288.000000|290.679993|283.709991|290.089996|1004300|0.9876339339|286.502716
2026-03-25|103|BF-B|23.090000|23.540001|22.760000|23.490000|2797400|0.9913580245|23.287001
2026-03-25|104|CHD|94.620003|95.500000|92.870003|94.379997|1801100|0.9937159244|93.786903
2026-03-25|105|CINF|159.220001|159.580002|155.410004|155.449997|581100|0.9945494610|154.602707
2026-03-25|106|CMCSA|29.160000|29.420000|28.610001|28.730000|22266800|0.9752182964|28.018019
2026-03-25|107|D|60.740002|61.290001|60.330002|60.660000|3864700|0.9900860786|60.058620
2026-03-25|108|DOV|217.960007|218.779999|211.750000|215.160004|939900|0.9975530563|214.633514
2026-03-25|109|DUK|128.199997|129.000000|127.180000|128.160004|3369100|0.9827918175|125.954605
2026-03-25|110|EFX|173.000000|175.850006|167.770004|172.550003|1865200|0.9965665237|171.957565
2026-03-25|111|EQT|65.510002|67.989998|65.400002|67.930000|7112300|0.9940720641|67.527313
2026-03-25|112|FITB|46.119999|46.709999|45.330002|45.810001|7145200|0.9840657827|45.080055
2026-03-25|113|GIS|36.680000|36.740002|35.639999|36.169998|13036200|0.9666684497|34.964397
2026-03-25|114|GPC|103.980003|105.680000|103.489998|105.120003|2328000|0.9892223458|103.987053
2026-03-25|115|HAS|92.709999|93.669998|91.349998|92.190002|971800|0.9844894224|90.760086
2026-03-25|116|HBAN|15.610000|15.730000|15.300000|15.540000|22050700|0.9910508082|15.400929
2026-03-25|117|HRL|22.840000|23.110001|22.580000|23.049999|3814100|0.9742790885|22.457132
2026-03-25|118|HST|19.209999|19.510000|19.120001|19.480000|8999900|0.9529227702|18.562935
2026-03-25|119|HSY|215.839996|217.639999|212.179993|217.000000|1171000|0.9846288447|213.664459
2026-03-25|120|INTC|45.849998|47.849998|45.450001|47.180000|97467900|1.0000000000|47.180000
2026-03-25|121|J|130.600006|131.720001|127.940002|129.970001|778500|0.9944174758|129.244431
2026-03-25|122|JPM|294.149994|297.640015|292.440002|295.420013|12188200|0.9904464778|292.597717
2026-03-25|123|KMB|99.699997|99.699997|98.050003|99.360001|3455400|0.9864507253|98.013748
2026-03-25|124|L|107.550003|108.070000|106.300003|106.400002|520700|0.9988625697|106.278984
2026-03-25|125|LEN|93.730003|94.089996|89.639999|92.190002|2485100|0.9888298730|91.160233
2026-03-25|126|LOW|237.339996|238.789993|233.380005|236.179993|2322800|0.9891098782|233.607956
2026-03-25|127|MAS|61.290001|61.680000|59.959999|61.520000|2014900|0.9908891403|60.959499
2026-03-25|128|MTB|205.350006|207.220001|202.830002|204.750000|795100|0.9930590903|203.328857
2026-03-25|129|NEM|103.940002|103.940002|101.239998|101.519997|9546000|0.9976704596|101.283501
2026-03-25|130|NTRS|141.250000|142.830002|139.059998|139.729996|1029300|0.9953773257|139.084061
2026-03-25|131|NUE|164.669998|166.350006|163.949997|165.169998|1402000|0.9941593298|164.205307
2026-03-25|132|OMC|76.059998|76.830002|74.309998|75.739998|3636500|0.9894221866|74.938835
2026-03-25|133|PCAR|116.970001|117.589996|116.209999|116.339996|2967900|0.9942707430|115.673454
2026-03-25|134|PGR|204.929993|207.699997|202.190002|202.839996|2932000|0.9990392069|202.645096
2026-03-25|135|PH|936.049988|940.000000|915.539978|921.559998|971400|0.9977448271|919.481689
2026-03-25|136|PHM|119.720001|120.029999|115.089996|118.180000|1531600|0.9978834255|117.929863
2026-03-25|137|PPG|105.050003|107.180000|104.150002|106.690002|2497700|0.9873814378|105.343727
2026-03-25|138|PPL|37.360001|37.580002|37.139999|37.160000|5705400|0.9920279720|36.863762
2026-03-25|139|RF|25.920000|26.080000|25.420000|25.760000|14863100|0.9905357143|25.516201
2026-03-25|140|ROL|53.910000|54.160000|52.380001|53.480000|2504000|0.9917679269|53.039745
2026-03-25|141|SHW|318.130005|322.070007|313.329987|321.950012|1860100|0.9951137391|320.376892
2026-03-25|142|STT|127.589996|128.520004|125.730003|126.919998|1381800|0.9884428745|125.453171
2026-03-25|143|SWK|72.820000|73.599998|70.589996|71.849998|955100|0.9894240575|71.090118
2026-03-25|144|SYK|332.739990|334.230011|324.929993|327.649994|1934300|0.9946461548|325.895813
2026-03-25|145|TMO|495.410004|499.950012|482.959991|490.769989|1729500|0.9989985938|490.278534
2026-03-25|146|TPL|535.260010|541.880005|530.000000|530.359985|336500|0.9984732824|529.550293
2026-03-25|147|TSN|61.400002|61.500000|60.259998|61.450001|1927800|0.9916420846|60.936405
2026-03-25|148|TT|436.660004|437.000000|428.859985|434.000000|857800|0.9977358979|433.017395
2026-03-25|149|TYL|343.429993|346.519989|327.380005|331.470001|415000|1.0000000000|331.470001
2026-03-25|150|UDR|34.310001|34.450001|33.830002|33.930000|2843500|0.9803230978|33.262360
2026-03-25|151|VTRS|13.480000|13.690000|13.470000|13.500000|5750700|0.9853197013|13.301816
2026-03-25|152|WEC|113.620003|114.010002|112.599998|112.720001|1424600|0.9829379991|110.796768
2026-03-25|153|WST|246.919998|250.000000|242.699997|247.020004|811100|0.9985945833|246.672836
2026-03-25|154|NDSN|272.399994|272.630005|268.040009|270.850006|343200|0.9971745572|270.084747
2026-03-25|155|TFC|45.790001|46.099998|44.900002|45.389999|7008500|0.9798350561|44.474712
2026-03-25|156|WELL|196.500000|198.529999|195.630005|196.729996|3036100|0.9928496012|195.323303
2026-03-25|157|AON|325.359985|327.459991|317.459991|321.450012|956600|0.9951005240|319.875092
2026-03-25|158|GL|139.509995|140.179993|136.830002|137.509995|256600|0.9958260151|136.936035
2026-03-25|159|OKE|90.139999|92.889999|89.879997|92.120003|4923600|0.9765151605|89.956581
2026-03-25|160|KLAC|1574.309998|1576.029968|1534.649963|1543.820038|769400|0.0997597720|154.011154
2026-03-25|161|CSX|39.220001|39.720001|39.029999|39.570000|13698000|0.9969438988|39.449070
2026-03-25|162|PSA|269.040009|270.579987|262.989990|267.630005|938900|0.9907958521|265.166687
2026-03-25|163|NKE|53.759998|54.220001|52.560001|52.980000|13427100|0.9911312999|52.510136
2026-03-25|164|AAPL|254.100006|255.000000|251.600006|252.619995|28476700|0.9982185855|252.169983
2026-03-25|165|BRO|66.919998|67.099998|63.290001|64.290001|5118700|0.9947741799|63.954037
2026-03-25|166|UHS|186.309998|188.559998|182.470001|186.720001|651800|0.9986223049|186.462753
2026-03-25|167|HD|335.000000|337.190002|326.989990|332.510010|4397800|0.9925551970|330.034546
2026-03-25|168|BAX|16.980000|17.230000|16.450001|17.120001|6423200|0.9994805195|17.104507
2026-03-25|169|COP|128.000000|129.679993|127.809998|128.929993|7495800|0.9860463925|127.130951
2026-03-25|170|GLW|144.809998|150.250000|143.350006|146.350006|13328300|0.9984696945|146.126053
2026-03-25|171|HUM|174.000000|175.169998|169.289993|174.240005|1197600|0.9926050698|172.951523
2026-03-25|172|LHX|352.910004|356.720001|350.200012|352.019989|1468600|0.9959648783|350.599548
2026-03-25|173|NOC|685.479980|692.789978|681.799988|691.210022|579500|0.9956180811|688.181213
2026-03-25|174|OXY|60.299999|62.259998|60.240002|61.849998|14016800|0.9954022988|61.565628
2026-03-25|175|ROK|364.309998|368.200012|358.230011|360.649994|672900|0.9938632005|358.436768
2026-03-25|176|SLB|50.560001|52.549999|50.540001|51.889999|24105700|0.9947843000|51.619358
2026-03-25|177|SO|94.540001|95.099998|93.849998|94.610001|3539900|0.9836658196|93.064621
2026-03-25|178|WMB|74.580002|74.730003|73.699997|73.809998|5035800|0.9926696456|73.268944
2026-03-25|179|VLO|238.899994|243.750000|234.270004|234.539993|4480900|0.9914397807|232.532272
2026-03-25|180|CI|266.369995|270.950012|264.290009|270.359985|1771900|0.9942378017|268.802124
2026-03-25|181|NSC|286.010010|286.220001|282.230011|282.609985|1166700|0.9917671837|280.283295
2026-03-25|182|COO|71.599998|72.000000|69.980003|71.449997|2049800|1.0000000000|71.449997
2026-03-25|183|AMGN|350.760010|358.000000|350.760010|353.929993|1831900|0.9867386103|349.236389
2026-03-25|184|RJF|146.679993|147.419998|144.240005|145.850006|907400|0.9927317770|144.789932
2026-03-25|185|WSM|182.570007|185.289993|176.300003|181.929993|946900|0.9927167515|180.604950
2026-03-25|186|CAH|208.000000|212.220001|207.919998|211.309998|1836900|0.9954149217|210.341125
2026-03-25|187|CTAS|184.179993|186.050003|173.589996|176.850006|3210700|0.9947044338|175.913483
2026-03-25|188|PAYX|95.209999|95.489998|89.010002|93.360001|7975200|0.9771272923|91.224602
2026-03-25|189|BEN|23.930000|24.150000|23.639999|23.889999|4094700|0.9758021744|23.311914
2026-03-25|190|AOS|66.070000|67.150002|65.309998|66.900002|1874800|0.9883617008|66.121407
2026-03-25|191|CASY|689.659973|721.500000|689.659973|714.229980|765000|0.9985579358|713.200012
2026-03-25|192|T|28.980000|29.139999|28.709999|28.809999|36571100|0.9765662530|28.134872
2026-03-25|193|VZ|50.650002|50.830002|50.290001|50.369999|21920200|0.9686690897|48.791862
2026-03-25|194|JBHT|206.979996|209.919998|204.830002|209.100006|894400|0.9964612666|208.360046
2026-03-25|195|ATO|182.479996|183.419998|181.410004|181.550003|770400|0.9884163190|179.446976
2026-03-25|196|LRCX|236.149994|237.100006|227.360001|233.449997|8330600|0.9992960416|233.285660
2026-03-25|197|MU|383.000000|388.920013|371.380005|382.089996|55328700|0.9994263974|381.870819
2026-03-25|198|AJG|217.289993|218.830002|211.710007|213.559998|1592700|0.9966824645|212.851501
2026-03-25|199|AME|219.360001|220.710007|215.100006|215.330002|1281000|0.9985029940|215.007645
2026-03-25|200|SWKS|55.849998|56.799999|55.500000|56.189999|2102600|0.9913855858|55.705956
2026-03-25|201|EXPD|143.050003|144.320007|141.809998|143.179993|949600|0.9948730934|142.445923
2026-03-25|202|UNH|275.000000|276.079987|267.109985|270.549988|8121200|0.9943209633|269.013519
2026-03-25|203|BBY|62.110001|62.669998|59.880001|60.400002|3740100|0.9868673048|59.606789
2026-03-25|204|DOC|16.740000|16.969999|16.559999|16.809999|8250700|0.9746865370|16.384481
2026-03-25|205|ADSK|241.240005|243.199997|232.410004|235.419998|1685100|1.0000000000|235.419998
2026-03-25|206|DVN|49.919998|50.580002|49.630001|50.410000|10384400|0.9929375416|50.053982
2026-03-25|207|NVR|6511.020020|6552.200195|6400.000000|6552.200195|17600|1.0000000000|6552.200195
2026-03-25|208|ROST|215.619995|216.500000|212.139999|216.029999|3764800|0.9980432679|215.607285
2026-03-25|209|JKHY|159.539993|161.399994|153.580002|157.399994|784000|0.9955252350|156.695663
2026-03-25|210|MNST|73.180000|73.989998|72.220001|73.209999|3884200|0.5000000000|73.209999
2026-03-25|211|ORCL|149.229996|149.839996|144.600006|146.020004|20683800|0.9930647011|145.007324
2026-03-25|212|MSFT|376.920013|377.059998|369.630005|371.040009|31181200|0.9959638868|369.542450
2026-03-25|213|TROW|89.940002|90.570000|88.430000|89.580002|2626500|0.9881430134|88.517853
2026-03-25|214|COST|978.000000|980.809998|968.049988|974.859985|1067100|0.9969659831|971.902222
2026-03-25|215|ADBE|241.199997|243.580002|233.789993|237.250000|5441600|1.0000000000|237.250000
2026-03-25|216|FISV|57.130001|57.950001|55.439999|56.639999|5349600|1.0000000000|56.639999
2026-03-25|217|BKR|63.549999|64.250000|62.540001|62.619999|9619600|0.9930140272|62.182537
2026-03-25|218|CDNS|288.690002|290.369995|277.649994|281.390015|2617200|1.0000000000|281.390015
2026-03-25|219|TJX|157.550003|159.910004|156.770004|159.740005|3606700|0.9936003560|158.717728
2026-03-25|220|FICO|1015.450012|1044.750000|1006.500000|1043.099976|332600|1.0000000000|1043.099976
2026-03-25|221|CCL|26.219999|26.389999|25.520000|25.730000|24569000|0.9887339129|25.440123
2026-03-25|222|FAST|45.200001|45.549999|44.560001|45.369999|5085000|0.9892709750|44.883224
2026-03-25|223|SCHW|95.949997|96.650002|94.389999|94.989998|6454300|0.9935274715|94.375168
2026-03-25|224|JCI|137.080002|138.380005|136.429993|137.479996|2281600|0.9972406182|137.100632
2026-03-25|225|COHR|275.000000|278.799988|262.000000|272.040009|5314100|1.0000000000|272.040009
2026-03-25|226|KEY|20.000000|20.170000|19.719999|20.000000|10333200|0.9901913874|19.803827
2026-03-25|227|MOS|25.139999|26.219999|24.780001|26.190001|12333800|0.9899359564|25.926422
2026-03-25|228|MGM|37.439999|37.810001|36.720001|37.490002|4112000|1.0000000000|37.490002
2026-03-25|229|WM|224.720001|225.580002|219.100006|224.850006|1919500|0.9956851284|223.879807
2026-03-25|230|TECH|52.689999|53.230000|52.020000|52.689999|1598200|0.9970482740|52.534473
2026-03-25|231|IEX|195.059998|195.429993|189.220001|191.630005|916000|0.9931996195|190.326843
2026-03-25|232|GEN|20.110001|20.280001|19.370001|19.469999|6196400|0.9903038605|19.281216
2026-03-25|233|CRH|108.480003|108.739998|105.099998|106.050003|4047300|0.9923991275|105.243927
2026-03-25|234|EOG|141.919998|143.550003|141.000000|143.210007|3538000|0.9849854996|141.059784
2026-03-25|235|PTC|144.690002|146.000000|140.669998|143.559998|1008200|1.0000000000|143.559998
2026-03-25|236|CSCO|81.000000|82.680000|80.889999|81.830002|23146000|0.9909035959|81.085640
2026-03-25|237|LH|267.450012|269.970001|265.470001|266.019989|475000|0.9972597526|264.723450
2026-03-25|238|TRMB|66.209999|66.750000|64.500000|65.870003|1417300|1.0000000000|65.870003
2026-03-25|239|AZO|3371.520020|3394.919922|3317.750000|3386.139893|97900|1.0000000000|3386.139893
2026-03-25|240|REGN|744.669983|757.979980|744.020020|749.469971|553100|0.9973440317|747.479370
2026-03-25|241|IDXX|581.099976|581.630005|562.349976|575.719971|419900|1.0000000000|575.719971
2026-03-25|242|AES|14.130000|14.140000|14.060000|14.060000|13746100|0.9761125722|13.724143
2026-03-25|243|VRTX|449.140015|459.369995|449.140015|454.970001|1200000|1.0000000000|454.970001
2026-03-25|244|ZBRA|210.839996|212.199997|201.460007|208.449997|456800|1.0000000000|208.449997
2026-03-25|245|BIIB|184.910004|189.380005|184.910004|189.179993|775200|1.0000000000|189.179993
2026-03-25|246|ODFL|186.110001|190.520004|184.220001|189.050003|1786100|0.9987340667|188.810669
2026-03-25|247|APH|129.860001|131.710007|126.760002|128.729996|11719600|0.9984936130|128.536072
2026-03-25|248|KIM|22.639999|22.709999|22.379999|22.410000|5853800|0.9891711788|22.167326
2026-03-25|249|QCOM|130.160004|131.929993|129.949997|130.350006|6669400|0.9963201471|129.870331
2026-03-25|250|GILD|139.759995|140.419998|137.919998|138.259995|5053000|0.9934708175|137.357269
2026-03-25|251|ROP|348.820007|351.859985|340.410004|346.720001|994500|0.9949619600|344.973206
2026-03-25|252|SNPS|422.500000|425.929993|403.329987|410.130005|2702300|1.0000000000|410.130005
2026-03-25|253|STZ|152.750000|153.740005|150.179993|151.559998|1431500|0.9856055004|149.378372
2026-03-25|254|BSX|69.000000|70.099998|68.599998|69.779999|9440600|1.0000000000|69.779999
2026-03-25|255|STE|224.369995|226.330002|220.529999|223.380005|692000|0.9970332000|222.717270
2026-03-25|256|DHI|140.149994|140.509995|133.520004|137.690002|3264800|0.9940209933|136.866745
2026-03-25|257|LIN|483.149994|492.410004|481.950012|492.339996|2086000|0.9968477255|490.788025
2026-03-25|258|SBUX|92.330002|93.529999|91.870003|92.699997|7007500|0.9884945611|91.633438
2026-03-25|259|MS|166.800003|168.809998|164.000000|165.649994|6444600|0.9892093304|163.862518
2026-03-25|260|INTU|438.260010|442.500000|417.209991|426.859985|2212600|0.9925226498|423.668213
2026-03-25|261|MCHP|66.250000|68.099998|64.830002|65.160004|6581000|0.9890553567|64.446846
2026-03-25|262|CB|326.369995|327.910004|322.119995|323.209991|1626300|0.9968895800|322.204681
2026-03-25|263|ORLY|88.699997|91.250000|88.260002|91.160004|5630400|1.0000000000|91.160004
2026-03-25|264|RCL|281.000000|284.739990|276.230011|279.010010|1519100|0.9948418155|277.570831
2026-03-25|265|JBL|279.380005|283.760010|274.940002|283.239990|1100900|0.9995582709|283.114868
2026-03-25|266|ALL|207.410004|208.679993|204.199997|204.710007|1507700|0.9947595710|203.637238
2026-03-25|267|CPT|98.620003|98.620003|97.129997|97.339996|810700|0.9801843508|95.411140
2026-03-25|268|VMRK|58.770000|59.220001|58.259998|58.459999|2381200|0.9778762777|57.166649
2026-03-25|269|IT|153.600006|154.750000|144.220001|150.229996|1404600|1.0000000000|150.229996
2026-03-25|270|DECK|102.489998|103.180000|98.849998|100.050003|1959800|1.0000000000|100.050003
2026-03-25|271|REG|74.629997|74.970001|73.910004|74.430000|1045800|0.9906432027|73.733574
2026-03-25|272|INCY|91.000000|93.830002|91.000000|92.230003|1055700|1.0000000000|92.230003
2026-03-25|273|SPG|179.210007|183.309998|179.050003|181.570007|1749800|0.9891482587|179.599655
2026-03-25|274|MAA|122.760002|122.989998|121.419998|121.639999|640600|0.9765831817|118.791580
2026-03-25|275|MLM|585.359985|590.070007|571.349976|589.419983|489900|0.9985730005|588.578857
2026-03-25|276|TSCO|46.240002|46.619999|45.189999|45.959999|3941400|0.9851405019|45.277054
2026-03-25|277|ALB|179.889999|184.250000|178.190002|181.389999|2248300|0.9974537910|180.928146
2026-03-25|278|CPRT|33.130001|33.570000|32.240002|33.080002|6185800|1.0000000000|33.080002
2026-03-25|279|FLEX|69.879997|70.739998|68.540001|70.019997|2693700|1.0000000000|70.019997
2026-03-25|280|ESS|244.949997|245.600006|241.529999|242.139999|605900|0.9806657936|237.458435
2026-03-25|281|O|60.500000|60.740002|59.849998|60.060001|5576100|0.9785744934|58.773182
2026-03-25|282|MCO|433.410004|438.519989|422.350006|428.049988|1124100|0.9955156672|426.130493
2026-03-25|283|SJM|96.629997|97.269997|94.000000|95.389999|1861300|0.9798392929|93.466866
2026-03-25|284|MCK|881.330017|892.219971|877.030029|879.750000|669500|0.9988955336|878.778320
2026-03-25|285|COF|187.740005|189.779999|183.800003|185.229996|3286100|0.9922218930|183.789261
2026-03-25|286|EME|765.380005|775.859985|761.520020|764.760010|270500|0.9989862194|763.984680
2026-03-25|287|DLTR|108.070000|108.849998|106.029999|106.639999|2338000|1.0000000000|106.639999
2026-03-25|288|COR|325.799988|328.290009|322.779999|325.079987|1214100|0.9957711437|323.705261
2026-03-25|289|DRI|199.960007|201.770004|196.080002|201.660004|1287000|0.9843985059|198.513809
2026-03-25|290|RMD|230.929993|232.600006|219.399994|226.309998|1859700|0.9941821390|224.993362
2026-03-25|291|WAB|247.919998|250.350006|247.369995|248.320007|834100|0.9977552294|247.762589
2026-03-25|292|FCX|57.830002|58.150002|56.820000|57.090000|13965000|0.9953868541|56.826637
2026-03-25|293|IVZ|24.350000|24.600000|23.969999|24.360001|3541300|0.9856541725|24.010536
2026-03-25|294|ACGL|93.599998|94.300003|92.870003|93.320000|1331300|1.0000000000|93.320000
2026-03-25|295|ERIE|241.630005|243.550003|233.820007|236.089996|163000|0.9885906317|233.396362
2026-03-25|296|EG|326.390015|327.589996|323.540009|323.929993|237100|0.9940520446|322.003265
2026-03-25|297|DVA|153.570007|155.610001|152.059998|155.110001|539300|1.0000000000|155.110001
2026-03-25|298|HSIC|74.680000|75.110001|72.820000|74.250000|917800|1.0000000000|74.250000
2026-03-25|299|EL|72.779999|74.379997|70.580002|73.110001|6761800|0.9961483439|72.828407
2026-03-25|300|WAT|303.619995|307.790009|294.950012|302.320007|1117000|1.0000000000|302.320007
2026-03-25|301|NTAP|104.669998|107.410004|104.260002|105.500000|1745300|0.9918913810|104.644539
2026-03-25|302|HIG|136.009995|136.740005|134.000000|134.100006|1187100|0.9952804215|133.467117
2026-03-25|303|IRM|102.080002|102.230003|100.029999|100.529999|1443800|0.9932096824|99.847366
2026-03-25|304|BRK-B|482.630005|483.230011|475.730011|476.190002|4402000|1.0000000000|476.190002
2026-03-25|305|FDS|200.000000|201.970001|191.229996|193.880005|823000|0.9951444118|192.938614
2026-03-25|306|STLD|172.520004|174.860001|172.289993|173.470001|1198900|0.9946588101|172.543472
2026-03-25|307|DGX|196.770004|197.720001|194.279999|196.460007|679600|0.9916252453|194.814697
2026-03-25|308|CIEN|431.510010|446.890015|423.880005|437.700012|2670800|1.0000000000|437.700012
2026-03-25|309|TTWO|194.059998|195.889999|188.229996|193.050003|1931200|1.0000000000|193.050003
2026-03-25|310|VTR|82.239998|83.400002|82.110001|82.699997|1937200|0.9878430433|81.694618
2026-03-25|311|AMZN|211.559998|213.070007|209.899994|211.710007|36388800|1.0000000000|211.710007
2026-03-25|312|ARE|46.889999|47.560001|46.060001|47.279999|2006100|0.9716953716|45.941753
2026-03-25|313|RL|349.890015|354.019989|340.899994|345.929993|444400|0.9948318200|344.142151
2026-03-25|314|BXP|53.680000|53.950001|52.090000|52.840000|1601400|0.9761958291|51.582188
2026-03-25|315|FIX|1479.150024|1495.459961|1461.520020|1470.640015|279700|0.9990909066|1469.302979
2026-03-25|316|YUM|160.160004|161.759995|158.330002|159.160004|1426900|0.9951301862|158.384918
2026-03-25|317|CHRW|169.940002|172.850006|167.649994|169.740005|1707500|0.9965870306|169.160690
2026-03-25|318|FE|49.610001|49.970001|49.330002|49.520000|4943800|0.9800753088|48.533329
2026-03-25|319|MTD|1290.339966|1299.989990|1248.060059|1265.750000|124100|1.0000000000|1265.750000
2026-03-25|320|PLD|131.080002|131.789993|129.500000|130.360001|3957400|0.9927946128|129.420715
2026-03-25|321|URI|758.400024|761.599976|737.309998|747.590027|482100|0.9962197184|744.763916
2026-03-25|322|AEE|108.589996|108.849998|107.629997|107.800003|986100|0.9930004667|107.045448
2026-03-25|323|VRSN|245.610001|252.479996|242.660004|251.699997|1297600|0.9944277890|250.297470
2026-03-25|324|PWR|580.000000|582.479980|572.799988|573.500000|979200|0.9996508742|573.299805
2026-03-25|325|AMT|169.479996|171.990005|165.080002|167.270004|4107600|0.9807453674|164.049286
2026-03-25|326|MAR|326.190002|329.070007|322.250000|326.790009|1513400|0.9960059445|325.484802
2026-03-25|327|CTSH|60.660000|61.560001|58.869999|59.790001|4180800|0.9872095485|59.025261
2026-03-25|328|SRE|95.680000|95.959999|94.449997|95.320000|3699600|0.9929041305|94.643623
2026-03-25|329|CSGP|41.840000|42.119999|40.330002|41.410000|5753000|1.0000000000|41.410000
2026-03-25|330|RSG|216.139999|216.470001|210.770004|215.550003|1221700|0.9942648020|214.313782
2026-03-25|331|CCI|79.139999|79.330002|75.959999|76.959999|5064200|0.9884657123|76.072319
2026-03-25|332|EBAY|89.779999|91.879997|89.230003|89.550003|5618000|0.9972353518|89.031731
2026-03-25|333|NVDA|177.100006|181.220001|176.850006|178.679993|162602100|0.9988358556|178.471985
2026-03-25|334|BKNG|4298.440170|4374.890137|4182.139969|4237.749863|249500|0.0398996955|169.084930
2026-03-25|335|GS|845.010010|854.750000|833.900024|841.840027|1628900|0.9956121536|838.146179
2026-03-25|336|FFIV|292.869995|300.619995|290.929993|297.859985|774600|1.0000000000|297.859985
2026-03-25|337|SBAC|168.179993|168.320007|162.410004|165.149994|1231300|0.9871816268|163.033035
2026-03-25|338|LII|485.100006|489.049988|471.140015|481.679993|279600|0.9946881341|479.121368
2026-03-25|339|BLK|988.000000|992.130005|963.900024|981.349976|877400|0.9943964168|975.850891
2026-03-25|340|TKO|195.649994|198.539993|190.559998|193.940002|735100|0.9961152636|193.186600
2026-03-25|341|AKAM|115.849998|120.589996|115.599998|119.150002|6782800|1.0000000000|119.150002
2026-03-25|342|UPS|99.279999|99.599998|97.580002|98.370003|3351000|0.9679890039|95.221077
2026-03-25|343|A|115.889999|116.400002|111.739998|112.980003|1704500|0.9958080410|112.506393
2026-03-25|344|TDY|633.960022|636.000000|622.960022|625.369995|234000|1.0000000000|625.369995
2026-03-25|345|PKG|215.169998|216.029999|212.100006|213.360001|536600|0.9934276825|211.957733
2026-03-25|346|EW|82.440002|83.089996|81.279999|82.669998|3639600|1.0000000000|82.669998
2026-03-25|347|MET|70.580002|71.180000|69.480003|70.389999|2512200|0.9862851080|69.424606
2026-03-25|348|ON|63.880001|64.349998|62.709999|63.099998|5537200|1.0000000000|63.099998
2026-03-25|349|ISRG|474.459991|480.179993|468.500000|469.980011|1428200|1.0000000000|469.980011
2026-03-25|350|CRL|163.820007|166.009995|159.169998|165.889999|1033600|1.0000000000|165.889999
2026-03-25|351|MRVL|94.080002|98.820000|94.000000|98.449997|22562400|0.9992531920|98.376472
2026-03-25|352|EQIX|970.190002|977.830017|964.229980|965.950012|380100|0.9903463937|956.625122
2026-03-25|353|TPR|146.179993|149.529999|145.220001|146.179993|1469100|0.9971524169|145.763733
2026-03-25|354|GRMN|244.970001|245.830002|242.360001|244.779999|536600|0.9955900883|243.700546
2026-03-25|355|GPN|71.709999|73.209999|69.440002|70.769997|2190100|0.9961797067|70.499634
2026-03-25|356|ALGN|180.779999|183.339996|176.149994|180.270004|746800|1.0000000000|180.270004
2026-03-25|357|WTW|294.839996|295.790009|287.619995|289.510010|542300|0.9930717262|287.504211
2026-03-25|358|MDLZ|56.980000|57.529999|56.240002|57.430000|9431900|0.9831751096|56.463753
2026-03-25|359|AXON|463.279999|472.679993|453.239990|460.149994|949200|1.0000000000|460.149994
2026-03-25|360|FIS|49.599998|50.250000|47.279999|47.599998|9197200|0.9887092639|47.062561
2026-03-25|361|ACN|195.490005|197.240005|188.669998|192.289993|4371200|0.9798095806|188.407562
2026-03-25|362|ZBH|86.910004|87.949997|86.150002|87.639999|1738100|0.9946488082|87.171021
2026-03-25|363|BG|122.790001|126.360001|121.809998|125.400002|1999000|0.9877945902|123.869438
2026-03-25|364|PFG|88.570000|89.199997|87.669998|88.720001|897000|0.9920864700|88.017914
2026-03-25|365|ELV|296.779999|299.880005|289.299988|296.089996|1910800|0.9959475060|294.890076
2026-03-25|366|CNC|33.320000|33.619999|31.770000|32.730000|7624700|1.0000000000|32.730000
2026-03-25|367|PRU|95.720001|96.260002|94.220001|95.260002|1352600|0.9752946989|92.906570
2026-03-25|368|NFLX|91.709999|92.519997|91.239998|92.279999|29545600|1.0000000000|92.279999
2026-03-25|369|NDAQ|84.889999|85.669998|83.269997|83.739998|2610000|0.9964261009|83.440720
2026-03-25|370|WYNN|103.879997|105.419998|100.559998|101.889999|1387800|0.9949442808|101.374870
2026-03-25|371|CME|300.950012|302.260010|292.950012|293.929993|2740100|0.9948418839|292.413879
2026-03-25|372|STX|410.160004|422.529999|389.010010|413.220001|3452500|0.9992874955|412.925568
2026-03-25|373|NRG|152.639999|154.820007|150.360001|151.039993|1961100|0.9934205862|150.046249
2026-03-25|374|AIZ|219.009995|222.000000|216.240005|217.020004|245500|0.9965805324|216.277908
2026-03-25|375|CBRE|134.270004|135.639999|131.619995|134.750000|1761200|1.0000000000|134.750000
2026-03-25|376|CRM|185.699997|187.389999|179.850006|181.960007|12565200|0.9949373630|181.038803
2026-03-25|377|DPZ|362.700012|364.510010|359.059998|362.529999|943300|0.9938557491|360.302521
2026-03-25|378|EXR|130.800003|131.240005|127.650002|129.990005|1250600|0.9892430283|128.591705
2026-03-25|379|GOOG|292.149994|294.660004|287.369995|289.589996|22343000|0.9993985127|289.415802
2026-03-25|380|GOOGL|293.440002|296.000000|289.239990|290.929993|29460700|0.9994030337|290.756317
2026-03-25|381|DLR|177.130005|178.089996|174.839996|176.429993|1266100|0.9933767643|175.261459
2026-03-25|382|MPWR|1116.319946|1127.739990|1101.859985|1118.660034|308700|0.9964842129|1114.727051
2026-03-25|383|LVS|55.360001|55.740002|53.959999|54.169998|3857000|0.9879067226|53.514908
2026-03-25|384|DXCM|67.220001|68.089996|65.540001|66.839996|2941000|1.0000000000|66.839996
2026-03-25|385|BLDR|85.849998|86.839996|81.919998|85.410004|1680800|1.0000000000|85.410004
2026-03-25|386|WBD|27.280001|27.290001|27.120001|27.219999|26247200|1.0000000000|27.219999
2026-03-25|387|EXPE|237.339996|245.539993|230.600006|236.259995|1508300|0.9964448664|235.420059
2026-03-25|388|CF|125.570000|128.960007|125.000000|128.110001|3715100|0.9908287958|126.935074
2026-03-25|389|AMP|452.450012|457.579987|445.089996|451.890015|691600|0.9932580907|448.843414
2026-03-25|390|ICE|156.660004|158.039993|153.580002|156.830002|4118800|0.9962997224|156.249695
2026-03-25|391|PSKY|9.200000|9.320000|9.070000|9.230000|9298800|0.9952244509|9.185922
2026-03-25|392|LYV|154.050003|156.089996|152.320007|154.919998|2139700|1.0000000000|154.919998
2026-03-25|393|CMG|33.020000|33.299999|32.080002|32.500000|13814700|1.0000000000|32.500000
2026-03-25|394|UAL|96.379997|97.959999|92.800003|92.949997|8861200|1.0000000000|92.949997
2026-03-25|395|TDG|1174.160034|1181.800049|1148.979980|1156.489990|341800|1.0000000000|1156.489990
2026-03-25|396|MA|501.290009|506.250000|494.559998|502.760010|2422000|0.9966137732|501.057587
2026-03-25|397|LDOS|160.000000|161.009995|156.820007|158.880005|714200|0.9964800263|158.320755
2026-03-25|398|FSLR|195.440002|197.350006|193.309998|193.509995|1141000|1.0000000000|193.509995
2026-03-25|399|BR|166.869995|167.190002|160.889999|163.360001|1197600|0.9932693636|162.260483
2026-03-25|400|SMCI|22.629999|24.190001|22.570000|24.049999|67917100|1.0000000000|24.049999
2026-03-25|401|TMUS|211.869995|212.759995|210.119995|211.360001|4000000|0.9946034600|209.013077
2026-03-25|402|DAL|67.010002|68.599998|67.010002|67.989998|13239800|0.9948974393|67.643074
2026-03-25|403|IBKR|67.150002|69.820000|66.940002|68.680000|5456600|0.9989881568|68.610504
2026-03-25|404|PODD|225.690002|227.240005|215.259995|216.000000|1137600|1.0000000000|216.000000
2026-03-25|405|TEL|208.600006|210.570007|206.279999|210.020004|2369700|0.9922749574|208.397583
2026-03-25|406|BX|110.660004|111.699997|107.360001|108.379997|6284800|0.9808140125|106.300621
2026-03-25|407|LULU|162.600006|163.630005|156.830002|158.720001|2391900|1.0000000000|158.720001
2026-03-25|408|ULTA|524.349976|533.440002|521.000000|526.140015|666400|1.0000000000|526.140015
2026-03-25|409|MSCI|541.309998|542.210022|525.000000|530.989990|405200|0.9928506457|527.193787
2026-03-25|410|ECHO|116.820000|124.610001|116.139999|119.070000|13331100|1.0000000000|119.070000
2026-03-25|411|PM|164.559998|165.990005|163.000000|165.500000|3690100|0.9917776037|164.139191
2026-03-25|412|V|305.480011|308.489990|302.170013|304.910004|6280900|0.9960807290|303.714966
2026-03-25|413|AWK|134.339996|135.399994|131.520004|134.589996|1782800|0.9863367160|132.751053
2026-03-25|414|KDP|26.320000|26.480000|26.000000|26.370001|9108000|0.9842341174|25.954254
2026-03-25|415|SW|40.330002|40.720001|39.430000|40.669998|6065500|0.9797713221|39.847298
2026-03-25|416|AVGO|322.589996|324.299988|316.720001|318.809998|19900000|0.9984198371|318.306213
2026-03-25|417|VRSK|195.610001|198.669998|182.500000|185.050003|2727200|0.9972796518|184.546600
2026-03-25|418|DG|119.500000|120.339996|116.599998|119.550003|3657800|0.9902299309|118.381989
2026-03-25|419|FTNT|80.129997|81.519997|78.459999|78.889999|6052900|1.0000000000|78.889999
2026-03-25|420|CHTR|219.729996|222.610001|212.960007|218.910004|1144900|1.0000000000|218.910004
2026-03-25|421|FERG|228.479996|229.750000|224.490005|228.839996|1045000|0.9924610460|227.114777
2026-03-25|422|GNRC|211.809998|211.979996|183.830002|205.160004|3723100|1.0000000000|205.160004
2026-03-25|423|LYB|75.800003|77.370003|75.540001|77.190002|4366600|0.9795355103|75.610352
2026-03-25|424|CBOE|282.709991|284.619995|276.970001|277.040009|990100|0.9979084359|276.460541
2026-03-25|425|TSLA|389.989990|396.230011|385.010010|385.950012|55157300|1.0000000000|385.950012
2026-03-25|426|KKR|92.300003|93.019997|88.860001|88.910004|5734900|0.9961485906|88.567581
2026-03-25|427|NXPI|199.199997|202.000000|195.979996|197.610001|1601800|0.9966193239|196.941956
2026-03-25|428|GM|77.900002|78.290001|76.389999|76.610001|7190700|0.9978370584|76.444298
2026-03-25|429|TRGP|242.470001|247.190002|241.690002|245.460007|1276600|0.9903678073|243.095688
2026-03-25|430|CPAY|297.679993|301.660004|287.859985|291.829987|416700|1.0000000000|291.829987
2026-03-25|431|KMI|33.759998|34.259998|33.669998|33.980000|15095400|0.9816636474|33.356930
2026-03-25|432|HCA|484.140015|488.640015|477.970001|484.019989|928500|0.9979998461|483.051880
2026-03-25|433|HII|406.320007|409.410004|399.500000|402.559998|286000|0.9956995948|398.968201
2026-03-25|434|APO|111.680000|113.080002|109.279999|109.800003|5209300|0.9916121637|108.879021
2026-03-25|435|MPC|242.500000|246.479996|239.369995|241.250000|2259600|0.9934777159|239.676498
2026-03-25|436|XYL|122.209999|122.529999|120.160004|121.750000|1542400|0.9923180477|120.814728
2026-03-25|437|APTV|71.150002|72.180000|70.550003|70.889999|1937500|1.0000000000|70.889999
2026-03-25|438|PSX|181.899994|185.229996|179.759995|181.289993|2658200|0.9875507674|179.033081
2026-03-25|439|AMCR|39.900002|40.610001|39.619999|40.549999|5797500|0.9836148215|39.885578
2026-03-25|440|META|598.739990|603.669983|593.400024|594.890015|12585000|0.9990740414|594.339172
2026-03-25|441|NOW|106.500000|106.879997|101.139999|103.059998|14728600|1.0000000000|103.059998
2026-03-25|442|PANW|159.699997|160.309998|152.789993|153.220001|6350000|1.0000000000|153.220001
2026-03-25|443|FANG|194.630005|197.139999|194.020004|196.020004|2182300|0.9890830467|193.880051
2026-03-25|444|WDAY|131.410004|133.000000|125.879997|127.070000|5293000|1.0000000000|127.070000
2026-03-25|445|ABBV|206.860001|209.679993|205.860001|207.179993|6000100|0.9847626719|204.023117
2026-03-25|446|NCLH|20.580000|20.650000|19.910000|20.219999|16653800|1.0000000000|20.219999
2026-03-25|447|ZTS|117.260002|118.139999|115.300003|116.709999|3078900|0.9887765322|115.400108
2026-03-25|448|IQV|168.580002|171.070007|163.229996|165.639999|1451900|1.0000000000|165.639999
2026-03-25|449|NWS|27.389999|27.650000|27.000000|27.590000|1213100|1.0000000000|27.590000
2026-03-25|450|NWSA|24.170000|24.360001|23.790001|24.270000|2832500|1.0000000000|24.270000
2026-03-25|451|CDW|122.230003|123.089996|118.839996|121.300003|1511000|0.9893792048|120.011696
2026-03-25|452|VEEV|181.800003|183.830002|175.830002|178.110001|1320000|1.0000000000|178.110001
2026-03-25|453|ALLE|147.289993|148.330002|144.619995|147.479996|901200|0.9958946033|146.874527
2026-03-25|454|HLT|302.529999|304.850006|300.480011|303.160004|1447800|0.9990803866|302.881195
2026-03-25|455|ARES|108.180000|109.592003|104.684998|106.500000|2150100|0.9900265958|105.437836
2026-03-25|456|ANET|133.210007|135.080002|131.149994|135.009995|5353300|1.0000000000|135.009995
2026-03-25|457|SYF|67.849998|68.544998|66.970001|67.629997|3695900|0.9916769819|67.067108
2026-03-25|458|CFG|59.610001|60.169998|58.570000|59.419998|3684000|0.9864525111|58.615009
2026-03-25|459|KEYS|300.000000|301.739990|290.279999|293.119995|1838300|1.0000000000|293.119995
2026-03-25|460|GDDY|81.589996|82.559998|78.570000|81.580002|1728300|1.0000000000|81.580002
2026-03-25|461|KHC|21.475000|21.680000|21.275000|21.510000|14156300|0.9821984863|21.127089
2026-03-25|462|PYPL|45.080002|45.959999|44.200001|44.849998|14861200|0.9967143863|44.702641
2026-03-25|463|LITE|795.500000|808.799988|763.109985|777.169983|4969400|1.0000000000|777.169983
2026-03-25|464|HPE|24.389999|26.424999|24.090000|25.780001|51915700|0.9970828234|25.704796
2026-03-25|465|XYZ|61.209999|62.130001|59.299999|60.009998|4585500|1.0000000000|60.009998
2026-03-25|466|FTV|55.490002|55.830002|53.860001|54.779999|2011100|0.9990168769|54.726143
2026-03-25|467|DELL|177.759995|184.860001|177.619995|184.009995|11330800|0.9952707496|183.139755
2026-03-25|468|TTD|22.680000|23.129999|21.540001|21.969999|15947700|1.0000000000|21.969999
2026-03-25|469|VST|155.000000|157.949997|150.380005|151.509995|3512900|0.9986015267|151.298111
2026-03-25|470|HWM|242.000000|243.660004|240.770004|241.619995|1601700|0.9990766853|241.396896
2026-03-25|471|INVH|25.200001|25.250000|24.770000|24.889999|7728300|0.9779475029|24.341114
2026-03-25|472|CVNA|304.610004|310.699997|300.349007|308.560009|2407600|0.2000000000|61.712002
2026-03-25|473|IR|84.300003|84.779999|82.489998|83.650002|2052900|0.9994839545|83.606827
2026-03-25|474|VICI|27.395000|27.490000|26.969999|27.070000|7564900|0.9834741092|26.622644
2026-03-25|475|VRT|276.799988|282.049988|274.000000|276.160004|5929000|0.9997919900|276.102570
2026-03-25|476|MRNA|52.570000|54.240002|52.529999|53.540001|4467900|1.0000000000|53.540001
2026-03-25|477|FOXA|58.340000|59.139999|57.310001|58.490002|2660600|1.0000000000|58.490002
2026-03-25|478|FOX|52.520000|52.860001|51.389999|52.349998|1136000|1.0000000000|52.349998
2026-03-25|479|DOW|38.299999|39.695000|38.000000|39.619999|12223800|0.9899338512|39.221176
2026-03-25|480|UBER|73.000000|73.839996|72.190002|73.080002|11569300|1.0000000000|73.080002
2026-03-25|481|CTVA|80.660004|82.260002|80.495003|82.029999|3357600|0.9977005620|81.841377
2026-03-25|482|CRWD|398.980011|400.320007|383.500000|385.859985|3128700|0.2500000000|96.464996
2026-03-25|483|DDOG|124.910004|127.470001|122.120003|123.290001|3565500|1.0000000000|123.290001
2026-03-25|484|CARR|59.450001|59.900002|58.430000|59.250000|4271100|0.9928803129|58.828163
2026-03-25|485|OTIS|79.160004|79.379997|77.739998|78.699997|3707500|0.9879889159|77.754723
2026-03-25|486|PLTR|157.419998|160.270004|154.854996|154.960007|38543300|1.0000000000|154.960007
2026-03-25|487|DASH|157.869995|159.050003|150.869995|152.919998|2913600|1.0000000000|152.919998
2026-03-25|488|ABNB|130.889999|132.934998|129.889999|131.809998|2732100|1.0000000000|131.809998
2026-03-25|489|EXE|110.489998|114.099998|109.800003|113.919998|3623800|0.9880522369|112.558914
2026-03-25|490|COIN|184.580002|190.710007|180.059998|181.100006|10432500|1.0000000000|181.100006
2026-03-25|491|APP|442.440002|444.880005|429.380005|436.690002|2943500|1.0000000000|436.690002
2026-03-25|492|HOOD|71.824997|74.589996|71.750000|72.540001|27500100|1.0000000000|72.540001
2026-03-25|493|CEG|302.769989|309.190002|300.329987|303.320007|2424400|0.9969162535|302.384644
2026-03-25|494|GEHC|72.129997|73.084999|71.830002|72.199997|3563200|0.9989494212|72.124138
2026-03-25|495|KVUE|17.620001|17.680000|17.420000|17.660000|22748200|0.9772015009|17.257378
2026-03-25|496|VLTO|87.900002|88.470001|85.625000|87.110001|2027300|0.9970188523|86.850311
2026-03-25|497|RDDT|139.000000|143.220001|138.429993|139.630005|3192800|1.0000000000|139.630005
2026-03-25|498|SOLV|64.589996|65.230003|63.130001|64.639999|1068800|1.0000000000|64.639999
2026-03-25|499|GEV|927.000000|948.380005|920.900024|923.690002|2864900|0.9994893113|923.218262
2026-03-25|500|SNDK|651.000000|687.219971|638.000000|677.859985|20618700|1.0000000000|677.859985
2026-03-25|501|Q|120.000000|122.639999|119.379997|120.260002|1274800|0.9994967288|120.199486
