date|security_id|ticker|open|high|low|close|volume|adj_factor|adj_close_vendor
2026-03-04|1|AEP|132.419998|133.759995|130.860001|133.520004|4758400|0.9852885257|131.555725
2026-03-04|2|BA|226.380005|227.529999|221.789993|227.309998|5068700|1.0000000000|227.309998
2026-03-04|3|CAT|737.090027|746.010010|730.840027|731.969971|2823700|0.9962516275|729.226318
2026-03-04|4|CNP|43.430000|44.040001|43.119999|44.020000|4336000|0.9886466776|43.520229
2026-03-04|5|CVX|187.449997|188.460007|184.149994|186.029999|11054400|0.9823507513|182.746719
2026-03-04|6|DIS|103.169998|103.839996|102.639999|103.040001|9672300|0.9923958226|102.256470
2026-03-04|7|DTE|147.330002|150.160004|146.880005|150.110001|2161100|0.9843774065|147.764893
2026-03-04|8|ED|112.370003|112.699997|110.620003|112.489998|2267100|0.9836258984|110.648079
2026-03-04|9|GD|366.000000|366.750000|359.279999|366.119995|1263000|0.9910149667|362.830414
2026-03-04|10|GE|336.549988|340.250000|333.420013|339.809998|3920400|0.9973022307|338.893250
2026-03-04|11|HON|244.620006|247.270007|239.179996|245.970002|4774800|1.0399150842|255.787918
2026-03-04|12|HPQ|19.010000|19.320000|18.670000|19.180000|13774200|0.9721972446|18.646744
2026-03-04|13|IBM|245.750000|250.850006|244.960007|250.059998|6085000|0.9856234381|246.464981
2026-03-04|14|IP|41.820000|43.060001|41.270000|42.580002|5250600|0.9742073595|41.481750
2026-03-04|15|JNJ|245.750000|246.570007|243.179993|245.300003|5768000|0.9894021702|242.700363
2026-03-04|16|KO|79.290001|79.470001|77.750000|78.099998|21011800|0.9867998793|77.069069
2026-03-04|17|KR|68.779999|68.779999|67.180000|67.989998|8015000|0.9879807975|67.172806
2026-03-04|18|LMT|670.000000|671.000000|652.539978|664.479980|1650900|0.9934960884|660.158264
2026-03-04|19|MMM|159.289993|161.789993|158.770004|160.889999|3865900|0.9905187908|159.364563
2026-03-04|20|MO|68.629997|68.730003|67.639999|68.120003|10640200|0.9690282260|66.010208
2026-03-04|21|MRK|119.430000|120.870003|117.860001|120.279999|6700900|0.9855603323|118.543198
2026-03-04|22|MSI|479.010010|481.619995|472.260010|478.209991|736500|0.9943844568|475.524597
2026-03-04|23|PG|159.440002|159.610001|157.309998|158.300003|8752700|0.9851719538|155.952713
2026-03-04|24|XOM|150.720001|151.160004|147.860001|149.820007|16764800|0.9868681737|147.852600
2026-03-04|25|RTX|207.000000|209.949997|204.229996|208.820007|6140300|0.9925545778|207.265244
2026-03-04|26|MCD|331.739990|332.829987|329.609985|331.739990|2455900|0.9932635540|329.505249
2026-03-04|27|AXP|309.109985|312.459991|307.000000|311.209991|4055200|0.9941272834|309.382324
2026-03-04|28|BMY|61.700001|62.590000|61.470001|62.330002|12345000|0.9787458882|61.005234
2026-03-04|29|DD|48.769999|49.080002|47.919998|48.080002|3465699|2.9881422927|143.669891
2026-03-04|30|DE|619.229980|622.719971|612.950012|614.039978|1073200|0.9945059901|610.666443
2026-03-04|31|EMR|147.289993|148.300003|144.009995|145.210007|2660000|0.9926085470|144.136703
2026-03-04|32|ETN|357.920013|360.989990|351.309998|354.459991|1793000|0.9917042798|351.519470
2026-03-04|33|ETR|106.550003|107.110001|104.860001|106.489998|3070100|0.9886701734|105.283485
2026-03-04|34|F|12.950000|13.150000|12.810000|12.810000|73976700|0.9769709546|12.514997
2026-03-04|35|HAL|35.090000|35.349998|34.070000|34.430000|15401000|0.9957637679|34.284145
2026-03-04|36|LLY|1011.630005|1015.659973|993.659973|1003.570007|1965500|0.9968530383|1000.411865
2026-03-04|37|PCG|19.000000|19.010000|18.830000|18.879999|19682300|0.9942476518|18.771395
2026-03-04|38|PEP|165.039993|165.929993|163.369995|163.919998|6855400|0.9808256472|160.776932
2026-03-04|39|PFE|26.770000|26.780001|26.350000|26.620001|30893500|0.9668473999|25.737478
2026-03-04|40|TXN|204.360001|205.309998|201.500000|202.389999|5451500|0.9898764050|200.341080
2026-03-04|41|WFC|82.690002|84.040001|82.029999|83.930000|18061200|0.9886393471|82.976509
2026-03-04|42|HUBB|491.890015|495.059998|484.459991|490.779999|440142|0.9970037769|489.309509
2026-03-04|43|WMT|127.110001|128.169998|126.239998|127.809998|16434100|0.9936722171|127.001236
2026-03-04|44|AIG|78.889999|79.529999|78.180000|78.300003|3070600|0.9875732230|77.326981
2026-03-04|45|AVY|189.429993|189.850006|186.169998|187.199997|617300|0.9936321953|186.007950
2026-03-04|46|BAC|49.889999|50.410000|49.209999|50.299999|34208500|0.9892387825|49.758713
2026-03-04|47|BALL|65.269997|65.519997|64.139999|64.779999|1656000|0.9963416864|64.543015
2026-03-04|48|BDX|174.550003|174.800003|170.850006|171.490005|2137400|0.9866980137|169.208862
2026-03-04|49|CLX|121.019997|121.260002|116.300003|117.430000|2712000|0.9761478543|114.629044
2026-03-04|50|CMI|570.640015|579.609985|565.229980|574.059998|1086300|0.9931721942|570.140442
2026-03-04|51|CMS|78.099998|78.449997|77.050003|78.120003|3062300|0.9843492113|76.897362
2026-03-04|52|CVS|80.410004|81.089996|79.669998|80.570000|6804700|0.9851999130|79.377556
2026-03-04|53|ECL|297.190002|298.850006|295.299988|297.880005|884200|0.9946163507|296.276337
2026-03-04|54|ES|74.730003|75.510002|73.970001|75.320000|2337200|0.9779292778|73.657631
2026-03-04|55|EVRG|84.169998|84.860001|83.250000|84.320000|2321700|0.9752573788|82.233711
2026-03-04|56|GWW|1153.660034|1155.329956|1137.290039|1148.459961|225100|0.9960365882|1143.908081
2026-03-04|57|LNT|72.029999|72.430000|71.370003|72.300003|1858100|0.9850786184|71.221191
2026-03-04|58|MKC|67.620003|67.889999|65.330002|65.699997|3070500|0.9822640876|64.534744
2026-03-04|59|MRSH|183.300003|184.990005|181.869995|184.839996|2156200|0.9892843147|182.859314
2026-03-04|60|NEE|92.559998|93.099998|91.629997|92.599998|9384300|0.9927287582|91.240562
2026-03-04|61|NI|46.689999|47.669998|46.560001|47.560001|4458900|0.9871584841|46.949257
2026-03-04|62|PNW|101.959999|103.209999|101.260002|102.989998|1513500|0.9822795276|101.164963
2026-03-04|63|RVTY|96.589996|98.570000|95.820000|98.489998|1179200|0.9985919505|98.351318
2026-03-04|64|SNA|385.570007|387.480011|381.619995|383.500000|316000|0.9870969475|378.551666
2026-03-04|65|SPGI|443.760005|450.210002|441.310016|445.499985|2054400|0.9417621693|419.555023
2026-03-04|66|TER|311.470001|315.000000|300.440002|305.200012|3358900|0.9996224662|305.084778
2026-03-04|67|TGT|123.959999|126.000000|119.889999|120.080002|9496000|0.9830946401|118.050003
2026-03-04|68|TXT|99.120003|99.459999|97.230003|99.309998|1033500|0.9995682296|99.267120
2026-03-04|69|VMC|297.329987|297.890015|292.549988|295.980011|1308400|0.9942812010|294.287354
2026-03-04|70|XEL|82.940002|83.580002|81.970001|83.040001|4729900|0.9852321471|81.813675
2026-03-04|71|ITW|286.799988|287.910004|284.320007|287.170013|808200|0.9877340632|283.647614
2026-03-04|72|CL|95.620003|96.019997|95.050003|95.279999|5796400|0.9881586198|94.151756
2026-03-04|73|EXC|48.919998|49.400002|48.529999|49.250000|11787600|0.9906832302|48.791149
2026-03-04|74|MDT|96.680000|96.900002|95.419998|95.599998|7235800|0.9830319865|93.977852
2026-03-04|75|BNY|118.830002|119.180000|117.620003|118.389999|2425700|0.9920974180|117.454414
2026-03-04|76|EIX|74.230003|74.639999|73.610001|73.889999|3701900|0.9764773062|72.151909
2026-03-04|77|FRT|110.110001|110.430000|109.160004|110.199997|763500|0.9803038504|108.029472
2026-03-04|78|PNR|97.699997|98.220001|95.680000|96.930000|2237600|0.9926207111|96.214729
2026-03-04|79|USB|54.340000|54.570000|53.730000|54.340000|6987600|0.9813809589|53.328243
2026-03-04|80|WY|24.870001|24.969999|24.580000|24.820000|4711700|0.9829820427|24.397614
2026-03-04|81|SYY|88.440002|88.440002|86.419998|87.629997|4058400|0.9859824728|86.401642
2026-03-04|82|WRB|72.620003|72.620003|70.349998|70.389999|1786400|0.9910634494|69.760956
2026-03-04|83|IFF|79.269997|79.650002|77.540001|78.190002|1287600|0.9889000540|77.322098
2026-03-04|84|TAP|48.160000|48.200001|46.669998|47.330002|2888400|0.9780980891|45.760002
2026-03-04|85|PNC|213.929993|215.100006|212.259995|213.860001|1768300|0.9845274632|210.551041
2026-03-04|86|TRV|309.510010|312.920013|306.820007|312.029999|1315800|0.9922238191|309.603607
2026-03-04|87|C|111.669998|112.330002|110.489998|111.320000|13042200|0.9902572054|110.235428
2026-03-04|88|FDX|383.810002|386.999987|379.259985|384.089992|1913700|0.7995464875|307.097809
2026-03-04|89|WDC|257.000000|272.760010|254.100006|261.299988|9724800|0.9992611044|261.106903
2026-03-04|90|DHR|204.610001|206.779999|203.039993|204.729996|2958400|0.9958070237|203.871552
2026-03-04|91|APA|30.950001|31.350000|30.459999|31.100000|7418400|0.9864084367|30.677301
2026-03-04|92|LUV|47.930000|48.389999|46.779999|47.150002|7909800|0.9913697990|46.743088
2026-03-04|93|PEG|83.820000|84.330002|83.120003|83.910004|3386800|0.9834778438|82.523628
2026-03-04|94|UNP|266.220001|266.980011|262.269989|266.700012|2327600|0.9948314607|265.321564
2026-03-04|95|ABT|113.660004|113.949997|112.029999|113.099998|4613500|0.9867277802|111.598915
2026-03-04|96|ADI|344.040009|346.390015|339.290009|341.510010|3202500|0.9972683702|340.577148
2026-03-04|97|ADM|68.300003|68.500000|66.720001|67.220001|2453500|0.9871845133|66.358551
2026-03-04|98|ADP|216.839996|218.360001|214.619995|217.160004|4230300|0.9843371720|213.758652
2026-03-04|99|AFL|112.089996|112.930000|111.209999|112.480003|1833000|0.9898631333|111.339813
2026-03-04|100|AMAT|359.220001|362.339996|350.700012|357.760010|5980400|0.9976914901|356.934113
2026-03-04|101|AMD|192.119995|202.440002|189.860001|202.070007|40912600|1.0000000000|202.070007
2026-03-04|102|APD|273.559998|274.950012|270.859985|274.200012|1175200|0.9876339339|270.809265
2026-03-04|103|BF-B|29.139999|29.780001|25.160000|26.260000|20146000|0.9822921615|25.794992
2026-03-04|104|CHD|102.940002|103.059998|101.639999|102.470001|1686800|0.9937159244|101.826065
2026-03-04|105|CINF|168.270004|169.139999|165.059998|167.970001|583300|0.9887134133|166.074188
2026-03-04|106|CMCSA|30.850000|32.139999|30.629999|32.090000|28509100|0.9752182964|31.294754
2026-03-04|107|D|62.669998|62.939999|61.790001|62.570000|4959700|0.9900860786|61.949684
2026-03-04|108|DOV|221.139999|222.130005|219.660004|221.839996|1111500|0.9975530563|221.297165
2026-03-04|109|DUK|131.500000|132.660004|130.559998|131.880005|3702400|0.9827918175|129.610580
2026-03-04|110|EFX|205.240005|207.419998|203.779999|206.570007|969100|0.9938812654|205.306076
2026-03-04|111|EQT|60.900002|61.459999|60.119999|61.310001|8343600|0.9940720641|60.946560
2026-03-04|112|FITB|49.669998|49.810001|49.139999|49.540001|6577900|0.9840657827|48.750622
2026-03-04|113|GIS|44.500000|44.610001|43.310001|43.560001|8096900|0.9666684497|42.108078
2026-03-04|114|GPC|116.550003|117.050003|115.209999|115.639999|1280800|0.9802432378|113.355324
2026-03-04|115|HAS|98.129997|98.750000|96.339996|97.129997|1608600|0.9844894224|95.623451
2026-03-04|116|HBAN|16.879999|16.900000|16.639999|16.830000|27684700|0.9810694650|16.511398
2026-03-04|117|HRL|24.730000|24.730000|24.260000|24.440001|3005300|0.9742790885|23.811382
2026-03-04|118|HST|19.900000|20.190001|19.830000|20.120001|10898000|0.9529227702|19.172806
2026-03-04|119|HSY|234.960007|236.020004|230.179993|232.050003|1249100|0.9846288447|228.483124
2026-03-04|120|INTC|44.070000|46.130001|43.270000|45.580002|96628100|1.0000000000|45.580002
2026-03-04|121|J|138.960007|139.789993|137.110001|138.149994|632400|0.9944174758|137.378769
2026-03-04|122|JPM|299.989990|301.000000|295.820007|299.390015|8055700|0.9904464778|296.529785
2026-03-04|123|KMB|104.980003|105.489998|103.419998|104.730003|5415800|0.9744151054|102.050499
2026-03-04|124|L|111.180000|111.800003|109.639999|111.489998|484000|0.9988625697|111.363182
2026-03-04|125|LEN|106.940002|107.610001|105.900002|106.529999|2073200|0.9888298730|105.340042
2026-03-04|126|LOW|258.010010|258.910004|255.490005|258.619995|2174900|0.9891098782|255.803589
2026-03-04|127|MAS|68.220001|68.629997|67.199997|68.440002|1846000|0.9908891403|67.816452
2026-03-04|128|MTB|220.029999|220.029999|217.649994|219.240005|783900|0.9930590903|217.718277
2026-03-04|129|NEM|121.430000|121.739998|118.879997|119.370003|7851800|0.9976704596|119.091927
2026-03-04|130|NTRS|143.520004|145.669998|141.259995|145.070007|1215500|0.9898281838|143.594376
2026-03-04|131|NUE|178.750000|179.479996|175.119995|176.070007|1061400|0.9941593298|175.041626
2026-03-04|132|OMC|84.290001|86.430000|84.290001|85.800003|3632600|0.9796477026|84.053780
2026-03-04|133|PCAR|124.559998|126.080002|123.750000|124.919998|4847900|0.9942707430|124.204300
2026-03-04|134|PGR|212.440002|213.220001|209.990005|211.399994|3300800|0.9990392069|211.196884
2026-03-04|135|PH|990.880005|995.179993|976.799988|987.789978|645900|0.9977448271|985.562317
2026-03-04|136|PHM|132.380005|132.690002|130.199997|132.179993|1270700|0.9957597479|131.619522
2026-03-04|137|PPG|119.040001|120.320000|116.940002|117.699997|2530500|0.9873814378|116.214790
2026-03-04|138|PPL|38.209999|38.660000|38.160000|38.590000|8289900|0.9846479678|37.997566
2026-03-04|139|RF|27.930000|27.950001|27.530001|27.830000|10896600|0.9905357143|27.566610
2026-03-04|140|ROL|59.869999|60.049999|57.799999|58.000000|3701800|0.9917679269|57.522541
2026-03-04|141|SHW|349.200012|349.250000|343.890015|347.670013|1277700|0.9951137391|345.971252
2026-03-04|142|STT|127.160004|127.779999|125.139999|126.540001|1593400|0.9884428745|125.077560
2026-03-04|143|SWK|82.199997|82.709999|79.660004|79.779999|2427900|0.9785642065|78.069847
2026-03-04|144|SYK|382.920013|384.510010|380.869995|381.890015|1661200|0.9946461548|379.845428
2026-03-04|145|TMO|510.000000|517.650024|508.950012|512.690002|1679200|0.9980119596|511.670746
2026-03-04|146|TPL|520.200012|541.010010|515.369995|536.109985|492700|0.9984732824|535.291504
2026-03-04|147|TSN|63.430000|63.430000|62.290001|62.919998|2358400|0.9916420846|62.394115
2026-03-04|148|TT|449.109985|449.950012|442.000000|445.049988|846200|0.9953350758|442.973846
2026-03-04|149|TYL|362.709991|370.000000|362.230011|368.160004|523200|1.0000000000|368.160004
2026-03-04|150|UDR|37.299999|37.840000|37.130001|37.750000|2900500|0.9803230978|37.007195
2026-03-04|151|VTRS|14.890000|14.970000|14.660000|14.710000|12586800|0.9769695342|14.371221
2026-03-04|152|WEC|116.059998|117.599998|115.529999|117.550003|2836000|0.9829379991|115.544357
2026-03-04|153|WST|251.429993|254.610001|247.509995|248.839996|1317700|0.9985945833|248.490265
2026-03-04|154|NDSN|288.339996|289.790009|285.290009|288.420013|205600|0.9941183690|286.723633
2026-03-04|155|TFC|49.590000|49.650002|48.980000|49.110001|5166800|0.9798350561|48.119698
2026-03-04|156|WELL|207.559998|208.110001|205.580002|206.850006|3085600|0.9928496012|205.370956
2026-03-04|157|AON|337.420013|344.649994|337.369995|341.179993|2026300|0.9951005240|339.508392
2026-03-04|158|GL|144.649994|145.470001|143.520004|144.750000|351700|0.9958260151|144.145813
2026-03-04|159|OKE|84.279999|85.129997|83.720001|84.760002|3948800|0.9765151605|82.769432
2026-03-04|160|KLAC|1466.300049|1490.000000|1449.029999|1475.910034|798200|0.0997597720|147.236450
2026-03-04|161|CSX|42.919998|42.970001|42.509998|42.779999|8559300|0.9969438988|42.649258
2026-03-04|162|PSA|305.820007|311.010010|301.339996|310.760010|949700|0.9808120164|304.797150
2026-03-04|163|NKE|59.189999|59.490002|58.610001|58.639999|15971300|0.9911312999|58.119938
2026-03-04|164|AAPL|264.649994|266.149994|261.420013|262.519989|39803100|0.9982185855|262.052338
2026-03-04|165|BRO|71.830002|72.150002|70.769997|71.849998|2851200|0.9947741799|71.474525
2026-03-04|166|UHS|204.500000|207.169998|202.110001|202.309998|646900|0.9986223049|202.031281
2026-03-04|167|HD|366.200012|369.570007|361.510010|369.109985|4324400|0.9859634354|363.928955
2026-03-04|168|BAX|19.110001|19.230000|18.660000|19.030001|8653000|0.9994805195|19.012779
2026-03-04|169|COP|116.389999|117.440002|114.430000|115.650002|10160600|0.9860463925|114.036263
2026-03-04|170|GLW|151.000000|153.440002|143.339996|144.839996|12683900|0.9984696945|144.618347
2026-03-04|171|HUM|181.289993|184.820007|180.509995|183.110001|1441900|0.9926050698|181.755905
2026-03-04|172|LHX|368.859985|369.130005|361.290009|368.750000|967800|0.9925076273|365.987183
2026-03-04|173|NOC|757.500000|758.280029|737.750000|753.840027|1205100|0.9956180811|750.536804
2026-03-04|174|OXY|52.380001|53.849998|52.369999|53.610001|15074300|0.9906984712|53.111343
2026-03-04|175|ROK|402.089996|404.709991|382.540009|383.350006|1534400|0.9938632005|380.997467
2026-03-04|176|SLB|48.650002|49.380001|47.480000|47.889999|19906700|0.9947843000|47.640221
2026-03-04|177|SO|97.410004|98.080002|96.570000|97.629997|5947200|0.9836658196|96.035286
2026-03-04|178|WMB|75.339996|75.919998|74.699997|75.769997|5518200|0.9855810767|74.677475
2026-03-04|179|VLO|217.250000|225.960007|216.440002|225.600006|4221400|0.9914397807|223.668823
2026-03-04|180|CI|281.100006|285.910004|280.799988|284.739990|1422100|0.9887906885|281.548248
2026-03-04|181|NSC|317.320007|318.790009|314.540009|317.829987|2111700|0.9917671837|315.213348
2026-03-04|182|COO|82.610001|83.360001|81.040001|81.980003|2661200|1.0000000000|81.980003
2026-03-04|183|AMGN|380.000000|380.089996|370.820007|379.269989|2028300|0.9867386103|374.240356
2026-03-04|184|RJF|154.699997|156.839996|153.860001|156.119995|1054000|0.9927317770|154.985275
2026-03-04|185|WSM|201.699997|203.059998|196.119995|196.339996|817200|0.9927167515|194.910004
2026-03-04|186|CAH|226.339996|226.339996|221.740005|223.179993|1701700|0.9954149217|222.156693
2026-03-04|187|CTAS|201.240005|202.779999|199.759995|200.119995|1398000|0.9947044338|199.060242
2026-03-04|188|PAYX|95.230003|96.419998|94.820000|95.790001|2693900|0.9771272923|93.599022
2026-03-04|189|BEN|26.730000|26.930000|26.330000|26.580000|4274200|0.9758021744|25.936823
2026-03-04|190|AOS|75.820000|75.820000|72.650002|73.349998|2234400|0.9883617008|72.496330
2026-03-04|191|CASY|678.219971|684.070007|669.859985|683.890015|354200|0.9985579358|682.903748
2026-03-04|192|T|28.469999|29.070000|28.219999|28.980000|42409300|0.9765662530|28.300890
2026-03-04|193|VZ|50.410000|51.410000|50.150002|51.200001|22816000|0.9686690897|49.595860
2026-03-04|194|JBHT|233.009995|236.000000|231.389999|234.919998|622700|0.9964612666|234.088669
2026-03-04|195|ATO|185.889999|186.889999|183.850006|186.770004|1456700|0.9884163190|184.606506
2026-03-04|196|LRCX|221.710007|225.119995|219.000000|222.990005|8614400|0.9992960416|222.833038
2026-03-04|197|MU|393.640015|407.880005|387.609985|400.769989|32644900|0.9994263974|400.540070
2026-03-04|198|AJG|224.550003|228.639999|223.309998|225.580002|3109600|0.9936444599|224.146317
2026-03-04|199|AME|236.440002|237.089996|233.080002|234.750000|1689700|0.9969202115|234.027023
2026-03-04|200|SWKS|58.290001|58.740002|56.240002|56.279999|3047200|0.9913855858|55.795177
2026-03-04|201|EXPD|147.389999|148.970001|145.809998|146.850006|1018600|0.9948730934|146.097122
2026-03-04|202|UNH|289.010010|294.339996|287.679993|291.959991|7796000|0.9866504480|288.062439
2026-03-04|203|BBY|66.320000|68.379997|65.650002|67.389999|5646100|0.9720666083|65.507568
2026-03-04|204|DOC|17.500000|17.660000|17.240000|17.650000|6920600|0.9689596923|17.102139
2026-03-04|205|ADSK|253.300003|258.809998|252.500000|257.890015|2656900|1.0000000000|257.890015
2026-03-04|206|DVN|43.529999|43.980000|42.700001|43.490002|10755800|0.9877783076|42.958481
2026-03-04|207|NVR|7335.000000|7335.000000|7202.020020|7251.270020|18600|1.0000000000|7251.270020
2026-03-04|208|ROST|214.750000|216.800003|206.539993|213.520004|7735700|0.9959267541|212.650284
2026-03-04|209|JKHY|168.169998|168.889999|166.330002|168.429993|872100|0.9919197584|167.069046
2026-03-04|210|MNST|79.239998|79.470001|78.070000|78.610001|6062100|0.5000000000|78.610001
2026-03-04|211|ORCL|150.009995|153.610001|149.100006|152.369995|17585400|0.9930647011|151.313263
2026-03-04|212|MSFT|401.269989|411.029999|400.309998|405.200012|35808000|0.9959638868|403.564575
2026-03-04|213|TROW|94.019997|94.059998|91.930000|91.989998|2529800|0.9736426638|89.565384
2026-03-04|214|COST|1005.000000|1014.000000|997.000000|1006.739990|1806600|0.9969659831|1003.685547
2026-03-04|215|ADBE|271.510010|276.670013|270.339996|273.119995|4329200|1.0000000000|273.119995
2026-03-04|216|FISV|62.660000|62.830002|61.759998|62.599998|5478200|1.0000000000|62.599998
2026-03-04|217|BKR|62.200001|62.470001|60.529999|60.880001|11953700|0.9930140272|60.454697
2026-03-04|218|CDNS|300.179993|308.579987|296.119995|305.429993|2829500|1.0000000000|305.429993
2026-03-04|219|TJX|160.009995|161.899994|158.199997|161.729996|4741100|0.9936003560|160.694977
2026-03-04|220|FICO|1443.000000|1469.430054|1415.819946|1464.010010|182600|1.0000000000|1464.010010
2026-03-04|221|CCL|28.600000|28.950001|27.879999|28.010000|21974000|0.9887339129|27.694437
2026-03-04|222|FAST|46.349998|47.080002|45.790001|46.430000|9006300|0.9892709750|45.931854
2026-03-04|223|SCHW|96.220001|96.800003|95.379997|96.040001|8268100|0.9935274715|95.418381
2026-03-04|224|JCI|141.350006|141.960007|139.369995|140.000000|3195000|0.9941759575|139.184631
2026-03-04|225|COHR|295.790009|300.200012|260.649994|274.859985|10520100|1.0000000000|274.859985
2026-03-04|226|KEY|20.620001|20.750000|20.389999|20.709999|14238400|0.9901913874|20.506863
2026-03-04|227|MOS|26.700001|26.910000|25.620001|26.010000|10268500|0.9816582705|25.532932
2026-03-04|228|MGM|35.939999|36.990002|35.680000|36.680000|4408400|1.0000000000|36.680000
2026-03-04|229|WM|241.759995|244.509995|240.500000|243.949997|2412800|0.9917417797|241.935410
2026-03-04|230|TECH|57.799999|58.070000|56.919998|57.849998|2194500|0.9970482740|57.679241
2026-03-04|231|IEX|209.570007|210.770004|206.289993|208.699997|390900|0.9931996195|207.280746
2026-03-04|232|GEN|22.480000|22.480000|22.139999|22.290001|5753400|0.9903038605|22.073874
2026-03-04|233|CRH|114.339996|114.690002|112.389999|113.260002|5139800|0.9889154582|112.004562
2026-03-04|234|EOG|126.029999|128.059998|124.199997|127.820000|5114700|0.9849854996|125.900848
2026-03-04|235|PTC|162.850006|164.570007|160.820007|162.970001|1031000|1.0000000000|162.970001
2026-03-04|236|CSCO|79.199997|80.959999|78.529999|80.870003|20388100|0.9909035959|80.134377
2026-03-04|237|LH|283.049988|283.529999|279.230011|280.850006|406400|0.9972597526|279.481201
2026-03-04|238|TRMB|69.410004|70.070000|69.070000|69.919998|1579300|1.0000000000|69.919998
2026-03-04|239|AZO|3666.110107|3719.770020|3595.679932|3717.000000|157400|1.0000000000|3717.000000
2026-03-04|240|REGN|767.049988|791.599976|764.239990|787.500000|641400|0.9973440317|785.408447
2026-03-04|241|IDXX|633.500000|651.059998|630.239990|648.700012|561200|1.0000000000|648.700012
2026-03-04|242|AES|14.180000|14.300000|14.160000|14.290000|21344300|0.9761125722|13.948648
2026-03-04|243|VRTX|475.299988|480.679993|470.429993|477.890015|996200|1.0000000000|477.890015
2026-03-04|244|ZBRA|229.429993|233.559998|227.860001|231.419998|861100|1.0000000000|231.419998
2026-03-04|245|BIIB|185.059998|190.369995|183.160004|189.940002|952900|1.0000000000|189.940002
2026-03-04|246|ODFL|213.669998|221.630005|212.580002|216.190002|3092000|0.9987340667|215.916321
2026-03-04|247|APH|132.119995|133.479996|129.119995|132.750000|11544600|0.9965240421|132.288574
2026-03-04|248|KIM|23.469999|23.580000|23.270000|23.559999|4233600|0.9782318124|23.047142
2026-03-04|249|QCOM|138.220001|139.889999|137.419998|139.509995|9309800|0.9899641514|138.109894
2026-03-04|250|GILD|148.919998|148.919998|146.100006|148.220001|6925100|0.9878606941|146.420715
2026-03-04|251|ROP|356.459991|366.440002|354.059998|361.269989|1612500|0.9949619600|359.449890
2026-03-04|252|SNPS|425.109985|439.489990|420.329987|430.980011|2482300|1.0000000000|430.980011
2026-03-04|253|STZ|156.800003|157.389999|150.449997|151.240005|1821300|0.9856055004|149.062988
2026-03-04|254|BSX|73.529999|73.769997|71.830002|72.209999|15541700|1.0000000000|72.209999
2026-03-04|255|STE|244.190002|245.940002|241.660004|243.070007|843600|0.9970332000|242.348862
2026-03-04|256|DHI|151.529999|153.250000|149.000000|152.699997|1990300|0.9940209933|151.787003
2026-03-04|257|LIN|502.209991|503.989990|497.339996|499.190002|2907000|0.9935105778|495.950562
2026-03-04|258|SBUX|97.349998|98.180000|95.849998|97.150002|6233400|0.9884945611|96.032242
2026-03-04|259|MS|167.580002|169.199997|166.520004|167.580002|5307800|0.9892093304|165.771713
2026-03-04|260|INTU|432.950012|442.049988|427.149994|440.140015|4242200|0.9925226498|436.848938
2026-03-04|261|MCHP|72.519997|72.699997|69.339996|69.900002|7452200|0.9890553567|69.134972
2026-03-04|262|CB|337.519989|338.000000|333.820007|334.140015|1531300|0.9939554166|332.120270
2026-03-04|263|ORLY|93.650002|94.779999|92.629997|94.269997|6029300|1.0000000000|94.269997
2026-03-04|264|RCL|303.829987|306.369995|286.070007|287.209991|2075900|0.9895699200|284.214386
2026-03-04|265|JBL|257.519989|258.000000|252.860001|255.179993|725800|0.9995582709|255.067261
2026-03-04|266|ALL|214.350006|215.130005|210.380005|214.179993|1232900|0.9947595710|213.057602
2026-03-04|267|CPT|107.639999|108.879997|107.010002|108.750000|610600|0.9801843508|106.595047
2026-03-04|268|VMRK|62.369999|62.980000|61.959999|62.779999|1676700|0.9778762777|61.391071
2026-03-04|269|IT|163.869995|167.580002|161.000000|166.899994|1010400|1.0000000000|166.899994
2026-03-04|270|DECK|109.860001|110.410004|107.430000|108.739998|1682900|1.0000000000|108.739998
2026-03-04|271|REG|79.400002|79.800003|78.779999|79.599998|1586700|0.9810739142|78.093483
2026-03-04|272|INCY|99.160004|99.410004|96.910004|98.860001|1628600|1.0000000000|98.860001
2026-03-04|273|SPG|201.610001|203.899994|201.610001|203.100006|1121700|0.9778630534|198.603989
2026-03-04|274|MAA|132.809998|133.919998|132.279999|133.779999|659000|0.9765831817|130.647293
2026-03-04|275|MLM|656.880005|664.229980|650.729980|660.599976|594900|0.9985730005|659.657288
2026-03-04|276|TSCO|51.580002|51.970001|50.590000|50.590000|6675300|0.9851405019|49.838253
2026-03-04|277|ALB|170.300003|173.000000|167.809998|168.350006|2535500|0.9949889134|167.506393
2026-03-04|278|CPRT|38.340000|38.529999|37.700001|37.939999|10899800|1.0000000000|37.939999
2026-03-04|279|FLEX|64.080002|64.839996|63.200001|63.939999|2388100|1.0000000000|63.939999
2026-03-04|280|ESS|253.520004|256.540009|252.550003|256.070007|360400|0.9806657936|251.119110
2026-03-04|281|O|66.430000|66.449997|65.320000|66.000000|7227200|0.9785744934|64.585915
2026-03-04|282|MCO|465.869995|475.970001|463.730011|471.010010|1395100|0.9955156672|468.897858
2026-03-04|283|SJM|113.309998|114.839996|111.709999|114.730003|2896700|0.9798392929|112.416962
2026-03-04|284|MCK|991.289978|992.650024|977.320007|978.710022|550900|0.9988955336|977.629089
2026-03-04|285|COF|194.509995|197.009995|192.929993|195.830002|4650900|0.9922218930|194.306808
2026-03-04|286|EME|745.020020|750.849976|735.000000|740.869995|368300|0.9989862194|740.118896
2026-03-04|287|DLTR|120.010002|120.230003|116.459999|117.849998|2628900|1.0000000000|117.849998
2026-03-04|288|COR|372.000000|372.880005|367.149994|368.190002|786200|0.9957711437|366.632965
2026-03-04|289|DRI|211.500000|211.500000|202.500000|203.410004|1745200|0.9843985059|200.236511
2026-03-04|290|RMD|260.000000|260.220001|254.350006|259.049988|664300|0.9941821390|257.542877
2026-03-04|291|WAB|261.869995|263.029999|258.920013|260.790009|603800|0.9977552294|260.204620
2026-03-04|292|FCX|66.879997|67.849998|65.769997|65.930000|17438500|0.9953868541|65.625854
2026-03-04|293|IVZ|25.559999|25.760000|25.110001|25.260000|6143000|0.9856541725|24.897625
2026-03-04|294|ACGL|99.620003|100.000000|97.519997|98.419998|1344800|1.0000000000|98.419998
2026-03-04|295|ERIE|269.410004|275.160004|262.339996|272.190002|186400|0.9885906317|269.084473
2026-03-04|296|EG|334.100006|335.950012|331.470001|334.109985|432300|0.9878843207|330.062012
2026-03-04|297|DVA|152.410004|155.300003|150.509995|154.789993|542500|1.0000000000|154.789993
2026-03-04|298|HSIC|80.809998|81.699997|79.570000|80.580002|1343600|1.0000000000|80.580002
2026-03-04|299|EL|99.830002|102.849998|98.120003|99.209999|3580400|0.9961483439|98.827873
2026-03-04|300|WAT|310.440002|319.589996|310.440002|319.040009|1246600|1.0000000000|319.040009
2026-03-04|301|NTAP|99.129997|101.050003|98.290001|99.550003|1393600|0.9918913810|98.742790
2026-03-04|302|HIG|140.710007|142.500000|139.380005|142.169998|1386000|0.9952804215|141.499023
2026-03-04|303|IRM|107.739998|108.129997|106.339996|107.839996|1313200|0.9851777356|106.241562
2026-03-04|304|BRK-B|481.000000|489.179993|479.880005|487.480011|4369100|1.0000000000|487.480011
2026-03-04|305|FDS|221.369995|228.250000|219.369995|225.399994|961600|0.9951444118|224.305542
2026-03-04|306|STLD|198.690002|199.800003|193.860001|193.910004|1001900|0.9946588101|192.874298
2026-03-04|307|DGX|208.139999|209.759995|207.110001|208.449997|508300|0.9916252453|206.704285
2026-03-04|308|CIEN|339.190002|353.779999|335.000000|343.549988|2708600|1.0000000000|343.549988
2026-03-04|309|TTWO|217.919998|219.449997|211.320007|215.770004|2471000|1.0000000000|215.770004
2026-03-04|310|VTR|86.570000|87.129997|85.980003|86.750000|2453400|0.9878430433|85.695389
2026-03-04|311|AMZN|210.470001|217.539993|210.149994|216.820007|54731100|1.0000000000|216.820007
2026-03-04|312|ARE|52.080002|53.599998|51.599998|53.580002|2158200|0.9716953716|52.063438
2026-03-04|313|RL|362.850006|368.000000|356.940002|359.809998|447000|0.9948318200|357.950439
2026-03-04|314|BXP|55.119999|56.700001|54.500000|56.360001|3548600|0.9761958291|55.018398
2026-03-04|315|FIX|1407.609985|1441.000000|1380.219971|1430.380005|390400|0.9985721755|1428.337646
2026-03-04|316|YUM|160.070007|160.250000|158.300003|158.990005|1580900|0.9951301862|158.215759
2026-03-04|317|CHRW|193.520004|194.539993|186.509995|189.869995|1528500|0.9931897587|188.576935
2026-03-04|318|FE|50.570000|51.119999|50.169998|50.799999|3821100|0.9800753088|49.787827
2026-03-04|319|MTD|1321.339966|1325.739990|1282.989990|1286.660034|318600|1.0000000000|1286.660034
2026-03-04|320|PLD|141.050003|141.199997|138.050003|139.419998|3018600|0.9848712132|137.310745
2026-03-04|321|URI|839.510010|852.270020|829.539978|851.880005|514800|0.9962197184|848.659668
2026-03-04|322|AEE|111.889999|113.550003|111.230003|113.330002|2114800|0.9863006617|111.777458
2026-03-04|323|VRSN|233.529999|239.000000|232.839996|238.830002|673800|0.9944277890|237.499176
2026-03-04|324|PWR|571.140015|573.000000|560.619995|568.380005|1056400|0.9996508742|568.181519
2026-03-04|325|AMT|188.509995|190.990005|187.220001|190.800003|2457200|0.9807453674|187.126221
2026-03-04|326|MAR|337.929993|339.980011|333.070007|335.940002|1360200|0.9960059445|334.598236
2026-03-04|327|CTSH|64.169998|65.459999|63.919998|65.120003|6307200|0.9872095485|64.287094
2026-03-04|328|SRE|96.209999|96.239998|94.550003|95.389999|2470300|0.9860298575|94.057388
2026-03-04|329|CSGP|46.810001|48.250000|46.810001|47.599998|4337500|1.0000000000|47.599998
2026-03-04|330|RSG|231.110001|232.199997|230.309998|231.570007|985100|0.9942648020|230.241913
2026-03-04|331|CCI|89.940002|91.309998|89.110001|91.150002|2599400|0.9762634240|88.986420
2026-03-04|332|EBAY|89.750000|91.529999|89.000000|91.029999|4594200|0.9939126631|90.201614
2026-03-04|333|NVDA|180.440002|184.699997|180.059998|183.039993|177731200|0.9987817973|182.817017
2026-03-04|334|BKNG|4146.030045|4322.740173|4129.499817|4253.580093|418800|0.0398088823|169.330261
2026-03-04|335|GS|869.840027|878.799988|860.000000|867.250000|2081700|0.9956121536|863.444641
2026-03-04|336|FFIV|280.480011|286.959991|277.260010|286.119995|713300|1.0000000000|286.119995
2026-03-04|337|SBAC|196.710007|197.809998|194.649994|196.429993|931400|0.9805017315|192.599945
2026-03-04|338|LII|557.419983|557.419983|536.000000|550.669983|502700|0.9946881341|547.744873
2026-03-04|339|BLK|1060.000000|1062.989990|1045.000000|1049.229980|482100|0.9888912077|1037.574219
2026-03-04|340|TKO|219.449997|220.110001|214.130005|216.229996|880600|0.9921219970|214.526535
2026-03-04|341|AKAM|102.000000|103.220001|100.279999|102.980003|2813500|1.0000000000|102.980003
2026-03-04|342|UPS|113.529999|115.620003|109.500000|110.500000|11433900|0.9679890039|106.962791
2026-03-04|343|A|119.580002|121.169998|119.250000|120.540001|2806100|0.9958080410|120.034698
2026-03-04|344|TDY|686.729980|693.380005|676.880005|682.770020|253900|1.0000000000|682.770020
2026-03-04|345|PKG|231.229996|233.809998|228.880005|232.550003|766300|0.9876260349|229.672440
2026-03-04|346|EW|85.139999|85.809998|84.220001|85.220001|4439300|1.0000000000|85.220001
2026-03-04|347|MET|72.790001|73.809998|72.300003|73.320000|3292400|0.9862851080|72.314423
2026-03-04|348|ON|64.500000|64.629997|62.169998|62.529999|7496800|1.0000000000|62.529999
2026-03-04|349|ISRG|495.190002|505.440002|492.500000|501.179993|1501000|1.0000000000|501.179993
2026-03-04|350|CRL|176.059998|181.009995|175.500000|179.580002|742900|1.0000000000|179.580002
2026-03-04|351|MRVL|78.699997|79.500000|77.260002|78.089996|14677500|0.9992531920|78.031677
2026-03-04|352|EQIX|970.479980|974.929993|957.260010|969.039978|624700|0.9903463937|959.685303
2026-03-04|353|TPR|155.649994|157.800003|154.619995|156.910004|1981200|0.9944862341|156.044846
2026-03-04|354|GRMN|252.020004|253.110001|248.210007|251.179993|1051500|0.9917889977|249.117554
2026-03-04|355|GPN|77.839996|78.110001|76.389999|77.570000|2836600|0.9929199565|77.020798
2026-03-04|356|ALGN|183.059998|184.509995|181.070007|182.160004|866300|1.0000000000|182.160004
2026-03-04|357|WTW|303.070007|304.859985|299.630005|304.489990|540300|0.9930717262|302.380402
2026-03-04|358|MDLZ|59.000000|59.169998|58.180000|58.689999|11608700|0.9831751096|57.702549
2026-03-04|359|AXON|573.169983|580.330017|563.690002|569.809998|783900|1.0000000000|569.809998
2026-03-04|360|FIS|50.040001|50.869999|49.549999|50.080002|6781000|0.9802816760|49.092506
2026-03-04|361|ACN|211.800003|215.539993|208.610001|210.000000|5549200|0.9798095806|205.759995
2026-03-04|362|ZBH|97.970001|97.970001|95.389999|95.750000|1765100|0.9946488082|95.237625
2026-03-04|363|BG|117.489998|117.489998|114.050003|115.010002|982200|0.9877945902|113.606255
2026-03-04|364|PFG|93.639999|94.129997|92.910004|93.500000|1430700|0.9832413887|91.933067
2026-03-04|365|ELV|284.369995|293.720001|283.329987|291.450012|2344100|0.9898456688|288.490509
2026-03-04|366|CNC|44.160000|45.200001|43.790001|44.990002|3486900|1.0000000000|44.990002
2026-03-04|367|PRU|99.010002|99.500000|98.290001|98.790001|1754700|0.9752946989|96.349365
2026-03-04|368|NFLX|97.110001|99.750000|96.989998|98.660004|52604300|1.0000000000|98.660004
2026-03-04|369|NDAQ|87.529999|89.349998|87.400002|89.129997|2987500|0.9932805958|88.531097
2026-03-04|370|WYNN|103.110001|104.510002|102.010002|103.330002|2817800|0.9949442808|102.807594
2026-03-04|371|CME|319.820007|322.149994|317.809998|320.000000|2559600|0.9716146686|310.916687
2026-03-04|372|STX|367.500000|390.500000|364.679993|375.010010|3774200|0.9975473958|374.090271
2026-03-04|373|NRG|162.070007|166.429993|161.899994|163.539993|9059900|0.9934205862|162.464005
2026-03-04|374|AIZ|231.919998|233.220001|229.470001|231.949997|403500|0.9965805324|231.156860
2026-03-04|375|CBRE|143.149994|143.800003|141.740005|141.740005|2179400|1.0000000000|141.740005
2026-03-04|376|CRM|195.100006|196.470001|192.100006|193.080002|11583700|0.9949373630|192.102509
2026-03-04|377|DPZ|409.100006|412.000000|406.329987|406.619995|718200|0.9888611209|402.090729
2026-03-04|378|EXR|149.279999|150.520004|146.899994|150.360001|913900|0.9779070040|147.038101
2026-03-04|379|GOOG|302.684998|305.459991|300.799988|303.450012|20015600|0.9986949468|303.054016
2026-03-04|380|GOOGL|302.890015|305.470001|300.750000|303.130005|29536200|0.9986999831|302.735962
2026-03-04|381|DLR|178.139999|183.179993|177.039993|182.619995|1840500|0.9866588059|180.183624
2026-03-04|382|MPWR|1082.640015|1102.199951|1080.000000|1099.020020|433700|0.9964842129|1095.156128
2026-03-04|383|LVS|56.459999|56.990002|55.849998|56.070000|2712000|0.9879067226|55.391930
2026-03-04|384|DXCM|73.029999|73.570000|71.099998|72.900002|4340700|1.0000000000|72.900002
2026-03-04|385|BLDR|97.910004|98.160004|95.000000|95.989998|2070400|1.0000000000|95.989998
2026-03-04|386|WBD|28.139999|28.190001|27.930000|27.950001|37695900|1.0000000000|27.950001
2026-03-04|387|EXPE|218.320007|224.880005|217.009995|221.729996|2443000|0.9942877675|220.463425
2026-03-04|388|CF|106.000000|107.000000|100.410004|104.709999|3627300|0.9908287958|103.749680
2026-03-04|389|AMP|468.989990|474.829987|468.290009|468.910004|551800|0.9932580907|465.748657
2026-03-04|390|ICE|163.470001|166.539993|161.809998|166.289993|2840300|0.9930916239|165.141205
2026-03-04|391|PSKY|12.300000|12.630000|12.010000|12.050000|14241900|0.9901049837|11.930765
2026-03-04|392|LYV|161.279999|162.699997|155.190002|158.639999|3361900|1.0000000000|158.639999
2026-03-04|393|CMG|37.049999|37.150002|36.259998|36.709999|11270700|1.0000000000|36.709999
2026-03-04|394|UAL|104.400002|105.720001|100.059998|100.480003|6642700|1.0000000000|100.480003
2026-03-04|395|TDG|1327.000000|1330.650024|1303.939941|1315.119995|211800|1.0000000000|1315.119995
2026-03-04|396|MA|524.159973|526.159973|520.280029|522.919983|3154700|0.9966137732|521.149292
2026-03-04|397|LDOS|180.649994|181.000000|176.520004|176.699997|1290900|0.9940154778|175.642532
2026-03-04|398|FSLR|196.830002|203.460007|196.259995|197.270004|1882100|1.0000000000|197.270004
2026-03-04|399|BR|185.690002|190.690002|185.690002|188.740005|866100|0.9878384663|186.444626
2026-03-04|400|SMCI|30.959999|32.959999|30.850000|32.650002|31472400|1.0000000000|32.650002
2026-03-04|401|TMUS|217.740005|222.089996|217.070007|219.710007|7407200|0.9946034600|217.270370
2026-03-04|402|DAL|64.870003|65.900002|63.720001|63.830002|9415200|0.9948974393|63.504307
2026-03-04|403|IBKR|70.599998|71.070000|68.440002|69.150002|4587300|0.9989881568|69.080032
2026-03-04|404|PODD|239.729996|247.600006|238.000000|242.889999|1001000|1.0000000000|242.889999
2026-03-04|405|TEL|206.970001|212.360001|206.160004|209.020004|1920400|0.9922749574|207.405304
2026-03-04|406|BX|112.050003|114.790001|111.529999|114.139999|8267800|0.9808140125|111.950104
2026-03-04|407|LULU|173.559998|175.449997|172.139999|173.210007|2188700|1.0000000000|173.210007
2026-03-04|408|ULTA|673.859985|677.299988|659.789978|661.340027|465500|1.0000000000|661.340027
2026-03-04|409|MSCI|566.479980|576.039978|559.880005|572.369995|547400|0.9928506457|568.277954
2026-03-04|410|ECHO|118.360001|118.500000|110.500000|114.029999|4023000|1.0000000000|114.029999
2026-03-04|411|PM|177.500000|179.309998|175.830002|179.039993|4493500|0.9830023955|175.996750
2026-03-04|412|V|321.440002|325.769989|319.799988|320.470001|5257900|0.9960807290|319.213989
2026-03-04|413|AWK|135.399994|136.759995|134.009995|136.410004|1782100|0.9863367160|134.546204
2026-03-04|414|KDP|29.629999|29.629999|28.840000|28.870001|9101300|0.9842341174|28.414841
2026-03-04|415|SW|44.860001|45.610001|44.660000|45.189999|4559000|0.9797713221|44.275867
2026-03-04|416|AVGO|315.679993|322.640015|311.739990|317.529999|34895800|0.9963298147|316.364594
2026-03-04|417|VRSK|213.139999|216.339996|211.410004|215.580002|2017200|0.9947617775|214.450745
2026-03-04|418|DG|154.889999|155.509995|150.529999|151.600006|2893700|0.9902299309|150.118866
2026-03-04|419|FTNT|81.040001|83.980003|80.949997|82.790001|6280700|1.0000000000|82.790001
2026-03-04|420|CHTR|229.289993|232.970001|226.020004|232.000000|1272000|1.0000000000|232.000000
2026-03-04|421|FERG|249.130005|250.029999|245.460007|247.130005|1548300|0.9887782143|244.356766
2026-03-04|422|GNRC|224.070007|225.210007|217.449997|220.889999|741200|1.0000000000|220.889999
2026-03-04|423|LYB|60.000000|62.220001|58.880001|61.919998|8495700|0.9795355103|60.652836
2026-03-04|424|CBOE|302.170013|302.549988|298.109985|300.619995|987100|0.9979084359|299.991211
2026-03-04|425|TSLA|397.850006|408.329987|394.579987|405.940002|68305500|1.0000000000|405.940002
2026-03-04|426|KKR|91.500000|94.570000|91.449997|93.830002|8929000|0.9961485906|93.468628
2026-03-04|427|NXPI|217.889999|218.979996|215.149994|216.369995|2372100|0.9914738451|214.525192
2026-03-04|428|GM|78.220001|79.339996|78.040001|78.599998|8510600|0.9954799629|78.244728
2026-03-04|429|TRGP|241.059998|243.979996|238.360001|243.050003|988800|0.9903678073|240.708893
2026-03-04|430|CPAY|335.339996|337.109985|327.429993|328.720001|928300|1.0000000000|328.720001
2026-03-04|431|KMI|33.740002|34.009998|33.470001|33.919998|11345600|0.9816636474|33.298031
2026-03-04|432|HCA|539.750000|547.429993|536.640015|544.409973|930600|0.9965176399|542.514160
2026-03-04|433|HII|441.309998|441.440002|432.119995|437.029999|421200|0.9956995948|433.130615
2026-03-04|434|APO|107.660004|109.910004|106.830002|109.790001|4920000|0.9916121637|108.869102
2026-03-04|435|MPC|212.100006|222.050003|212.000000|220.770004|3440000|0.9934777159|219.330078
2026-03-04|436|XYL|127.629997|129.649994|125.919998|129.399994|1479400|0.9923180477|128.405945
2026-03-04|437|APTV|72.139999|73.769997|71.760002|73.389999|2727400|1.0000000000|73.389999
2026-03-04|438|PSX|158.679993|165.080002|158.309998|164.720001|2823100|0.9875507674|162.669373
2026-03-04|439|AMCR|47.070000|47.080002|45.610001|45.880001|4476800|0.9836148215|45.128246
2026-03-04|440|META|657.960022|672.770020|657.669983|667.729980|10810100|0.9982193806|666.541016
2026-03-04|441|NOW|112.110001|115.209999|111.500000|113.860001|17432000|1.0000000000|113.860001
2026-03-04|442|PANW|156.059998|160.300003|154.750000|158.559998|9541900|1.0000000000|158.559998
2026-03-04|443|FANG|175.809998|177.529999|172.550003|176.710007|2533800|0.9832059760|173.742325
2026-03-04|444|WDAY|144.199997|145.839996|141.279999|143.039993|4964200|1.0000000000|143.039993
2026-03-04|445|ABBV|233.559998|237.110001|232.080002|236.190002|5380800|0.9847626719|232.591110
2026-03-04|446|NCLH|21.400000|21.910000|21.080000|21.110001|29742400|1.0000000000|21.110001
2026-03-04|447|ZTS|125.910004|126.900002|124.839996|125.959999|5413700|0.9887765322|124.546295
2026-03-04|448|IQV|174.729996|178.279999|173.320007|177.880005|1778900|1.0000000000|177.880005
2026-03-04|449|NWS|26.219999|26.930000|26.219999|26.690001|1201800|0.9963262306|26.591948
2026-03-04|450|NWSA|23.809999|24.340000|23.790001|24.030001|2523100|0.9958385353|23.930000
2026-03-04|451|CDW|124.970001|125.839996|121.510002|124.870003|1619800|0.9893792048|123.543785
2026-03-04|452|VEEV|186.509995|188.860001|183.559998|188.479996|3460000|1.0000000000|188.479996
2026-03-04|453|ALLE|159.000000|159.759995|156.539993|156.639999|1030800|0.9921390873|155.408676
2026-03-04|454|HLT|307.950012|309.500000|304.559998|304.910004|1886000|0.9990803866|304.629608
2026-03-04|455|ARES|113.400002|117.029999|112.320000|116.209999|2949800|0.9767290545|113.505684
2026-03-04|456|ANET|127.870003|135.559998|127.400002|134.830002|6897700|1.0000000000|134.830002
2026-03-04|457|SYF|69.150002|69.989998|68.690002|69.269997|2974200|0.9916769819|68.693459
2026-03-04|458|CFG|60.060001|60.549999|59.279999|60.200001|5267700|0.9864525111|59.384441
2026-03-04|459|KEYS|307.049988|308.000000|297.704987|300.920013|1835000|1.0000000000|300.920013
2026-03-04|460|GDDY|88.650002|90.000000|88.290001|88.660004|2246700|1.0000000000|88.660004
2026-03-04|461|KHC|24.309999|24.309999|23.785000|24.040001|16654000|0.9659839010|23.222254
2026-03-04|462|PYPL|46.049999|47.330002|45.930000|46.750000|14612800|0.9967143863|46.596397
2026-03-04|463|LITE|726.000000|736.000000|643.179993|680.799988|7905300|1.0000000000|680.799988
2026-03-04|464|HPE|21.799999|21.990000|21.530001|21.549999|10252800|0.9906947030|21.349472
2026-03-04|465|XYZ|63.250000|65.724998|62.740002|65.239998|10400900|1.0000000000|65.239998
2026-03-04|466|FTV|58.189999|58.395000|57.580002|58.000000|1903800|0.9979248563|57.879642
2026-03-04|467|DELL|146.000000|148.330002|144.050003|147.100006|8505500|0.9952707496|146.404327
2026-03-04|468|TTD|25.035000|25.590000|24.570000|25.170000|22542800|1.0000000000|25.170000
2026-03-04|469|VST|161.589996|164.210007|160.399994|163.360001|4677700|0.9972411805|162.909332
2026-03-04|470|HWM|260.320007|260.760010|256.130005|260.089996|1511700|0.9990766853|259.849854
2026-03-04|471|INVH|26.010000|26.900000|26.010000|26.830000|8479600|0.9779475029|26.238333
2026-03-04|472|CVNA|322.114983|331.004982|315.470009|316.259995|2930900|0.2000000000|63.251999
2026-03-04|473|IR|91.870003|92.195000|90.449997|91.839996|2608900|0.9994839545|91.792603
2026-03-04|474|VICI|30.100000|30.215000|29.730000|29.889999|7970300|0.9677245240|28.925287
2026-03-04|475|VRT|249.399994|255.300003|245.339996|251.279999|4298500|0.9995540701|251.167953
2026-03-04|476|MRNA|53.580002|59.549999|51.689999|57.799999|23103600|1.0000000000|57.799999
2026-03-04|477|FOXA|57.150002|59.939999|56.919998|58.419998|6202300|1.0000000000|58.419998
2026-03-04|478|FOX|52.009998|54.220001|51.985001|53.240002|2035400|1.0000000000|53.240002
2026-03-04|479|DOW|32.000000|32.389999|31.040001|32.340000|13279500|0.9899338512|32.014462
2026-03-04|480|UBER|76.294998|77.040001|75.013000|76.650002|19818600|1.0000000000|76.650002
2026-03-04|481|CTVA|79.709999|79.930000|77.915001|78.000000|4584600|0.9977005620|77.820648
2026-03-04|482|CRWD|386.184998|408.410004|380.109985|407.679993|8352500|0.2500000000|101.919998
2026-03-04|483|DDOG|111.220001|120.400002|111.002998|118.330002|5190100|1.0000000000|118.330002
2026-03-04|484|CARR|61.500000|61.875000|60.494999|61.080002|4254700|0.9928803129|60.645134
2026-03-04|485|OTIS|92.220001|92.250000|91.105003|91.150002|2197400|0.9879889159|90.055191
2026-03-04|486|PLTR|148.429993|154.520004|148.059998|153.190002|60062200|1.0000000000|153.190002
2026-03-04|487|DASH|176.500000|179.119995|172.660004|177.750000|3087300|1.0000000000|177.750000
2026-03-04|488|ABNB|133.240005|137.934998|133.154999|135.539993|4252500|1.0000000000|135.539993
2026-03-04|489|EXE|106.739998|107.430000|104.915001|105.879997|3738400|0.9826864450|104.046837
2026-03-04|490|COIN|195.910004|212.070007|195.399994|208.929993|27200300|1.0000000000|208.929993
2026-03-04|491|APP|445.000000|485.160004|443.299988|482.809998|8394400|1.0000000000|482.809998
2026-03-04|492|HOOD|79.599998|83.849998|79.580002|82.209999|38493800|1.0000000000|82.209999
2026-03-04|493|CEG|323.760010|326.589996|318.000000|322.850006|2342500|0.9955820742|321.423676
2026-03-04|494|GEHC|78.500000|79.220001|77.779999|79.019997|2462100|0.9989494212|78.936981
2026-03-04|495|KVUE|18.200001|18.305000|17.990000|18.190001|40715600|0.9772015009|17.775293
2026-03-04|496|VLTO|95.334999|95.720001|94.470001|94.699997|1683600|0.9970188523|94.417679
2026-03-04|497|RDDT|146.589996|149.850006|144.350006|147.289993|5053300|1.0000000000|147.289993
2026-03-04|498|SOLV|71.059998|71.910004|70.250000|70.400002|1200500|1.0000000000|70.400002
2026-03-04|499|GEV|850.599976|868.609985|838.090027|841.270020|1817500|0.9988852954|840.332214
2026-03-04|500|SNDK|586.840027|607.479980|576.299988|599.059998|15614300|1.0000000000|599.059998
2026-03-04|501|Q|118.970001|120.639999|116.836998|120.029999|2507700|0.9994967288|119.969597
