date|security_id|ticker|open|high|low|close|volume|adj_factor|adj_close_vendor
2026-03-02|1|AEP|133.830002|134.229996|133.009995|133.289993|2978600|0.9852885257|131.329102
2026-03-02|2|BA|226.000000|230.229996|223.619995|229.740005|4709000|1.0000000000|229.740005
2026-03-02|3|CAT|733.489990|755.729980|725.059998|752.320007|2473100|0.9962516275|749.500061
2026-03-02|4|CNP|43.009998|43.630001|43.009998|43.340000|4602400|0.9886466776|42.847946
2026-03-02|5|CVX|190.330002|191.440002|187.220001|189.600006|15809100|0.9823507513|186.253723
2026-03-02|6|DIS|104.610001|104.610001|102.860001|104.330002|14178600|0.9923958226|103.536659
2026-03-02|7|DTE|147.809998|148.580002|146.830002|147.649994|1277900|0.9843774065|145.343307
2026-03-02|8|ED|112.480003|113.750000|111.879997|112.059998|2699100|0.9836258984|110.225121
2026-03-02|9|GD|362.429993|366.070007|359.160004|364.779999|1508300|0.9910149667|361.502472
2026-03-02|10|GE|341.450012|347.200012|335.329987|345.739990|3981200|0.9973022307|344.807281
2026-03-02|11|HON|242.699999|248.180005|241.220005|248.040012|3634700|1.0399150842|257.940552
2026-03-02|12|HPQ|18.719999|18.969999|18.540001|18.700001|18215100|0.9721972446|18.180090
2026-03-02|13|IBM|235.699997|240.779999|233.779999|239.369995|6220300|0.9856234381|235.928680
2026-03-02|14|IP|42.580002|43.000000|41.820000|42.889999|4169600|0.9742073595|41.783756
2026-03-02|15|JNJ|249.190002|251.710007|246.869995|248.559998|9042400|0.9894021702|245.925797
2026-03-02|16|KO|81.250000|81.400002|80.150002|80.220001|18137200|0.9867998793|79.161095
2026-03-02|17|KR|68.120003|69.269997|67.709999|69.050003|5491900|0.9879807975|68.220078
2026-03-02|18|LMT|685.500000|692.000000|664.010010|676.700012|3246500|0.9934960884|672.298767
2026-03-02|19|MMM|162.270004|164.229996|159.220001|161.460007|3984400|0.9905187908|159.929169
2026-03-02|20|MO|69.139999|69.730003|68.580002|68.690002|7275700|0.9690282260|66.562546
2026-03-02|21|MRK|123.510002|123.699997|121.040001|121.410004|11564500|0.9855603323|119.656891
2026-03-02|22|MSI|485.440002|490.239990|482.000000|486.109985|1046800|0.9943844568|483.380219
2026-03-02|23|PG|165.289993|166.550003|163.449997|163.509995|9095500|0.9851719538|161.085449
2026-03-02|24|XOM|159.350006|159.610001|153.029999|154.220001|31493100|0.9868681737|152.194809
2026-03-02|25|RTX|210.649994|212.820007|208.000000|212.160004|12485300|0.9925545778|210.580383
2026-03-02|26|MCD|341.059998|341.750000|334.410004|334.820007|4555400|0.9877457529|330.717041
2026-03-02|27|AXP|303.200012|310.420013|301.279999|307.429993|6280000|0.9941272834|305.624542
2026-03-02|28|BMY|62.369999|62.889999|61.980000|62.340000|17627500|0.9787458882|61.015018
2026-03-02|29|DD|49.080002|49.970001|48.230001|49.639999|3449799|2.9881422927|148.331375
2026-03-02|30|DE|625.760010|636.450012|619.789978|630.880005|996900|0.9945059901|627.413940
2026-03-02|31|EMR|148.000000|152.800003|147.979996|152.080002|2504600|0.9926085470|150.955902
2026-03-02|32|ETN|369.839996|378.070007|367.619995|377.399994|1828400|0.9917042798|374.269165
2026-03-02|33|ETR|106.750000|107.930000|106.339996|106.629997|2236000|0.9886701734|105.421898
2026-03-02|34|F|13.930000|13.930000|13.220000|13.390000|110305500|0.9769709546|13.081641
2026-03-02|35|HAL|37.029999|37.029999|34.990002|35.970001|15554400|0.9909628646|35.644936
2026-03-02|36|LLY|1044.619995|1056.199951|1013.000000|1017.969971|3094300|0.9968530383|1014.766479
2026-03-02|37|PCG|18.980000|19.160000|18.790001|19.110001|18103200|0.9942476518|19.000072
2026-03-02|38|PEP|169.050003|169.539993|167.139999|167.279999|7264000|0.9808256472|164.072510
2026-03-02|39|PFE|27.570000|27.610001|27.170000|27.260000|41321700|0.9668473999|26.356258
2026-03-02|40|TXN|211.039993|211.470001|207.309998|209.820007|6811300|0.9898764050|207.695877
2026-03-02|41|WFC|79.150002|83.070000|78.940002|82.580002|21834300|0.9886393471|81.641846
2026-03-02|42|HUBB|507.500000|522.210022|502.950012|516.979980|442734|0.9970037769|515.431030
2026-03-02|43|WMT|127.459999|128.750000|127.050003|127.099998|17091500|0.9936722171|126.295731
2026-03-02|44|AIG|80.889999|81.620003|80.559998|81.120003|2742600|0.9875732230|80.111946
2026-03-02|45|AVY|194.970001|196.080002|192.940002|194.970001|500200|0.9887328339|192.773239
2026-03-02|46|BAC|48.779999|50.419998|48.580002|49.810001|40595200|0.9892387825|49.273983
2026-03-02|47|BALL|66.570000|66.820000|65.750000|66.419998|2113300|0.9963416864|66.177017
2026-03-02|48|BDX|174.080002|176.800003|172.240005|176.539993|2124300|0.9866980137|174.191666
2026-03-02|49|CLX|125.669998|127.459999|125.139999|126.809998|1679300|0.9761478543|123.785309
2026-03-02|50|CMI|573.859985|583.030029|563.020020|580.369995|944600|0.9931721942|576.407349
2026-03-02|51|CMS|78.040001|78.470001|77.779999|78.080002|2524900|0.9843492113|76.857986
2026-03-02|52|CVS|79.889999|81.680000|79.279999|81.660004|12488700|0.9851999130|80.451431
2026-03-02|53|ECL|304.980011|305.799988|297.910004|303.459991|1428300|0.9946163507|301.826263
2026-03-02|54|ES|76.209999|76.209999|74.250000|74.419998|2455100|0.9779292778|72.777489
2026-03-02|55|EVRG|83.300003|84.489998|83.260002|84.010002|1881800|0.9752573788|81.931381
2026-03-02|56|GWW|1144.579956|1157.680054|1133.599976|1152.250000|220500|0.9960365882|1147.682983
2026-03-02|57|LNT|72.099998|72.629997|71.870003|72.330002|2980100|0.9850786184|71.250740
2026-03-02|58|MKC|70.669998|70.750000|68.839996|69.900002|1991400|0.9822640876|68.660263
2026-03-02|59|MRSH|185.339996|187.509995|184.630005|186.429993|1993100|0.9892843147|184.432281
2026-03-02|60|NEE|93.400002|93.650002|91.750000|92.709999|10147800|0.9927287582|91.348946
2026-03-02|61|NI|47.000000|47.619999|46.610001|47.049999|4586500|0.9871584841|46.445805
2026-03-02|62|PNW|100.419998|100.820000|99.510002|100.529999|1269900|0.9822795276|98.748558
2026-03-02|63|RVTY|96.120003|96.400002|94.059998|95.589996|1061100|0.9985919505|95.455399
2026-03-02|64|SNA|383.010010|389.839996|380.299988|389.589996|301800|0.9870969475|384.563080
2026-03-02|65|SPGI|433.010011|444.500015|433.010011|443.079994|2836900|0.9417621693|417.275970
2026-03-02|66|TER|310.500000|325.929993|310.070007|325.829987|2488700|0.9996224662|325.706970
2026-03-02|67|TGT|111.839996|114.379997|111.250000|113.169998|6301900|0.9830946401|111.256821
2026-03-02|68|TXT|99.339996|100.980003|98.290001|100.680000|1671700|0.9995682296|100.636528
2026-03-02|69|VMC|306.850006|308.510010|301.660004|306.200012|1162100|0.9942812010|304.448944
2026-03-02|70|XEL|83.440002|84.120003|83.309998|83.800003|3732400|0.9852321471|82.562454
2026-03-02|71|ITW|287.820007|291.799988|285.290009|291.170013|1475100|0.9877340632|287.598541
2026-03-02|72|CL|98.559998|98.820000|96.779999|97.300003|6273700|0.9881586198|96.147835
2026-03-02|73|EXC|49.049999|49.520000|49.040001|49.169998|9103100|0.9906832302|48.711895
2026-03-02|74|MDT|97.110001|98.769997|96.709999|98.099998|6393800|0.9830319865|96.435440
2026-03-02|75|BNY|117.010002|120.410004|116.610001|119.470001|2645100|0.9920974180|118.525879
2026-03-02|76|EIX|74.540001|74.739998|73.690002|74.419998|3297400|0.9764773062|72.669441
2026-03-02|77|FRT|107.930000|110.839996|107.239998|110.339996|701200|0.9803038504|108.166718
2026-03-02|78|PNR|97.660004|98.919998|96.190002|98.120003|1284000|0.9926207111|97.395943
2026-03-02|79|USB|53.650002|55.270000|53.250000|54.630001|8980500|0.9813809589|53.612846
2026-03-02|80|WY|24.459999|24.850000|24.270000|24.620001|6654900|0.9829820427|24.201017
2026-03-02|81|SYY|90.870003|91.459999|89.879997|90.480003|2466400|0.9859824728|89.211700
2026-03-02|82|WRB|71.529999|73.419998|71.529999|73.239998|1640000|0.9910634494|72.585487
2026-03-02|83|IFF|81.860001|82.089996|79.360001|80.750000|1678700|0.9889000540|79.853683
2026-03-02|84|TAP|48.560001|49.410000|48.330002|48.590000|3950200|0.9780980891|46.978199
2026-03-02|85|PNC|207.630005|215.020004|205.889999|214.229996|5080200|0.9845274632|210.915298
2026-03-02|86|TRV|307.559998|313.119995|307.130005|310.670013|1216600|0.9922238191|308.254181
2026-03-02|87|C|106.260002|111.889999|106.199997|111.449997|18976600|0.9902572054|110.364159
2026-03-02|88|FDX|384.359984|387.480019|381.560008|387.249983|1447800|0.7995464875|309.624390
2026-03-02|89|WDC|270.500000|283.920013|261.500000|270.079987|7408700|0.9992611044|269.880402
2026-03-02|90|DHR|208.000000|208.020004|204.669998|206.000000|3195800|0.9958070237|205.136230
2026-03-02|91|APA|32.520000|32.750000|30.190001|31.690001|12675200|0.9864084367|31.259283
2026-03-02|92|LUV|48.000000|49.020000|46.950001|48.270000|10033400|0.9913697990|47.853424
2026-03-02|93|PEG|85.959999|86.330002|84.330002|84.500000|3691100|0.9834778438|83.103874
2026-03-02|94|UNP|264.980011|268.140015|262.329987|266.970001|2687500|0.9948314607|265.590149
2026-03-02|95|ABT|115.559998|115.849998|113.629997|114.120003|7700200|0.9867277802|112.605385
2026-03-02|96|ADI|348.779999|356.049988|348.000000|352.410004|3326000|0.9941555324|350.350372
2026-03-02|97|ADM|69.500000|70.480003|68.269997|69.610001|3032700|0.9871845133|68.717918
2026-03-02|98|ADP|212.589996|216.250000|210.720001|214.970001|4419400|0.9843371720|211.602966
2026-03-02|99|AFL|112.489998|114.290001|112.330002|113.349998|2045800|0.9898631333|112.200989
2026-03-02|100|AMAT|366.579987|373.809998|363.279999|372.179993|5802100|0.9976914901|371.320831
2026-03-02|101|AMD|193.850006|198.740005|190.000000|198.619995|34120200|1.0000000000|198.619995
2026-03-02|102|APD|273.899994|277.269989|271.170013|276.429993|1816600|0.9876339339|273.011658
2026-03-02|103|BF-B|28.840000|29.330000|28.410000|28.850000|4965200|0.9822921615|28.339130
2026-03-02|104|CHD|104.089996|104.580002|102.790001|103.949997|1802000|0.9937159244|103.296768
2026-03-02|105|CINF|164.320007|170.100006|164.210007|169.979996|1137000|0.9887134133|168.061508
2026-03-02|106|CMCSA|30.740000|31.059999|30.530001|30.820000|22490300|0.9752182964|30.056227
2026-03-02|107|D|63.000000|63.410000|62.830002|63.049999|6884400|0.9900860786|62.424927
2026-03-02|108|DOV|220.179993|226.429993|217.690002|226.399994|1272000|0.9975530563|225.846008
2026-03-02|109|DUK|131.000000|132.199997|130.550003|131.630005|5034200|0.9827918175|129.364899
2026-03-02|110|EFX|204.289993|210.889999|203.000000|208.029999|988800|0.9938812654|206.757126
2026-03-02|111|EQT|62.290001|62.490002|60.610001|61.639999|8856400|0.9940720641|61.274597
2026-03-02|112|FITB|49.020000|50.369999|48.459999|49.840000|9607000|0.9840657827|49.045841
2026-03-02|113|GIS|45.099998|45.590000|44.689999|45.119999|5722600|0.9666684497|43.616077
2026-03-02|114|GPC|117.519997|118.629997|116.129997|118.550003|1133200|0.9802432378|116.207840
2026-03-02|115|HAS|97.699997|99.139999|95.879997|99.050003|1782900|0.9844894224|97.513680
2026-03-02|116|HBAN|16.590000|17.100000|16.420000|16.969999|18965300|0.9810694650|16.648746
2026-03-02|117|HRL|25.420000|25.510000|24.820000|24.820000|3911400|0.9742790885|24.181606
2026-03-02|118|HST|19.309999|19.830000|18.990000|19.700001|9946100|0.9529227702|18.772579
2026-03-02|119|HSY|235.429993|239.479996|234.740005|235.690002|1073100|0.9846288447|232.067169
2026-03-02|120|INTC|44.200001|45.810001|43.950001|45.500000|60705100|1.0000000000|45.500000
2026-03-02|121|J|136.479996|140.110001|136.089996|139.029999|629500|0.9944174758|138.253860
2026-03-02|122|JPM|294.809998|299.980011|293.209991|297.559998|8508900|0.9904464778|294.717255
2026-03-02|123|KMB|110.680000|110.779999|109.400002|109.739998|3075100|0.9744151054|106.932304
2026-03-02|124|L|110.059998|112.320000|109.309998|112.190002|682400|0.9988625697|112.062401
2026-03-02|125|LEN|111.849998|111.849998|109.519997|110.610001|2242400|0.9888298730|109.374474
2026-03-02|126|LOW|260.000000|261.450012|256.190002|257.170013|3023800|0.9891098782|254.369400
2026-03-02|127|MAS|72.230003|72.230003|69.320000|69.800003|2157500|0.9908891403|69.164070
2026-03-02|128|MTB|211.990005|220.740005|211.990005|219.500000|1160000|0.9930590903|217.976471
2026-03-02|129|NEM|131.570007|131.979996|124.430000|128.729996|10675800|0.9956554334|128.170731
2026-03-02|130|NTRS|140.100006|146.199997|140.100006|145.229996|1040200|0.9898281838|143.752731
2026-03-02|131|NUE|176.669998|180.830002|174.539993|180.570007|1602100|0.9941593298|179.515350
2026-03-02|132|OMC|84.459999|85.540001|83.589996|85.360001|4141400|0.9796477026|83.622734
2026-03-02|133|PCAR|124.639999|125.410004|122.120003|124.430000|2655000|0.9942707430|123.717110
2026-03-02|134|PGR|213.770004|214.970001|211.970001|213.410004|2594600|0.9990392069|213.204956
2026-03-02|135|PH|1001.539978|1015.320007|994.479980|1011.409973|713300|0.9977448271|1009.129028
2026-03-02|136|PHM|134.130005|135.419998|131.740005|133.720001|1223200|0.9957597479|133.153000
2026-03-02|137|PPG|119.000000|120.870003|116.730003|119.199997|2310800|0.9873814378|117.695862
2026-03-02|138|PPL|38.950001|39.090000|38.540001|38.730000|6058400|0.9846479678|38.135418
2026-03-02|139|RF|27.059999|28.200001|27.059999|27.969999|13054900|0.9905357143|27.705284
2026-03-02|140|ROL|60.750000|61.209999|60.209999|60.880001|1986500|0.9917679269|60.378834
2026-03-02|141|SHW|355.510010|357.470001|345.660004|356.100006|1690900|0.9951137391|354.360016
2026-03-02|142|STT|125.699997|130.130005|125.220001|129.460007|2135800|0.9884428745|127.963814
2026-03-02|143|SWK|84.260002|85.830002|82.559998|84.040001|1742800|0.9785642065|82.238533
2026-03-02|144|SYK|383.500000|389.329987|383.010010|387.019989|1868600|0.9946461548|384.947937
2026-03-02|145|TMO|512.010010|513.700012|502.309998|508.579987|2050800|0.9980119596|507.568909
2026-03-02|146|TPL|538.000000|540.000000|513.190002|531.090027|749600|0.9984732824|530.279175
2026-03-02|147|TSN|64.750000|64.849998|64.000000|64.400002|2875900|0.9916420846|63.861752
2026-03-02|148|TT|458.279999|467.980011|455.779999|466.170013|969000|0.9953350758|463.995361
2026-03-02|149|TYL|350.950012|359.630005|348.619995|354.619995|616700|1.0000000000|354.619995
2026-03-02|150|UDR|37.470001|37.759998|37.230000|37.450001|2853600|0.9803230978|36.713100
2026-03-02|151|VTRS|14.930000|15.770000|14.790000|15.700000|13813100|0.9769695342|15.338421
2026-03-02|152|WEC|116.379997|117.220001|116.309998|116.620003|1862300|0.9829379991|114.630226
2026-03-02|153|WST|251.309998|253.050003|249.380005|251.250000|572400|0.9985945833|250.896881
2026-03-02|154|NDSN|290.329987|293.609985|286.070007|292.179993|341700|0.9941183690|290.461487
2026-03-02|155|TFC|48.400002|50.110001|48.230000|49.549999|6514100|0.9798350561|48.550823
2026-03-02|156|WELL|207.860001|210.440002|207.130005|210.160004|3751500|0.9928496012|208.657288
2026-03-02|157|AON|332.019989|340.320007|331.959991|337.799988|1270700|0.9951005240|336.144958
2026-03-02|158|GL|144.000000|147.179993|143.729996|146.330002|435600|0.9958260151|145.719223
2026-03-02|159|OKE|84.489998|86.690002|82.779999|86.120003|6139400|0.9765151605|84.097488
2026-03-02|160|KLAC|1475.000000|1540.769958|1475.000000|1534.949951|759100|0.0997597720|153.126266
2026-03-02|161|CSX|42.669998|43.349998|42.259998|43.169998|11789000|0.9969438988|43.038067
2026-03-02|162|PSA|305.359985|312.859985|303.880005|310.940002|1067800|0.9808120164|304.973694
2026-03-02|163|NKE|59.900002|61.529999|59.139999|61.009998|15335000|0.9911312999|60.468918
2026-03-02|164|AAPL|262.410004|266.529999|260.200012|264.720001|41827900|0.9982185855|264.248413
2026-03-02|165|BRO|71.599998|72.910004|70.779999|72.360001|2570100|0.9947741799|71.981865
2026-03-02|166|UHS|203.229996|208.860001|201.800003|206.419998|698200|0.9986223049|206.135620
2026-03-02|167|HD|375.000000|375.109985|369.000000|370.809998|4537600|0.9859634354|365.605103
2026-03-02|168|BAX|19.879999|19.969999|19.290001|19.690001|7287600|0.9994805195|19.672184
2026-03-02|169|COP|119.279999|119.300003|115.720001|118.239998|19667900|0.9860463925|116.590118
2026-03-02|170|GLW|153.449997|160.449997|152.770004|157.860001|15338500|0.9984696945|157.618423
2026-03-02|171|HUM|188.429993|189.500000|182.000000|187.279999|1271600|0.9926050698|185.895065
2026-03-02|172|LHX|370.320007|379.230011|366.480011|378.480011|2965100|0.9925076273|375.644287
2026-03-02|173|NOC|745.000000|768.219971|739.809998|768.020020|1474400|0.9956180811|764.654663
2026-03-02|174|OXY|56.340000|56.340000|53.320000|54.209999|32590400|0.9906984712|53.705761
2026-03-02|175|ROK|399.700012|412.730011|395.079987|412.149994|861000|0.9938632005|409.620697
2026-03-02|176|SLB|52.450001|52.450001|49.439999|51.270000|20431300|0.9947843000|51.002590
2026-03-02|177|SO|97.250000|97.820000|97.029999|97.230003|5156000|0.9836658196|95.641830
2026-03-02|178|WMB|76.250000|76.870003|74.750000|76.260002|6521800|0.9855810767|75.160408
2026-03-02|179|VLO|214.990005|216.179993|207.490005|214.910004|5489300|0.9914397807|213.070328
2026-03-02|180|CI|288.910004|292.320007|287.399994|290.850006|1295500|0.9887906885|287.589783
2026-03-02|181|NSC|315.679993|318.459991|312.010010|317.470001|1016200|0.9917671837|314.856323
2026-03-02|182|COO|83.589996|84.089996|82.120003|83.919998|1689100|1.0000000000|83.919998
2026-03-02|183|AMGN|388.000000|391.290009|381.890015|385.700012|2837900|0.9867386103|380.585114
2026-03-02|184|RJF|150.979996|156.110001|150.229996|154.419998|1207400|0.9927317770|153.297638
2026-03-02|185|WSM|201.029999|203.949997|196.690002|201.339996|936600|0.9927167515|199.873596
2026-03-02|186|CAH|232.039993|233.600006|228.080002|229.880005|1751100|0.9954149217|228.825989
2026-03-02|187|CTAS|200.289993|202.419998|198.580002|201.600006|1200500|0.9947044338|200.532410
2026-03-02|188|PAYX|92.900002|94.459999|92.129997|94.250000|3775300|0.9771272923|92.094246
2026-03-02|189|BEN|25.959999|27.250000|25.850000|27.000000|4768300|0.9758021744|26.346661
2026-03-02|190|AOS|77.220001|78.389999|76.599998|77.930000|1016100|0.9883617008|77.023033
2026-03-02|191|CASY|681.840027|687.590027|676.309998|687.010010|414500|0.9985579358|686.019287
2026-03-02|192|T|27.910000|28.250000|27.870001|28.010000|39270900|0.9765662530|27.353621
2026-03-02|193|VZ|49.980000|50.259998|49.630001|49.980000|23725700|0.9686690897|48.414082
2026-03-02|194|JBHT|232.250000|234.449997|227.990005|232.070007|615800|0.9964612666|231.248764
2026-03-02|195|ATO|186.789993|187.979996|185.250000|187.070007|1053900|0.9884163190|184.903046
2026-03-02|196|LRCX|229.279999|233.830002|227.229996|231.000000|10294000|0.9981002163|230.561142
2026-03-02|197|MU|401.470001|417.609985|397.000000|412.670013|30049200|0.9994263974|412.433319
2026-03-02|198|AJG|227.580002|231.020004|225.690002|229.270004|1942000|0.9936444599|227.812881
2026-03-02|199|AME|236.339996|242.050003|234.960007|241.460007|1171500|0.9969202115|240.716354
2026-03-02|200|SWKS|57.750000|59.540001|57.330002|58.930000|2633200|0.9913855858|58.422352
2026-03-02|201|EXPD|145.000000|147.869995|144.119995|145.630005|1578000|0.9948730934|144.883377
2026-03-02|202|UNH|288.160004|295.309998|287.500000|294.929993|8141400|0.9866504480|290.992828
2026-03-02|203|BBY|60.590000|62.310001|60.509998|61.590000|8518000|0.9720666083|59.869583
2026-03-02|204|DOC|17.480000|17.719999|17.270000|17.629999|5952000|0.9689596923|17.082758
2026-03-02|205|ADSK|243.529999|249.149994|243.000000|246.940002|2401000|1.0000000000|246.940002
2026-03-02|206|DVN|45.560001|45.560001|43.820000|44.950001|16801900|0.9877783076|44.400639
2026-03-02|207|NVR|7371.049805|7445.580078|7327.589844|7415.750000|24100|1.0000000000|7415.750000
2026-03-02|208|ROST|203.089996|204.250000|200.529999|202.300003|3048600|0.9959267541|201.475967
2026-03-02|209|JKHY|160.509995|165.770004|158.880005|164.199997|770300|0.9919197584|162.873215
2026-03-02|210|MNST|84.639999|85.099998|81.010002|81.059998|7314700|0.5000000000|81.059998
2026-03-02|211|ORCL|141.619995|150.169998|141.179993|149.250000|22418800|0.9930647011|148.214905
2026-03-02|212|MSFT|392.859985|401.190002|390.630005|398.549988|35474900|0.9959638868|396.941376
2026-03-02|213|TROW|93.339996|95.809998|93.000000|94.919998|1494100|0.9736426638|92.418159
2026-03-02|214|COST|1010.909973|1020.820007|1002.489990|1002.770020|1986900|0.9969659831|999.727600
2026-03-02|215|ADBE|257.600006|264.220001|257.059998|260.880005|3486900|1.0000000000|260.880005
2026-03-02|216|FISV|61.099998|62.209999|60.419998|61.849998|5119300|1.0000000000|61.849998
2026-03-02|217|BKR|66.500000|67.000000|64.279999|64.830002|10386100|0.9930140272|64.377098
2026-03-02|218|CDNS|297.779999|304.769989|296.100006|303.359985|2801500|1.0000000000|303.359985
2026-03-02|219|TJX|160.220001|161.500000|158.750000|159.940002|4924400|0.9936003560|158.916443
2026-03-02|220|FICO|1380.140015|1420.000000|1371.969971|1407.540039|177800|1.0000000000|1407.540039
2026-03-02|221|CCL|28.850000|29.750000|27.900000|29.139999|38114600|0.9887339129|28.811705
2026-03-02|222|FAST|45.970001|46.590000|45.480000|46.330002|7522800|0.9892709750|45.832928
2026-03-02|223|SCHW|94.230003|96.599998|93.930000|95.489998|11412300|0.9935274715|94.871933
2026-03-02|224|JCI|144.199997|146.139999|142.979996|145.460007|2604400|0.9941759575|144.612839
2026-03-02|225|COHR|274.929993|299.089996|271.619995|298.910004|10243400|1.0000000000|298.910004
2026-03-02|226|KEY|20.650000|21.070000|20.299999|20.910000|11736800|0.9804836286|20.501913
2026-03-02|227|MOS|29.000000|29.020000|27.170000|27.510000|8420900|0.9816582705|27.005419
2026-03-02|228|MGM|35.779999|36.180000|34.820000|35.720001|4586000|1.0000000000|35.720001
2026-03-02|229|WM|241.830002|244.610001|240.330002|243.070007|2501400|0.9917417797|241.062683
2026-03-02|230|TECH|57.980000|58.430000|56.389999|57.820000|1828200|0.9970482740|57.649330
2026-03-02|231|IEX|207.009995|212.000000|205.520004|211.539993|658400|0.9931996195|210.101425
2026-03-02|232|GEN|22.250000|22.660000|22.240000|22.350000|5332300|0.9903038605|22.133291
2026-03-02|233|CRH|116.830002|118.580002|115.559998|117.720001|5597100|0.9889154582|116.415131
2026-03-02|234|EOG|126.580002|128.830002|124.169998|128.649994|9087200|0.9849854996|126.718376
2026-03-02|235|PTC|156.000000|159.330002|154.669998|158.119995|1008400|1.0000000000|158.119995
2026-03-02|236|CSCO|78.750000|79.519997|77.690002|79.419998|18540400|0.9909035959|78.697563
2026-03-02|237|LH|287.239990|289.119995|285.209991|286.470001|442000|0.9972597526|285.073792
2026-03-02|238|TRMB|65.540001|68.540001|65.540001|68.410004|2354300|1.0000000000|68.410004
2026-03-02|239|AZO|3761.010010|3882.469971|3747.500000|3882.469971|271300|1.0000000000|3882.469971
2026-03-02|240|REGN|771.099976|793.159973|769.630005|790.809998|793100|0.9973440317|788.709656
2026-03-02|241|IDXX|639.479980|647.039978|627.390015|636.700012|522300|1.0000000000|636.700012
2026-03-02|242|AES|14.350000|14.350000|14.190000|14.210000|80209600|0.9761125722|13.870560
2026-03-02|243|VRTX|496.600006|498.029999|484.399994|486.029999|1034500|1.0000000000|486.029999
2026-03-02|244|ZBRA|216.199997|224.949997|215.330002|223.919998|926100|1.0000000000|223.919998
2026-03-02|245|BIIB|190.220001|190.750000|186.720001|188.050003|691600|1.0000000000|188.050003
2026-03-02|246|ODFL|202.669998|209.149994|199.419998|207.750000|2843900|0.9973411992|207.197632
2026-03-02|247|APH|141.500000|142.139999|134.770004|135.160004|14746800|0.9965240421|134.690201
2026-03-02|248|KIM|23.430000|23.719999|23.299999|23.559999|6952500|0.9782318124|23.047142
2026-03-02|249|QCOM|137.830002|142.009995|136.889999|141.029999|8963900|0.9899641514|139.614639
2026-03-02|250|GILD|147.869995|150.770004|147.800003|150.029999|7182900|0.9878606941|148.208725
2026-03-02|251|ROP|348.000000|356.029999|346.510010|353.929993|1372300|0.9949619600|352.146881
2026-03-02|252|SNPS|413.369995|426.220001|405.510010|424.660004|4066800|1.0000000000|424.660004
2026-03-02|253|STZ|156.429993|159.000000|155.009995|156.559998|1499500|0.9856055004|154.306396
2026-03-02|254|BSX|76.279999|76.680000|75.330002|76.220001|11111900|1.0000000000|76.220001
2026-03-02|255|STE|249.910004|251.350006|245.500000|247.770004|791300|0.9970332000|247.034912
2026-03-02|256|DHI|156.880005|156.880005|153.139999|154.399994|2397400|0.9940209933|153.476837
2026-03-02|257|LIN|508.000000|510.049988|499.519989|509.339996|3071800|0.9935105778|506.034698
2026-03-02|258|SBUX|95.709999|97.110001|95.500000|96.760002|7250600|0.9884945611|95.646736
2026-03-02|259|MS|162.639999|169.600006|162.149994|167.000000|9212600|0.9892093304|165.197968
2026-03-02|260|INTU|402.450012|429.630005|401.450012|419.059998|5673400|0.9925226498|415.926544
2026-03-02|261|MCHP|72.860001|74.709999|72.440002|74.309998|5288700|0.9890553567|73.496704
2026-03-02|262|CB|341.750000|345.670013|338.820007|342.760010|1885700|0.9939554166|340.688171
2026-03-02|263|ORLY|93.989998|95.169998|93.459999|95.029999|6444400|1.0000000000|95.029999
2026-03-02|264|RCL|291.950012|303.850006|285.609985|300.839996|4018200|0.9895699200|297.702209
2026-03-02|265|JBL|257.899994|263.369995|255.000000|261.179993|1338400|0.9995582709|261.064636
2026-03-02|266|ALL|213.509995|214.720001|211.250000|212.759995|1437200|0.9947595710|211.645035
2026-03-02|267|CPT|108.260002|109.480003|108.029999|109.279999|1412700|0.9801843508|107.114540
2026-03-02|268|VMRK|63.209999|63.630001|62.560001|63.130001|2488600|0.9778762777|61.733334
2026-03-02|269|IT|154.059998|159.770004|153.839996|159.270004|1367400|1.0000000000|159.270004
2026-03-02|270|DECK|115.050003|116.199997|112.599998|114.510002|2192900|1.0000000000|114.510002
2026-03-02|271|REG|78.750000|79.900002|78.110001|79.540001|1460900|0.9810739142|78.034622
2026-03-02|272|INCY|99.940002|101.000000|97.540001|100.040001|1672700|1.0000000000|100.040001
2026-03-02|273|SPG|202.479996|204.490005|200.399994|203.160004|1547500|0.9778630534|198.662659
2026-03-02|274|MAA|133.809998|134.990005|132.669998|134.110001|844500|0.9765831817|130.969574
2026-03-02|275|MLM|666.250000|672.710022|657.359985|665.349976|556300|0.9985730005|664.400513
2026-03-02|276|TSCO|51.759998|52.720001|51.130001|52.279999|7839300|0.9851405019|51.503143
2026-03-02|277|ALB|173.520004|181.009995|171.729996|178.179993|1626300|0.9949889134|177.287125
2026-03-02|278|CPRT|37.630001|38.599998|37.410000|38.310001|9592000|1.0000000000|38.310001
2026-03-02|279|FLEX|61.369999|65.580002|61.029999|65.489998|3549600|1.0000000000|65.489998
2026-03-02|280|ESS|252.029999|257.239990|252.029999|256.029999|488200|0.9806657936|251.079880
2026-03-02|281|O|66.800003|67.720001|66.510002|67.559998|6736300|0.9785744934|66.112488
2026-03-02|282|MCO|469.500000|471.980011|463.000000|466.100006|1974000|0.9955156672|464.009888
2026-03-02|283|SJM|115.919998|116.320000|112.739998|114.680000|2713200|0.9798392929|112.367966
2026-03-02|284|MCK|990.000000|995.070007|979.799988|990.950012|523000|0.9988955336|989.855530
2026-03-02|285|COF|191.559998|196.399994|188.339996|194.320007|6651300|0.9922218930|192.808563
2026-03-02|286|EME|719.280029|749.979980|714.710022|735.780029|411900|0.9989862194|735.034119
2026-03-02|287|DLTR|124.360001|124.760002|119.809998|119.879997|2930800|1.0000000000|119.879997
2026-03-02|288|COR|371.320007|376.920013|367.940002|372.649994|983700|0.9957711437|371.074127
2026-03-02|289|DRI|212.940002|212.940002|208.350006|209.869995|962700|0.9843985059|206.595718
2026-03-02|290|RMD|254.300003|258.399994|250.570007|257.390015|951600|0.9941821390|255.892548
2026-03-02|291|WAB|262.869995|265.290009|260.739990|263.670013|861300|0.9977552294|263.078125
2026-03-02|292|FCX|67.160004|68.639999|66.410004|68.290001|15851100|0.9953868541|67.974976
2026-03-02|293|IVZ|25.500000|26.410000|25.379999|26.129999|5117100|0.9856541725|25.755142
2026-03-02|294|ACGL|100.500000|101.889999|99.910004|101.059998|1338300|1.0000000000|101.059998
2026-03-02|295|ERIE|269.500000|271.170013|263.329987|266.750000|188400|0.9885906317|263.706543
2026-03-02|296|EG|334.690002|341.309998|334.690002|339.630005|375900|0.9878843207|335.515167
2026-03-02|297|DVA|155.070007|159.419998|153.789993|153.979996|978700|1.0000000000|153.979996
2026-03-02|298|HSIC|80.830002|82.349998|80.349998|81.370003|1399300|1.0000000000|81.370003
2026-03-02|299|EL|106.750000|106.949997|99.980003|100.190002|5245100|0.9961483439|99.804108
2026-03-02|300|WAT|313.109985|314.450012|306.519989|307.230011|1260700|1.0000000000|307.230011
2026-03-02|301|NTAP|96.980003|101.419998|96.209999|100.150002|2371200|0.9918913810|99.337921
2026-03-02|302|HIG|139.529999|142.449997|139.119995|141.860001|1420100|0.9952804215|141.190491
2026-03-02|303|IRM|107.269997|110.839996|106.589996|110.330002|1767400|0.9851777356|108.694664
2026-03-02|304|BRK-B|495.230011|495.750000|477.910004|480.170013|11725300|1.0000000000|480.170013
2026-03-02|305|FDS|213.589996|221.320007|212.979996|219.940002|793600|0.9951444118|218.872070
2026-03-02|306|STLD|193.139999|201.759995|190.380005|201.509995|1412900|0.9946588101|200.433701
2026-03-02|307|DGX|212.520004|213.259995|209.429993|210.250000|922400|0.9916252453|208.489197
2026-03-02|308|CIEN|353.760010|364.049988|345.059998|353.730011|2527500|1.0000000000|353.730011
2026-03-02|309|TTWO|209.000000|215.960007|208.779999|213.880005|1966800|1.0000000000|213.880005
2026-03-02|310|VTR|86.570000|86.940002|85.959999|86.660004|2175600|0.9878430433|85.606483
2026-03-02|311|AMZN|204.550003|209.729996|203.460007|208.389999|46001000|1.0000000000|208.389999
2026-03-02|312|ARE|53.400002|53.919998|52.570000|52.630001|2270600|0.9716953716|51.140327
2026-03-02|313|RL|354.250000|358.459991|347.000000|354.130005|642300|0.9948318200|352.299805
2026-03-02|314|BXP|56.990002|57.270000|55.639999|56.240002|2730600|0.9761958291|54.901257
2026-03-02|315|FIX|1405.520020|1439.119995|1389.540039|1438.239990|388300|0.9985721755|1436.186401
2026-03-02|316|YUM|167.229996|167.229996|162.289993|162.919998|1681000|0.9951301862|162.126602
2026-03-02|317|CHRW|184.089996|190.309998|184.000000|187.240005|2645900|0.9931897587|185.964859
2026-03-02|318|FE|51.000000|51.389999|50.869999|50.980000|3391400|0.9800753088|49.964241
2026-03-02|319|MTD|1346.630005|1356.339966|1319.359985|1325.089966|196900|1.0000000000|1325.089966
2026-03-02|320|PLD|141.000000|143.020004|139.660004|142.720001|3204600|0.9848712132|140.560822
2026-03-02|321|URI|822.799988|831.969971|796.549988|820.580017|772200|0.9962197184|817.477966
2026-03-02|322|AEE|113.099998|113.639999|112.750000|112.900002|1985100|0.9863006617|111.353340
2026-03-02|323|VRSN|226.199997|230.789993|225.360001|228.050003|721900|0.9944277890|226.779251
2026-03-02|324|PWR|556.739990|573.969971|556.739990|572.659973|807800|0.9996508742|572.460083
2026-03-02|325|AMT|190.020004|192.240005|188.539993|190.199997|3390200|0.9807453674|186.537766
2026-03-02|326|MAR|330.500000|336.369995|325.809998|330.470001|2038800|0.9960059445|329.150085
2026-03-02|327|CTSH|63.160000|64.160004|62.910000|63.500000|4806800|0.9872095485|62.687809
2026-03-02|328|SRE|96.129997|96.449997|95.160004|95.669998|3064200|0.9860298575|94.333473
2026-03-02|329|CSGP|43.580002|45.380001|43.160000|45.169998|6342200|1.0000000000|45.169998
2026-03-02|330|RSG|230.000000|231.460007|227.929993|230.369995|899200|0.9942648020|229.048782
2026-03-02|331|CCI|88.930000|90.129997|88.360001|89.529999|3201000|0.9762634240|87.404869
2026-03-02|332|EBAY|89.419998|90.529999|88.459999|88.779999|4401800|0.9939126631|87.972092
2026-03-02|333|NVDA|175.009995|183.460007|174.639999|182.479996|209095300|0.9987817973|182.257706
2026-03-02|334|BKNG|4050.000000|4219.570160|4027.999878|4179.779816|543000|0.0398088823|166.392349
2026-03-02|335|GS|840.000000|873.630005|836.000000|861.700012|2873200|0.9956121536|857.919006
2026-03-02|336|FFIV|271.579987|279.450012|269.839996|278.000000|507300|1.0000000000|278.000000
2026-03-02|337|SBAC|199.300003|206.380005|196.089996|198.919998|1428600|0.9805017315|195.041397
2026-03-02|338|LII|560.500000|566.270020|549.630005|563.400024|504800|0.9946881341|560.407288
2026-03-02|339|BLK|1038.770020|1075.520020|1031.949951|1068.310059|708700|0.9888912077|1056.442383
2026-03-02|340|TKO|223.899994|226.339996|218.880005|224.960007|995200|0.9921219970|223.187775
2026-03-02|341|AKAM|96.910004|98.860001|96.580002|97.639999|4563500|1.0000000000|97.639999
2026-03-02|342|UPS|114.419998|115.250000|113.169998|114.419998|5013000|0.9679890039|110.757301
2026-03-02|343|A|118.849998|119.400002|117.610001|118.169998|3478000|0.9958080410|117.674629
2026-03-02|344|TDY|680.219971|692.880005|676.750000|688.590027|274900|1.0000000000|688.590027
2026-03-02|345|PKG|229.199997|232.529999|225.979996|231.210007|630800|0.9876260349|228.349030
2026-03-02|346|EW|85.669998|87.320000|85.599998|87.180000|3749400|1.0000000000|87.180000
2026-03-02|347|MET|71.570000|73.730003|70.930000|73.239998|4054500|0.9862851080|72.235512
2026-03-02|348|ON|65.120003|66.480003|63.959999|66.480003|5624000|1.0000000000|66.480003
2026-03-02|349|ISRG|492.589996|499.619995|490.399994|496.250000|1743200|1.0000000000|496.250000
2026-03-02|350|CRL|175.289993|179.199997|173.220001|178.610001|835400|1.0000000000|178.610001
2026-03-02|351|MRVL|79.629997|82.820000|79.400002|80.860001|15228500|0.9992531920|80.799606
2026-03-02|352|EQIX|959.650024|970.789978|954.380005|966.099976|409300|0.9903463937|956.773682
2026-03-02|353|TPR|151.860001|157.240005|150.649994|156.419998|2258700|0.9944862341|155.557526
2026-03-02|354|GRMN|248.759995|255.899994|246.259995|255.160004|741300|0.9917889977|253.064896
2026-03-02|355|GPN|74.500000|78.230003|74.500000|77.889999|4097500|0.9929199565|77.338531
2026-03-02|356|ALGN|184.589996|189.350006|181.699997|189.020004|1044500|1.0000000000|189.020004
2026-03-02|357|WTW|305.100006|307.239990|302.549988|304.119995|785200|0.9930717262|302.012970
2026-03-02|358|MDLZ|61.160000|61.340000|60.279999|60.439999|6523100|0.9831751096|59.423107
2026-03-02|359|AXON|548.159973|577.320007|543.000000|572.020020|1316400|1.0000000000|572.020020
2026-03-02|360|FIS|49.810001|50.900002|49.639999|50.000000|5532000|0.9802816760|49.014084
2026-03-02|361|ACN|205.240005|209.149994|204.320007|205.929993|7263300|0.9798095806|201.772171
2026-03-02|362|ZBH|97.349998|99.720001|96.870003|99.489998|2393600|0.9946488082|98.957603
2026-03-02|363|BG|120.790001|121.160004|118.750000|120.610001|1084200|0.9877945902|119.137909
2026-03-02|364|PFG|94.139999|97.300003|93.360001|95.830002|1329700|0.9832413887|94.224022
2026-03-02|365|ELV|315.059998|316.029999|289.970001|294.070007|4482000|0.9898456688|291.083923
2026-03-02|366|CNC|44.230000|44.610001|43.349998|44.599998|3622000|1.0000000000|44.599998
2026-03-02|367|PRU|97.250000|100.519997|96.099998|99.949997|2201800|0.9752946989|97.480698
2026-03-02|368|NFLX|95.260002|98.070000|95.199997|97.089996|79915400|1.0000000000|97.089996
2026-03-02|369|NDAQ|85.959999|88.800003|85.019997|88.089996|4714000|0.9932805958|87.498085
2026-03-02|370|WYNN|103.070000|105.239998|100.949997|103.440002|3285700|0.9949442808|102.917038
2026-03-02|371|CME|322.070007|327.790009|321.700012|326.459991|2459600|0.9716146686|317.193329
2026-03-02|372|STX|393.589996|407.700012|374.529999|379.519989|4224400|0.9975473958|378.589172
2026-03-02|373|NRG|175.690002|181.580002|174.039993|175.580002|1770900|0.9934205862|174.424789
2026-03-02|374|AIZ|229.589996|235.500000|228.960007|233.550003|345800|0.9965805324|232.751389
2026-03-02|375|CBRE|143.929993|146.179993|141.660004|144.970001|2320300|1.0000000000|144.970001
2026-03-02|376|CRM|192.500000|195.940002|190.679993|192.949997|9932700|0.9949373630|191.973145
2026-03-02|377|DPZ|397.529999|404.839996|394.000000|401.369995|1026100|0.9888611209|396.899200
2026-03-02|378|EXR|149.539993|153.490005|149.289993|152.649994|1211300|0.9779070040|149.277496
2026-03-02|379|GOOG|302.964996|308.140015|301.059998|306.359985|21854400|0.9986949468|305.960175
2026-03-02|380|GOOGL|303.230011|308.489990|301.299988|306.519989|34790200|0.9986999831|306.121521
2026-03-02|381|DLR|175.139999|178.990005|173.789993|178.690002|1513400|0.9866588059|176.306076
2026-03-02|382|MPWR|1108.079956|1144.599976|1102.459961|1142.579956|540200|0.9964842129|1138.562988
2026-03-02|383|LVS|55.660000|56.599998|54.250000|56.360001|5594000|0.9879067226|55.678425
2026-03-02|384|DXCM|72.370003|73.910004|71.570000|73.779999|3699400|1.0000000000|73.779999
2026-03-02|385|BLDR|101.250000|102.430000|99.010002|99.410004|2608500|1.0000000000|99.410004
2026-03-02|386|WBD|28.010000|28.500000|28.010000|28.500000|39788000|1.0000000000|28.500000
2026-03-02|387|EXPE|208.309998|215.839996|203.179993|213.240005|3179300|0.9942877675|212.021942
2026-03-02|388|CF|107.599998|107.800003|102.540001|104.300003|5259200|0.9908287958|103.343445
2026-03-02|389|AMP|460.929993|477.809998|460.929993|475.329987|487600|0.9932580907|472.125336
2026-03-02|390|ICE|165.259995|168.000000|163.990005|164.779999|4452400|0.9930916239|163.641647
2026-03-02|391|PSKY|14.100000|14.100000|13.060000|13.340000|27383800|0.9901049837|13.208001
2026-03-02|392|LYV|160.110001|161.979996|155.350006|161.809998|3195800|1.0000000000|161.809998
2026-03-02|393|CMG|36.360001|36.770000|35.619999|36.689999|14969400|1.0000000000|36.689999
2026-03-02|394|UAL|100.000000|103.900002|98.220001|103.209999|8715600|1.0000000000|103.209999
2026-03-02|395|TDG|1310.280029|1327.079956|1300.020020|1316.260010|365400|1.0000000000|1316.260010
2026-03-02|396|MA|509.480011|526.159973|507.339996|521.000000|3827000|0.9966137732|519.235840
2026-03-02|397|LDOS|177.000000|179.539993|174.750000|179.399994|1579800|0.9940154778|178.326385
2026-03-02|398|FSLR|193.100006|200.789993|191.789993|199.860001|2343000|1.0000000000|199.860001
2026-03-02|399|BR|182.610001|187.809998|182.610001|186.500000|946300|0.9878384663|184.231873
2026-03-02|400|SMCI|30.900000|31.980000|30.549999|31.830000|28730000|1.0000000000|31.830000
2026-03-02|401|TMUS|217.000000|219.339996|213.750000|216.110001|5413800|0.9946034600|213.710312
2026-03-02|402|DAL|62.930000|64.800003|61.599998|64.250000|11728000|0.9948974393|63.922161
2026-03-02|403|IBKR|69.220001|73.379997|68.570000|71.669998|5363800|0.9989881568|71.597481
2026-03-02|404|PODD|243.990005|249.229996|242.000000|245.449997|1179900|1.0000000000|245.449997
2026-03-02|405|TEL|225.649994|226.619995|207.820007|211.979996|5039200|0.9922749574|210.342438
2026-03-02|406|BX|110.650002|116.089996|109.250000|115.330002|9537800|0.9808140125|113.117279
2026-03-02|407|LULU|179.380005|179.380005|175.279999|176.169998|2974200|1.0000000000|176.169998
2026-03-02|408|ULTA|680.830017|682.510010|666.460022|677.000000|394200|1.0000000000|677.000000
2026-03-02|409|MSCI|563.049988|575.520020|558.460022|573.880005|435100|0.9928506457|569.777100
2026-03-02|410|ECHO|117.160004|121.639999|114.150002|118.680000|6957400|1.0000000000|118.680000
2026-03-02|411|PM|186.500000|187.500000|183.580002|183.820007|3485500|0.9830023955|180.695511
2026-03-02|412|V|315.500000|322.600006|314.600006|320.510010|6674900|0.9960807290|319.253845
2026-03-02|413|AWK|135.520004|137.270004|135.089996|135.440002|1465400|0.9863367160|133.589447
2026-03-02|414|KDP|30.160000|30.350000|29.940001|29.969999|8463700|0.9842341174|29.497496
2026-03-02|415|SW|45.860001|47.029999|45.330002|46.820000|5573500|0.9797713221|45.872894
2026-03-02|416|AVGO|309.359985|320.040009|307.200012|318.820007|20567200|0.9963298147|317.649872
2026-03-02|417|VRSK|210.000000|215.860001|208.449997|214.789993|3060000|0.9947617775|213.664871
2026-03-02|418|DG|154.630005|156.880005|151.429993|152.619995|2497200|0.9902299309|151.128891
2026-03-02|419|FTNT|78.290001|79.769997|77.559998|79.180000|5247300|1.0000000000|79.180000
2026-03-02|420|CHTR|231.460007|234.789993|227.320007|232.800003|1517600|1.0000000000|232.800003
2026-03-02|421|FERG|258.279999|260.820007|254.910004|257.149994|1210700|0.9887782143|254.264313
2026-03-02|422|GNRC|220.699997|230.449997|217.470001|230.380005|865400|1.0000000000|230.380005
2026-03-02|423|LYB|57.040001|59.200001|56.669998|57.880001|9681900|0.9795355103|56.695515
2026-03-02|424|CBOE|302.670013|305.679993|297.410004|297.489990|1140100|0.9979084359|296.867767
2026-03-02|425|TSLA|390.600006|404.540009|388.250000|403.320007|55088300|1.0000000000|403.320007
2026-03-02|426|KKR|85.750000|91.360001|84.519997|90.610001|13703700|0.9961485906|90.261024
2026-03-02|427|NXPI|221.830002|225.300003|218.210007|224.759995|1667600|0.9914738451|222.843643
2026-03-02|428|GM|77.360001|77.760002|75.040001|77.760002|8948700|0.9954799629|77.408524
2026-03-02|429|TRGP|242.000000|250.000000|236.139999|239.610001|2034600|0.9903678073|237.302032
2026-03-02|430|CPAY|317.679993|335.339996|316.359985|332.010010|647600|1.0000000000|332.010010
2026-03-02|431|KMI|33.750000|34.130001|33.070000|33.889999|15539700|0.9816636474|33.268581
2026-03-02|432|HCA|530.000000|536.969971|525.359985|532.919983|816400|0.9965176399|531.064148
2026-03-02|433|HII|451.190002|460.000000|445.670013|453.730011|631600|0.9956995948|449.681641
2026-03-02|434|APO|102.500000|107.820000|101.559998|106.449997|7837600|0.9916121637|105.557106
2026-03-02|435|MPC|203.929993|210.419998|202.169998|209.820007|3771800|0.9934777159|208.451492
2026-03-02|436|XYL|127.599998|130.059998|127.180000|128.979996|2717900|0.9923180477|127.989189
2026-03-02|437|APTV|71.870003|73.040001|70.610001|72.470001|1999200|1.0000000000|72.470001
2026-03-02|438|PSX|159.509995|160.639999|155.770004|160.179993|2939500|0.9875507674|158.185883
2026-03-02|439|AMCR|48.040001|48.259998|47.470001|48.150002|3826200|0.9836148215|47.361053
2026-03-02|440|META|637.159973|659.940002|634.500000|653.559998|9816100|0.9982193806|652.396240
2026-03-02|441|NOW|105.980003|111.080002|105.099998|109.419998|14780500|1.0000000000|109.419998
2026-03-02|442|PANW|147.899994|151.860001|146.009995|150.149994|8281300|1.0000000000|150.149994
2026-03-02|443|FANG|181.190002|183.360001|173.380005|178.960007|5199300|0.9832059760|175.954559
2026-03-02|444|WDAY|131.770004|136.220001|131.770004|134.009995|5852700|1.0000000000|134.009995
2026-03-02|445|ABBV|233.660004|235.660004|231.899994|234.259995|7438800|0.9847626719|230.690506
2026-03-02|446|NCLH|22.610001|22.879999|21.620001|22.180000|46523900|1.0000000000|22.180000
2026-03-02|447|ZTS|130.050003|130.050003|127.089996|128.960007|3063900|0.9887765322|127.512634
2026-03-02|448|IQV|174.809998|177.210007|172.449997|174.270004|1807300|1.0000000000|174.270004
2026-03-02|449|NWS|26.090000|26.639999|26.090000|26.410000|1660400|0.9963262306|26.312975
2026-03-02|450|NWSA|24.000000|24.190001|23.760000|23.969999|4252000|0.9958385353|23.870249
2026-03-02|451|CDW|121.110001|124.989998|118.900002|124.769997|1687800|0.9893792048|123.444839
2026-03-02|452|VEEV|180.149994|185.020004|178.580002|181.449997|2367200|1.0000000000|181.449997
2026-03-02|453|ALLE|160.869995|163.220001|158.220001|162.500000|921300|0.9921390873|161.222595
2026-03-02|454|HLT|301.149994|308.799988|298.179993|304.799988|2511000|0.9990803866|304.519684
2026-03-02|455|ARES|109.279999|114.510002|108.940002|113.360001|3317300|0.9767290545|110.722008
2026-03-02|456|ANET|129.649994|130.690002|127.260002|129.300003|6875000|1.0000000000|129.300003
2026-03-02|457|SYF|67.730003|69.279999|67.019997|68.639999|3787300|0.9916769819|68.068710
2026-03-02|458|CFG|59.150002|61.400002|58.610001|61.090000|6283400|0.9864525111|60.262386
2026-03-02|459|KEYS|302.839996|317.000000|302.839996|313.269989|1872800|1.0000000000|313.269989
2026-03-02|460|GDDY|86.860001|89.629997|85.120003|88.220001|3113900|1.0000000000|88.220001
2026-03-02|461|KHC|24.610001|24.620001|24.129999|24.510000|16074400|0.9659839010|23.676266
2026-03-02|462|PYPL|44.820000|45.955002|44.639999|45.630001|17355300|0.9937057617|45.342796
2026-03-02|463|LITE|742.895020|783.799988|714.000000|783.250000|6888700|1.0000000000|783.250000
2026-03-02|464|HPE|21.190001|22.160000|21.076000|22.129999|15744500|0.9906947030|21.924074
2026-03-02|465|XYZ|60.009998|64.970001|59.653999|64.449997|19625600|1.0000000000|64.449997
2026-03-02|466|FTV|58.430000|58.919998|57.939999|58.580002|2503400|0.9979248563|58.458439
2026-03-02|467|DELL|146.759995|153.720001|146.000000|153.550003|12554200|0.9952707496|152.823837
2026-03-02|468|TTD|23.075001|24.340000|22.879999|24.320000|20259800|1.0000000000|24.320000
2026-03-02|469|VST|170.199997|176.520004|165.830002|165.990005|5138100|0.9972411805|165.532074
2026-03-02|470|HWM|263.000000|267.309998|259.000000|265.109985|2240500|0.9990766853|264.865204
2026-03-02|471|INVH|26.270000|26.440001|26.090000|26.150000|5569200|0.9779475029|25.573326
2026-03-02|472|CVNA|322.480011|327.900009|317.119999|323.110008|2605500|0.2000000000|64.622002
2026-03-02|473|IR|92.750000|94.550003|91.599998|93.970001|2856300|0.9992655835|93.900986
2026-03-02|474|VICI|30.080000|30.445000|29.809999|30.360001|7327700|0.9677245240|29.380117
2026-03-02|475|VRT|249.440002|258.899994|244.220001|257.750000|5382300|0.9995540701|257.635040
2026-03-02|476|MRNA|52.419998|54.935001|50.450001|52.845001|9424700|1.0000000000|52.845001
2026-03-02|477|FOXA|55.820000|56.889999|55.639999|56.790001|3511300|0.9951185496|56.512783
2026-03-02|478|FOX|51.619999|52.119999|51.130001|51.990002|1785700|0.9946544484|51.712090
2026-03-02|479|DOW|30.700001|31.555000|30.139999|30.600000|13479000|0.9899338512|30.291977
2026-03-02|480|UBER|73.500000|76.495003|73.150002|75.949997|25779100|1.0000000000|75.949997
2026-03-02|481|CTVA|79.910004|80.904999|79.286003|80.519997|4008800|0.9977005620|80.334846
2026-03-02|482|CRWD|375.899994|387.149994|373.085999|384.859985|3771500|0.2500000000|96.214996
2026-03-02|483|DDOG|109.169998|112.234001|108.750000|111.110001|7207000|1.0000000000|111.110001
2026-03-02|484|CARR|63.430000|64.099998|62.750000|63.840000|3643400|0.9928803129|63.385483
2026-03-02|485|OTIS|91.360001|94.199997|91.190002|93.620003|5000800|0.9879889159|92.495529
2026-03-02|486|PLTR|140.774994|147.139999|140.520004|145.169998|72683900|1.0000000000|145.169998
2026-03-02|487|DASH|173.970001|178.059998|172.860001|176.410004|3059500|1.0000000000|176.410004
2026-03-02|488|ABNB|129.500000|134.455002|128.589996|133.259995|4819800|1.0000000000|133.259995
2026-03-02|489|EXE|110.790001|111.370003|106.639999|108.489998|2830500|0.9826864450|106.611656
2026-03-02|490|COIN|172.500000|186.350006|172.220001|185.240005|12306800|1.0000000000|185.240005
2026-03-02|491|APP|418.690002|436.589996|410.549988|432.980011|4099000|1.0000000000|432.980011
2026-03-02|492|HOOD|73.485001|79.540001|73.000000|78.779999|26904700|1.0000000000|78.779999
2026-03-02|493|CEG|321.940002|333.799988|320.723999|327.160004|3539400|0.9955820742|325.714661
2026-03-02|494|GEHC|82.930000|82.930000|79.565002|80.160004|3500800|0.9989494212|80.075783
2026-03-02|495|KVUE|19.055000|19.110001|18.840000|18.889999|34825100|0.9772015009|18.459335
2026-03-02|496|VLTO|96.510002|97.800003|95.820000|97.220001|1448700|0.9970188523|96.930176
2026-03-02|497|RDDT|142.250000|147.500000|141.533997|147.110001|3473100|1.0000000000|147.110001
2026-03-02|498|SOLV|73.330002|74.220001|72.348999|73.000000|1226300|1.0000000000|73.000000
2026-03-02|499|GEV|865.000000|893.559998|854.000000|881.179993|2421400|0.9988852954|880.197693
2026-03-02|500|SNDK|618.645020|648.799988|597.599976|619.080017|17519900|1.0000000000|619.080017
2026-03-02|501|Q|124.430000|126.070000|121.290001|124.070000|2131800|0.9994967288|124.007561
