date|security_id|ticker|open|high|low|close|volume|adj_factor|adj_close_vendor
2026-03-12|1|AEP|131.050003|133.970001|130.800003|132.220001|2500200|0.9852885257|130.274857
2026-03-12|2|BA|212.210007|212.610001|204.300003|204.759995|10758600|1.0000000000|204.759995
2026-03-12|3|CAT|693.000000|703.770020|679.760010|700.690002|3231800|0.9962516275|698.063599
2026-03-12|4|CNP|42.950001|43.889999|42.720001|43.400002|4215700|0.9886466776|42.907265
2026-03-12|5|CVX|192.580002|198.880005|191.770004|196.970001|27151800|0.9823507513|193.493637
2026-03-12|6|DIS|100.099998|100.879997|99.370003|99.430000|10309400|0.9923958226|98.673920
2026-03-12|7|DTE|146.860001|149.509995|145.539993|147.639999|1119200|0.9843774065|145.333481
2026-03-12|8|ED|111.730003|114.400002|111.209999|113.129997|1748400|0.9836258984|111.277596
2026-03-12|9|GD|349.570007|357.549988|349.000000|355.230011|1227500|0.9910149667|352.038269
2026-03-12|10|GE|318.640015|318.640015|301.130005|306.700012|8007200|0.9987550328|306.318176
2026-03-12|11|HON|237.769998|239.769997|233.189995|233.399999|4592800|1.0399150842|242.716187
2026-03-12|12|HPQ|18.549999|19.180000|18.450001|18.950001|26132000|0.9879711310|18.722054
2026-03-12|13|IBM|247.100006|250.050003|245.639999|247.679993|5547700|0.9856234381|244.119202
2026-03-12|14|IP|38.250000|38.650002|35.450001|35.650002|6258300|0.9742073595|34.730495
2026-03-12|15|JNJ|241.460007|244.399994|240.300003|242.039993|7710200|0.9894021702|239.474884
2026-03-12|16|KO|77.419998|78.160004|76.900002|77.610001|16842200|0.9867998793|76.585541
2026-03-12|17|KR|72.300003|76.580002|72.169998|74.959999|9621600|0.9879807975|74.059036
2026-03-12|18|LMT|651.950012|661.000000|646.630005|652.830017|1411200|0.9934960884|648.584045
2026-03-12|19|MMM|152.759995|153.479996|148.270004|149.100006|5683000|0.9905187908|147.686356
2026-03-12|20|MO|65.889999|67.730003|65.599998|67.720001|8794400|0.9690282260|65.622597
2026-03-12|21|MRK|115.470001|116.599998|114.300003|115.910004|8349200|0.9855603323|114.236305
2026-03-12|22|MSI|462.679993|468.420013|458.709991|462.630005|1039900|0.9943844568|460.032104
2026-03-12|23|PG|152.210007|153.050003|150.330002|150.500000|8489300|0.9851719538|148.268372
2026-03-12|24|XOM|152.270004|155.000000|151.630005|153.529999|26054000|0.9868681737|151.513870
2026-03-12|25|RTX|206.179993|206.770004|201.839996|203.039993|6400900|0.9925545778|201.528259
2026-03-12|26|MCD|323.250000|327.320007|322.010010|323.910004|2639600|0.9932635540|321.727997
2026-03-12|27|AXP|300.540009|304.839996|298.730011|301.890015|3602400|0.9941272834|300.117096
2026-03-12|28|BMY|59.169998|59.380001|58.320000|58.950001|10235100|0.9787458882|57.697071
2026-03-12|29|DD|45.380000|45.600001|44.700002|45.340001|5451300|2.9881422927|135.482376
2026-03-12|30|DE|591.460022|593.669983|582.309998|585.830017|1622500|0.9945059901|582.611511
2026-03-12|31|EMR|137.559998|138.139999|131.610001|132.179993|3356800|0.9926085470|131.202988
2026-03-12|32|ETN|352.170013|355.130005|345.440002|348.640015|2429200|0.9947965913|346.825867
2026-03-12|33|ETR|103.480003|106.080002|103.000000|104.519997|3066300|0.9886701734|103.335800
2026-03-12|34|F|11.930000|12.190000|11.850000|12.040000|51733900|0.9769709546|11.762730
2026-03-12|35|HAL|35.220001|36.029999|34.830002|34.840000|17702100|0.9957637679|34.692410
2026-03-12|36|LLY|993.450012|994.500000|973.159973|977.250000|2340100|0.9968530383|974.174683
2026-03-12|37|PCG|18.100000|18.260000|18.000000|18.070000|23202200|0.9942476518|17.966053
2026-03-12|38|PEP|158.869995|161.539993|158.690002|158.860001|6165600|0.9895884624|157.206024
2026-03-12|39|PFE|27.110001|27.120001|26.629999|26.860001|38542800|0.9668473999|25.969521
2026-03-12|40|TXN|193.649994|194.759995|189.750000|190.050003|8156800|0.9898764050|188.126022
2026-03-12|41|WFC|75.480003|75.540001|74.650002|75.250000|24794100|0.9886393471|74.395111
2026-03-12|42|HUBB|471.700012|475.019989|462.079987|468.410004|575361|0.9970037769|467.006561
2026-03-12|43|WMT|122.300003|125.389999|122.279999|125.330002|21751600|0.9936722171|124.536934
2026-03-12|44|AIG|77.449997|78.150002|76.290001|76.480003|5082800|0.9875732230|75.529602
2026-03-12|45|AVY|174.080002|174.080002|169.039993|171.009995|898700|0.9936321953|169.921036
2026-03-12|46|BAC|47.700001|47.779999|46.790001|47.130001|58354500|0.9948310871|46.886391
2026-03-12|47|BALL|61.459999|62.310001|60.849998|61.689999|2347000|0.9963416864|61.464317
2026-03-12|48|BDX|161.899994|163.139999|158.199997|159.630005|2885600|0.9929995336|158.512527
2026-03-12|49|CLX|112.000000|112.059998|108.510002|108.730003|1677400|0.9761478543|106.136566
2026-03-12|50|CMI|546.530029|550.210022|537.419983|538.750000|962600|0.9931721942|535.071533
2026-03-12|51|CMS|77.199997|77.489998|75.910004|76.779999|1928900|0.9843492113|75.578331
2026-03-12|52|CVS|76.809998|77.589996|75.989998|76.070000|7721000|0.9851999130|74.944160
2026-03-12|53|ECL|275.239990|278.380005|274.429993|275.890015|1503900|0.9946163507|274.404755
2026-03-12|54|ES|73.980003|74.570000|73.099998|73.209999|1998100|0.9882685720|72.351143
2026-03-12|55|EVRG|80.720001|82.669998|80.269997|81.739998|2507600|0.9834796618|80.389626
2026-03-12|56|GWW|1101.619995|1106.469971|1080.479980|1082.180054|185200|0.9960365882|1077.890869
2026-03-12|57|LNT|70.589996|72.370003|70.589996|71.570000|2503800|0.9850786184|70.502075
2026-03-12|58|MKC|59.439999|59.950001|57.290001|57.320000|5445700|0.9822640876|56.303379
2026-03-12|59|MRSH|173.240005|176.419998|170.839996|170.880005|3028600|0.9892843147|169.048904
2026-03-12|60|NEE|91.199997|92.730003|90.809998|91.730003|8730000|0.9927287582|90.383339
2026-03-12|61|NI|46.220001|47.160000|45.970001|46.689999|3606400|0.9871584841|46.090427
2026-03-12|62|PNW|99.980003|102.699997|99.739998|101.480003|1111600|0.9822795276|99.681725
2026-03-12|63|RVTY|88.309998|89.209999|84.529999|84.760002|1291600|0.9985919505|84.640663
2026-03-12|64|SNA|367.950012|370.140015|363.920013|364.209991|351600|0.9870969475|359.510559
2026-03-12|65|SPGI|428.499987|428.750012|418.330007|419.699998|2325800|0.9417621693|395.257568
2026-03-12|66|TER|295.500000|296.250000|283.640015|286.609985|2956400|0.9996224662|286.501770
2026-03-12|67|TGT|117.430000|117.910004|115.190002|115.750000|6215300|0.9830946401|113.793205
2026-03-12|68|TXT|91.410004|92.959999|91.080002|91.540001|1646400|0.9995682296|91.500473
2026-03-12|69|VMC|263.119995|267.809998|255.000000|263.809998|2890100|0.9961649269|262.798279
2026-03-12|70|XEL|80.639999|81.589996|80.139999|80.820000|5704300|0.9852321471|79.626457
2026-03-12|71|ITW|269.510010|271.600006|265.470001|265.619995|1598400|0.9877340632|262.361938
2026-03-12|72|CL|89.129997|89.809998|87.889999|87.949997|7912800|0.9881586198|86.908554
2026-03-12|73|EXC|48.599998|49.849998|48.430000|49.480000|11373900|0.9906832302|49.019009
2026-03-12|74|MDT|89.379997|90.169998|87.309998|87.379997|11033900|0.9830319865|85.897331
2026-03-12|75|BNY|115.279999|117.239998|114.580002|117.120003|4330600|0.9920974180|116.194450
2026-03-12|76|EIX|70.989998|71.980003|70.610001|70.959999|3102900|0.9764773062|69.290833
2026-03-12|77|FRT|106.330002|106.860001|105.330002|105.349998|636700|0.9803038504|103.275009
2026-03-12|78|PNR|89.650002|91.029999|88.209999|88.309998|1481600|0.9926207111|87.658333
2026-03-12|79|USB|51.130001|52.029999|51.099998|51.480000|11993400|0.9813809589|50.521496
2026-03-12|80|WY|23.020000|23.379999|22.930000|23.030001|7272800|0.9914979760|22.834200
2026-03-12|81|SYY|83.720001|85.879997|83.519997|84.910004|2959500|0.9859824728|83.719780
2026-03-12|82|WRB|67.339996|69.019997|66.959999|68.699997|1454200|0.9910634494|68.086060
2026-03-12|83|IFF|68.559998|70.610001|68.550003|70.010002|2296600|0.9889000540|69.232903
2026-03-12|84|TAP|44.520000|44.599998|43.169998|43.689999|3835500|0.9881685974|42.675652
2026-03-12|85|PNC|201.270004|203.850006|201.179993|202.690002|3025700|0.9845274632|199.553879
2026-03-12|86|TRV|295.339996|304.339996|293.660004|302.010010|1432300|0.9958368027|300.752686
2026-03-12|87|C|106.360001|107.000000|104.639999|105.500000|17487000|0.9902572054|104.472130
2026-03-12|88|FDX|355.689998|359.620008|352.280013|353.129981|1573100|0.8027880446|283.488525
2026-03-12|89|WDC|265.660004|268.799988|257.299988|261.179993|5426400|0.9997393571|261.111908
2026-03-12|90|DHR|193.169998|193.910004|186.179993|186.259995|5235300|0.9958070237|185.479004
2026-03-12|91|APA|33.200001|34.160000|32.900002|33.610001|9354600|0.9864084367|33.153187
2026-03-12|92|LUV|40.500000|40.700001|38.540001|38.610001|9838200|0.9956521741|38.442131
2026-03-12|93|PEG|82.440002|83.519997|82.059998|82.470001|2597700|0.9913815279|81.759239
2026-03-12|94|UNP|248.259995|248.809998|243.250000|244.100006|3028500|0.9948314607|242.838364
2026-03-12|95|ABT|109.779999|111.180000|108.070000|108.139999|10839800|0.9867277802|106.704750
2026-03-12|96|ADI|313.899994|314.369995|304.260010|307.269989|4826800|0.9972683702|306.430634
2026-03-12|97|ADM|71.500000|73.720001|70.519997|72.500000|5544300|0.9871845133|71.570885
2026-03-12|98|ADP|212.699997|216.000000|207.279999|207.449997|4174200|0.9843371720|204.200745
2026-03-12|99|AFL|109.000000|110.050003|108.400002|109.629997|2246200|0.9898631333|108.518700
2026-03-12|100|AMAT|344.190002|345.480011|334.010010|337.269989|5978200|0.9976914901|336.491425
2026-03-12|101|AMD|202.830002|203.619995|196.669998|197.740005|28886900|1.0000000000|197.740005
2026-03-12|102|APD|281.779999|292.589996|280.329987|290.480011|2780800|0.9876339339|286.887909
2026-03-12|103|BF-B|24.010000|24.120001|23.059999|23.070000|6821000|0.9913580245|22.870630
2026-03-12|104|CHD|99.269997|101.709999|98.540001|99.160004|2482300|0.9937159244|98.536873
2026-03-12|105|CINF|162.350006|166.059998|162.000000|164.229996|809200|0.9887134133|162.376404
2026-03-12|106|CMCSA|30.330000|30.570000|30.000000|30.160000|23947600|0.9752182964|29.412582
2026-03-12|107|D|62.049999|63.759998|61.950001|62.840000|4885800|0.9900860786|62.217010
2026-03-12|108|DOV|207.860001|208.440002|203.250000|203.800003|1255900|0.9975530563|203.301315
2026-03-12|109|DUK|130.000000|133.199997|129.960007|131.820007|5842300|0.9827918175|129.551636
2026-03-12|110|EFX|190.649994|193.979996|182.190002|182.460007|1997500|0.9965665237|181.833542
2026-03-12|111|EQT|64.260002|65.320000|63.570000|64.639999|9254000|0.9940720641|64.256813
2026-03-12|112|FITB|43.959999|44.540001|43.419998|43.590000|12594300|0.9840657827|42.895428
2026-03-12|113|GIS|40.160000|40.700001|39.290001|39.400002|11087300|0.9666684497|38.086739
2026-03-12|114|GPC|108.440002|109.330002|106.769997|107.010002|3482700|0.9892223458|105.856682
2026-03-12|115|HAS|97.620003|98.070000|94.309998|95.110001|2939900|0.9844894224|93.634789
2026-03-12|116|HBAN|15.330000|15.620000|15.240000|15.480000|53768500|0.9810694650|15.186955
2026-03-12|117|HRL|22.910000|23.190001|22.660000|22.700001|3805800|0.9742790885|22.116135
2026-03-12|118|HST|18.889999|18.990000|18.670000|18.700001|7887800|0.9529227702|17.819654
2026-03-12|119|HSY|217.009995|219.690002|214.660004|215.500000|1423300|0.9846288447|212.187515
2026-03-12|120|INTC|47.400002|47.439999|45.169998|45.250000|85110200|1.0000000000|45.250000
2026-03-12|121|J|131.410004|132.460007|128.940002|129.500000|949700|0.9944174758|128.777069
2026-03-12|122|JPM|282.829987|283.880005|279.100006|282.890015|13760500|0.9904464778|280.187439
2026-03-12|123|KMB|99.500000|100.680000|97.730003|97.820000|5602600|0.9864507253|96.494614
2026-03-12|124|L|107.940002|109.519997|107.309998|108.430000|815200|0.9988625697|108.306671
2026-03-12|125|LEN|95.410004|95.669998|92.169998|92.540001|6423800|0.9888298730|91.506317
2026-03-12|126|LOW|244.240005|245.869995|238.820007|239.449997|3008800|0.9891098782|236.842361
2026-03-12|127|MAS|61.869999|62.410000|60.509998|60.660000|2389500|0.9908891403|60.107334
2026-03-12|128|MTB|198.940002|201.639999|198.000000|198.199997|1249700|0.9930590903|196.824310
2026-03-12|129|NEM|116.919998|117.070000|113.720001|114.480003|8777400|0.9976704596|114.213318
2026-03-12|130|NTRS|137.979996|138.710007|136.610001|137.300003|1125000|0.9953773257|136.665314
2026-03-12|131|NUE|169.929993|169.929993|165.279999|165.669998|1275100|0.9941593298|164.702362
2026-03-12|132|OMC|79.000000|81.889999|77.019997|77.910004|5583000|0.9894221866|77.085884
2026-03-12|133|PCAR|117.330002|118.879997|116.680000|116.820000|2690600|0.9942707430|116.150711
2026-03-12|134|PGR|202.330002|205.289993|200.009995|205.179993|3680200|0.9990392069|204.982849
2026-03-12|135|PH|927.330017|929.500000|901.270020|902.169983|771100|0.9977448271|900.135437
2026-03-12|136|PHM|122.169998|122.629997|120.209999|120.459999|2015500|0.9957597479|119.949219
2026-03-12|137|PPG|102.919998|103.540001|100.639999|100.730003|2033400|0.9873814378|99.458939
2026-03-12|138|PPL|37.650002|38.599998|37.450001|38.070000|8034300|0.9920279720|37.766506
2026-03-12|139|RF|25.709999|25.760000|25.230000|25.320000|24667800|0.9905357143|25.080364
2026-03-12|140|ROL|56.240002|56.980000|55.389999|55.590000|3190700|0.9917679269|55.132378
2026-03-12|141|SHW|321.859985|324.890015|317.440002|317.700012|1549500|0.9951137391|316.147644
2026-03-12|142|STT|123.330002|123.879997|121.209999|123.209999|2570000|0.9884428745|121.786041
2026-03-12|143|SWK|72.510002|72.779999|70.570000|71.089996|1704000|0.9894240575|70.338150
2026-03-12|144|SYK|343.850006|346.660004|328.230011|337.209991|3547900|0.9946461548|335.404633
2026-03-12|145|TMO|491.000000|491.609985|474.000000|475.890015|2516300|0.9980119596|474.943909
2026-03-12|146|TPL|524.369995|540.039978|522.669983|528.969971|453700|0.9984732824|528.162415
2026-03-12|147|TSN|59.290001|61.130001|59.279999|61.029999|4385000|0.9916420846|60.519913
2026-03-12|148|TT|427.279999|429.100006|420.760010|421.820007|1181200|0.9977358979|420.864960
2026-03-12|149|TYL|348.489990|359.369995|345.029999|345.519989|361400|1.0000000000|345.519989
2026-03-12|150|UDR|35.750000|36.549999|35.680000|36.040001|3424300|0.9803230978|35.330845
2026-03-12|151|VTRS|13.770000|13.930000|13.620000|13.800000|13426700|0.9853197013|13.597412
2026-03-12|152|WEC|113.370003|116.010002|113.010002|115.050003|1750800|0.9829379991|113.087013
2026-03-12|153|WST|237.259995|240.440002|231.050003|231.089996|913700|0.9985945833|230.765213
2026-03-12|154|NDSN|271.010010|272.220001|267.630005|267.700012|278900|0.9941183690|266.125488
2026-03-12|155|TFC|44.639999|45.430000|44.130001|44.369999|14445700|0.9798350561|43.475281
2026-03-12|156|WELL|204.610001|207.190002|203.160004|206.199997|3064400|0.9928496012|204.725586
2026-03-12|157|AON|316.000000|323.260010|313.809998|315.910004|1866400|0.9951005240|314.362213
2026-03-12|158|GL|139.460007|141.029999|138.500000|138.770004|418200|0.9958260151|138.190781
2026-03-12|159|OKE|85.949997|87.330002|84.930000|84.930000|4135500|0.9765151605|82.935432
2026-03-12|160|KLAC|1465.000000|1469.989929|1396.009979|1409.570007|1259600|0.0997597720|140.618393
2026-03-12|161|CSX|39.570000|39.889999|39.169998|39.220001|12850100|0.9969438988|39.100140
2026-03-12|162|PSA|298.299988|301.309998|295.609985|297.739990|1062800|0.9808120164|292.026947
2026-03-12|163|NKE|55.279999|55.459999|54.029999|54.130001|18611800|0.9911312999|53.649940
2026-03-12|164|AAPL|258.660004|258.950012|254.179993|255.759995|40794000|0.9982185855|255.304382
2026-03-12|165|BRO|68.290001|69.160004|67.529999|67.650002|2845900|0.9947741799|67.296478
2026-03-12|166|UHS|185.139999|194.300003|183.179993|190.490005|1157500|0.9986223049|190.227570
2026-03-12|167|HD|346.040009|348.670013|338.700012|338.929993|3893600|0.9925551970|336.406738
2026-03-12|168|BAX|17.750000|18.280001|17.340000|18.010000|12051700|0.9994805195|17.993702
2026-03-12|169|COP|118.000000|120.989998|117.660004|120.260002|12766400|0.9860463925|118.581940
2026-03-12|170|GLW|130.199997|131.779999|126.900002|129.770004|8024000|0.9984696945|129.571411
2026-03-12|171|HUM|170.639999|170.940002|163.600006|163.669998|1810000|0.9926050698|162.459671
2026-03-12|172|LHX|361.880005|365.429993|356.980011|357.880005|1547500|0.9959648783|356.435913
2026-03-12|173|NOC|736.440002|746.179993|726.580017|736.299988|753200|0.9956180811|733.073608
2026-03-12|174|OXY|56.799999|59.150002|56.419998|58.410000|39396600|0.9954022988|58.141445
2026-03-12|175|ROK|365.000000|369.029999|356.820007|358.200012|1017900|0.9938632005|356.001831
2026-03-12|176|SLB|47.310001|47.310001|44.419998|44.560001|25983100|0.9947843000|44.327591
2026-03-12|177|SO|96.190002|98.769997|96.110001|97.839996|8656800|0.9836658196|96.241859
2026-03-12|178|WMB|74.500000|75.339996|73.519997|73.519997|5650400|0.9855810767|72.459915
2026-03-12|179|VLO|232.389999|240.270004|230.839996|235.809998|4990000|0.9914397807|233.791412
2026-03-12|180|CI|263.279999|268.880005|263.079987|265.880005|2086600|0.9942378017|264.347931
2026-03-12|181|NSC|295.329987|295.329987|290.220001|291.260010|1015000|0.9917671837|288.862122
2026-03-12|182|COO|72.879997|73.150002|70.220001|71.519997|3095200|1.0000000000|71.519997
2026-03-12|183|AMGN|373.510010|375.000000|367.760010|367.790009|1990500|0.9867386103|362.912598
2026-03-12|184|RJF|146.020004|147.449997|144.199997|144.580002|1221200|0.9927317770|143.529160
2026-03-12|185|WSM|182.589996|185.009995|175.350006|179.300003|1634700|0.9927167515|177.994125
2026-03-12|186|CAH|217.179993|221.279999|215.729996|219.089996|2053700|0.9954149217|218.085449
2026-03-12|187|CTAS|198.039993|200.080002|193.000000|193.259995|3086700|0.9947044338|192.236572
2026-03-12|188|PAYX|94.110001|95.839996|91.650002|91.669998|3994300|0.9771272923|89.573257
2026-03-12|189|BEN|24.299999|24.440001|23.740000|23.770000|4643200|0.9758021744|23.194818
2026-03-12|190|AOS|67.239998|68.169998|66.449997|66.570000|1496800|0.9883617008|65.795242
2026-03-12|191|CASY|683.979980|683.979980|668.880005|673.809998|390400|0.9985579358|672.838318
2026-03-12|192|T|27.049999|27.389999|26.730000|27.389999|32636100|0.9765662530|26.748148
2026-03-12|193|VZ|50.450001|50.950001|49.810001|50.630001|26296100|0.9686690897|49.043716
2026-03-12|194|JBHT|207.199997|207.770004|200.559998|201.130005|995200|0.9964612666|200.418243
2026-03-12|195|ATO|184.830002|188.800003|183.789993|186.789993|930600|0.9884163190|184.626266
2026-03-12|196|LRCX|213.669998|215.169998|208.000000|209.490005|9932900|0.9992960416|209.342545
2026-03-12|197|MU|410.000000|413.730011|396.670013|405.350006|31720900|0.9994263974|405.117462
2026-03-12|198|AJG|208.850006|211.869995|203.410004|204.210007|3725000|0.9966824645|203.532532
2026-03-12|199|AME|223.729996|224.300003|215.229996|215.570007|1738500|0.9969202115|214.906097
2026-03-12|200|SWKS|54.919998|56.410000|54.599998|55.200001|3166100|0.9913855858|54.724483
2026-03-12|201|EXPD|139.360001|143.899994|138.589996|142.229996|1744000|0.9948730934|141.500793
2026-03-12|202|UNH|284.779999|287.559998|276.290009|277.049988|10512300|0.9943209633|275.476624
2026-03-12|203|BBY|62.669998|64.489998|62.060001|62.599998|5446900|0.9720666083|60.851368
2026-03-12|204|DOC|17.059999|17.150000|16.870001|16.900000|6239300|0.9689596923|16.375420
2026-03-12|205|ADSK|250.710007|255.949997|249.240005|249.889999|1653500|1.0000000000|249.889999
2026-03-12|206|DVN|45.700001|46.410000|45.259998|46.189999|24014100|0.9877783076|45.625481
2026-03-12|207|NVR|6557.040039|6573.479980|6438.810059|6439.000000|33000|1.0000000000|6439.000000
2026-03-12|208|ROST|210.429993|213.169998|209.399994|209.839996|2283700|0.9959267541|208.985260
2026-03-12|209|JKHY|166.240005|170.570007|165.300003|166.339996|1016600|0.9955252350|165.595657
2026-03-12|210|MNST|76.699997|78.260002|76.349998|76.989998|6002800|0.5000000000|76.989998
2026-03-12|211|ORCL|164.660004|167.830002|158.610001|159.160004|37133700|0.9930647011|158.056198
2026-03-12|212|MSFT|404.630005|406.119995|401.709991|401.859985|27263900|0.9959638868|400.238007
2026-03-12|213|TROW|88.089996|89.290001|87.709999|87.910004|2527400|0.9736426638|85.592934
2026-03-12|214|COST|988.609985|1006.210022|984.000000|1003.320007|1669200|0.9969659831|1000.275940
2026-03-12|215|ADBE|273.350006|276.279999|269.200012|269.779999|10895000|1.0000000000|269.779999
2026-03-12|216|FISV|58.139999|58.830002|55.869999|56.070000|7679200|1.0000000000|56.070000
2026-03-12|217|BKR|58.080002|58.130001|55.189999|55.900002|14347000|0.9930140272|55.509487
2026-03-12|218|CDNS|290.929993|296.510010|289.190002|290.320007|2493100|1.0000000000|290.320007
2026-03-12|219|TJX|157.250000|158.179993|155.690002|155.789993|3664300|0.9936003560|154.792984
2026-03-12|220|FICO|1176.479980|1206.060059|1068.670044|1093.619995|969700|1.0000000000|1093.619995
2026-03-12|221|CCL|25.090000|25.240000|23.870001|23.920000|38826500|0.9887339129|23.650515
2026-03-12|222|FAST|46.259998|46.439999|45.220001|45.250000|7256200|0.9892709750|44.764511
2026-03-12|223|SCHW|91.820000|92.040001|90.510002|91.239998|9215100|0.9935274715|90.649437
2026-03-12|224|JCI|134.020004|134.479996|130.399994|130.940002|5125900|0.9941759575|130.177399
2026-03-12|225|COHR|244.800003|251.119995|239.080002|241.270004|5718800|1.0000000000|241.270004
2026-03-12|226|KEY|19.200001|19.350000|19.049999|19.219999|17049200|0.9901913874|19.031479
2026-03-12|227|MOS|31.049999|32.250000|30.280001|31.360001|28170200|0.9899359564|31.044392
2026-03-12|228|MGM|35.500000|36.880001|35.299999|36.299999|4450000|1.0000000000|36.299999
2026-03-12|229|WM|236.179993|242.240005|235.250000|238.610001|2579700|0.9917417797|236.639511
2026-03-12|230|TECH|52.820000|54.029999|49.860001|51.470001|3710200|0.9970482740|51.318077
2026-03-12|231|IEX|192.779999|193.149994|187.440002|188.110001|896100|0.9931996195|186.830765
2026-03-12|232|GEN|21.150000|21.580000|20.940001|21.000000|4757900|0.9903038605|20.796381
2026-03-12|233|CRH|102.190002|102.449997|99.320000|99.730003|6274300|0.9923991275|98.971970
2026-03-12|234|EOG|133.369995|136.139999|133.009995|133.039993|5809600|0.9849854996|131.042465
2026-03-12|235|PTC|159.240005|161.830002|157.270004|157.460007|664000|1.0000000000|157.460007
2026-03-12|236|CSCO|76.949997|78.129997|76.949997|77.739998|19969500|0.9909035959|77.032845
2026-03-12|237|LH|270.000000|272.570007|262.549988|262.910004|735100|0.9972597526|261.628632
2026-03-12|238|TRMB|66.730003|67.800003|65.739998|66.160004|2170100|1.0000000000|66.160004
2026-03-12|239|AZO|3700.479980|3724.820068|3612.000000|3614.270020|118000|1.0000000000|3614.270020
2026-03-12|240|REGN|764.059998|766.000000|744.000000|746.609985|630400|0.9973440317|744.627014
2026-03-12|241|IDXX|592.869995|596.239990|570.349976|571.210022|800600|1.0000000000|571.210022
2026-03-12|242|AES|14.230000|14.260000|14.220000|14.220000|8685500|0.9761125722|13.880322
2026-03-12|243|VRTX|489.970001|489.970001|476.570007|478.130005|1607700|1.0000000000|478.130005
2026-03-12|244|ZBRA|209.820007|211.949997|203.699997|204.050003|849300|1.0000000000|204.050003
2026-03-12|245|BIIB|187.860001|188.910004|184.630005|184.899994|851400|1.0000000000|184.899994
2026-03-12|246|ODFL|185.000000|185.949997|176.050003|176.240005|2473400|0.9987340667|176.016891
2026-03-12|247|APH|132.309998|132.490005|128.539993|131.470001|8937400|0.9965240421|131.013016
2026-03-12|248|KIM|23.020000|23.219999|22.910000|22.950001|5048800|0.9891711788|22.701481
2026-03-12|249|QCOM|133.470001|134.869995|130.610001|131.149994|9162800|0.9963201471|130.667374
2026-03-12|250|GILD|145.110001|146.949997|143.889999|145.210007|7006700|0.9878606941|143.447250
2026-03-12|251|ROP|352.470001|357.109985|346.440002|346.779999|1494900|0.9949619600|345.032898
2026-03-12|252|SNPS|431.869995|436.369995|418.359985|418.720001|1492900|1.0000000000|418.720001
2026-03-12|253|STZ|148.639999|149.869995|146.639999|148.320007|1596800|0.9856055004|146.185013
2026-03-12|254|BSX|69.629997|69.870003|67.559998|68.550003|12436600|1.0000000000|68.550003
2026-03-12|255|STE|220.339996|221.339996|212.169998|212.350006|1370900|0.9970332000|211.720001
2026-03-12|256|DHI|141.600006|141.600006|138.789993|139.039993|3089300|0.9940209933|138.208664
2026-03-12|257|LIN|480.390015|492.809998|477.529999|490.410004|2908500|0.9968477255|488.864105
2026-03-12|258|SBUX|101.019997|102.440002|99.889999|100.180000|12248300|0.9884945611|99.027382
2026-03-12|259|MS|154.369995|156.250000|152.800003|154.369995|11195700|0.9892093304|152.704239
2026-03-12|260|INTU|440.399994|450.649994|434.429993|435.130005|3543800|0.9925226498|431.876404
2026-03-12|261|MCHP|64.599998|65.129997|62.349998|62.730000|10756100|0.9890553567|62.043442
2026-03-12|262|CB|321.329987|330.690002|320.079987|329.559998|2014300|0.9939554166|327.567932
2026-03-12|263|ORLY|94.250000|95.629997|92.559998|92.980003|5801300|1.0000000000|92.980003
2026-03-12|264|RCL|281.000000|281.000000|265.500000|266.489990|2642300|0.9948418155|265.115387
2026-03-12|265|JBL|249.429993|255.250000|248.759995|252.139999|1313100|0.9995582709|252.028610
2026-03-12|266|ALL|203.509995|208.119995|203.029999|205.029999|1387400|0.9947595710|203.955551
2026-03-12|267|CPT|101.449997|102.940002|101.110001|101.739998|1171200|0.9801843508|99.723953
2026-03-12|268|VMRK|59.830002|61.020000|59.580002|60.270000|2093100|0.9778762777|58.936607
2026-03-12|269|IT|161.509995|167.660004|160.449997|160.589996|1999000|1.0000000000|160.589996
2026-03-12|270|DECK|100.949997|103.129997|100.360001|100.690002|2167100|1.0000000000|100.690002
2026-03-12|271|REG|77.300003|77.709999|76.440002|76.550003|1738600|0.9906432027|75.833740
2026-03-12|272|INCY|93.000000|93.449997|91.540001|92.029999|1947400|1.0000000000|92.029999
2026-03-12|273|SPG|188.220001|188.389999|185.770004|187.570007|2192000|0.9891482587|185.534546
2026-03-12|274|MAA|127.410004|129.309998|126.660004|127.750000|933900|0.9765831817|124.758507
2026-03-12|275|MLM|588.969971|601.570007|578.340027|587.369995|985000|0.9985730005|586.531799
2026-03-12|276|TSCO|49.340000|49.450001|48.049999|48.099998|6196300|0.9851405019|47.385254
2026-03-12|277|ALB|165.779999|165.779999|159.789993|163.889999|1479700|0.9949889134|163.068741
2026-03-12|278|CPRT|35.509998|36.009998|33.950001|33.970001|13883200|1.0000000000|33.970001
2026-03-12|279|FLEX|62.830002|64.480003|61.430000|63.299999|4627100|1.0000000000|63.299999
2026-03-12|280|ESS|248.940002|254.160004|248.509995|251.380005|485800|0.9806657936|246.519791
2026-03-12|281|O|64.550003|65.419998|64.339996|65.029999|6149100|0.9785744934|63.636707
2026-03-12|282|MCO|439.049988|439.049988|422.160004|426.470001|2460100|0.9955156672|424.557587
2026-03-12|283|SJM|106.349998|108.440002|105.970001|106.000000|1731700|0.9798392929|103.862961
2026-03-12|284|MCK|931.260010|949.859985|928.000000|944.359985|522900|0.9988955336|943.316956
2026-03-12|285|COF|177.880005|179.509995|176.360001|177.449997|6339600|0.9922218930|176.069778
2026-03-12|286|EME|711.419983|718.919983|701.830017|710.530029|276900|0.9989862194|709.809692
2026-03-12|287|DLTR|110.500000|112.730003|107.699997|111.699997|3726300|1.0000000000|111.699997
2026-03-12|288|COR|353.559998|358.109985|350.910004|352.649994|1023600|0.9957711437|351.158691
2026-03-12|289|DRI|201.440002|203.139999|198.229996|198.429993|1327400|0.9843985059|195.334183
2026-03-12|290|RMD|237.869995|238.800003|231.399994|232.410004|1333800|0.9941821390|231.057877
2026-03-12|291|WAB|243.270004|244.250000|239.940002|240.360001|844500|0.9977552294|239.820450
2026-03-12|292|FCX|60.639999|61.040001|58.900002|59.209999|17564000|0.9953868541|58.936855
2026-03-12|293|IVZ|23.100000|23.410000|22.670000|22.900000|5153500|0.9856541725|22.571480
2026-03-12|294|ACGL|93.910004|95.370003|93.260002|94.220001|2143000|1.0000000000|94.220001
2026-03-12|295|ERIE|240.649994|246.639999|240.649994|243.029999|238900|0.9885906317|240.257187
2026-03-12|296|EG|319.910004|326.250000|317.019989|322.339996|360300|0.9878843207|318.434631
2026-03-12|297|DVA|153.860001|157.199997|152.309998|153.059998|1329000|1.0000000000|153.059998
2026-03-12|298|HSIC|75.449997|76.989998|74.529999|74.970001|1711900|1.0000000000|74.970001
2026-03-12|299|EL|88.370003|89.250000|84.110001|84.290001|5679600|0.9961483439|83.965347
2026-03-12|300|WAT|293.540009|296.890015|283.269989|283.320007|1349700|1.0000000000|283.320007
2026-03-12|301|NTAP|97.150002|99.669998|96.790001|96.930000|2073200|0.9918913810|96.144028
2026-03-12|302|HIG|132.729996|135.389999|132.169998|134.410004|1864800|0.9952804215|133.775650
2026-03-12|303|IRM|106.870003|108.769997|105.870003|107.379997|1526700|0.9851777356|105.788376
2026-03-12|304|BRK-B|492.350006|493.399994|489.019989|491.890015|4170900|1.0000000000|491.890015
2026-03-12|305|FDS|206.229996|210.880005|202.460007|203.600006|983900|0.9951444118|202.611404
2026-03-12|306|STLD|181.220001|181.500000|174.559998|175.100006|1234800|0.9946588101|174.164764
2026-03-12|307|DGX|200.339996|203.000000|199.970001|200.880005|772800|0.9916252453|199.197678
2026-03-12|308|CIEN|344.260010|350.329987|329.410004|336.829987|2641100|1.0000000000|336.829987
2026-03-12|309|TTWO|210.679993|212.809998|208.169998|209.199997|1351900|1.0000000000|209.199997
2026-03-12|310|VTR|86.010002|86.879997|84.860001|86.199997|4145300|0.9878430433|85.152069
2026-03-12|311|AMZN|210.389999|211.710007|208.149994|209.529999|44349500|1.0000000000|209.529999
2026-03-12|312|ARE|49.779999|51.160000|49.450001|50.250000|2968000|0.9716953716|48.827694
2026-03-12|313|RL|333.309998|339.000000|330.000000|335.089996|454500|0.9948318200|333.358185
2026-03-12|314|BXP|51.450001|52.799999|50.779999|52.730000|3305800|0.9761958291|51.474804
2026-03-12|315|FIX|1390.839966|1405.859985|1353.819946|1373.760010|301400|0.9990909066|1372.511108
2026-03-12|316|YUM|155.419998|159.550003|155.000000|158.460007|1781000|0.9951301862|157.688339
2026-03-12|317|CHRW|173.410004|175.539993|170.919998|171.860001|1729100|0.9965870306|171.273453
2026-03-12|318|FE|50.630001|51.439999|50.529999|50.820000|3324600|0.9800753088|49.807426
2026-03-12|319|MTD|1212.000000|1223.500000|1163.930054|1168.000000|222700|1.0000000000|1168.000000
2026-03-12|320|PLD|132.899994|132.899994|130.000000|131.899994|4745800|0.9848712132|129.904510
2026-03-12|321|URI|766.510010|771.830017|733.599976|733.820007|861400|0.9962197184|731.045959
2026-03-12|322|AEE|109.349998|111.169998|109.059998|110.000000|1922900|0.9930004667|109.230049
2026-03-12|323|VRSN|236.750000|240.460007|235.020004|235.149994|788400|0.9944277890|233.839676
2026-03-12|324|PWR|562.469971|576.469971|559.880005|566.909973|952200|0.9996508742|566.712036
2026-03-12|325|AMT|181.059998|184.179993|179.600006|179.860001|3070400|0.9807453674|176.396881
2026-03-12|326|MAR|320.170013|320.959991|315.369995|316.309998|1608600|0.9960059445|315.046631
2026-03-12|327|CTSH|61.750000|63.099998|61.029999|61.180000|5774400|0.9872095485|60.397480
2026-03-12|328|SRE|92.419998|94.129997|91.949997|93.190002|3699000|0.9860298575|91.888130
2026-03-12|329|CSGP|45.009998|46.340000|43.290001|43.360001|6289500|1.0000000000|43.360001
2026-03-12|330|RSG|224.479996|229.199997|223.320007|225.779999|1040000|0.9942648020|224.485107
2026-03-12|331|CCI|87.379997|88.099998|86.010002|86.110001|2789800|0.9762634240|84.066048
2026-03-12|332|EBAY|90.610001|92.930000|89.930000|90.000000|3951900|0.9972353518|89.479134
2026-03-12|333|NVDA|184.050003|184.940002|181.750000|183.139999|155762700|0.9988358556|182.926804
2026-03-12|334|BKNG|4274.409866|4348.170090|4213.339996|4217.710114|258500|0.0398996955|168.285339
2026-03-12|335|GS|805.320007|807.210022|784.099976|787.520020|3533000|0.9956121536|784.064514
2026-03-12|336|FFIV|287.140015|289.820007|282.519989|282.690002|433100|1.0000000000|282.690002
2026-03-12|337|SBAC|187.889999|189.750000|184.270004|184.729996|745000|0.9805017315|181.128067
2026-03-12|338|LII|504.540009|506.250000|480.660004|482.299988|473100|0.9946881341|479.738068
2026-03-12|339|BLK|932.580017|944.099976|917.390015|922.900024|1133100|0.9943964168|917.728455
2026-03-12|340|TKO|202.059998|204.770004|200.020004|201.270004|2620800|0.9921219970|199.684402
2026-03-12|341|AKAM|105.489998|108.449997|104.370003|105.470001|3610400|1.0000000000|105.470001
2026-03-12|342|UPS|99.629997|99.629997|97.419998|97.889999|6366300|0.9679890039|94.756447
2026-03-12|343|A|113.510002|114.190002|110.889999|111.629997|2202800|0.9958080410|111.162048
2026-03-12|344|TDY|665.500000|668.340027|645.570007|646.570007|456400|1.0000000000|646.570007
2026-03-12|345|PKG|221.899994|222.070007|211.470001|214.039993|1415800|0.9876260349|211.391479
2026-03-12|346|EW|84.959999|85.510002|83.180000|84.610001|4224000|1.0000000000|84.610001
2026-03-12|347|MET|68.900002|69.639999|68.129997|68.790001|5062500|0.9862851080|67.846550
2026-03-12|348|ON|58.240002|58.930000|57.360001|57.689999|6692700|1.0000000000|57.689999
2026-03-12|349|ISRG|490.549988|491.549988|473.100006|479.269989|1805200|1.0000000000|479.269989
2026-03-12|350|CRL|166.070007|166.460007|151.889999|152.660004|1414800|1.0000000000|152.660004
2026-03-12|351|MRVL|89.849998|90.029999|87.370003|87.669998|16854400|0.9992531920|87.604523
2026-03-12|352|EQIX|961.190002|981.419983|955.549988|971.469971|756300|0.9903463937|962.091797
2026-03-12|353|TPR|143.360001|145.279999|141.580002|142.669998|2096700|0.9971524169|142.263733
2026-03-12|354|GRMN|232.479996|239.240005|230.830002|235.729996|800000|0.9917889977|233.794418
2026-03-12|355|GPN|72.000000|73.529999|70.239998|70.349998|3349700|0.9961797067|70.081238
2026-03-12|356|ALGN|172.800003|173.759995|165.729996|166.919998|1809900|1.0000000000|166.919998
2026-03-12|357|WTW|288.000000|293.010010|285.970001|286.630005|608900|0.9930717262|284.644135
2026-03-12|358|MDLZ|55.549999|55.970001|54.310001|54.349998|10232100|0.9831751096|53.435570
2026-03-12|359|AXON|514.989990|516.239990|490.019989|499.399994|1038600|1.0000000000|499.399994
2026-03-12|360|FIS|49.669998|51.250000|49.169998|49.259998|5617800|0.9887092639|48.703815
2026-03-12|361|ACN|201.000000|205.000000|195.479996|196.050003|7049600|0.9798095806|192.091660
2026-03-12|362|ZBH|94.000000|95.309998|92.360001|92.589996|3184500|0.9946488082|92.094528
2026-03-12|363|BG|123.610001|127.150002|121.430000|125.830002|3732100|0.9877945902|124.294197
2026-03-12|364|PFG|86.660004|87.750000|86.070000|86.190002|1412800|0.9920864700|85.507935
2026-03-12|365|ELV|292.000000|295.790009|283.100006|287.890015|2831500|0.9959475060|286.723328
2026-03-12|366|CNC|35.470001|35.840000|33.849998|34.570000|11106200|1.0000000000|34.570000
2026-03-12|367|PRU|93.610001|94.709999|92.190002|92.339996|2549100|0.9752946989|90.058708
2026-03-12|368|NFLX|94.860001|95.400002|93.870003|94.309998|34206900|1.0000000000|94.309998
2026-03-12|369|NDAQ|84.349998|85.449997|83.680000|84.059998|3878600|0.9932805958|83.495163
2026-03-12|370|WYNN|98.000000|99.680000|96.370003|98.790001|2594000|0.9949442808|98.290550
2026-03-12|371|CME|308.239990|312.510010|305.070007|311.190002|2449300|0.9948418839|309.584839
2026-03-12|372|STX|382.709991|385.000000|368.690002|373.980011|2058300|0.9975473958|373.062775
2026-03-12|373|NRG|146.600006|152.500000|146.250000|152.100006|2596700|0.9934205862|151.099289
2026-03-12|374|AIZ|213.559998|218.309998|212.869995|215.300003|383700|0.9965805324|214.563797
2026-03-12|375|CBRE|130.059998|133.300003|129.449997|131.839996|3557100|1.0000000000|131.839996
2026-03-12|376|CRM|194.130005|204.860001|193.149994|199.279999|26309700|0.9949373630|198.271103
2026-03-12|377|DPZ|391.690002|397.059998|389.049988|395.980011|1161100|0.9888611209|391.569244
2026-03-12|378|EXR|139.940002|141.600006|138.759995|140.179993|1504700|0.9779070040|137.082993
2026-03-12|379|GOOG|306.209991|308.640015|300.839996|303.209991|15610200|0.9993985127|303.027618
2026-03-12|380|GOOGL|306.820007|308.940002|301.029999|303.549988|24928300|0.9994030337|303.368774
2026-03-12|381|DLR|179.639999|181.240005|178.210007|180.399994|1878400|0.9866588059|177.993256
2026-03-12|382|MPWR|1045.939941|1049.430054|1021.780029|1033.880005|485600|0.9964842129|1030.245117
2026-03-12|383|LVS|53.650002|53.880001|52.950001|53.680000|3644900|0.9879067226|53.030834
2026-03-12|384|DXCM|65.650002|66.790001|65.169998|65.260002|5287800|1.0000000000|65.260002
2026-03-12|385|BLDR|90.150002|91.080002|86.180000|86.599998|3671700|1.0000000000|86.599998
2026-03-12|386|WBD|27.709999|27.809999|27.400000|27.430000|23863400|1.0000000000|27.430000
2026-03-12|387|EXPE|228.020004|230.979996|226.339996|227.649994|1283700|0.9964448664|226.840683
2026-03-12|388|CF|128.020004|137.440002|126.589996|136.000000|14110400|0.9908287958|134.752716
2026-03-12|389|AMP|441.500000|448.640015|439.390015|440.290009|632700|0.9932580907|437.321594
2026-03-12|390|ICE|157.860001|159.770004|156.970001|158.610001|3585900|0.9930916239|157.514267
2026-03-12|391|PSKY|9.850000|10.050000|9.790000|9.800000|10735700|0.9901049837|9.703029
2026-03-12|392|LYV|166.000000|166.029999|159.839996|160.320007|3149300|1.0000000000|160.320007
2026-03-12|393|CMG|33.439999|33.630001|32.520000|32.560001|20004300|1.0000000000|32.560001
2026-03-12|394|UAL|87.959999|88.379997|86.150002|86.529999|9756800|1.0000000000|86.529999
2026-03-12|395|TDG|1246.260010|1264.069946|1222.630005|1225.949951|603700|1.0000000000|1225.949951
2026-03-12|396|MA|500.000000|505.619995|496.290009|497.309998|2702500|0.9966137732|495.626038
2026-03-12|397|LDOS|173.309998|175.679993|172.160004|173.809998|1152800|0.9940154778|172.769836
2026-03-12|398|FSLR|199.740005|200.899994|196.490005|197.559998|1536500|1.0000000000|197.559998
2026-03-12|399|BR|184.089996|186.220001|177.279999|177.389999|1467600|0.9878384663|175.232666
2026-03-12|400|SMCI|31.660000|31.809999|30.799999|30.900000|16569400|1.0000000000|30.900000
2026-03-12|401|TMUS|212.990005|215.179993|211.139999|214.369995|3805600|0.9946034600|211.989639
2026-03-12|402|DAL|57.369999|58.470001|57.250000|57.939999|15013600|0.9948974393|57.644356
2026-03-12|403|IBKR|66.809998|67.290001|65.889999|66.919998|3988200|0.9989881568|66.852287
2026-03-12|404|PODD|237.509995|239.970001|234.000000|236.070007|850700|1.0000000000|236.070007
2026-03-12|405|TEL|204.880005|206.589996|197.149994|197.839996|2068800|0.9922749574|196.311676
2026-03-12|406|BX|104.580002|107.320000|101.730003|102.120003|15162000|0.9808140125|100.160728
2026-03-12|407|LULU|161.759995|163.029999|157.949997|158.190002|2787700|1.0000000000|158.190002
2026-03-12|408|ULTA|652.020020|655.200012|622.299988|624.700012|1519800|1.0000000000|624.700012
2026-03-12|409|MSCI|542.020020|551.950012|535.359985|536.349976|763300|0.9928506457|532.515442
2026-03-12|410|ECHO|110.410004|111.180000|107.430000|107.709999|6223300|1.0000000000|107.709999
2026-03-12|411|PM|164.259995|172.160004|163.320007|172.000000|6559900|0.9830023955|169.076416
2026-03-12|412|V|308.140015|310.950012|306.019989|306.500000|7514900|0.9960807290|305.298737
2026-03-12|413|AWK|134.529999|141.210007|133.039993|138.250000|2707100|0.9863367160|136.361053
2026-03-12|414|KDP|27.450001|27.639999|26.920000|26.930000|10743600|0.9842341174|26.505426
2026-03-12|415|SW|41.799999|41.869999|39.709999|39.709999|5971400|0.9797713221|38.906719
2026-03-12|416|AVGO|337.739990|339.829987|332.200012|335.970001|21982700|0.9963298147|334.736938
2026-03-12|417|VRSK|203.399994|207.520004|197.929993|198.039993|1288800|0.9947617775|197.002609
2026-03-12|418|DG|131.550003|140.009995|128.839996|135.949997|8687400|0.9902299309|134.621765
2026-03-12|419|FTNT|82.919998|85.070000|82.309998|84.400002|5220900|1.0000000000|84.400002
2026-03-12|420|CHTR|222.759995|227.500000|214.910004|215.080002|1490100|1.0000000000|215.080002
2026-03-12|421|FERG|229.179993|230.320007|219.029999|219.729996|1417000|0.9924610460|218.073471
2026-03-12|422|GNRC|205.190002|207.830002|200.130005|204.100006|1090800|1.0000000000|204.100006
2026-03-12|423|LYB|69.180000|74.540001|69.000000|74.330002|14875300|0.9795355103|72.808876
2026-03-12|424|CBOE|284.540009|290.309998|281.630005|290.250000|1100800|0.9979084359|289.642914
2026-03-12|425|TSLA|405.179993|406.500000|394.649994|395.010010|60973800|1.0000000000|395.010010
2026-03-12|426|KKR|85.430000|87.080002|82.669998|83.879997|13740100|0.9961485906|83.556938
2026-03-12|427|NXPI|196.149994|198.229996|190.169998|191.220001|3419800|0.9914738451|189.589630
2026-03-12|428|GM|73.239998|74.019997|73.099998|73.449997|7341000|0.9978370584|73.291130
2026-03-12|429|TRGP|235.330002|241.630005|235.279999|238.160004|1466700|0.9903678073|235.866013
2026-03-12|430|CPAY|325.429993|329.660004|321.040009|321.559998|817100|1.0000000000|321.559998
2026-03-12|431|KMI|33.380001|33.910000|33.029999|33.360001|14180700|0.9816636474|32.748302
2026-03-12|432|HCA|538.000000|556.520020|531.419983|532.580017|1515000|0.9965176399|530.725403
2026-03-12|433|HII|409.989990|417.000000|403.220001|414.559998|412900|0.9956995948|410.861115
2026-03-12|434|APO|103.599998|105.070000|100.150002|100.300003|7545800|0.9916121637|99.458702
2026-03-12|435|MPC|227.410004|236.110001|227.000000|230.070007|4233200|0.9934777159|228.569412
2026-03-12|436|XYL|121.239998|122.540001|119.870003|120.019997|1626400|0.9923180477|119.098007
2026-03-12|437|APTV|70.699997|71.470001|69.269997|70.070000|2914400|1.0000000000|70.070000
2026-03-12|438|PSX|169.550003|178.380005|169.500000|174.089996|6527700|0.9875507674|171.922714
2026-03-12|439|AMCR|42.279999|42.330002|40.080002|40.330002|7868400|0.9836148215|39.669186
2026-03-12|440|META|648.750000|653.500000|636.900024|638.179993|11617500|0.9982193806|637.043701
2026-03-12|441|NOW|115.279999|117.209999|112.419998|112.970001|18372100|1.0000000000|112.970001
2026-03-12|442|PANW|166.279999|168.740005|165.429993|168.119995|7961500|1.0000000000|168.119995
2026-03-12|443|FANG|178.410004|181.639999|176.899994|177.009995|4683900|0.9890830467|175.077591
2026-03-12|444|WDAY|137.279999|141.600006|133.850006|134.139999|4423000|1.0000000000|134.139999
2026-03-12|445|ABBV|225.119995|227.809998|223.570007|225.369995|7607000|0.9847626719|221.935959
2026-03-12|446|NCLH|19.900000|20.139999|19.400000|19.459999|30514900|1.0000000000|19.459999
2026-03-12|447|ZTS|118.870003|120.570000|115.230003|115.459999|3955100|0.9887765322|114.164139
2026-03-12|448|IQV|169.229996|172.770004|162.220001|162.929993|1844300|1.0000000000|162.929993
2026-03-12|449|NWS|27.330000|27.639999|26.600000|26.660000|1530000|1.0000000000|26.660000
2026-03-12|450|NWSA|23.920000|24.290001|23.530001|23.580000|3658700|1.0000000000|23.580000
2026-03-12|451|CDW|118.800003|120.430000|112.980003|113.480003|2174100|0.9893792048|112.274750
2026-03-12|452|VEEV|189.690002|192.259995|180.750000|180.789993|1592300|1.0000000000|180.789993
2026-03-12|453|ALLE|145.110001|147.699997|145.039993|145.850006|990300|0.9921390873|144.703491
2026-03-12|454|HLT|292.420013|296.339996|289.519989|294.260010|2118000|0.9990803866|293.989410
2026-03-12|455|ARES|100.449997|103.625000|95.800003|96.500000|8985900|0.9767290545|94.254356
2026-03-12|456|ANET|137.740005|137.779999|133.690002|134.029999|5494200|1.0000000000|134.029999
2026-03-12|457|SYF|63.689999|64.290001|63.080002|63.970001|4201700|0.9916769819|63.437576
2026-03-12|458|CFG|57.000000|57.884998|56.660999|56.939999|5438200|0.9864525111|56.168606
2026-03-12|459|KEYS|279.380005|288.459991|277.079987|282.779999|1629100|1.0000000000|282.779999
2026-03-12|460|GDDY|87.199997|88.459999|80.699997|80.750000|2171900|1.0000000000|80.750000
2026-03-12|461|KHC|23.059999|23.235001|22.270000|22.330000|19940000|0.9821984863|21.932491
2026-03-12|462|PYPL|45.299999|46.074001|44.340000|44.360001|15293100|0.9967143863|44.214252
2026-03-12|463|LITE|643.544983|664.994995|616.039978|616.090027|4922500|1.0000000000|616.090027
2026-03-12|464|HPE|21.150000|21.740000|21.150000|21.580000|21180600|0.9906947030|21.379192
2026-03-12|465|XYZ|63.700001|65.070000|59.744999|59.900002|8599800|1.0000000000|59.900002
2026-03-12|466|FTV|55.860001|56.450001|54.310001|54.889999|6102000|0.9979248563|54.776093
2026-03-12|467|DELL|147.149994|151.850006|147.089996|149.910004|7340900|0.9952707496|149.201035
2026-03-12|468|TTD|27.420000|28.080000|26.469999|26.525000|11827100|1.0000000000|26.525000
2026-03-12|469|VST|157.080002|163.199997|156.699997|159.580002|4053200|0.9972411805|159.139755
2026-03-12|470|HWM|251.539993|251.539993|239.600006|243.820007|2870400|0.9990766853|243.594894
2026-03-12|471|INVH|25.030001|25.405001|24.959999|25.110001|8189100|0.9779475029|24.556263
2026-03-12|472|CVNA|305.109997|306.509991|291.849995|292.639999|2138800|0.2000000000|58.528000
2026-03-12|473|IR|83.889999|84.459999|81.019997|81.169998|3345500|0.9994839545|81.128113
2026-03-12|474|VICI|28.330000|28.940001|28.165001|28.680000|9192100|0.9677245240|27.754341
2026-03-12|475|VRT|263.649994|271.440002|257.255005|265.380005|7465400|0.9995540701|265.261658
2026-03-12|476|MRNA|54.750000|55.020000|53.205002|53.389999|6333200|1.0000000000|53.389999
2026-03-12|477|FOXA|57.680000|58.130001|57.040001|57.740002|3584000|1.0000000000|57.740002
2026-03-12|478|FOX|52.369999|53.169998|52.230000|52.480000|1346900|1.0000000000|52.480000
2026-03-12|479|DOW|35.750000|37.680000|35.509998|37.580002|25159600|0.9899338512|37.201717
2026-03-12|480|UBER|74.870003|75.849998|72.589996|72.970001|17082700|1.0000000000|72.970001
2026-03-12|481|CTVA|78.919998|80.190002|78.675003|79.750000|3550300|0.9977005620|79.566620
2026-03-12|482|CRWD|441.000000|450.029999|438.329987|441.540009|2360000|0.2500000000|110.385002
2026-03-12|483|DDOG|126.449997|131.330002|126.449997|127.160004|3628200|1.0000000000|127.160004
2026-03-12|484|CARR|58.029999|58.430000|56.349998|56.490002|9301500|0.9928803129|56.087814
2026-03-12|485|OTIS|84.220001|84.300003|82.470001|82.629997|4350000|0.9879889159|81.637520
2026-03-12|486|PLTR|153.009995|155.880005|150.979996|153.500000|54409800|1.0000000000|153.500000
2026-03-12|487|DASH|167.705002|169.300003|161.449997|161.750000|3954200|1.0000000000|161.750000
2026-03-12|488|ABNB|132.449997|133.240005|126.114998|127.699997|4474200|1.0000000000|127.699997
2026-03-12|489|EXE|108.919998|109.099998|106.785004|107.830002|3880000|0.9880522369|106.541679
2026-03-12|490|COIN|196.130005|198.000000|192.460007|193.229996|7967100|1.0000000000|193.229996
2026-03-12|491|APP|462.480011|468.500000|448.600006|449.329987|5004700|1.0000000000|449.329987
2026-03-12|492|HOOD|77.334999|77.820000|75.070000|76.120003|22668300|1.0000000000|76.120003
2026-03-12|493|CEG|297.000000|309.279999|295.000000|301.549988|2750500|0.9969162535|300.620087
2026-03-12|494|GEHC|71.690002|72.150002|69.190002|70.330002|4776100|0.9989494212|70.256119
2026-03-12|495|KVUE|17.650000|17.785999|17.360001|17.389999|26380900|0.9772015009|16.993532
2026-03-12|496|VLTO|91.250000|91.739998|89.709999|89.760002|1697400|0.9970188523|89.492416
2026-03-12|497|RDDT|135.589996|139.792999|131.500000|132.250000|3330300|1.0000000000|132.250000
2026-03-12|498|SOLV|67.209999|68.669998|65.650002|66.120003|1722900|1.0000000000|66.120003
2026-03-12|499|GEV|844.130005|845.250000|819.099976|832.109985|2142900|0.9988852954|831.182434
2026-03-12|500|SNDK|647.000000|651.989990|612.210022|618.820007|17284100|1.0000000000|618.820007
2026-03-12|501|Q|113.500000|113.790001|105.410004|107.040001|2623300|0.9994967288|106.986137
