date|security_id|ticker|open|high|low|close|volume|adj_factor|adj_close_vendor
2025-09-25|1|AEP|109.330002|109.970001|107.779999|107.860001|2758000|0.9699113042|104.614624
2025-09-25|2|BA|214.869995|216.860001|211.979996|213.529999|6649300|1.0000000000|213.529999
2025-09-25|3|CAT|464.709991|468.000000|459.579987|463.720001|2979200|0.9910786923|459.583038
2025-09-25|4|CNP|39.189999|39.200001|38.220001|38.310001|9051900|0.9777626474|37.458088
2025-09-25|5|CVX|159.440002|161.009995|159.350006|160.720001|6311000|0.9620890936|154.626953
2025-09-25|6|DIS|112.709999|114.050003|112.650002|112.989998|6365500|0.9857264957|111.377235
2025-09-25|7|DTE|139.339996|139.839996|137.100006|137.660004|963000|0.9755422782|134.293152
2025-09-25|8|ED|99.500000|99.849998|98.230003|98.349998|1848500|0.9678975191|95.192726
2025-09-25|9|GD|325.320007|328.519989|322.500000|324.429993|1014000|0.9826639145|318.805664
2025-09-25|10|GE|298.500000|300.239990|294.869995|297.179993|4504500|0.9949472243|295.678436
2025-09-25|11|HON|208.900007|209.379998|207.300002|207.700000|4074000|0.9694785487|201.360703
2025-09-25|12|HPQ|27.070000|27.139999|26.730000|26.850000|10496600|0.9607551428|25.796276
2025-09-25|13|IBM|272.940002|284.230011|271.149994|281.440002|11506200|0.9746618623|274.308838
2025-09-25|14|IP|45.930000|46.049999|45.279999|45.320000|2390000|0.9527969504|43.180756
2025-09-25|15|JNJ|177.199997|178.399994|175.910004|177.729996|8475000|0.9779609434|173.812988
2025-09-25|16|KO|66.750000|66.919998|65.949997|65.980003|14395000|0.9799171123|64.654938
2025-09-25|17|KR|66.010002|66.500000|65.440002|65.489998|6037500|0.9778352350|64.038429
2025-09-25|18|LMT|489.579987|490.739990|484.059998|484.339996|1205700|0.9808408602|475.060455
2025-09-25|19|MMM|154.000000|154.000000|151.820007|153.029999|2949300|0.9818750293|150.256332
2025-09-25|20|MO|65.750000|65.989998|65.059998|65.190002|5747900|0.9516126626|62.035633
2025-09-25|21|MRK|79.779999|79.879997|77.580002|77.599998|14923800|0.9772081263|75.831345
2025-09-25|22|MSI|456.010010|457.829987|454.320007|455.730011|776700|0.9910852927|451.667358
2025-09-25|23|PG|153.229996|153.880005|151.779999|152.149994|7511400|0.9714333836|147.803589
2025-09-25|24|XOM|114.639999|115.900002|114.410004|115.589996|15012600|0.9718336400|112.334251
2025-09-25|25|RTX|162.139999|162.300003|159.690002|160.509995|3917700|0.9853742397|158.162415
2025-09-25|26|MCD|305.880005|306.329987|301.950012|302.299988|2558400|0.9818538696|296.814392
2025-09-25|27|AXP|336.910004|340.769989|334.000000|340.179993|2223900|0.9894167649|336.579773
2025-09-25|28|BMY|44.180000|44.459999|43.189999|43.410000|21345600|0.9541997897|41.421810
2025-09-25|29|DD|75.650001|75.890000|74.259998|74.550002|2392100|1.2389568992|92.364235
2025-09-25|30|DE|469.320007|470.739990|464.010010|466.700012|1343700|0.9876285285|460.926300
2025-09-25|31|EMR|130.080002|130.690002|129.339996|130.110001|1746600|0.9845366681|128.098083
2025-09-25|32|ETN|366.859985|368.160004|360.339996|364.739990|2029100|0.9889737586|360.718231
2025-09-25|33|ETR|91.250000|91.669998|90.209999|90.330002|2869700|0.9756994696|88.134941
2025-09-25|34|F|11.540000|11.650000|11.370000|11.620000|67656300|0.9554534458|11.102368
2025-09-25|35|HAL|24.150000|24.750000|24.100000|24.660000|14335000|0.9847026012|24.282766
2025-09-25|36|LLY|737.669983|740.000000|712.049988|714.590027|5136400|0.9937326373|710.111450
2025-09-25|37|PCG|14.680000|14.800000|14.400000|14.440000|16313900|0.9895107403|14.288534
2025-09-25|38|PEP|143.000000|143.419998|139.860001|139.919998|7101700|0.9713251717|135.907806
2025-09-25|39|PFE|24.090000|24.150000|23.580000|23.600000|56738300|0.9344639716|22.053349
2025-09-25|40|TXN|183.649994|183.660004|180.110001|182.039993|4042300|0.9747566992|177.444702
2025-09-25|41|WFC|83.690002|84.660004|83.559998|84.320000|8514900|0.9786587178|82.520508
2025-09-25|42|HUBB|425.390015|427.404999|418.190002|420.440002|577105|0.9910077151|416.659302
2025-09-25|43|WMT|103.220001|103.510002|102.580002|103.050003|13366700|0.9916508097|102.189613
2025-09-25|44|AIG|78.000000|78.470001|76.809998|77.099998|3001400|0.9824236525|75.744858
2025-09-25|45|AVY|160.979996|162.630005|158.509995|158.710007|458200|0.9833361967|156.065292
2025-09-25|46|BAC|51.480000|52.330002|51.439999|51.849998|22957900|0.9841245494|51.026855
2025-09-25|47|BALL|48.709999|48.709999|47.720001|48.470001|2970100|0.9893620930|47.954384
2025-09-25|48|BDX|185.160003|185.610005|178.110007|180.589995|1873200|0.7715067098|139.326401
2025-09-25|49|CLX|123.680000|123.930000|121.260002|122.709999|2043900|0.9554686115|117.245552
2025-09-25|50|CMI|413.529999|415.679993|410.220001|414.040009|848500|0.9855888256|408.073212
2025-09-25|51|CMS|71.940002|72.220001|69.820000|70.980003|4981800|0.9697049346|68.829659
2025-09-25|52|CVS|76.720001|76.790001|74.110001|74.610001|6884200|0.9692366143|72.314743
2025-09-25|53|ECL|267.170013|269.149994|266.299988|267.250000|1593400|0.9918356453|265.068085
2025-09-25|54|ES|68.709999|69.519997|68.430000|68.500000|3175500|0.9670826030|66.245155
2025-09-25|55|EVRG|74.000000|74.570000|73.449997|73.510002|3988000|0.9663059278|71.033157
2025-09-25|56|GWW|952.929993|959.320007|949.000000|951.710022|259300|0.9918044722|943.910278
2025-09-25|57|LNT|65.470001|65.940002|65.070000|65.199997|2234000|0.9698403407|63.233582
2025-09-25|58|MKC|65.589996|66.000000|64.540001|64.620003|3589200|0.9687082665|62.597931
2025-09-25|59|MRSH|200.770004|201.720001|197.330002|197.970001|2324500|0.9798864608|193.988113
2025-09-25|60|NEE|74.059998|74.910004|73.589996|74.650002|12916500|0.9793736752|72.564568
2025-09-25|61|NI|42.400002|42.540001|41.730000|41.820000|4781900|0.9739163964|40.729183
2025-09-25|62|PNW|87.360001|87.570000|85.919998|86.080002|1054500|0.9627257278|82.871437
2025-09-25|63|RVTY|83.919998|84.849998|82.470001|83.040001|910400|0.9972426702|82.811035
2025-09-25|64|SNA|338.559998|339.940002|335.750000|336.980011|289200|0.9736214558|328.090973
2025-09-25|65|SPGI|489.330002|490.699992|482.369988|484.940007|1933700|0.9377344841|454.744934
2025-09-25|66|TER|131.360001|133.149994|128.589996|132.869995|2655300|0.9984501140|132.664078
2025-09-25|67|TGT|87.809998|88.000000|86.529999|87.139999|8566300|0.9610823572|83.748718
2025-09-25|68|TXT|82.430000|82.860001|81.900002|82.349998|1236600|0.9993380469|82.295479
2025-09-25|69|VMC|291.769989|295.440002|290.029999|294.760010|463500|0.9925854203|292.574524
2025-09-25|70|XEL|78.160004|78.800003|76.940002|77.250000|10846000|0.9776860259|75.526245
2025-09-25|71|ITW|258.359985|259.579987|257.299988|257.890015|678600|0.9753490955|251.532791
2025-09-25|72|CL|81.260002|81.510002|79.290001|79.699997|6060000|0.9756036244|77.755592
2025-09-25|73|EXC|44.470001|44.669998|43.740002|43.779999|5140200|0.9737696536|42.631634
2025-09-25|74|MDT|95.269997|95.629997|92.720001|94.300003|7560800|0.9685091881|91.330429
2025-09-25|75|BNY|108.169998|109.470001|107.650002|109.080002|2961400|0.9828746130|107.211975
2025-09-25|76|EIX|54.820000|55.049999|53.889999|54.049999|3070900|0.9477686299|51.226898
2025-09-25|77|FRT|99.239998|99.910004|98.989998|99.089996|481000|0.9585027133|94.978027
2025-09-25|78|PNR|107.989998|108.610001|107.580002|108.309998|724600|0.9879062781|107.000122
2025-09-25|79|USB|49.040001|49.330002|48.810001|49.029999|7199000|0.9616675228|47.150558
2025-09-25|80|WY|24.500000|24.840000|24.070000|24.170000|4208800|0.9737086273|23.534538
2025-09-25|81|SYY|82.150002|82.209999|80.400002|81.120003|3910600|0.9724100270|78.881905
2025-09-25|82|WRB|75.000000|75.339996|74.190002|74.559998|2345900|0.9742469050|72.639854
2025-09-25|83|IFF|62.310001|62.470001|60.130001|60.299999|2428200|0.9763780056|58.875595
2025-09-25|84|TAP|45.430000|45.610001|44.299999|44.410000|3217800|0.9680101781|42.494015
2025-09-25|85|PNC|203.119995|204.220001|202.149994|202.740005|1043000|0.9681422743|196.281174
2025-09-25|86|TRV|278.690002|278.760010|274.029999|274.220001|876800|0.9883140678|271.015472
2025-09-25|87|C|101.029999|102.260002|100.150002|102.110001|11232900|0.9792834329|99.994629
2025-09-25|88|FDX|233.350000|236.719993|232.499994|236.420006|1768800|0.7954691757|188.064850
2025-09-25|89|WDC|106.620003|108.699997|106.290001|107.209999|8499400|0.9984583045|107.044708
2025-09-25|90|DHR|184.429993|185.080002|180.029999|181.460007|7433800|0.9926766998|180.131119
2025-09-25|91|APA|24.090000|24.500000|24.080000|24.340000|7391900|0.9662983352|23.519701
2025-09-25|92|LUV|32.880001|32.880001|31.660000|31.930000|9892700|0.9870678085|31.517076
2025-09-25|93|PEG|82.029999|82.279999|80.779999|80.879997|2627600|0.9756675447|78.911987
2025-09-25|94|UNP|231.050003|232.500000|230.479996|232.000000|6034400|0.9839040791|228.265732
2025-09-25|95|ABT|134.429993|134.429993|131.179993|133.309998|4963400|0.9774083434|130.298309
2025-09-25|96|ADI|247.570007|248.330002|243.520004|247.529999|2410900|0.9906566026|245.217239
2025-09-25|97|ADM|61.990002|62.279999|61.020000|61.070000|2939400|0.9716117081|59.336330
2025-09-25|98|ADP|291.899994|293.290009|287.660004|288.890015|1862800|0.9780151607|282.538818
2025-09-25|99|AFL|109.570000|110.110001|108.620003|109.480003|1913100|0.9795217260|107.238045
2025-09-25|100|AMAT|199.039993|200.720001|196.199997|199.600006|6027600|0.9944993487|198.502090
2025-09-25|101|AMD|157.139999|161.630005|154.779999|161.270004|36809900|1.0000000000|161.270004
2025-09-25|102|APD|271.260010|271.709991|265.320007|265.779999|1973500|0.9740417964|258.880829
2025-09-25|103|BF-B|27.650000|27.719999|26.730000|26.740000|3458800|0.9746521115|26.062199
2025-09-25|104|CHD|87.540001|87.610001|85.610001|85.839996|1817300|0.9872146942|84.742500
2025-09-25|105|CINF|154.830002|156.570007|154.119995|154.419998|380400|0.9835715596|151.883118
2025-09-25|106|CMCSA|31.710000|31.909999|31.520001|31.620000|19402700|0.8939029736|28.265209
2025-09-25|107|D|61.080002|61.119999|59.570000|59.669998|4096700|0.9687101350|57.802929
2025-09-25|108|DOV|166.080002|166.449997|163.699997|165.589996|1377800|0.9924896872|164.346359
2025-09-25|109|DUK|124.110001|124.300003|122.269997|122.320000|2285600|0.9660947366|118.172714
2025-09-25|110|EFX|255.960007|256.750000|247.289993|251.770004|1010400|0.9915561793|249.644104
2025-09-25|111|EQT|52.910000|54.959999|52.750000|53.930000|11605300|0.9883492503|53.301678
2025-09-25|112|FITB|45.160000|45.400002|44.889999|45.279999|3981900|0.9671869264|43.794224
2025-09-25|113|GIS|51.240002|51.320000|49.099998|49.430000|7408800|0.9414262429|46.534695
2025-09-25|114|GPC|138.009995|138.660004|135.970001|136.259995|941600|0.9724963604|132.512344
2025-09-25|115|HAS|75.160004|75.529999|74.459999|74.559998|1519900|0.9687474839|72.229805
2025-09-25|116|HBAN|17.280001|17.430000|17.160000|17.320000|25231600|0.9725023795|16.843740
2025-09-25|117|HRL|24.860001|24.860001|24.330000|24.410000|2907200|0.9501443377|23.193024
2025-09-25|118|HST|17.330000|17.530001|17.200001|17.320000|7980100|0.9239624647|16.003029
2025-09-25|119|HSY|192.339996|192.339996|185.110001|185.259995|1356600|0.9707271518|179.836914
2025-09-25|120|INTC|31.610001|34.250000|31.209999|33.990002|295709300|1.0000000000|33.990002
2025-09-25|121|J|146.470001|147.479996|144.649994|146.279999|616000|0.9894584622|144.737976
2025-09-25|122|JPM|314.119995|315.649994|311.799988|313.450012|7083200|0.9812283969|307.566040
2025-09-25|123|KMB|124.320000|124.500000|121.019997|121.720001|4024700|0.9627154389|117.181725
2025-09-25|124|L|99.320000|100.050003|98.760002|99.019997|865300|0.9977044368|98.792694
2025-09-25|125|LEN|124.150002|126.930000|123.779999|124.019997|3406100|0.9802617213|121.572052
2025-09-25|126|LOW|254.919998|257.429993|254.169998|255.529999|2877900|0.9798699778|250.386169
2025-09-25|127|MAS|70.889999|71.750000|70.260002|70.480003|1868800|0.9817399064|69.193039
2025-09-25|128|MTB|199.199997|199.970001|197.889999|198.789993|931600|0.9784172563|194.499573
2025-09-25|129|NEM|83.489998|84.000000|81.860001|83.669998|8930700|0.9927701446|83.065086
2025-09-25|130|NTRS|129.850006|131.639999|129.449997|131.380005|1216200|0.9838837164|129.262650
2025-09-25|131|NUE|135.809998|136.660004|134.699997|134.759995|1701200|0.9867766388|132.978027
2025-09-25|132|OMC|76.800003|76.849998|75.370003|75.879997|2613000|0.9700503706|73.607422
2025-09-25|133|PCAR|96.750000|97.320000|95.330002|95.570000|2481300|0.9759401745|93.270607
2025-09-25|134|PGR|241.119995|242.429993|238.589996|242.190002|2832400|0.9389929753|227.414688
2025-09-25|135|PH|741.520020|746.750000|738.380005|745.080017|402400|0.9937397742|740.415588
2025-09-25|136|PHM|128.539993|131.509995|128.179993|128.740005|2147900|0.9937132889|127.930649
2025-09-25|137|PPG|105.260002|105.440002|103.639999|103.919998|1954900|0.9744973374|101.269768
2025-09-25|138|PPL|36.560001|36.759998|36.099998|36.160000|3593500|0.9766950417|35.317295
2025-09-25|139|RF|26.540001|26.719999|26.370001|26.600000|13320300|0.9708879210|25.825621
2025-09-25|140|ROL|56.220001|56.990002|56.119999|56.439999|2039100|0.9856812639|55.631851
2025-09-25|141|SHW|341.119995|343.010010|338.989990|340.100006|1582400|0.9906031983|336.904205
2025-09-25|142|STT|113.000000|114.769997|112.800003|114.239998|1425400|0.9748965288|111.372169
2025-09-25|143|SWK|74.110001|74.529999|73.080002|73.449997|1188500|0.9672078260|71.041405
2025-09-25|144|SYK|367.899994|369.380005|362.000000|368.570007|1752400|0.9899211911|364.855255
2025-09-25|145|TMO|467.010010|468.760010|457.410004|459.220001|3229300|0.9972620730|457.962677
2025-09-25|146|TPL|934.829956|936.790009|918.730042|925.570038|98700|0.3318281124|307.130127
2025-09-25|147|TSN|54.750000|54.750000|53.700001|53.750000|2543500|0.9750492370|52.408897
2025-09-25|148|TT|402.109985|407.790009|399.220001|406.399994|1446700|0.9953350758|404.504150
2025-09-25|149|TYL|522.000000|526.599976|516.770020|522.219971|289000|1.0000000000|522.219971
2025-09-25|150|UDR|37.020000|37.180000|36.639999|36.709999|2292000|0.9573816019|35.145481
2025-09-25|151|VTRS|9.710000|9.710000|9.430000|9.490000|7761700|0.9657614708|9.165075
2025-09-25|152|WEC|112.489998|112.879997|110.919998|111.239998|2364600|0.9669333840|107.561661
2025-09-25|153|WST|258.640015|258.640015|252.690002|254.479996|745000|0.9968900108|253.688568
2025-09-25|154|NDSN|221.309998|222.869995|220.470001|221.520004|250700|0.9906696357|219.453140
2025-09-25|155|TFC|45.610001|46.020000|45.389999|45.740002|5384300|0.9589220174|43.861092
2025-09-25|156|WELL|171.460007|172.690002|170.889999|171.699997|2776300|0.9854911345|169.208832
2025-09-25|157|AON|355.459991|356.739990|349.149994|351.640015|1291100|0.9951005240|349.917206
2025-09-25|158|GL|143.289993|144.259995|142.130005|143.029999|382400|0.9919590983|141.879913
2025-09-25|159|OKE|73.349998|74.010002|73.050003|73.440002|3329500|0.9485114183|69.658684
2025-09-25|160|KLAC|1058.610001|1066.989975|1045.800018|1059.100037|710500|0.0994634319|105.341728
2025-09-25|161|CSX|34.040001|34.220001|33.709999|33.779999|20535900|0.9900119853|33.442604
2025-09-25|162|PSA|281.220001|282.630005|280.070007|280.260010|597900|0.9701110817|271.883331
2025-09-25|163|NKE|71.160004|71.160004|69.050003|69.239998|13075300|0.9783499344|67.740944
2025-09-25|164|AAPL|253.210007|257.170013|251.710007|256.869995|55202100|0.9963195807|255.924637
2025-09-25|165|BRO|93.550003|94.000000|91.800003|92.650002|2001300|0.9904200305|91.762413
2025-09-25|166|UHS|199.949997|200.149994|194.020004|197.619995|759600|0.9968342486|196.994370
2025-09-25|167|HD|406.649994|410.859985|405.609985|407.450012|2554300|0.9796274407|399.149200
2025-09-25|168|BAX|22.340000|22.430000|21.590000|21.709999|7394200|0.9984613291|21.668236
2025-09-25|169|COP|95.199997|97.070000|95.199997|96.809998|8076300|0.9694370271|93.851196
2025-09-25|170|GLW|78.080002|79.470001|77.050003|79.129997|8518700|0.9932214224|78.593605
2025-09-25|171|HUM|262.000000|263.290009|252.679993|254.429993|2208600|0.9857757655|250.810928
2025-09-25|172|LHX|286.589996|290.899994|286.000000|289.239990|1198900|0.9883920425|285.882538
2025-09-25|173|NOC|590.000000|593.750000|582.489990|585.770020|1073900|0.9884333448|578.994568
2025-09-25|174|OXY|46.660000|47.209999|46.459999|46.990002|7482300|0.9849760250|46.284023
2025-09-25|175|ROK|339.149994|341.079987|336.790009|340.029999|714500|0.9867997940|335.541565
2025-09-25|176|SLB|34.419998|34.799999|34.220001|34.590000|11619300|0.9812007073|33.939732
2025-09-25|177|SO|94.589996|95.059998|93.580002|93.690002|6968400|0.9680357165|90.695267
2025-09-25|178|WMB|62.799999|63.430000|62.180000|63.310001|8847000|0.9774919343|61.885014
2025-09-25|179|VLO|171.089996|176.020004|170.369995|174.419998|4094100|0.9792382128|170.798737
2025-09-25|180|CI|292.970001|293.010010|282.799988|284.059998|1571300|0.9832673314|279.306915
2025-09-25|181|NSC|293.910004|295.540009|293.540009|294.570007|1666900|0.9826794519|289.467926
2025-09-25|182|COO|67.720001|67.970001|66.559998|66.889999|3943400|1.0000000000|66.889999
2025-09-25|183|AMGN|279.000000|281.049988|270.640015|271.179993|2802700|0.9730085280|263.860443
2025-09-25|184|RJF|170.809998|173.729996|169.850006|171.889999|1308900|0.9865274707|169.574203
2025-09-25|185|WSM|197.940002|202.309998|196.240005|201.110001|1216500|0.9861134039|198.317261
2025-09-25|186|CAH|154.690002|154.929993|145.869995|148.960007|3164900|0.9897070842|147.426758
2025-09-25|187|CTAS|200.119995|203.589996|199.300003|202.050003|2066100|0.9900452227|200.038651
2025-09-25|188|PAYX|128.910004|129.300003|126.129997|126.690002|3168900|0.9578135440|121.345398
2025-09-25|189|BEN|23.440001|23.570000|23.340000|23.400000|3567000|0.9494134464|22.216276
2025-09-25|190|AOS|71.970001|72.150002|71.089996|71.400002|682400|0.9781906723|69.842812
2025-09-25|191|CASY|545.119995|547.909973|542.429993|543.130005|232800|0.9965302403|541.245483
2025-09-25|192|T|28.500000|28.750000|28.290001|28.299999|25658500|0.9549684422|27.025604
2025-09-25|193|VZ|43.240002|43.770000|43.240002|43.349998|19012200|0.9360588259|40.578152
2025-09-25|194|JBHT|132.869995|134.339996|131.130005|132.399994|1047200|0.9918818614|131.325165
2025-09-25|195|ATO|166.919998|168.860001|166.000000|166.460007|758700|0.9773427979|162.688477
2025-09-25|196|LRCX|126.440002|129.059998|125.019997|128.130005|9621700|0.9964597456|127.676392
2025-09-25|197|MU|157.389999|158.949997|154.649994|156.830002|32209200|0.9983975840|156.578674
2025-09-25|198|AJG|305.059998|306.890015|300.820007|303.079987|1366900|0.9910126646|300.356079
2025-09-25|199|AME|185.169998|185.869995|183.679993|184.389999|1112800|0.9953689352|183.536072
2025-09-25|200|SWKS|79.870003|79.970001|78.470001|79.360001|1547100|0.9685989226|76.868004
2025-09-25|201|EXPD|120.629997|121.550003|120.209999|121.230003|818800|0.9896583057|119.976280
2025-09-25|202|UNH|348.899994|350.190002|343.600006|345.559998|8104900|0.9800610506|338.669891
2025-09-25|203|BBY|73.500000|74.870003|73.470001|74.190002|3022900|0.9593973356|71.177696
2025-09-25|204|DOC|18.660000|18.680000|18.510000|18.540001|6464900|0.9405716583|17.438202
2025-09-25|205|ADSK|322.470001|322.970001|319.160004|320.170013|1057800|1.0000000000|320.170013
2025-09-25|206|DVN|35.070000|35.849998|35.029999|35.759998|6065400|0.9814598964|35.097004
2025-09-25|207|NVR|7993.859863|8025.319824|7906.520020|7906.689941|14200|1.0000000000|7906.689941
2025-09-25|208|ROST|150.070007|150.630005|147.770004|149.460007|2758400|0.9936631572|148.512894
2025-09-25|209|JKHY|151.500000|152.169998|148.300003|148.449997|1225400|0.9886171552|146.760208
2025-09-25|210|MNST|65.389999|65.550003|64.209999|64.589996|3132900|0.5000000000|64.589996
2025-09-25|211|ORCL|295.269989|298.750000|288.549988|291.329987|39274900|0.9887307780|288.046906
2025-09-25|212|MSFT|508.299988|510.010010|505.040009|507.029999|15786500|0.9918394551|502.892365
2025-09-25|213|TROW|103.019997|103.790001|102.690002|103.209999|1160200|0.9618549978|99.273056
2025-09-25|214|COST|952.450012|953.000000|935.619995|943.309998|2991500|0.9941992924|937.838196
2025-09-25|215|ADBE|351.910004|357.000000|351.500000|354.160004|3336700|1.0000000000|354.160004
2025-09-25|216|FISV|130.009995|130.770004|128.080002|128.660004|4520000|1.0000000000|128.660004
2025-09-25|217|BKR|49.680000|50.240002|49.500000|50.099998|6455300|0.9846041741|49.328671
2025-09-25|218|CDNS|352.519989|355.029999|350.029999|351.059998|1921200|1.0000000000|351.059998
2025-09-25|219|TJX|140.869995|141.570007|140.300003|141.460007|4120000|0.9879468300|139.754959
2025-09-25|220|FICO|1533.609985|1553.189941|1516.319946|1548.359985|173700|1.0000000000|1548.359985
2025-09-25|221|CCL|30.070000|30.730000|29.920000|30.480000|24816900|0.9841845235|29.997944
2025-09-25|222|FAST|47.599998|48.009998|47.419998|47.849998|4327700|0.9787399757|46.832706
2025-09-25|223|SCHW|92.389999|94.800003|92.000000|94.779999|9203700|0.9873800864|93.583878
2025-09-25|224|JCI|105.629997|106.000000|104.580002|105.769997|4860300|0.9941759575|105.153984
2025-09-25|225|COHR|102.720001|107.790001|102.139999|106.570000|2602600|1.0000000000|106.570000
2025-09-25|226|KEY|18.660000|18.900000|18.540001|18.809999|25725400|0.9696888308|18.239845
2025-09-25|227|MOS|36.139999|36.990002|34.200001|34.790001|9841100|0.9727377902|33.841549
2025-09-25|228|MGM|34.279999|34.709999|34.150002|34.480000|4074900|1.0000000000|34.480000
2025-09-25|229|WM|220.460007|221.619995|217.139999|217.160004|1900900|0.9879218676|214.537109
2025-09-25|230|TECH|50.779999|51.380001|50.130001|50.480000|2461400|0.9943671322|50.195656
2025-09-25|231|IEX|159.000000|159.740005|158.190002|159.279999|835600|0.9853525022|156.946945
2025-09-25|232|GEN|28.940001|28.940001|28.420000|28.500000|3245000|0.9804358251|27.942421
2025-09-25|233|CRH|109.209999|111.900002|109.209999|111.779999|3537700|0.9889154582|110.540962
2025-09-25|234|EOG|116.610001|118.110001|116.120003|117.300003|3810000|0.9664053429|113.359352
2025-09-25|235|PTC|202.399994|202.929993|200.320007|202.710007|490800|1.0000000000|202.710007
2025-09-25|236|CSCO|67.320000|68.239998|67.110001|67.849998|22351700|0.9797136141|66.473572
2025-09-25|237|LH|277.940002|279.230011|274.079987|276.140015|402100|0.9921089357|273.374908
2025-09-25|238|TRMB|79.070000|80.089996|78.279999|79.980003|1287500|1.0000000000|79.980003
2025-09-25|239|AZO|4176.890137|4176.890137|4090.169922|4136.069824|143000|1.0000000000|4136.069824
2025-09-25|240|REGN|577.299988|579.000000|549.200012|555.510010|1394200|0.9948983635|552.675964
2025-09-25|241|IDXX|620.929993|621.130005|613.280029|618.169983|380000|1.0000000000|618.169983
2025-09-25|242|AES|13.320000|13.360000|12.970000|13.030000|7644900|0.9525797478|12.412114
2025-09-25|243|VRTX|383.200012|387.480011|377.019989|381.869995|2635400|1.0000000000|381.869995
2025-09-25|244|ZBRA|304.600006|306.000000|299.250000|301.970001|396300|1.0000000000|301.970001
2025-09-25|245|BIIB|138.399994|140.669998|135.410004|135.669998|1260300|1.0000000000|135.669998
2025-09-25|246|ODFL|141.160004|142.210007|139.660004|140.429993|1923300|0.9953671039|139.779388
2025-09-25|247|APH|121.099998|122.379997|119.620003|122.330002|9004700|0.9946061744|121.670166
2025-09-25|248|KIM|21.639999|21.790001|21.450001|21.480000|2907200|0.9657396580|20.744089
2025-09-25|249|QCOM|171.210007|171.970001|167.940002|169.679993|8093700|0.9849314898|167.123154
2025-09-25|250|GILD|114.519997|115.250000|110.809998|110.989998|8355800|0.9813788839|108.923241
2025-09-25|251|ROP|506.220001|506.820007|492.250000|495.029999|949300|0.9912816468|490.714172
2025-09-25|252|SNPS|462.500000|487.589996|462.000000|487.200012|3647300|1.0000000000|487.200012
2025-09-25|253|STZ|133.750000|133.929993|131.860001|132.649994|2518300|0.9716065224|128.883606
2025-09-25|254|BSX|98.059998|98.300003|96.019997|98.139999|9434100|1.0000000000|98.139999
2025-09-25|255|STE|245.000000|245.639999|238.399994|244.190002|631700|0.9945039836|242.847931
2025-09-25|256|DHI|165.289993|168.940002|164.000000|165.000000|2440500|0.9881394354|163.043015
2025-09-25|257|LIN|474.130005|476.350006|469.910004|473.779999|1536700|0.9898650243|468.978271
2025-09-25|258|SBUX|84.540001|84.669998|82.889999|83.830002|8670500|0.9751160265|81.743988
2025-09-25|259|MS|157.389999|159.250000|156.630005|158.949997|5351100|0.9778330741|155.426559
2025-09-25|260|INTU|691.590027|695.789978|683.530029|692.679993|1548000|0.9888907264|684.984802
2025-09-25|261|MCHP|65.449997|65.449997|63.740002|64.839996|4621100|0.9744763190|63.185040
2025-09-25|262|CB|279.760010|281.040009|277.279999|278.299988|1312500|0.9939554166|276.617798
2025-09-25|263|ORLY|104.029999|105.120003|103.389999|104.580002|4415700|1.0000000000|104.580002
2025-09-25|264|RCL|322.929993|327.480011|319.700012|324.529999|1572300|0.9862054091|320.053253
2025-09-25|265|JBL|206.710007|213.220001|203.550003|210.199997|3241700|0.9988481715|209.957870
2025-09-25|266|ALL|209.429993|210.600006|208.169998|209.820007|1227000|0.9851043015|206.694595
2025-09-25|267|CPT|107.480003|107.839996|105.889999|106.050003|785500|0.9608575952|101.898949
2025-09-25|268|VMRK|64.470001|64.839996|63.619999|63.740002|2297200|0.9671264641|61.644646
2025-09-25|269|IT|260.829987|263.059998|257.170013|262.399994|1904100|1.0000000000|262.399994
2025-09-25|270|DECK|110.489998|110.830002|105.739998|105.830002|3089300|1.0000000000|105.830002
2025-09-25|271|REG|71.629997|71.849998|70.949997|71.070000|962300|0.9701425273|68.948029
2025-09-25|272|INCY|83.860001|84.449997|81.089996|81.660004|1488600|1.0000000000|81.660004
2025-09-25|273|SPG|183.089996|183.779999|182.479996|182.610001|1303600|0.9659807077|176.397736
2025-09-25|274|MAA|140.479996|141.690002|138.250000|138.740005|691900|0.9546815481|132.452530
2025-09-25|275|MLM|603.130005|610.849976|600.000000|608.059998|269600|0.9960197565|605.639771
2025-09-25|276|TSCO|57.099998|57.200001|56.230000|56.419998|4254600|0.9764906296|55.093590
2025-09-25|277|ALB|81.709999|87.300003|80.290001|84.830002|4456000|0.9919948535|84.150932
2025-09-25|278|CPRT|45.310001|45.349998|44.669998|44.889999|6877100|1.0000000000|44.889999
2025-09-25|279|FLEX|55.840000|56.610001|54.500000|56.500000|5292800|1.0000000000|56.500000
2025-09-25|280|ESS|264.459991|265.459991|263.200012|263.660004|430900|0.9616604752|253.551407
2025-09-25|281|O|60.200001|60.360001|59.490002|59.790001|4799300|0.9523910542|56.943462
2025-09-25|282|MCO|474.750000|476.790009|470.170013|472.690002|594500|0.9914008639|468.625275
2025-09-25|283|SJM|110.949997|111.000000|107.570000|107.860001|1652800|0.9604551346|103.594681
2025-09-25|284|MCK|762.599976|763.010010|715.309998|736.520020|1536700|0.9971371280|734.411499
2025-09-25|285|COF|223.050003|223.690002|219.660004|222.460007|3083600|0.9846948620|219.055237
2025-09-25|286|EME|615.400024|628.000000|609.000000|625.000000|357400|0.9980200530|623.762573
2025-09-25|287|DLTR|95.900002|96.639999|93.790001|94.029999|3383800|1.0000000000|94.029999
2025-09-25|288|COR|310.000000|310.000000|289.809998|298.820007|1988200|0.9924371875|296.560089
2025-09-25|289|DRI|186.779999|187.460007|183.080002|187.020004|1593400|0.9692558966|181.270233
2025-09-25|290|RMD|268.660004|268.890015|264.140015|267.309998|881400|0.9895309167|264.511505
2025-09-25|291|WAB|191.860001|194.880005|190.470001|194.520004|936400|0.9953491745|193.615326
2025-09-25|292|FCX|37.529999|37.529999|35.150002|35.340000|86778600|0.9893641669|34.964130
2025-09-25|293|IVZ|21.920000|22.389999|21.900000|22.360001|3056000|0.9692003654|21.671322
2025-09-25|294|ACGL|91.000000|91.580002|88.769997|89.570000|2230400|1.0000000000|89.570000
2025-09-25|295|ERIE|315.260010|317.279999|310.489990|312.950012|119900|0.9792544909|306.457703
2025-09-25|296|EG|344.700012|349.149994|341.950012|345.209991|409900|0.9878843207|341.027557
2025-09-25|297|DVA|133.419998|133.800003|129.729996|130.270004|591500|1.0000000000|130.270004
2025-09-25|298|HSIC|67.019997|67.070000|65.400002|65.639999|1207100|1.0000000000|65.639999
2025-09-25|299|EL|84.449997|84.790001|83.120003|83.989998|4390800|0.9893232983|83.093262
2025-09-25|300|WAT|290.230011|290.230011|285.679993|287.790009|470900|1.0000000000|287.790009
2025-09-25|301|NTAP|121.870003|122.000000|119.620003|120.779999|1867700|0.9828001938|118.702599
2025-09-25|302|HIG|132.279999|133.860001|131.070007|131.570007|1744600|0.9867007020|129.820221
2025-09-25|303|IRM|100.580002|102.129997|100.379997|100.800003|1287500|0.9749654551|98.276520
2025-09-25|304|BRK-B|496.149994|499.000000|494.730011|494.959991|4056100|1.0000000000|494.959991
2025-09-25|305|FDS|286.899994|287.690002|282.010010|283.859985|670700|0.9861098905|279.917145
2025-09-25|306|STLD|135.759995|138.250000|134.869995|136.089996|929200|0.9881804292|134.481461
2025-09-25|307|DGX|186.710007|187.259995|183.619995|185.389999|657800|0.9827524115|182.192459
2025-09-25|308|CIEN|134.509995|137.610001|133.669998|137.169998|2808100|1.0000000000|137.169998
2025-09-25|309|TTWO|244.089996|246.130005|242.619995|245.110001|1188900|1.0000000000|245.110001
2025-09-25|310|VTR|68.730003|68.919998|68.110001|68.180000|2937300|0.9750191622|66.476807
2025-09-25|311|AMZN|220.059998|220.669998|216.470001|218.149994|52226300|1.0000000000|218.149994
2025-09-25|312|ARE|85.510002|85.779999|84.099998|84.160004|1074300|0.9425806495|79.327591
2025-09-25|313|RL|307.959991|307.959991|299.980011|302.890015|623000|0.9893282798|299.657654
2025-09-25|314|BXP|74.800003|75.489998|73.739998|75.360001|5472200|0.9573561810|72.146362
2025-09-25|315|FIX|776.289978|789.669983|757.000000|781.880005|469700|0.9979565203|780.282166
2025-09-25|316|YUM|149.309998|151.089996|149.309998|150.410004|1442600|0.9858960568|148.288620
2025-09-25|317|CHRW|133.080002|134.500000|132.399994|133.839996|1875500|0.9892308245|132.398651
2025-09-25|318|FE|44.240002|44.580002|43.869999|44.240002|5207700|0.9613759059|42.531273
2025-09-25|319|MTD|1232.199951|1232.199951|1199.719971|1209.540039|164000|1.0000000000|1209.540039
2025-09-25|320|PLD|112.919998|113.760002|112.599998|113.209999|2596400|0.9772581725|110.635399
2025-09-25|321|URI|919.250000|932.409973|913.590027|931.250000|392200|0.9918999023|923.706787
2025-09-25|322|AEE|101.290001|101.709999|100.570000|100.779999|1120200|0.9792499824|98.688812
2025-09-25|323|VRSN|285.149994|286.519989|282.899994|283.690002|534100|0.9876930267|280.198639
2025-09-25|324|PWR|397.070007|402.869995|389.700012|400.410004|1009200|0.9991491848|400.069305
2025-09-25|325|AMT|194.429993|197.410004|193.139999|193.710007|3022700|0.9628069961|186.505356
2025-09-25|326|MAR|260.950012|262.250000|258.890015|260.899994|1194600|0.9917417055|258.745392
2025-09-25|327|CTSH|68.129997|68.279999|66.230003|66.669998|4202500|0.9779331176|65.198807
2025-09-25|328|SRE|87.169998|87.650002|86.059998|86.489998|3868500|0.9718725927|84.057266
2025-09-25|329|CSGP|84.050003|84.419998|82.910004|83.089996|3275500|1.0000000000|83.089996
2025-09-25|330|RSG|228.020004|229.009995|226.470001|226.860001|1443400|0.9886066709|224.275314
2025-09-25|331|CCI|94.160004|95.320000|93.709999|93.980003|2579500|0.9648543647|90.677025
2025-09-25|332|EBAY|93.449997|94.379997|92.410004|93.110001|6426200|0.9904184858|91.938332
2025-09-25|333|NVDA|174.479996|180.259995|173.130005|177.690002|191586700|0.9987261828|177.463669
2025-09-25|334|BKNG|5522.990036|5582.189941|5454.000092|5575.730133|245200|0.0397328628|221.539719
2025-09-25|335|GS|786.000000|798.179993|782.010010|794.760010|1413100|0.9855142723|783.247314
2025-09-25|336|FFIV|321.709991|324.459991|318.769989|324.000000|289200|1.0000000000|324.000000
2025-09-25|337|SBAC|196.160004|197.830002|194.880005|195.429993|966200|0.9751039390|190.564545
2025-09-25|338|LII|520.250000|522.440002|510.230011|516.179993|509500|0.9895934539|510.808258
2025-09-25|339|BLK|1122.680054|1149.119995|1118.000000|1147.290039|680300|0.9841011192|1129.049316
2025-09-25|340|TKO|195.990005|196.570007|194.660004|195.789993|912600|0.9884090368|193.520615
2025-09-25|341|AKAM|75.889999|76.000000|74.930000|75.379997|1243700|1.0000000000|75.379997
2025-09-25|342|UPS|83.800003|83.989998|82.360001|82.580002|9021100|0.9383630641|77.490028
2025-09-25|343|A|123.660004|123.660004|120.779999|121.889999|1411800|0.9920393505|120.919678
2025-09-25|344|TDY|562.559998|568.330017|559.320007|566.000000|308800|1.0000000000|566.000000
2025-09-25|345|PKG|214.089996|215.119995|212.369995|213.139999|600000|0.9816059808|209.219513
2025-09-25|346|EW|74.500000|75.529999|73.699997|75.269997|6333000|1.0000000000|75.269997
2025-09-25|347|MET|80.739998|81.230003|79.839996|80.279999|2600700|0.9722454281|78.051857
2025-09-25|348|ON|50.310001|50.310001|49.200001|49.770000|7393100|1.0000000000|49.770000
2025-09-25|349|ISRG|440.390015|442.170013|433.429993|438.119995|3129000|1.0000000000|438.119995
2025-09-25|350|CRL|148.389999|148.389999|144.259995|145.570007|884200|1.0000000000|145.570007
2025-09-25|351|MRVL|78.110001|84.459999|76.320000|83.809998|43286000|0.9978740377|83.631821
2025-09-25|352|EQIX|789.789978|792.000000|782.039978|782.880005|337800|0.9790491812|766.478027
2025-09-25|353|TPR|111.620003|112.000000|106.260002|107.800003|4191200|0.9910289553|106.832924
2025-09-25|354|GRMN|236.000000|237.289993|235.000000|236.699997|536000|0.9875544034|233.754135
2025-09-25|355|GPN|86.389999|87.089996|84.779999|84.900002|2184700|0.9898898052|84.041649
2025-09-25|356|ALGN|125.739998|126.660004|122.000000|124.879997|1623300|1.0000000000|124.879997
2025-09-25|357|WTW|344.700012|345.420013|335.779999|338.029999|543800|0.9876703786|333.862213
2025-09-25|358|MDLZ|64.680000|64.949997|62.540001|62.560001|8679400|0.9664286986|60.459785
2025-09-25|359|AXON|696.969971|723.150024|694.539978|712.150024|974700|1.0000000000|712.150024
2025-09-25|360|FIS|64.120003|65.000000|63.650002|63.790001|4264900|0.9743297530|62.152500
2025-09-25|361|ACN|238.490005|242.000000|229.399994|232.559998|10401100|0.9798095806|227.864502
2025-09-25|362|ZBH|98.059998|98.379997|96.220001|96.970001|1060000|0.9895894440|95.960487
2025-09-25|363|BG|79.400002|80.180000|78.820000|79.389999|1551800|0.9749906568|77.404503
2025-09-25|364|PFG|81.690002|82.220001|81.070000|81.500000|891200|0.9740293311|79.383385
2025-09-25|365|ELV|326.000000|328.040009|315.519989|316.700012|1860700|0.9847701459|311.876709
2025-09-25|366|CNC|34.490002|34.700001|33.619999|34.389999|15097200|1.0000000000|34.389999
2025-09-25|367|PRU|103.070000|103.769997|102.260002|102.620003|1219600|0.9496925157|97.457443
2025-09-25|368|NFLX|1203.089981|1216.839981|1191.510010|1208.239975|1997800|0.1000000000|120.823997
2025-09-25|369|NDAQ|86.720001|87.669998|86.470001|86.730003|2799100|0.9903103249|85.889610
2025-09-25|370|WYNN|125.489998|126.220001|124.400002|125.839996|1143200|0.9907231274|124.672600
2025-09-25|371|CME|265.609985|271.220001|264.739990|268.730011|2367100|0.9671562481|259.903900
2025-09-25|372|STX|219.949997|222.529999|216.009995|219.850006|4200900|0.9918108479|218.049606
2025-09-25|373|NRG|160.960007|164.960007|157.899994|162.960007|2226400|0.9877934975|160.970840
2025-09-25|374|AIZ|215.389999|216.570007|212.100006|216.000000|480400|0.9887198190|213.563492
2025-09-25|375|CBRE|156.009995|157.350006|155.080002|156.300003|1334300|1.0000000000|156.300003
2025-09-25|376|CRM|244.500000|244.660004|239.490005|240.949997|8145500|0.9933339931|239.343811
2025-09-25|377|DPZ|427.329987|427.640015|420.230011|422.750000|565100|0.9848757173|416.356232
2025-09-25|378|EXR|137.669998|138.779999|137.279999|137.710007|800300|0.9661267437|133.045319
2025-09-25|379|GOOG|244.839996|247.315002|241.649994|246.570007|17379800|0.9980438060|246.087677
2025-09-25|380|GOOGL|244.399994|246.490005|240.740005|245.789993|31020400|0.9980471771|245.310013
2025-09-25|381|DLR|172.000000|172.610001|170.649994|171.360001|1272600|0.9788235933|167.731201
2025-09-25|382|MPWR|897.650024|898.190002|872.289978|891.390015|336500|0.9930512692|885.195984
2025-09-25|383|LVS|52.889999|53.410000|52.529999|53.060001|2735700|0.9787990268|51.935081
2025-09-25|384|DXCM|66.699997|68.570000|65.500000|68.300003|6570200|1.0000000000|68.300003
2025-09-25|385|BLDR|117.190002|119.309998|116.779999|116.910004|1932900|1.0000000000|116.910004
2025-09-25|386|WBD|19.620001|20.240000|19.500000|19.780001|41453600|1.0000000000|19.780001
2025-09-25|387|EXPE|214.630005|217.460007|212.539993|215.190002|1585400|0.9926306212|213.604202
2025-09-25|388|CF|91.739998|93.080002|88.080002|89.709999|4369500|0.9797238699|87.891029
2025-09-25|389|AMP|491.000000|496.250000|488.260010|491.950012|382300|0.9868973539|485.504120
2025-09-25|390|ICE|167.059998|167.830002|165.449997|167.279999|2977400|0.9901381914|165.630325
2025-09-25|391|PSKY|18.730000|19.340000|18.600000|18.930000|7548200|0.9863259572|18.671150
2025-09-25|392|LYV|161.160004|162.880005|159.949997|161.990005|1969300|1.0000000000|161.990005
2025-09-25|393|CMG|39.360001|39.500000|38.820000|39.330002|16684200|1.0000000000|39.330002
2025-09-25|394|UAL|99.849998|100.769997|98.570000|99.150002|4082600|1.0000000000|99.150002
2025-09-25|395|TDG|1296.900024|1296.900024|1268.890015|1290.000000|307900|1.0000000000|1290.000000
2025-09-25|396|MA|565.000000|572.390015|564.570007|567.299988|2700600|0.9938070309|563.786682
2025-09-25|397|LDOS|187.289993|188.369995|179.199997|182.360001|1041600|0.9917626624|180.857849
2025-09-25|398|FSLR|214.690002|225.320007|211.009995|223.050003|2051700|1.0000000000|223.050003
2025-09-25|399|BR|236.220001|237.110001|233.800003|234.880005|641100|0.9836780236|231.046295
2025-09-25|400|SMCI|45.060001|47.160000|44.200001|46.240002|24372200|1.0000000000|46.240002
2025-09-25|401|TMUS|240.169998|242.309998|237.240005|237.940002|3824400|0.9849640725|233.017502
2025-09-25|402|DAL|57.250000|57.560001|56.349998|56.740002|6781400|0.9891783114|56.125980
2025-09-25|403|IBKR|63.509998|65.500000|62.860001|64.970001|3126800|0.9966884542|64.754852
2025-09-25|404|PODD|324.500000|324.500000|312.589996|323.579987|745500|1.0000000000|323.579987
2025-09-25|405|TEL|211.800003|214.710007|210.800003|214.470001|2108300|0.9892434805|212.163040
2025-09-25|406|BX|175.000000|176.949997|173.889999|175.600006|3744100|0.9610163599|168.754486
2025-09-25|407|LULU|177.110001|177.820007|171.009995|172.009995|6628800|1.0000000000|172.009995
2025-09-25|408|ULTA|539.369995|540.179993|532.419983|539.479980|507900|1.0000000000|539.479980
2025-09-25|409|MSCI|564.000000|566.640015|559.049988|564.659973|484800|0.9858483453|556.669128
2025-09-25|410|ECHO|72.629997|75.110001|72.040001|73.139999|3633200|1.0000000000|73.139999
2025-09-25|411|PM|164.440002|165.259995|163.320007|164.000000|4295600|0.9650495005|158.268112
2025-09-25|412|V|338.350006|340.200012|334.510010|334.929993|5398700|0.9920658607|332.272614
2025-09-25|413|AWK|137.660004|138.130005|135.029999|135.100006|1433300|0.9734433274|131.512207
2025-09-25|414|KDP|26.389999|26.480000|25.670000|25.750000|20503100|0.9674331941|24.911404
2025-09-25|415|SW|42.500000|43.000000|42.139999|42.279999|4076300|0.9711821711|41.061581
2025-09-25|416|AVGO|332.989990|338.059998|327.299988|336.100006|21678200|0.9944270811|334.226959
2025-09-25|417|VRSK|244.000000|246.029999|240.889999|244.059998|1615700|0.9927002374|242.278427
2025-09-25|418|DG|104.919998|105.930000|102.589996|102.849998|2467900|0.9800962717|100.802902
2025-09-25|419|FTNT|82.959999|83.400002|81.760002|83.209999|4756400|1.0000000000|83.209999
2025-09-25|420|CHTR|262.480011|271.149994|260.100006|270.570007|2050700|1.0000000000|270.570007
2025-09-25|421|FERG|224.690002|226.949997|223.740005|225.369995|1281600|0.9811984638|221.132690
2025-09-25|422|GNRC|163.619995|165.509995|161.679993|164.259995|1283800|1.0000000000|164.259995
2025-09-25|423|LYB|51.029999|51.150002|48.939999|48.980000|5703700|0.9407211657|46.076523
2025-09-25|424|CBOE|243.169998|245.889999|239.199997|243.990005|1124800|0.9954503651|242.879944
2025-09-25|425|TSLA|435.239990|435.350006|419.079987|423.390015|96746400|1.0000000000|423.390015
2025-09-25|426|KKR|135.399994|138.509995|134.679993|135.660004|5106900|0.9928030964|134.683670
2025-09-25|427|NXPI|224.990005|227.429993|222.000000|226.809998|2116700|0.9870653625|223.876297
2025-09-25|428|GM|59.529999|60.630001|59.110001|60.590000|7740100|0.9934966717|60.195965
2025-09-25|429|TRGP|171.419998|172.460007|169.779999|171.740005|1011900|0.9789495349|168.124802
2025-09-25|430|CPAY|294.380005|296.239990|289.040009|292.179993|357400|1.0000000000|292.179993
2025-09-25|431|KMI|27.840000|28.200001|27.750000|27.930000|13493300|0.9613533449|26.850601
2025-09-25|432|HCA|418.350006|418.350006|409.000000|414.890015|667300|0.9950375716|412.831146
2025-09-25|433|HII|278.920013|281.100006|270.200012|271.250000|699800|0.9882397967|266.815704
2025-09-25|434|APO|135.229996|136.949997|134.770004|136.130005|2721700|0.9837214596|133.914001
2025-09-25|435|MPC|193.100006|196.699997|192.080002|196.440002|1811300|0.9835714275|193.212784
2025-09-25|436|XYL|140.740005|141.740005|140.070007|141.449997|942900|0.9861759388|139.494598
2025-09-25|437|APTV|83.790001|84.849998|83.160004|84.720001|1870100|1.0000000000|84.720001
2025-09-25|438|PSX|136.470001|139.570007|134.970001|139.080002|5158900|0.9712393490|135.079987
2025-09-25|439|AMCR|7.960000|8.030000|7.900000|7.970000|30477200|4.8543684849|38.689316
2025-09-25|440|META|753.450012|756.770020|744.549988|748.909973|10591100|0.9974059053|746.967224
2025-09-25|441|NOW|927.450027|928.190002|910.459976|918.610001|1189000|0.2000000000|183.722000
2025-09-25|442|PANW|200.000000|203.839996|197.690002|202.210007|7326400|1.0000000000|202.210007
2025-09-25|443|FANG|144.610001|147.199997|143.910004|145.789993|1306500|0.9764795206|142.360947
2025-09-25|444|WDAY|240.720001|243.080002|237.899994|242.750000|2880100|1.0000000000|242.750000
2025-09-25|445|ABBV|220.100006|222.259995|218.029999|218.539993|6666000|0.9699105539|211.964264
2025-09-25|446|NCLH|24.990000|25.290001|24.719999|25.000000|9459200|1.0000000000|25.000000
2025-09-25|447|ZTS|141.330002|142.000000|139.339996|141.130005|3058500|0.9811560666|138.470566
2025-09-25|448|IQV|179.529999|179.929993|176.160004|176.690002|1199700|1.0000000000|176.690002
2025-09-25|449|NWS|33.439999|33.779999|33.290001|33.410000|824200|0.9963262306|33.287258
2025-09-25|450|NWSA|30.299999|30.440001|30.070000|30.180000|2755900|0.9958385353|30.054407
2025-09-25|451|CDW|158.740005|159.070007|156.660004|156.970001|1682800|0.9800438553|153.837494
2025-09-25|452|VEEV|277.000000|281.190002|272.260010|279.929993|972400|1.0000000000|279.929993
2025-09-25|453|ALLE|174.199997|174.839996|172.669998|172.970001|928100|0.9921390873|171.610306
2025-09-25|454|HLT|262.760010|262.760010|260.239990|261.279999|2826000|0.9980421657|260.768463
2025-09-25|455|ARES|164.759995|166.809998|162.850006|163.320007|2265500|0.9704279397|158.490295
2025-09-25|456|ANET|141.690002|143.240005|139.229996|143.059998|6325300|1.0000000000|143.059998
2025-09-25|457|SYF|73.540001|74.400002|72.980003|74.279999|1910700|0.9836138777|73.062828
2025-09-25|458|CFG|52.830002|53.154999|52.544998|52.889999|4490300|0.9707955381|51.345379
2025-09-25|459|KEYS|172.190002|172.800003|170.544998|172.330002|1072900|1.0000000000|172.330002
2025-09-25|460|GDDY|142.990005|143.335007|140.869995|141.190002|1214800|1.0000000000|141.190002
2025-09-25|461|KHC|26.889999|26.889999|25.770000|25.809999|13950900|0.9508904028|24.542480
2025-09-25|462|PYPL|67.260002|67.489998|66.199997|66.739998|10773700|0.9914138539|66.166962
2025-09-25|463|LITE|146.619995|160.830002|144.520004|159.110001|4751700|1.0000000000|159.110001
2025-09-25|464|HPE|24.020000|24.254999|23.870001|24.209999|32909800|0.9847720717|23.841331
2025-09-25|465|XYZ|75.040001|75.790001|72.839996|73.680000|7448000|1.0000000000|73.680000
2025-09-25|466|FTV|47.939999|47.939999|47.310001|47.669998|3422100|0.9968000114|47.517456
2025-09-25|467|DELL|129.380005|131.259995|127.120003|130.960007|4758900|0.9874173534|129.312180
2025-09-25|468|TTD|45.959999|47.290001|45.470001|46.759998|14285900|1.0000000000|46.759998
2025-09-25|469|VST|198.000000|204.259995|196.009995|201.619995|4262600|0.9958526400|200.783813
2025-09-25|470|HWM|189.529999|190.369995|186.729996|189.850006|1326900|0.9979223317|189.455566
2025-09-25|471|INVH|29.080000|29.150000|28.764000|28.900000|4361600|0.9672165501|27.952559
2025-09-25|472|CVNA|360.169983|378.499985|355.000000|371.380005|3074700|0.2000000000|74.276001
2025-09-25|473|IR|80.139999|80.739998|79.370003|80.500000|3363400|0.9990084054|80.420174
2025-09-25|474|VICI|31.934999|32.185001|31.895000|32.040001|9043200|0.9523421134|30.513044
2025-09-25|475|VRT|137.009995|141.184998|133.850006|139.770004|6197600|0.9991812568|139.655563
2025-09-25|476|MRNA|25.680000|25.680000|24.440001|24.610001|10626900|1.0000000000|24.610001
2025-09-25|477|FOXA|59.930000|61.040001|59.790001|60.230000|4171000|0.9951185496|59.935989
2025-09-25|478|FOX|54.310001|55.029999|54.145000|54.459999|1846400|0.9946544484|54.168880
2025-09-25|479|DOW|23.020000|23.025000|22.165001|22.200001|16437600|0.9640247460|21.401350
2025-09-25|480|UBER|97.300003|97.870003|95.900002|97.599998|11255800|1.0000000000|97.599998
2025-09-25|481|CTVA|69.930000|69.985001|65.910004|67.080002|7240300|0.9928033602|66.597252
2025-09-25|482|CRWD|476.899994|481.549988|469.000000|473.089996|2714800|0.2500000000|118.272499
2025-09-25|483|DDOG|135.190002|136.970001|133.139999|136.600006|2171800|1.0000000000|136.600006
2025-09-25|484|CARR|58.560001|59.275002|58.320000|58.750000|4821200|0.9848525765|57.860092
2025-09-25|485|OTIS|88.800003|89.669998|88.599998|89.440002|2089000|0.9789066234|87.553421
2025-09-25|486|PLTR|175.800003|184.320007|174.289993|179.119995|72321200|1.0000000000|179.119995
2025-09-25|487|DASH|258.484985|263.760010|257.500000|262.079987|1886500|1.0000000000|262.079987
2025-09-25|488|ABNB|122.910004|122.910004|121.117996|121.750000|3632000|1.0000000000|121.750000
2025-09-25|489|EXE|103.430000|104.820000|102.930000|104.379997|3959300|0.9779564541|102.079102
2025-09-25|490|COIN|314.329987|317.989990|304.359985|306.690002|8865300|1.0000000000|306.690002
2025-09-25|491|APP|624.869995|643.924011|619.489990|639.909973|6418200|1.0000000000|639.909973
2025-09-25|492|HOOD|123.330002|125.800003|120.620003|122.650002|32876000|1.0000000000|122.650002
2025-09-25|493|CEG|335.000000|336.559998|325.059998|326.329987|2447800|0.9944409722|324.515930
2025-09-25|494|GEHC|72.900002|72.900002|69.785004|71.500000|5017100|0.9981004727|71.364182
2025-09-25|495|KVUE|16.959999|17.030001|16.139999|16.170000|61109000|0.9540880845|15.427604
2025-09-25|496|VLTO|106.000000|106.650002|104.059998|104.489998|1127600|0.9946977565|103.935959
2025-09-25|497|RDDT|228.149994|236.520004|223.500000|232.750000|4646100|1.0000000000|232.750000
2025-09-25|498|SOLV|71.070000|71.419998|69.360001|70.459999|1279100|1.0000000000|70.459999
2025-09-25|499|GEV|614.905029|619.747009|593.380005|607.520020|3202500|0.9977344385|606.143677
2025-09-25|500|SNDK|96.264999|100.449997|93.535004|94.290001|10569300|1.0000000000|94.290001
