date|security_id|ticker|open|high|low|close|volume|adj_factor|adj_close_vendor
2025-09-03|1|AEP|110.250000|110.330002|108.849998|110.029999|2429800|0.9699113042|106.719337
2025-09-03|2|BA|237.059998|237.059998|230.759995|232.380005|5999000|1.0000000000|232.380005
2025-09-03|3|CAT|418.130005|418.130005|411.369995|415.119995|1496700|0.9910786923|411.416595
2025-09-03|4|CNP|37.880001|38.020000|37.389999|37.619999|4851900|0.9777626474|36.783424
2025-09-03|5|CVX|160.000000|161.850006|157.020004|158.059998|9556100|0.9620890936|152.067810
2025-09-03|6|DIS|117.830002|118.620003|116.349998|117.379997|6288700|0.9857264957|115.704575
2025-09-03|7|DTE|135.160004|135.889999|134.759995|135.490005|868900|0.9677715890|131.123383
2025-09-03|8|ED|96.949997|97.889999|96.610001|97.849998|4306700|0.9678975191|94.708778
2025-09-03|9|GD|324.160004|324.440002|321.160004|322.809998|658000|0.9826639145|317.213745
2025-09-03|10|GE|275.910004|277.320007|273.600006|275.929993|4120400|0.9949472243|274.535767
2025-09-03|11|HON|217.180007|217.230007|212.560001|214.000004|3521600|0.9694785487|207.468414
2025-09-03|12|HPQ|29.000000|29.200001|28.510000|28.700001|8245400|0.9511939090|27.299267
2025-09-03|13|IBM|240.020004|244.250000|239.410004|244.100006|3163200|0.9746618623|237.914948
2025-09-03|14|IP|49.169998|49.570000|47.849998|48.169998|3312200|0.9527969504|45.896229
2025-09-03|15|JNJ|177.669998|178.289993|176.529999|178.000000|7111700|0.9779609434|174.077042
2025-09-03|16|KO|68.660004|69.099998|67.370003|68.989998|33581500|0.9724591551|67.089958
2025-09-03|17|KR|68.349998|68.580002|67.169998|68.199997|7197300|0.9778352350|66.688354
2025-09-03|18|LMT|451.070007|452.000000|446.690002|449.059998|1541800|0.9808408602|440.456390
2025-09-03|19|MMM|153.500000|154.089996|150.429993|152.000000|3964400|0.9818750293|149.244995
2025-09-03|20|MO|66.900002|67.129997|66.040001|66.629997|6722300|0.9364782380|62.397541
2025-09-03|21|MRK|85.370003|85.809998|84.070000|84.180000|12714400|0.9676496357|81.456749
2025-09-03|22|MSI|477.500000|479.440002|470.260010|474.160004|796300|0.9888426924|468.869659
2025-09-03|23|PG|157.649994|158.639999|156.500000|158.169998|6592500|0.9714333836|153.651611
2025-09-03|24|XOM|113.970001|114.430000|111.459999|111.910004|14920100|0.9718336400|108.757912
2025-09-03|25|RTX|157.949997|158.339996|156.449997|158.110001|2738900|0.9853742397|155.797531
2025-09-03|26|MCD|315.019989|316.869995|312.980011|316.390015|3219500|0.9818538696|310.648743
2025-09-03|27|AXP|330.750000|332.070007|321.410004|323.709991|3439000|0.9894167649|320.284088
2025-09-03|28|BMY|47.320000|48.509998|47.299999|47.500000|8379900|0.9541997897|45.324493
2025-09-03|29|DD|75.450002|76.099998|75.190000|75.570001|2073100|1.2389568992|93.627975
2025-09-03|30|DE|475.209991|477.839996|466.760010|469.519989|1515400|0.9876285285|463.711334
2025-09-03|31|EMR|131.350006|131.350006|128.639999|129.500000|2060000|0.9845366681|127.497505
2025-09-03|32|ETN|345.779999|346.070007|339.660004|342.989990|1521200|0.9889737586|339.208069
2025-09-03|33|ETR|87.040001|87.639999|86.709999|87.199997|1626600|0.9756994696|85.080986
2025-09-03|34|F|11.670000|11.730000|11.570000|11.620000|47728700|0.9554534458|11.102368
2025-09-03|35|HAL|22.299999|22.530001|21.570000|21.590000|12590100|0.9847026012|21.259729
2025-09-03|36|LLY|732.020020|737.830017|729.020020|737.830017|2222500|0.9937326373|733.205750
2025-09-03|37|PCG|15.250000|15.400000|15.130000|15.350000|11555200|0.9895107403|15.188990
2025-09-03|38|PEP|149.949997|150.460007|147.110001|148.639999|11259200|0.9619154384|142.979111
2025-09-03|39|PFE|24.879999|25.120001|24.719999|24.790001|30957600|0.9344639716|23.165361
2025-09-03|40|TXN|199.220001|200.080002|191.380005|195.740005|7039600|0.9747566992|190.798859
2025-09-03|41|WFC|81.730003|82.010002|80.019997|80.510002|11174000|0.9786587178|78.791817
2025-09-03|42|HUBB|432.399994|432.399994|424.309998|428.799988|351022|0.9910077151|424.944092
2025-09-03|43|WMT|97.849998|99.440002|97.500000|99.440002|18995900|0.9916508097|98.609749
2025-09-03|44|AIG|80.620003|81.449997|80.449997|81.339996|3612200|0.9766844515|79.443512
2025-09-03|45|AVY|167.649994|168.199997|165.729996|166.800003|526800|0.9833361967|164.020477
2025-09-03|46|BAC|50.400002|50.570000|49.700001|50.060001|38344200|0.9786809524|48.992771
2025-09-03|47|BALL|50.900002|50.900002|49.119999|50.150002|3467200|0.9893620930|49.616512
2025-09-03|48|BDX|186.549991|189.620000|183.729993|189.610004|3623500|0.7673361868|145.494629
2025-09-03|49|CLX|119.650002|123.010002|119.500000|122.910004|2859100|0.9554686115|117.436646
2025-09-03|50|CMI|394.730011|398.079987|389.519989|392.130005|680500|0.9855888256|386.478912
2025-09-03|51|CMS|71.000000|71.720001|71.000000|71.519997|1936800|0.9697049346|69.353287
2025-09-03|52|CVS|74.089996|74.449997|72.860001|73.320000|6700600|0.9692366143|71.064430
2025-09-03|53|ECL|274.380005|275.559998|271.809998|273.230011|1428900|0.9894532751|270.348328
2025-09-03|54|ES|63.240002|63.619999|62.980000|63.299999|1944700|0.9562137492|60.528324
2025-09-03|55|EVRG|70.959999|71.480003|70.699997|71.389999|3180000|0.9663059278|68.984581
2025-09-03|56|GWW|1014.840027|1018.739990|1012.539978|1018.739990|250300|0.9918044722|1010.390869
2025-09-03|57|LNT|64.440002|64.830002|64.169998|64.519997|1600800|0.9698403407|62.574093
2025-09-03|58|MKC|68.940002|69.900002|68.550003|69.839996|1825900|0.9687082665|67.654587
2025-09-03|59|MRSH|204.880005|205.720001|204.119995|205.270004|1244000|0.9798864608|201.141281
2025-09-03|60|NEE|72.120003|72.629997|71.360001|71.629997|7722300|0.9793736752|69.628937
2025-09-03|61|NI|41.910000|42.230000|41.619999|41.799999|2807700|0.9739163964|40.709709
2025-09-03|62|PNW|88.610001|89.300003|88.290001|88.730003|720900|0.9627257278|85.422653
2025-09-03|63|RVTY|85.839996|85.970001|82.050003|83.360001|2475000|0.9972426702|83.130142
2025-09-03|64|SNA|322.640015|323.410004|319.200012|321.850006|234200|0.9736214558|313.360077
2025-09-03|65|SPGI|538.109997|542.290031|535.830002|539.239995|863800|0.9377344841|505.663910
2025-09-03|66|TER|120.769997|122.120003|118.389999|119.629997|3212700|0.9974465625|119.324539
2025-09-03|67|TGT|92.500000|92.860001|91.690002|92.349998|8485800|0.9610823572|88.755951
2025-09-03|68|TXT|79.419998|79.709999|78.989998|79.699997|1539600|0.9990950172|79.627869
2025-09-03|69|VMC|292.529999|292.529999|286.799988|288.049988|875100|0.9925854203|285.914246
2025-09-03|70|XEL|72.059998|72.480003|71.540001|72.430000|3044900|0.9700884656|70.263504
2025-09-03|71|ITW|261.950012|262.429993|259.970001|261.250000|719100|0.9753490955|254.809952
2025-09-03|72|CL|84.519997|84.750000|82.650002|83.809998|5048000|0.9756036244|81.765327
2025-09-03|73|EXC|43.580002|43.619999|42.900002|43.380001|7992600|0.9737696536|42.242130
2025-09-03|74|MDT|93.150002|93.559998|91.419998|92.250000|5365400|0.9685091881|89.344978
2025-09-03|75|BNY|104.690002|105.029999|103.610001|104.680000|2258200|0.9828746130|102.887321
2025-09-03|76|EIX|56.060001|56.430000|55.029999|55.349998|3353400|0.9477686299|52.458996
2025-09-03|77|FRT|98.639999|100.400002|98.419998|100.070000|547300|0.9585027133|95.917366
2025-09-03|78|PNR|106.150002|106.919998|105.459999|106.839996|934800|0.9879062781|105.547897
2025-09-03|79|USB|48.480000|48.939999|48.020000|48.540001|8335500|0.9616675228|46.679348
2025-09-03|80|WY|24.790001|25.030001|24.700001|24.820000|2815300|0.9737086273|24.167448
2025-09-03|81|SYY|80.089996|82.400002|79.830002|81.040001|3985400|0.9724100270|78.804108
2025-09-03|82|WRB|71.650002|72.379997|71.400002|72.279999|1320400|0.9730521615|70.332207
2025-09-03|83|IFF|66.029999|66.760002|65.489998|65.709999|1815200|0.9763780056|64.157806
2025-09-03|84|TAP|50.080002|50.220001|49.630001|49.810001|2477500|0.9588944741|47.212223
2025-09-03|85|PNC|204.399994|205.740005|202.929993|205.000000|1827800|0.9681422743|198.469162
2025-09-03|86|TRV|272.109985|276.630005|270.640015|276.549988|1615600|0.9843398564|272.219177
2025-09-03|87|C|94.889999|95.239998|93.400002|95.029999|14158800|0.9792834329|93.061302
2025-09-03|88|FDX|225.000007|226.100009|223.509997|225.340006|1723900|0.7904040486|178.109665
2025-09-03|89|WDC|84.099998|86.279999|83.339996|86.000000|12194800|0.9972973064|85.767570
2025-09-03|90|DHR|202.779999|204.039993|198.679993|199.440002|3468200|0.9926766998|197.979431
2025-09-03|91|APA|23.360001|23.690001|22.549999|22.680000|8313500|0.9662983352|21.915646
2025-09-03|92|LUV|32.160000|33.349998|32.119999|32.330002|4369700|0.9870678085|31.911903
2025-09-03|93|PEG|81.309998|81.879997|81.019997|81.349998|1589100|0.9680023678|78.746994
2025-09-03|94|UNP|221.419998|222.500000|218.750000|221.759995|5881000|0.9839040791|218.190552
2025-09-03|95|ABT|131.149994|132.190002|130.210007|132.179993|4806500|0.9774083434|129.193848
2025-09-03|96|ADI|248.320007|248.869995|241.929993|244.550003|3024500|0.9906566026|242.265076
2025-09-03|97|ADM|61.759998|61.779999|61.119999|61.720001|3028500|0.9716117081|59.967876
2025-09-03|98|ADP|296.570007|300.070007|294.589996|298.859985|1447900|0.9729614971|290.779236
2025-09-03|99|AFL|105.089996|106.820000|104.750000|106.739998|2169100|0.9795217260|104.554146
2025-09-03|100|AMAT|158.050003|158.050003|154.470001|156.250000|7335000|0.9944993487|155.390518
2025-09-03|101|AMD|161.809998|164.750000|160.580002|162.130005|30752800|1.0000000000|162.130005
2025-09-03|102|APD|291.230011|292.600006|290.429993|291.279999|606700|0.9740417964|283.718903
2025-09-03|103|BF-B|28.719999|28.959999|28.059999|28.200001|3453800|0.9746521115|27.485191
2025-09-03|104|CHD|92.849998|93.440002|92.000000|93.279999|1603400|0.9872146942|92.087379
2025-09-03|105|CINF|152.050003|153.699997|152.050003|153.529999|280200|0.9780901218|150.166168
2025-09-03|106|CMCSA|34.150000|34.179998|33.479999|33.890000|17908700|0.8939029736|30.294371
2025-09-03|107|D|58.889999|59.220001|58.549999|58.919998|4454500|0.9577031889|56.427868
2025-09-03|108|DOV|175.490005|175.990005|173.960007|174.729996|724100|0.9924896872|173.417725
2025-09-03|109|DUK|121.300003|121.889999|120.620003|121.500000|2152100|0.9660947366|117.380508
2025-09-03|110|EFX|234.399994|238.070007|234.130005|237.490005|745600|0.9915561793|235.484680
2025-09-03|111|EQT|52.419998|53.000000|51.110001|51.549999|5245700|0.9883492503|50.949398
2025-09-03|112|FITB|45.570000|45.959999|45.220001|45.580002|3663800|0.9671869264|44.084381
2025-09-03|113|GIS|48.930000|49.779999|48.919998|49.750000|5293700|0.9414262429|46.835953
2025-09-03|114|GPC|136.119995|136.860001|135.229996|136.270004|711200|0.9654048826|131.555725
2025-09-03|115|HAS|79.669998|80.500000|78.980003|79.029999|1606400|0.9687474839|76.560112
2025-09-03|116|HBAN|17.680000|17.889999|17.420000|17.610001|24904500|0.9638541944|16.973473
2025-09-03|117|HRL|25.000000|25.469999|24.950001|25.350000|5709200|0.9501443377|24.086161
2025-09-03|118|HST|17.110001|17.309999|17.080000|17.190001|5925300|0.9239624647|15.882915
2025-09-03|119|HSY|185.440002|186.449997|182.789993|184.690002|1112100|0.9707271518|179.283600
2025-09-03|120|INTC|24.090000|24.090000|23.719999|24.000000|47822900|1.0000000000|24.000000
2025-09-03|121|J|144.789993|145.600006|143.210007|143.369995|517500|0.9894584622|141.858658
2025-09-03|122|JPM|300.570007|300.570007|296.380005|299.510010|6316900|0.9812283969|293.887726
2025-09-03|123|KMB|128.839996|129.320007|127.099998|128.000000|2562900|0.9533245472|122.025536
2025-09-03|124|L|95.769997|96.959999|95.709999|96.879997|700300|0.9977044368|96.657600
2025-09-03|125|LEN|132.149994|134.960007|131.509995|134.080002|2574000|0.9802617213|131.433487
2025-09-03|126|LOW|257.450012|261.390015|257.000000|260.679993|2002400|0.9798699778|255.432495
2025-09-03|127|MAS|72.110001|72.489998|71.650002|72.330002|1149100|0.9817399064|71.009247
2025-09-03|128|MTB|199.059998|200.830002|197.250000|198.570007|954200|0.9784172563|194.284317
2025-09-03|129|NEM|76.300003|76.510002|75.220001|75.419998|8905900|0.9894793392|74.626526
2025-09-03|130|NTRS|129.289993|130.710007|127.300003|129.699997|832400|0.9778052011|126.821335
2025-09-03|131|NUE|146.190002|146.190002|142.729996|145.210007|1125000|0.9867766388|143.289856
2025-09-03|132|OMC|76.940002|77.750000|76.410004|77.529999|2740400|0.9700503706|75.208000
2025-09-03|133|PCAR|98.860001|99.360001|95.820000|96.220001|2131400|0.9759401745|93.904976
2025-09-03|134|PGR|244.710007|247.619995|243.250000|246.720001|2581900|0.9389929753|231.668350
2025-09-03|135|PH|748.869995|752.539978|743.840027|748.530029|389000|0.9937397742|743.843994
2025-09-03|136|PHM|131.610001|135.020004|131.240005|133.300003|2042300|0.9920919827|132.245865
2025-09-03|137|PPG|109.320000|109.970001|108.610001|109.190002|1161000|0.9744973374|106.405365
2025-09-03|138|PPL|36.200001|36.430000|35.980000|36.220001|5387900|0.9692324683|35.105602
2025-09-03|139|RF|26.840000|27.139999|26.559999|26.940001|18485900|0.9708879210|26.155724
2025-09-03|140|ROL|56.570000|56.720001|56.049999|56.299999|1396800|0.9856812639|55.493855
2025-09-03|141|SHW|360.299988|364.170013|359.660004|363.029999|2528600|0.9906031983|359.618713
2025-09-03|142|STT|113.129997|113.540001|111.430000|113.000000|1575200|0.9748965288|110.163292
2025-09-03|143|SWK|72.449997|73.769997|72.080002|72.849998|1933900|0.9672078260|70.461090
2025-09-03|144|SYK|389.880005|391.399994|384.250000|388.559998|898000|0.9899211911|384.643799
2025-09-03|145|TMO|487.029999|489.540009|481.529999|484.549988|1219100|0.9963676862|482.789917
2025-09-03|146|TPL|934.339966|934.339966|909.380035|909.480011|105600|0.3318281124|301.791046
2025-09-03|147|TSN|56.369999|56.540001|55.410000|56.349998|3287100|0.9750492370|54.944023
2025-09-03|148|TT|411.679993|411.679993|403.010010|408.309998|2298600|0.9930704867|405.480591
2025-09-03|149|TYL|551.700012|554.140015|549.289978|553.830017|168800|1.0000000000|553.830017
2025-09-03|150|UDR|38.000000|38.509998|37.990002|38.389999|4924300|0.9573816019|36.753880
2025-09-03|151|VTRS|10.510000|10.610000|10.460000|10.550000|6268100|0.9657614708|10.188783
2025-09-03|152|WEC|105.699997|106.940002|105.500000|106.889999|2145600|0.9669333840|103.355499
2025-09-03|153|WST|242.850006|248.970001|242.729996|248.949997|660900|0.9968900108|248.175781
2025-09-03|154|NDSN|221.979996|222.929993|220.410004|221.970001|258000|0.9870385384|219.092941
2025-09-03|155|TFC|46.320000|46.680000|45.849998|46.410000|5456700|0.9589220174|44.503567
2025-09-03|156|WELL|167.479996|169.470001|167.139999|167.429993|2090900|0.9854911345|165.000778
2025-09-03|157|AON|372.679993|375.000000|368.269989|374.000000|1219900|0.9951005240|372.167603
2025-09-03|158|GL|139.270004|140.899994|139.270004|140.570007|423400|0.9919590983|139.439697
2025-09-03|159|OKE|74.269997|74.529999|73.599998|73.870003|3394600|0.9485114183|70.066544
2025-09-03|160|KLAC|847.659988|847.659988|832.239990|843.899994|933600|0.0994634319|83.937187
2025-09-03|161|CSX|32.150002|32.279999|31.910000|32.279999|18564700|0.9900119853|31.957584
2025-09-03|162|PSA|288.109985|292.380005|287.920013|291.760010|569100|0.9601550979|280.134857
2025-09-03|163|NKE|74.400002|75.180000|73.910004|74.739998|8300100|0.9783499344|73.121872
2025-09-03|164|AAPL|237.210007|238.850006|234.360001|238.470001|66427800|0.9963195807|237.592331
2025-09-03|165|BRO|95.269997|95.440002|94.589996|95.290001|1768500|0.9904200305|94.377129
2025-09-03|166|UHS|180.889999|181.949997|180.419998|181.570007|520800|0.9968342486|180.995193
2025-09-03|167|HD|404.940002|409.019989|403.570007|407.709991|3025100|0.9741011029|397.150757
2025-09-03|168|BAX|23.990000|24.280001|23.360001|23.540001|7474600|0.9984613291|23.494720
2025-09-03|169|COP|97.629997|98.279999|94.339996|94.650002|9793500|0.9694370271|91.757217
2025-09-03|170|GLW|68.699997|69.790001|66.400002|69.339996|13308900|0.9932214224|68.869972
2025-09-03|171|HUM|308.910004|314.279999|306.140015|311.980011|1739400|0.9857757655|307.542328
2025-09-03|172|LHX|275.250000|275.700012|271.640015|273.109985|1119700|0.9840473028|268.753143
2025-09-03|173|NOC|586.530029|588.000000|577.690002|581.010010|463200|0.9884333448|574.289673
2025-09-03|174|OXY|47.639999|48.080002|46.049999|46.299999|9513100|0.9797391121|45.361919
2025-09-03|175|ROK|338.070007|338.790009|335.160004|338.660004|514100|0.9867997940|334.189636
2025-09-03|176|SLB|35.330002|35.759998|34.910000|35.000000|16567600|0.9812007073|34.342022
2025-09-03|177|SO|91.639999|91.970001|91.169998|91.660004|3481000|0.9680357165|88.730156
2025-09-03|178|WMB|57.360001|57.990002|56.950001|57.730000|6213300|0.9692541802|55.955040
2025-09-03|179|VLO|155.830002|159.259995|154.190002|155.380005|3080300|0.9792382128|152.154037
2025-09-03|180|CI|299.989990|301.130005|297.769989|300.480011|1514100|0.9783261252|293.967438
2025-09-03|181|NSC|278.220001|279.609985|276.519989|278.190002|2085400|0.9826794519|273.371582
2025-09-03|182|COO|66.250000|67.279999|65.550003|67.139999|3829400|1.0000000000|67.139999
2025-09-03|183|AMGN|284.079987|286.929993|280.380005|283.850006|2604100|0.9730085280|276.188446
2025-09-03|184|RJF|167.789993|168.410004|165.479996|166.559998|702200|0.9865274707|164.316010
2025-09-03|185|WSM|190.699997|194.139999|190.679993|192.130005|920700|0.9861134039|189.461975
2025-09-03|186|CAH|149.550003|150.580002|148.869995|150.559998|1652600|0.9897070842|149.010300
2025-09-03|187|CTAS|204.589996|205.710007|203.500000|205.610001|2298700|0.9900452227|203.563217
2025-09-03|188|PAYX|135.220001|136.039993|134.339996|135.630005|1549200|0.9578135440|129.908249
2025-09-03|189|BEN|25.309999|25.650000|25.219999|25.530001|2685200|0.9494134464|24.238527
2025-09-03|190|AOS|70.000000|71.160004|70.000000|70.790001|1337100|0.9781906723|69.246124
2025-09-03|191|CASY|497.570007|501.160004|493.700012|499.600006|203800|0.9965302403|497.866486
2025-09-03|192|T|29.010000|29.080000|28.450001|29.040001|27245400|0.9549684422|27.732283
2025-09-03|193|VZ|43.500000|43.740002|42.880001|43.740002|21828500|0.9360588259|40.943214
2025-09-03|194|JBHT|143.559998|145.389999|143.270004|145.380005|770900|0.9918818614|144.199799
2025-09-03|195|ATO|165.240005|165.759995|164.309998|165.220001|655300|0.9773427979|161.476578
2025-09-03|196|LRCX|97.029999|97.860001|96.440002|97.739998|11023300|0.9944959804|97.202034
2025-09-03|197|MU|119.360001|119.440002|117.300003|118.720001|14101300|0.9983975840|118.529762
2025-09-03|198|AJG|304.000000|305.950012|301.670013|303.700012|1842600|0.9888670439|300.318939
2025-09-03|199|AME|183.960007|184.740005|182.259995|184.350006|892000|0.9937443136|183.196777
2025-09-03|200|SWKS|73.260002|73.720001|72.629997|73.559998|2419800|0.9685989226|71.250130
2025-09-03|201|EXPD|120.809998|121.449997|119.639999|120.400002|1161300|0.9896583057|119.154869
2025-09-03|202|UNH|308.109985|309.589996|303.700012|307.880005|9654600|0.9739167289|299.849487
2025-09-03|203|BBY|74.019997|75.400002|73.660004|74.889999|3391100|0.9471666927|70.933319
2025-09-03|204|DOC|17.860001|18.059999|17.709999|17.730000|5895100|0.9354053519|16.584736
2025-09-03|205|ADSK|320.299988|324.369995|314.380005|317.510010|1943100|1.0000000000|317.510010
2025-09-03|206|DVN|35.830002|36.200001|34.919998|35.080002|6913500|0.9746853674|34.191963
2025-09-03|207|NVR|8148.879883|8287.790039|8148.879883|8190.229980|15700|1.0000000000|8190.229980
2025-09-03|208|ROST|151.000000|152.000000|150.240005|150.729996|2701300|0.9910080569|149.374634
2025-09-03|209|JKHY|160.309998|161.690002|159.179993|161.589996|652900|0.9850748190|159.178238
2025-09-03|210|MNST|62.169998|63.529999|62.160000|63.509998|4682300|0.5000000000|63.509998
2025-09-03|211|ORCL|225.899994|225.899994|221.750000|223.449997|8900800|0.9887307780|220.931885
2025-09-03|212|MSFT|503.790009|507.790009|502.320007|505.350006|16345100|0.9918394551|501.226074
2025-09-03|213|TROW|105.239998|106.150002|104.550003|105.370003|994500|0.9502905192|100.132111
2025-09-03|214|COST|939.000000|950.090027|936.500000|949.780029|1670500|0.9941992924|944.270630
2025-09-03|215|ADBE|345.720001|348.510010|343.359985|348.500000|3035300|1.0000000000|348.500000
2025-09-03|216|FISV|136.449997|137.699997|135.960007|136.770004|3329400|1.0000000000|136.770004
2025-09-03|217|BKR|45.340000|45.500000|44.480000|45.000000|6486600|0.9846041741|44.307186
2025-09-03|218|CDNS|340.880005|347.429993|340.570007|347.320007|1141100|1.0000000000|347.320007
2025-09-03|219|TJX|138.570007|139.580002|138.389999|139.470001|4798900|0.9879468300|137.788925
2025-09-03|220|FICO|1481.280029|1523.199951|1481.280029|1520.750000|334700|1.0000000000|1520.750000
2025-09-03|221|CCL|31.219999|31.750000|31.000000|31.330000|12020500|0.9841845235|30.834501
2025-09-03|222|FAST|49.189999|49.720001|49.070000|49.520000|3729600|0.9787399757|48.467205
2025-09-03|223|SCHW|96.209999|96.620003|95.260002|96.220001|7261500|0.9873800864|95.005707
2025-09-03|224|JCI|106.010002|106.290001|104.800003|105.339996|3934900|0.9941759575|104.726494
2025-09-03|225|COHR|88.089996|89.970001|87.150002|88.470001|3760300|1.0000000000|88.470001
2025-09-03|226|KEY|18.889999|19.129999|18.690001|18.950001|27617100|0.9696888308|18.375605
2025-09-03|227|MOS|32.970001|33.029999|32.610001|32.689999|3390600|0.9661429579|31.583212
2025-09-03|228|MGM|38.660000|39.139999|38.029999|38.110001|3656200|1.0000000000|38.110001
2025-09-03|229|WM|224.990005|226.270004|222.940002|224.410004|1636400|0.9842255613|220.870056
2025-09-03|230|TECH|53.599998|54.040001|52.810001|53.340000|2340600|0.9943671322|53.039543
2025-09-03|231|IEX|161.600006|162.589996|160.300003|161.320007|960100|0.9853525022|158.957077
2025-09-03|232|GEN|29.389999|29.680000|29.139999|29.660000|4382500|0.9804358251|29.079727
2025-09-03|233|CRH|111.669998|111.989998|110.419998|111.910004|2375800|0.9889154582|110.669533
2025-09-03|234|EOG|124.910004|125.779999|119.930000|120.580002|2658300|0.9664053429|116.529152
2025-09-03|235|PTC|212.130005|213.539993|211.289993|212.240005|506900|1.0000000000|212.240005
2025-09-03|236|CSCO|68.050003|68.129997|67.330002|67.669998|14320100|0.9797136141|66.297218
2025-09-03|237|LH|272.559998|274.989990|271.179993|273.839996|383600|0.9921089357|271.097900
2025-09-03|238|TRMB|78.180000|78.639999|77.879997|78.599998|1513900|1.0000000000|78.599998
2025-09-03|239|AZO|4174.939941|4195.479980|4165.819824|4189.479980|92200|1.0000000000|4189.479980
2025-09-03|240|REGN|581.989990|588.700012|562.789978|563.799988|1118500|0.9948983635|560.923706
2025-09-03|241|IDXX|640.989990|642.010010|626.239990|633.950012|373500|1.0000000000|633.950012
2025-09-03|242|AES|13.350000|13.440000|13.190000|13.230000|6474600|0.9525797478|12.602629
2025-09-03|243|VRTX|400.089996|402.390015|393.049988|396.619995|1250900|1.0000000000|396.619995
2025-09-03|244|ZBRA|307.230011|308.350006|303.549988|305.709991|350300|1.0000000000|305.709991
2025-09-03|245|BIIB|139.559998|145.270004|139.559998|141.619995|2279400|1.0000000000|141.619995
2025-09-03|246|ODFL|149.050003|150.539993|147.770004|148.110001|1485900|0.9953671039|147.423813
2025-09-03|247|APH|109.430000|110.730003|108.900002|110.690002|6826300|0.9932298743|109.940613
2025-09-03|248|KIM|22.150000|22.490000|22.129999|22.480000|3267300|0.9551457613|21.471678
2025-09-03|249|QCOM|159.399994|159.570007|156.059998|157.279999|6336400|0.9793580601|154.033417
2025-09-03|250|GILD|112.629997|113.400002|112.150002|112.989998|4546500|0.9746107539|110.121269
2025-09-03|251|ROP|517.280029|524.679993|517.280029|524.130005|713000|0.9912816468|519.560486
2025-09-03|252|SNPS|590.760010|593.700012|586.770020|592.119995|973700|1.0000000000|592.119995
2025-09-03|253|STZ|150.250000|150.570007|146.320007|146.490005|4546300|0.9716065224|142.330643
2025-09-03|254|BSX|107.000000|107.690002|105.169998|107.529999|7518700|1.0000000000|107.529999
2025-09-03|255|STE|240.580002|242.589996|240.009995|242.460007|534100|0.9919198976|240.500900
2025-09-03|256|DHI|169.860001|173.839996|169.410004|172.169998|3183000|0.9881394354|170.127960
2025-09-03|257|LIN|471.809998|474.230011|470.000000|471.779999|1617900|0.9867177998|465.513733
2025-09-03|258|SBUX|89.400002|89.480003|86.290001|87.250000|10201000|0.9751160265|85.078873
2025-09-03|259|MS|148.809998|149.550003|146.940002|148.529999|4338900|0.9778330741|145.237564
2025-09-03|260|INTU|665.289978|669.919983|658.309998|668.679993|1986900|0.9888907264|661.251465
2025-09-03|261|MCHP|63.549999|63.750000|61.599998|63.279999|6963600|0.9744763190|61.664860
2025-09-03|262|CB|275.630005|278.440002|275.619995|278.220001|1117000|0.9939554166|276.538269
2025-09-03|263|ORLY|103.120003|103.949997|102.949997|103.839996|3123100|1.0000000000|103.839996
2025-09-03|264|RCL|354.720001|358.760010|352.369995|355.000000|1174900|0.9831897671|349.032379
2025-09-03|265|JBL|203.649994|203.649994|201.020004|203.199997|1117600|0.9988481715|202.965927
2025-09-03|266|ALL|202.179993|204.610001|201.990005|204.570007|1057800|0.9851043015|201.522797
2025-09-03|267|CPT|107.949997|109.519997|107.949997|109.410004|774700|0.9608575952|105.127434
2025-09-03|268|VMRK|63.650002|64.690002|63.610001|64.669998|1370000|0.9568407274|61.878895
2025-09-03|269|IT|249.500000|250.190002|245.059998|247.580002|986100|1.0000000000|247.580002
2025-09-03|270|DECK|123.209999|125.449997|122.739998|123.669998|3034600|1.0000000000|123.669998
2025-09-03|271|REG|71.949997|72.529999|71.839996|72.230003|771200|0.9606550738|69.388123
2025-09-03|272|INCY|85.919998|87.459999|85.720001|86.959999|1986900|1.0000000000|86.959999
2025-09-03|273|SPG|178.660004|180.250000|177.839996|179.860001|1590500|0.9546037782|171.695038
2025-09-03|274|MAA|141.910004|143.490005|141.830002|143.410004|769700|0.9546815481|136.910889
2025-09-03|275|MLM|616.380005|616.380005|605.710022|611.200012|415500|0.9960197565|608.767273
2025-09-03|276|TSCO|61.310001|61.549999|59.990002|60.139999|6107600|0.9764906296|58.726143
2025-09-03|277|ALB|79.169998|80.849998|78.610001|80.110001|1926000|0.9866416503|79.039864
2025-09-03|278|CPRT|48.380001|48.590000|47.810001|48.119999|6428300|1.0000000000|48.119999
2025-09-03|279|FLEX|53.950001|54.189999|53.480000|53.680000|3550800|1.0000000000|53.680000
2025-09-03|280|ESS|259.500000|262.190002|259.500000|261.510010|385500|0.9616604752|251.483856
2025-09-03|281|O|57.650002|57.990002|57.439999|57.950001|4102200|0.9523910542|55.191059
2025-09-03|282|MCO|496.329987|498.239990|493.140015|496.440002|556100|0.9914008639|492.171082
2025-09-03|283|SJM|109.309998|112.070000|109.199997|112.050003|2230900|0.9604551346|107.618996
2025-09-03|284|MCK|695.070007|695.070007|685.469971|690.840027|420200|0.9971371280|688.862305
2025-09-03|285|COF|223.250000|223.970001|218.589996|221.330002|3019000|0.9846948620|217.942520
2025-09-03|286|EME|623.169983|627.969971|620.219971|627.280029|303200|0.9980200530|626.038025
2025-09-03|287|DLTR|100.800003|104.279999|98.000000|102.029999|15866100|1.0000000000|102.029999
2025-09-03|288|COR|295.019989|296.000000|292.739990|295.140015|1225300|0.9924371875|292.907928
2025-09-03|289|DRI|207.020004|208.449997|206.639999|208.270004|791500|0.9692558966|201.866928
2025-09-03|290|RMD|270.130005|270.489990|265.489990|269.209991|1804400|0.9895309167|266.391632
2025-09-03|291|WAB|192.600006|193.860001|190.369995|191.250000|687000|0.9953491745|190.360535
2025-09-03|292|FCX|45.250000|46.299999|45.110001|46.209999|12237800|0.9893641669|45.718517
2025-09-03|293|IVZ|21.450001|21.740000|21.370001|21.700001|2928900|0.9692003654|21.031649
2025-09-03|294|ACGL|91.110001|93.080002|91.000000|92.900002|2234900|1.0000000000|92.900002
2025-09-03|295|ERIE|337.549988|337.549988|323.760010|328.170013|202700|0.9792544909|321.361938
2025-09-03|296|EG|342.000000|349.739990|341.100006|348.529999|507900|0.9878843207|344.307343
2025-09-03|297|DVA|136.660004|137.289993|135.330002|135.970001|583900|1.0000000000|135.970001
2025-09-03|298|HSIC|68.379997|68.809998|66.690002|67.129997|1482000|1.0000000000|67.129997
2025-09-03|299|EL|90.739998|92.019997|89.879997|91.930000|3137300|0.9893232983|90.948494
2025-09-03|300|WAT|294.420013|298.739990|289.630005|290.059998|541200|1.0000000000|290.059998
2025-09-03|301|NTAP|115.410004|116.589996|115.389999|116.470001|1982300|0.9828001938|114.466736
2025-09-03|302|HIG|131.669998|133.300003|131.389999|133.149994|1224500|0.9867007020|131.379196
2025-09-03|303|IRM|88.940002|90.000000|87.800003|89.809998|2038800|0.9670499740|86.850761
2025-09-03|304|BRK-B|499.549988|502.109985|496.589996|501.489990|3206200|1.0000000000|501.489990
2025-09-03|305|FDS|367.369995|371.029999|365.619995|370.799988|297600|0.9861098905|365.649567
2025-09-03|306|STLD|129.000000|129.850006|126.879997|129.589996|1149100|0.9881804292|128.058304
2025-09-03|307|DGX|178.339996|179.619995|177.039993|179.509995|689500|0.9827524115|176.413879
2025-09-03|308|CIEN|93.739998|95.209999|92.459999|94.820000|5741200|1.0000000000|94.820000
2025-09-03|309|TTWO|241.000000|242.300003|237.029999|238.860001|1208700|1.0000000000|238.860001
2025-09-03|310|VTR|67.690002|68.010002|67.290001|67.449997|2045800|0.9750191622|65.765045
2025-09-03|311|AMZN|225.210007|227.169998|224.360001|225.990005|29223100|1.0000000000|225.990005
2025-09-03|312|ARE|80.449997|81.730003|80.260002|81.559998|1026700|0.9425806495|76.876877
2025-09-03|313|RL|310.130005|317.339996|310.100006|313.359985|514800|0.9893282798|310.015900
2025-09-03|314|BXP|72.169998|73.900002|72.080002|73.779999|1364000|0.9573561810|70.633743
2025-09-03|315|FIX|701.190002|705.919983|696.390015|700.690002|320600|0.9979565203|699.258057
2025-09-03|316|YUM|144.720001|145.020004|143.899994|144.550003|1539100|0.9858960568|142.511261
2025-09-03|317|CHRW|128.360001|129.389999|127.349998|128.789993|1001500|0.9844332406|126.785149
2025-09-03|318|FE|43.310001|43.490002|43.060001|43.400002|2305100|0.9613759059|41.723717
2025-09-03|319|MTD|1267.339966|1274.790039|1259.969971|1268.599976|112900|1.0000000000|1268.599976
2025-09-03|320|PLD|111.000000|112.250000|110.870003|110.949997|3333700|0.9686204655|107.468437
2025-09-03|321|URI|959.000000|965.000000|941.789978|945.260010|523600|0.9918999023|937.603271
2025-09-03|322|AEE|99.720001|100.050003|98.910004|99.919998|979100|0.9722966120|97.151878
2025-09-03|323|VRSN|273.459991|274.410004|270.720001|274.109985|425800|0.9876930267|270.736511
2025-09-03|324|PWR|376.489990|378.399994|371.390015|374.410004|761100|0.9991491848|374.091431
2025-09-03|325|AMT|201.490005|202.800003|195.199997|196.259995|3630500|0.9628069961|188.960510
2025-09-03|326|MAR|264.760010|267.079987|263.890015|265.070007|1046300|0.9917417055|262.880981
2025-09-03|327|CTSH|71.430000|71.849998|70.900002|71.820000|3186600|0.9779331176|70.235153
2025-09-03|328|SRE|82.449997|82.970001|81.360001|82.230003|3238900|0.9718725927|79.917084
2025-09-03|329|CSGP|88.099998|88.820000|87.349998|87.860001|2066200|1.0000000000|87.860001
2025-09-03|330|RSG|232.830002|233.320007|231.149994|232.490005|797700|0.9886066709|229.841171
2025-09-03|331|CCI|97.949997|99.519997|96.910004|97.070000|3401800|0.9541022922|92.614708
2025-09-03|332|EBAY|88.940002|90.169998|87.949997|90.160004|4889700|0.9904184858|89.025452
2025-09-03|333|NVDA|171.059998|172.410004|168.880005|170.619995|164424900|0.9986698626|170.393066
2025-09-03|334|BKNG|5524.860001|5596.920013|5484.999847|5582.949829|189800|0.0396645769|221.445328
2025-09-03|335|GS|728.559998|732.020020|722.299988|730.559998|1485600|0.9855142723|719.977295
2025-09-03|336|FFIV|305.940002|309.119995|303.609985|309.029999|450600|1.0000000000|309.029999
2025-09-03|337|SBAC|201.929993|204.580002|198.600006|199.309998|1438300|0.9751039390|194.347961
2025-09-03|338|LII|542.780029|545.609985|537.000000|545.039978|332800|0.9895934539|539.367920
2025-09-03|339|BLK|1112.599976|1113.199951|1092.660034|1099.489990|412900|0.9794768842|1076.924927
2025-09-03|340|TKO|186.710007|189.580002|185.309998|186.610001|694700|0.9846983529|183.754562
2025-09-03|341|AKAM|76.980003|77.800003|76.419998|77.559998|1494500|1.0000000000|77.559998
2025-09-03|342|UPS|85.370003|85.879997|84.779999|85.290001|7430900|0.9383630641|80.032990
2025-09-03|343|A|124.959999|125.830002|123.720001|125.220001|2497300|0.9920393505|124.223160
2025-09-03|344|TDY|537.640015|545.229980|533.929993|544.640015|288700|1.0000000000|544.640015
2025-09-03|345|PKG|215.529999|216.839996|212.800003|212.929993|623000|0.9759029480|207.799026
2025-09-03|346|EW|81.769997|82.669998|80.080002|81.220001|3396300|1.0000000000|81.220001
2025-09-03|347|MET|80.309998|80.940002|79.910004|80.570000|2364000|0.9722454281|78.333809
2025-09-03|348|ON|48.950001|49.389999|46.500000|47.790001|9988900|1.0000000000|47.790001
2025-09-03|349|ISRG|470.109985|471.000000|434.799988|441.179993|5051700|1.0000000000|441.179993
2025-09-03|350|CRL|160.949997|162.699997|159.210007|162.330002|713700|1.0000000000|162.330002
2025-09-03|351|MRVL|64.050003|64.519997|61.720001|62.310001|34297300|0.9978740377|62.177528
2025-09-03|352|EQIX|770.000000|770.609985|751.289978|762.219971|573000|0.9790491812|746.250854
2025-09-03|353|TPR|103.000000|105.339996|102.809998|104.430000|3190000|0.9872828620|103.101952
2025-09-03|354|GRMN|234.240005|238.089996|233.419998|236.910004|907200|0.9838691932|233.088455
2025-09-03|355|GPN|86.629997|87.629997|85.639999|86.760002|2404100|0.9870347930|85.635155
2025-09-03|356|ALGN|136.809998|137.380005|131.210007|132.350006|1753100|1.0000000000|132.350006
2025-09-03|357|WTW|323.720001|327.720001|323.220001|327.190002|399000|0.9876703786|323.155884
2025-09-03|358|MDLZ|61.360001|61.770000|59.369999|61.299999|10566600|0.9664286986|59.242085
2025-09-03|359|AXON|737.260010|738.000000|713.210022|725.289978|635200|1.0000000000|725.289978
2025-09-03|360|FIS|67.910004|68.470001|67.599998|68.190002|2737800|0.9686518407|66.052376
2025-09-03|361|ACN|253.210007|254.809998|251.320007|254.149994|2934800|0.9798095806|249.018600
2025-09-03|362|ZBH|104.379997|105.080002|103.730003|105.040001|1110600|0.9895894440|103.946472
2025-09-03|363|BG|81.089996|81.570000|80.220001|81.230003|1945500|0.9749906568|79.198494
2025-09-03|364|PFG|79.510002|80.190002|79.379997|80.180000|1431200|0.9645538649|77.337921
2025-09-03|365|ELV|319.660004|323.959991|317.459991|321.589996|1645600|0.9794257777|314.973541
2025-09-03|366|CNC|29.500000|30.059999|29.420000|30.059999|11693700|1.0000000000|30.059999
2025-09-03|367|PRU|106.930000|107.730003|106.379997|107.430000|1427500|0.9496925157|102.025475
2025-09-03|368|NFLX|1205.139999|1226.999969|1203.379974|1226.179962|2471500|0.1000000000|122.617996
2025-09-03|369|NDAQ|93.589996|93.900002|92.870003|93.769997|1831700|0.9875215911|92.599899
2025-09-03|370|WYNN|126.599998|127.250000|124.800003|125.519997|1408000|0.9907231274|124.355560
2025-09-03|371|CME|265.399994|269.769989|264.149994|269.350006|2386500|0.9625521451|259.263458
2025-09-03|372|STX|171.100006|176.490005|170.009995|176.320007|3790400|0.9918108479|174.876083
2025-09-03|373|NRG|144.889999|148.210007|144.190002|146.910004|1457700|0.9877934975|145.116760
2025-09-03|374|AIZ|212.330002|215.259995|212.330002|214.889999|358400|0.9887198190|212.466003
2025-09-03|375|CBRE|158.770004|159.490005|156.169998|159.130005|2054400|1.0000000000|159.130005
2025-09-03|376|CRM|255.059998|258.000000|250.550003|256.450012|17417900|0.9916072498|254.297699
2025-09-03|377|DPZ|464.619995|468.869995|463.980011|466.600006|386700|0.9810848008|457.774170
2025-09-03|378|EXR|140.639999|143.199997|140.559998|143.199997|925800|0.9554904856|136.826248
2025-09-03|379|GOOG|226.479996|231.800003|225.119995|231.100006|72250300|0.9971525818|230.441971
2025-09-03|380|GOOGL|226.210007|231.309998|224.789993|230.660004|103336100|0.9971553051|230.003860
2025-09-03|381|DLR|162.410004|163.110001|159.220001|161.500000|1669600|0.9719407992|156.968430
2025-09-03|382|MPWR|830.260010|830.260010|809.539978|827.559998|432600|0.9930512692|821.809509
2025-09-03|383|LVS|56.910000|56.910000|55.200001|55.369999|5905800|0.9787990268|54.196102
2025-09-03|384|DXCM|74.320000|79.510002|74.000000|78.919998|6702600|1.0000000000|78.919998
2025-09-03|385|BLDR|136.910004|137.550003|134.529999|136.330002|1385800|1.0000000000|136.330002
2025-09-03|386|WBD|11.570000|12.030000|11.450000|11.920000|74541900|1.0000000000|11.920000
2025-09-03|387|EXPE|212.399994|214.800003|210.029999|212.539993|1191300|0.9926306212|210.973724
2025-09-03|388|CF|86.750000|87.610001|84.730003|84.769997|2138300|0.9797238699|83.051186
2025-09-03|389|AMP|510.359985|513.900024|501.790009|507.200012|418100|0.9868973539|500.554291
2025-09-03|390|ICE|174.710007|175.460007|173.770004|175.130005|1903000|0.9873787050|172.919632
2025-09-03|391|PSKY|14.450000|15.310000|14.390000|15.060000|8362700|0.9837013539|14.814543
2025-09-03|392|LYV|166.440002|167.940002|160.160004|161.970001|2671500|1.0000000000|161.970001
2025-09-03|393|CMG|42.000000|42.259998|41.650002|41.790001|11987800|1.0000000000|41.790001
2025-09-03|394|UAL|105.099998|109.690002|104.930000|106.160004|5783900|1.0000000000|106.160004
2025-09-03|395|TDG|1304.000000|1304.989990|1274.640015|1278.479980|338800|1.0000000000|1278.479980
2025-09-03|396|MA|591.830017|594.000000|588.960022|593.280029|1959400|0.9938070309|589.605835
2025-09-03|397|LDOS|180.770004|181.050003|176.660004|177.710007|615500|0.9896050149|175.862732
2025-09-03|398|FSLR|195.830002|203.029999|194.300003|201.490005|2546800|1.0000000000|201.490005
2025-09-03|399|BR|250.800003|252.160004|247.520004|249.820007|523900|0.9798433665|244.784485
2025-09-03|400|SMCI|40.900002|40.980000|39.770000|40.099998|20472800|1.0000000000|40.099998
2025-09-03|401|TMUS|253.309998|254.410004|251.320007|252.660004|3822900|0.9849640725|247.432983
2025-09-03|402|DAL|61.430000|63.910000|61.119999|61.270000|7237400|0.9891783114|60.606960
2025-09-03|403|IBKR|63.950001|64.269997|63.169998|63.950001|5778600|0.9966884542|63.738224
2025-09-03|404|PODD|346.640015|346.640015|339.000000|343.529999|595500|1.0000000000|343.529999
2025-09-03|405|TEL|205.479996|207.000000|204.009995|205.979996|1511400|0.9892434805|203.764374
2025-09-03|406|BX|169.449997|169.970001|165.559998|167.339996|2450700|0.9610163599|160.816467
2025-09-03|407|LULU|201.300003|203.009995|197.610001|198.529999|4083900|1.0000000000|198.529999
2025-09-03|408|ULTA|535.179993|539.000000|530.359985|531.070007|992900|1.0000000000|531.070007
2025-09-03|409|MSCI|552.599976|558.440002|549.090027|551.609985|898700|0.9858483453|543.803833
2025-09-03|410|ECHO|65.059998|65.239998|62.279999|63.910000|4644900|1.0000000000|63.910000
2025-09-03|411|PM|165.699997|166.899994|161.160004|163.220001|7329600|0.9650495005|157.515366
2025-09-03|412|V|349.339996|350.890015|347.260010|350.869995|4176400|0.9920658607|348.086151
2025-09-03|413|AWK|140.839996|141.369995|139.809998|140.699997|1054800|0.9734433274|136.963486
2025-09-03|414|KDP|28.730000|29.209999|28.590000|29.090000|37011400|0.9674331941|28.142630
2025-09-03|415|SW|47.799999|47.799999|46.710999|46.950001|4490500|0.9711821711|45.597008
2025-09-03|416|AVGO|302.290009|304.450012|296.399994|302.390015|18529400|0.9927261709|300.190491
2025-09-03|417|VRSK|265.000000|268.540009|265.000000|268.440002|933500|0.9909965186|266.023102
2025-09-03|418|DG|108.790001|110.199997|106.639999|109.690002|2686900|0.9800962717|107.506767
2025-09-03|419|FTNT|76.730003|77.129997|76.099998|76.580002|4857800|1.0000000000|76.580002
2025-09-03|420|CHTR|263.700012|265.079987|258.359985|261.220001|2130700|1.0000000000|261.220001
2025-09-03|421|FERG|230.119995|231.130005|228.970001|229.919998|1141600|0.9811984638|225.597137
2025-09-03|422|GNRC|178.759995|179.130005|174.880005|175.139999|793500|1.0000000000|175.139999
2025-09-03|423|LYB|55.330002|55.930000|54.070000|54.189999|4359000|0.9407211657|50.977676
2025-09-03|424|CBOE|231.500000|235.630005|230.149994|235.410004|979700|0.9954503651|234.338974
2025-09-03|425|TSLA|335.200012|343.329987|328.510010|334.089996|88733300|1.0000000000|334.089996
2025-09-03|426|KKR|138.080002|139.220001|133.339996|134.830002|3821600|0.9928030964|133.859634
2025-09-03|427|NXPI|232.500000|234.110001|223.899994|228.199997|2826000|0.9825362696|224.214767
2025-09-03|428|GM|58.119999|58.849998|57.700001|57.750000|6762600|0.9909339117|57.226437
2025-09-03|429|TRGP|166.009995|166.740005|162.779999|163.550003|1111500|0.9789495349|160.107208
2025-09-03|430|CPAY|316.760010|319.420013|314.010010|319.369995|419400|1.0000000000|319.369995
2025-09-03|431|KMI|26.740000|26.879999|26.559999|26.730000|10270700|0.9613533449|25.696978
2025-09-03|432|HCA|405.440002|408.070007|403.269989|407.609985|651700|0.9932605867|404.862915
2025-09-03|433|HII|270.290009|270.320007|266.600006|269.329987|456400|0.9882397967|264.927094
2025-09-03|434|APO|135.059998|135.919998|130.509995|132.630005|4596800|0.9837214596|130.470993
2025-09-03|435|MPC|180.000000|183.500000|177.350006|179.000000|1751400|0.9835714275|176.059280
2025-09-03|436|XYL|140.369995|140.729996|139.039993|139.699997|1081400|0.9861759388|137.768768
2025-09-03|437|APTV|78.860001|80.459999|78.800003|79.629997|3122300|1.0000000000|79.629997
2025-09-03|438|PSX|131.500000|133.839996|129.669998|130.529999|2290900|0.9712393490|126.775887
2025-09-03|439|AMCR|8.380000|8.400000|8.310000|8.350000|20588300|4.8543684849|40.533978
2025-09-03|440|META|736.000000|740.250000|733.989990|737.049988|7699300|0.9967331772|734.642151
2025-09-03|441|NOW|908.990021|921.340027|894.509964|919.380035|1338100|0.2000000000|183.876007
2025-09-03|442|PANW|188.949997|192.350006|188.050003|191.529999|5482600|1.0000000000|191.529999
2025-09-03|443|FANG|148.009995|148.690002|141.520004|142.289993|1952800|0.9764795206|138.943268
2025-09-03|444|WDAY|229.100006|235.320007|229.100006|233.429993|3529000|1.0000000000|233.429993
2025-09-03|445|ABBV|212.419998|213.419998|211.479996|211.860001|3973500|0.9699105539|205.485260
2025-09-03|446|NCLH|24.760000|25.629999|24.639999|25.340000|16679500|1.0000000000|25.340000
2025-09-03|447|ZTS|152.339996|153.089996|151.460007|152.429993|1664700|0.9811560666|149.557602
2025-09-03|448|IQV|183.360001|185.350006|181.440002|184.619995|1194100|1.0000000000|184.619995
2025-09-03|449|NWS|32.980000|33.240002|31.969999|32.889999|1494100|0.9932558879|32.668186
2025-09-03|450|NWSA|28.719999|28.980000|28.010000|28.940001|4479800|0.9924536320|28.721607
2025-09-03|451|CDW|161.699997|163.699997|161.149994|163.369995|844300|0.9800438553|160.109756
2025-09-03|452|VEEV|271.320007|271.910004|268.000000|270.950012|1316300|1.0000000000|270.950012
2025-09-03|453|ALLE|167.990005|168.470001|166.839996|167.690002|635900|0.9921390873|166.371811
2025-09-03|454|HLT|275.779999|279.730011|274.630005|275.000000|1244700|0.9980421657|274.461578
2025-09-03|455|ARES|178.669998|179.830002|174.970001|176.820007|1244000|0.9643870365|170.522919
2025-09-03|456|ANET|135.679993|137.910004|134.856995|137.380005|6840100|1.0000000000|137.380005
2025-09-03|457|SYF|75.250000|75.998001|74.739998|75.489998|1966700|0.9836138777|74.253006
2025-09-03|458|CFG|51.610001|52.215000|51.060001|51.669998|3084100|0.9707955381|50.161003
2025-09-03|459|KEYS|163.820007|165.940002|163.820007|165.320007|976100|1.0000000000|165.320007
2025-09-03|460|GDDY|143.669998|144.160004|139.919998|143.490005|2053800|1.0000000000|143.490005
2025-09-03|461|KHC|26.250000|27.000000|26.110001|26.930000|19076300|0.9508904028|25.607477
2025-09-03|462|PYPL|68.910004|69.889999|68.800003|69.639999|11808200|0.9914138539|69.042068
2025-09-03|463|LITE|132.339996|135.250000|130.970001|134.119995|5219000|1.0000000000|134.119995
2025-09-03|464|HPE|22.959999|23.040001|22.575001|22.820000|34179900|0.9795953482|22.354366
2025-09-03|465|XYZ|76.300003|76.375000|75.339996|75.790001|4975000|1.0000000000|75.790001
2025-09-03|466|FTV|47.220001|47.439999|46.654999|47.029999|2848600|0.9955934752|46.822758
2025-09-03|467|DELL|121.699997|124.029999|120.900002|124.019997|5966800|0.9874173534|122.459496
2025-09-03|468|TTD|53.889999|54.299999|53.209999|53.770000|7132700|1.0000000000|53.770000
2025-09-03|469|VST|186.000000|188.550003|184.339996|188.119995|2815300|0.9947817288|187.138351
2025-09-03|470|HWM|173.399994|174.509995|172.410004|174.490005|1678700|0.9979223317|174.127472
2025-09-03|471|INVH|30.209999|30.480000|30.120001|30.230000|3467000|0.9576139206|28.948668
2025-09-03|472|CVNA|367.314987|371.580009|359.943008|362.319984|1470700|0.2000000000|72.463997
2025-09-03|473|IR|77.580002|78.105003|76.870003|77.379997|1567300|0.9990084054|77.303261
2025-09-03|474|VICI|33.380001|33.505001|33.250000|33.400002|7174400|0.9391962861|31.369162
2025-09-03|475|VRT|124.800003|125.735001|123.070000|125.589996|4081900|0.9988996720|125.451797
2025-09-03|476|MRNA|24.160000|24.660000|23.790001|24.049999|9306500|1.0000000000|24.049999
2025-09-03|477|FOXA|60.720001|61.279999|59.950001|60.080002|2506900|0.9951185496|59.786724
2025-09-03|478|FOX|55.099998|55.810001|54.650002|54.869999|1655600|0.9946544484|54.576691
2025-09-03|479|DOW|24.250000|24.520000|23.790001|23.930000|11528200|0.9640247460|23.069111
2025-09-03|480|UBER|92.750000|94.764999|92.180000|92.940002|12052200|1.0000000000|92.940002
2025-09-03|481|CTVA|73.459999|73.696999|72.349998|72.389999|3244900|0.9928033602|71.869034
2025-09-03|482|CRWD|412.984985|414.480011|404.279999|413.200012|3036500|0.2500000000|103.300003
2025-09-03|483|DDOG|134.300003|134.451996|131.119995|132.600006|3718600|1.0000000000|132.600006
2025-09-03|484|CARR|63.459999|63.709999|61.764999|62.470001|6925600|0.9848525765|61.523746
2025-09-03|485|OTIS|85.470001|85.970001|85.245003|85.669998|2058300|0.9789066234|83.862938
2025-09-03|486|PLTR|158.000000|161.149994|152.710007|154.899994|66052300|1.0000000000|154.899994
2025-09-03|487|DASH|244.044998|254.100006|243.065002|248.830002|3541400|1.0000000000|248.830002
2025-09-03|488|ABNB|127.419998|127.750000|124.459999|124.900002|6267200|1.0000000000|124.900002
2025-09-03|489|EXE|98.315002|98.805000|95.959999|97.080002|2610200|0.9779564541|94.940018
2025-09-03|490|COIN|305.010010|308.369995|301.149994|302.309998|5220800|1.0000000000|302.309998
2025-09-03|491|APP|487.690002|499.869995|485.079987|487.350006|5052300|1.0000000000|487.350006
2025-09-03|492|HOOD|101.589996|102.690002|99.410004|100.820000|24194800|1.0000000000|100.820000
2025-09-03|493|CEG|306.519989|309.589996|303.920013|308.480011|1374400|0.9944409722|306.765198
2025-09-03|494|GEHC|71.915001|72.660004|71.629997|72.379997|3882900|0.9981004727|72.242500
2025-09-03|495|KVUE|20.690001|20.785000|20.410000|20.450001|19118200|0.9540880845|19.511101
2025-09-03|496|VLTO|104.779999|105.540001|104.000000|105.070000|1030300|0.9946977565|104.512894
2025-09-03|497|RDDT|226.279999|239.369995|218.699997|223.139999|8426800|1.0000000000|223.139999
2025-09-03|498|SOLV|71.480003|71.629997|70.559998|71.400002|804300|1.0000000000|71.400002
2025-09-03|499|GEV|586.284973|586.284973|565.429993|577.039978|3657500|0.9977344385|575.732727
2025-09-03|500|SNDK|51.919998|53.224998|50.650002|53.009998|1689700|1.0000000000|53.009998
