date|security_id|ticker|open|high|low|close|volume|adj_factor|adj_close_vendor
2025-09-08|1|AEP|108.220001|108.300003|106.870003|107.550003|2708100|0.9699113042|104.313957
2025-09-08|2|BA|231.699997|232.199997|228.089996|230.949997|5955000|1.0000000000|230.949997
2025-09-08|3|CAT|422.649994|423.910004|416.779999|422.779999|1876700|0.9910786923|419.008240
2025-09-08|4|CNP|37.639999|37.740002|37.130001|37.320000|3969500|0.9777626474|36.490101
2025-09-08|5|CVX|153.910004|155.029999|152.880005|154.000000|9462000|0.9620890936|148.161728
2025-09-08|6|DIS|117.959999|118.879997|116.739998|118.839996|6450700|0.9857264957|117.143738
2025-09-08|7|DTE|136.130005|136.380005|134.119995|134.740005|1035500|0.9677715890|130.397568
2025-09-08|8|ED|97.910004|98.150002|96.220001|96.650002|2189400|0.9678975191|93.547302
2025-09-08|9|GD|322.500000|323.140015|319.730011|322.720001|810300|0.9826639145|317.125305
2025-09-08|10|GE|280.000000|282.920013|275.489990|276.049988|5008600|0.9949472243|274.655182
2025-09-08|11|HON|214.820005|215.199996|212.539995|214.749999|4563800|0.9694785487|208.195526
2025-09-08|12|HPQ|29.280001|29.389999|28.830000|29.350000|8064900|0.9511939090|27.917542
2025-09-08|13|IBM|248.630005|257.149994|247.020004|256.089996|6940300|0.9746618623|249.601151
2025-09-08|14|IP|48.669998|48.889999|46.400002|47.410000|4907300|0.9527969504|45.172100
2025-09-08|15|JNJ|177.360001|179.449997|176.699997|178.130005|8382500|0.9779609434|174.204193
2025-09-08|16|KO|67.860001|67.879997|67.160004|67.430000|21671700|0.9724591551|65.572922
2025-09-08|17|KR|67.739998|68.180000|67.290001|68.000000|10184300|0.9778352350|66.492790
2025-09-08|18|LMT|462.929993|462.929993|452.769989|459.109985|1477600|0.9808408602|450.313843
2025-09-08|19|MMM|154.610001|154.979996|152.000000|154.000000|2715500|0.9818750293|151.208755
2025-09-08|20|MO|66.489998|66.860001|65.470001|65.769997|10316600|0.9364782380|61.592175
2025-09-08|21|MRK|84.160004|84.320000|82.820000|84.089996|13111200|0.9676496357|81.369652
2025-09-08|22|MSI|477.750000|478.820007|474.170013|478.369995|935200|0.9888426924|473.032715
2025-09-08|23|PG|159.610001|160.270004|158.250000|159.009995|7178400|0.9714333836|154.467621
2025-09-08|24|XOM|109.730003|110.050003|108.349998|109.849998|15440500|0.9718336400|106.755928
2025-09-08|25|RTX|156.919998|157.000000|153.660004|154.220001|5522800|0.9853742397|151.964417
2025-09-08|26|MCD|312.820007|313.079987|309.760010|312.799988|2873600|0.9818538696|307.123871
2025-09-08|27|AXP|326.510010|327.450012|324.000000|325.410004|2264400|0.9894167649|321.966125
2025-09-08|28|BMY|46.650002|46.810001|45.849998|46.720001|10005600|0.9541997897|44.580212
2025-09-08|29|DD|77.560003|77.829997|76.219998|77.739999|2919000|1.2389568992|96.316505
2025-09-08|30|DE|473.869995|481.739990|471.049988|481.510010|1271500|0.9876285285|475.553070
2025-09-08|31|EMR|133.169998|133.820007|131.649994|132.729996|2152400|0.9845366681|130.677551
2025-09-08|32|ETN|350.000000|352.579987|347.769989|349.489990|1632000|0.9889737586|345.636383
2025-09-08|33|ETR|87.690002|88.000000|86.400002|86.830002|3264500|0.9756994696|84.719986
2025-09-08|34|F|11.750000|11.750000|11.580000|11.690000|39734500|0.9554534458|11.169250
2025-09-08|35|HAL|22.080000|22.150000|21.469999|21.770000|13427900|0.9847026012|21.436975
2025-09-08|36|LLY|729.710022|742.700012|719.219971|738.640015|4534600|0.9937326373|734.010681
2025-09-08|37|PCG|15.040000|15.060000|14.450000|14.560000|31415900|0.9895107403|14.407276
2025-09-08|38|PEP|145.720001|145.720001|140.350006|141.710007|11127600|0.9713251717|137.646500
2025-09-08|39|PFE|24.900000|24.969999|24.309999|24.549999|49242900|0.9344639716|22.941092
2025-09-08|40|TXN|188.149994|188.369995|183.070007|185.820007|9701200|0.9747566992|181.129303
2025-09-08|41|WFC|78.989998|79.790001|78.559998|79.139999|17107000|0.9786587178|77.451050
2025-09-08|42|HUBB|436.010010|437.380005|430.054993|436.619995|453016|0.9910077151|432.693817
2025-09-08|43|WMT|100.849998|102.360001|100.419998|102.279999|13685700|0.9916508097|101.426041
2025-09-08|44|AIG|78.930000|79.150002|78.150002|78.769997|5387000|0.9766844515|76.933434
2025-09-08|45|AVY|167.529999|168.470001|165.360001|168.380005|858800|0.9833361967|165.574173
2025-09-08|46|BAC|49.799999|49.910000|48.880001|49.459999|48033100|0.9841245494|48.674801
2025-09-08|47|BALL|50.830002|51.040001|50.330002|50.959999|2329100|0.9893620930|50.417892
2025-09-08|48|BDX|190.980001|191.890000|187.809996|191.579997|2601800|0.7715067098|147.805267
2025-09-08|49|CLX|126.730003|126.949997|124.809998|125.870003|1969400|0.9554686115|120.264839
2025-09-08|50|CMI|399.540009|400.309998|394.269989|397.399994|608000|0.9855888256|391.673004
2025-09-08|51|CMS|71.290001|71.379997|70.519997|70.690002|1705500|0.9697049346|68.548447
2025-09-08|52|CVS|73.830002|73.989998|69.599998|70.260002|13326400|0.9692366143|68.098564
2025-09-08|53|ECL|273.279999|275.619995|271.390015|275.350006|1595600|0.9894532751|272.445984
2025-09-08|54|ES|63.470001|63.720001|62.450001|62.860001|2591000|0.9562137492|60.107594
2025-09-08|55|EVRG|71.849998|71.849998|70.419998|70.769997|2212800|0.9663059278|68.385475
2025-09-08|56|GWW|993.469971|998.780029|972.140015|997.799988|300400|0.9918044722|989.622498
2025-09-08|57|LNT|64.680000|64.720001|63.700001|64.050003|1911800|0.9698403407|62.118275
2025-09-08|58|MKC|70.500000|70.519997|69.510002|70.150002|2585200|0.9687082665|67.954887
2025-09-08|59|MRSH|202.770004|203.679993|201.029999|203.460007|1833500|0.9798864608|199.367691
2025-09-08|60|NEE|70.830002|70.839996|69.239998|69.769997|12596500|0.9793736752|67.820892
2025-09-08|61|NI|40.330002|40.520000|40.020000|40.230000|4587700|0.9739163964|39.180653
2025-09-08|62|PNW|88.839996|88.839996|87.449997|87.839996|862800|0.9627257278|84.565819
2025-09-08|63|RVTY|85.720001|86.489998|84.720001|86.279999|1026700|0.9972426702|86.042099
2025-09-08|64|SNA|328.700012|329.500000|324.750000|326.959991|162700|0.9736214558|318.335266
2025-09-08|65|SPGI|537.770007|547.090013|534.800001|545.869986|1057900|0.9377344841|511.881104
2025-09-08|66|TER|120.209999|121.260002|117.589996|118.900002|3738100|0.9984501140|118.715729
2025-09-08|67|TGT|93.209999|93.440002|91.339996|91.500000|9261700|0.9610823572|87.939034
2025-09-08|68|TXT|81.480003|82.860001|80.250000|82.739998|1816000|0.9990950172|82.665115
2025-09-08|69|VMC|295.190002|299.290009|293.519989|298.910004|776200|0.9925854203|296.693726
2025-09-08|70|XEL|72.940002|73.019997|71.330002|71.750000|6050900|0.9700884656|69.603836
2025-09-08|71|ITW|265.510010|266.910004|263.619995|266.679993|799200|0.9753490955|260.106079
2025-09-08|72|CL|84.919998|85.080002|83.970001|84.190002|3975800|0.9756036244|82.136078
2025-09-08|73|EXC|43.529999|43.529999|42.750000|43.020000|4169400|0.9737696536|41.891575
2025-09-08|74|MDT|92.160004|93.000000|91.389999|92.989998|5024100|0.9685091881|90.061676
2025-09-08|75|BNY|103.839996|104.650002|103.489998|104.019997|3055200|0.9828746130|102.238617
2025-09-08|76|EIX|54.450001|55.150002|53.000000|53.299999|3615100|0.9477686299|50.516071
2025-09-08|77|FRT|101.589996|102.459999|100.889999|101.750000|774400|0.9585027133|97.527649
2025-09-08|78|PNR|110.629997|110.970001|109.680000|110.680000|955600|0.9879062781|109.341469
2025-09-08|79|USB|48.840000|48.840000|48.029999|48.650002|8543600|0.9616675228|46.785130
2025-09-08|80|WY|26.020000|26.020000|25.450001|25.950001|4886500|0.9737086273|25.267738
2025-09-08|81|SYY|82.080002|82.199997|80.330002|81.550003|3043600|0.9724100270|79.300034
2025-09-08|82|WRB|71.849998|72.580002|71.089996|72.410004|1507300|0.9730521615|70.458717
2025-09-08|83|IFF|67.029999|67.029999|65.519997|66.169998|1901800|0.9763780056|64.606941
2025-09-08|84|TAP|50.090000|50.189999|49.459999|49.880001|1983400|0.9680101781|47.728024
2025-09-08|85|PNC|204.210007|205.639999|201.130005|203.770004|1772800|0.9681422743|197.278351
2025-09-08|86|TRV|275.459991|275.459991|271.339996|274.480011|843700|0.9843398564|270.181580
2025-09-08|87|C|95.860001|95.970001|94.639999|95.870003|11398800|0.9792834329|93.883904
2025-09-08|88|FDX|226.990008|226.990008|222.059998|225.000007|2092700|0.7954691757|178.980576
2025-09-08|89|WDC|92.540001|93.500000|91.650002|93.290001|8499400|0.9984583045|93.146179
2025-09-08|90|DHR|195.669998|198.949997|194.339996|198.630005|3502100|0.9926766998|197.175385
2025-09-08|91|APA|23.000000|23.080000|22.180000|22.260000|7499900|0.9662983352|21.509802
2025-09-08|92|LUV|31.270000|31.860001|31.200001|31.709999|9332500|0.9870678085|31.299919
2025-09-08|93|PEG|81.169998|81.180000|79.750000|80.190002|3007500|0.9680023678|77.624115
2025-09-08|94|UNP|219.320007|220.100006|216.270004|217.259995|4131200|0.9839040791|213.762970
2025-09-08|95|ABT|132.259995|133.089996|131.610001|132.199997|5070200|0.9774083434|129.213379
2025-09-08|96|ADI|248.050003|249.429993|246.639999|248.979996|2417900|0.9906566026|246.653687
2025-09-08|97|ADM|62.840000|63.250000|61.389999|62.299999|4161500|0.9716117081|60.531406
2025-09-08|98|ADP|296.579987|298.589996|293.510010|298.429993|1716600|0.9729614971|290.360901
2025-09-08|99|AFL|106.309998|106.550003|104.660004|106.339996|2971300|0.9795217260|104.162338
2025-09-08|100|AMAT|163.809998|164.649994|161.850006|162.050003|7933600|0.9944993487|161.158630
2025-09-08|101|AMD|151.800003|152.639999|149.220001|151.410004|41849000|1.0000000000|151.410004
2025-09-08|102|APD|289.369995|289.369995|286.160004|288.910004|717200|0.9740417964|281.410431
2025-09-08|103|BF-B|28.559999|28.700001|27.400000|27.590000|3764100|0.9746521115|26.890654
2025-09-08|104|CHD|95.400002|95.419998|93.989998|94.580002|2223300|0.9872146942|93.370766
2025-09-08|105|CINF|153.419998|153.580002|151.539993|153.460007|345100|0.9780901218|150.097717
2025-09-08|106|CMCSA|32.570000|34.110001|32.520000|34.000000|27803100|0.8939029736|30.392698
2025-09-08|107|D|57.980000|58.160000|57.560001|57.950001|5238600|0.9687101350|56.136753
2025-09-08|108|DOV|177.770004|178.630005|175.820007|178.000000|1136100|0.9924896872|176.663147
2025-09-08|109|DUK|120.400002|120.830002|119.760002|120.169998|3069000|0.9660947366|116.095604
2025-09-08|110|EFX|248.720001|253.080002|247.070007|252.970001|902600|0.9915561793|250.833984
2025-09-08|111|EQT|52.389999|52.560001|50.650002|50.759998|6973900|0.9883492503|50.168606
2025-09-08|112|FITB|45.700001|45.700001|44.759998|45.490002|5323600|0.9671869264|43.997334
2025-09-08|113|GIS|50.230000|50.389999|49.669998|50.119999|4623400|0.9414262429|47.184280
2025-09-08|114|GPC|139.059998|140.080002|137.740005|139.850006|1480900|0.9724963604|136.003616
2025-09-08|115|HAS|79.790001|79.790001|78.400002|79.360001|1444800|0.9687474839|76.879799
2025-09-08|116|HBAN|17.680000|17.750000|17.389999|17.730000|33323600|0.9638541944|17.089132
2025-09-08|117|HRL|25.559999|25.740000|25.370001|25.500000|3758000|0.9501443377|24.228680
2025-09-08|118|HST|17.450001|17.540001|17.299999|17.389999|8322000|0.9239624647|16.067707
2025-09-08|119|HSY|184.619995|188.389999|184.029999|187.529999|1466200|0.9707271518|182.040451
2025-09-08|120|INTC|24.480000|24.740000|24.120001|24.480000|51122100|1.0000000000|24.480000
2025-09-08|121|J|145.270004|145.419998|143.990005|144.759995|500000|0.9894584622|143.234009
2025-09-08|122|JPM|294.890015|296.459991|291.440002|292.910004|8188500|0.9812283969|287.411621
2025-09-08|123|KMB|129.240005|130.130005|127.769997|129.779999|2916800|0.9627154389|124.941208
2025-09-08|124|L|96.330002|96.330002|95.099998|96.019997|898200|0.9977044368|95.799576
2025-09-08|125|LEN|141.500000|142.610001|139.809998|142.399994|2831300|0.9802617213|139.589279
2025-09-08|126|LOW|269.209991|273.220001|268.679993|273.019989|4464800|0.9798699778|267.524109
2025-09-08|127|MAS|75.879997|76.099998|74.260002|75.800003|2319800|0.9817399064|74.415886
2025-09-08|128|MTB|199.350006|199.660004|196.350006|199.220001|700100|0.9784172563|194.920303
2025-09-08|129|NEM|76.690002|77.180000|75.220001|75.750000|10106800|0.9927701446|75.202347
2025-09-08|130|NTRS|127.459999|127.949997|126.370003|127.430000|1043100|0.9838837164|125.376305
2025-09-08|131|NUE|147.580002|147.580002|143.529999|144.020004|2331300|0.9867766388|142.115570
2025-09-08|132|OMC|79.190002|79.379997|77.660004|78.940002|4272000|0.9700503706|76.575775
2025-09-08|133|PCAR|99.239998|99.239998|97.230003|98.250000|1742500|0.9759401745|95.886116
2025-09-08|134|PGR|243.500000|246.479996|240.149994|245.940002|2611900|0.9389929753|230.935913
2025-09-08|135|PH|759.640015|762.020020|754.450012|760.179993|567900|0.9937397742|755.421082
2025-09-08|136|PHM|139.750000|141.729996|138.600006|141.419998|1905200|0.9920919827|140.301651
2025-09-08|137|PPG|109.650002|111.599998|108.349998|111.529999|3265000|0.9744973374|108.685692
2025-09-08|138|PPL|35.910000|35.959999|35.509998|35.650002|4530900|0.9692324683|34.553135
2025-09-08|139|RF|27.110001|27.110001|26.680000|27.040001|19666500|0.9708879210|26.252811
2025-09-08|140|ROL|56.520000|57.189999|56.259998|57.130001|1250300|0.9856812639|56.311970
2025-09-08|141|SHW|372.380005|375.589996|370.619995|375.230011|1544600|0.9906031983|371.704071
2025-09-08|142|STT|113.139999|113.680000|110.720001|111.650002|3045100|0.9748965288|108.847198
2025-09-08|143|SWK|78.510002|78.980003|77.160004|78.419998|3113300|0.9672078260|75.848434
2025-09-08|144|SYK|390.980011|393.529999|388.160004|393.109985|854500|0.9899211911|389.147888
2025-09-08|145|TMO|487.769989|490.070007|480.950012|487.649994|2223700|0.9963676862|485.878662
2025-09-08|146|TPL|902.450043|917.280029|895.739960|912.579987|142400|0.3318281124|302.819702
2025-09-08|147|TSN|55.770000|56.070000|55.360001|55.900002|2860600|0.9750492370|54.505253
2025-09-08|148|TT|414.709991|416.250000|412.000000|414.929993|1069000|0.9953350758|412.994385
2025-09-08|149|TYL|559.960022|566.580017|558.239990|566.099976|233900|1.0000000000|566.099976
2025-09-08|150|UDR|38.770000|38.830002|38.480000|38.750000|2354100|0.9573816019|37.098534
2025-09-08|151|VTRS|10.460000|10.510000|10.330000|10.480000|8808500|0.9657614708|10.121180
2025-09-08|152|WEC|107.519997|107.650002|106.650002|107.360001|2444000|0.9669333840|103.809959
2025-09-08|153|WST|249.559998|254.270004|248.880005|253.149994|445300|0.9968900108|252.362717
2025-09-08|154|NDSN|225.699997|227.089996|222.110001|226.130005|401700|0.9870385384|223.199051
2025-09-08|155|TFC|46.560001|46.580002|45.590000|46.009998|6170000|0.9589220174|44.119995
2025-09-08|156|WELL|167.809998|170.990005|166.960007|169.360001|2679700|0.9854911345|166.902786
2025-09-08|157|AON|370.540009|370.540009|365.470001|370.010010|1043500|0.9951005240|368.197174
2025-09-08|158|GL|139.539993|140.600006|138.149994|140.369995|372600|0.9919590983|139.241287
2025-09-08|159|OKE|73.190002|73.529999|71.070000|71.360001|3914100|0.9485114183|67.685776
2025-09-08|160|KLAC|910.000000|924.349976|906.740036|908.980026|886500|0.0994634319|90.410271
2025-09-08|161|CSX|32.500000|32.580002|32.000000|32.430000|16025700|0.9900119853|32.106091
2025-09-08|162|PSA|294.869995|295.630005|291.700012|294.720001|817400|0.9601550979|282.976929
2025-09-08|163|NKE|74.260002|74.580002|73.709999|74.150002|13793300|0.9783499344|72.544655
2025-09-08|164|AAPL|239.300003|240.149994|236.339996|237.880005|48999500|0.9963195807|237.004517
2025-09-08|165|BRO|94.669998|95.459999|94.029999|95.349998|2518200|0.9904200305|94.436546
2025-09-08|166|UHS|190.000000|190.000000|184.539993|185.759995|637000|0.9968342486|185.171921
2025-09-08|167|HD|418.500000|420.579987|415.750000|419.940002|3742600|0.9796274407|411.384766
2025-09-08|168|BAX|24.250000|24.360001|23.790001|24.090000|5637100|0.9984613291|24.043659
2025-09-08|169|COP|93.029999|93.230003|90.510002|91.400002|9750600|0.9694370271|88.606544
2025-09-08|170|GLW|71.489998|72.540001|71.440002|72.150002|13643500|0.9932214224|71.660919
2025-09-08|171|HUM|309.899994|311.589996|302.769989|310.380005|1147300|0.9857757655|305.965118
2025-09-08|172|LHX|271.709991|274.700012|269.260010|273.890015|1194500|0.9883920425|270.710724
2025-09-08|173|NOC|574.989990|582.130005|571.369995|581.900024|814100|0.9884333448|575.169373
2025-09-08|174|OXY|46.150002|46.230000|44.770000|45.380001|7573700|0.9797391121|44.460564
2025-09-08|175|ROK|344.769989|347.700012|340.730011|344.670013|1195000|0.9867997940|340.120300
2025-09-08|176|SLB|36.110001|36.340000|35.410000|35.779999|27242300|0.9812007073|35.107357
2025-09-08|177|SO|91.430000|91.849998|90.589996|90.830002|3712000|0.9680357165|87.926682
2025-09-08|178|WMB|57.299999|57.680000|56.459999|56.849998|4669300|0.9692541802|55.102093
2025-09-08|179|VLO|156.869995|157.550003|153.619995|157.360001|2458900|0.9792382128|154.092911
2025-09-08|180|CI|306.589996|306.589996|299.260010|300.890015|1210100|0.9832673314|295.855347
2025-09-08|181|NSC|277.000000|277.779999|274.829987|275.589996|1946200|0.9826794519|270.816589
2025-09-08|182|COO|69.430000|69.809998|68.339996|68.790001|3557000|1.0000000000|68.790001
2025-09-08|183|AMGN|281.049988|282.429993|277.320007|280.190002|2452900|0.9730085280|272.627258
2025-09-08|184|RJF|165.139999|166.080002|164.429993|165.770004|969100|0.9865274707|163.536682
2025-09-08|185|WSM|202.479996|204.360001|201.789993|203.259995|1193800|0.9861134039|200.437408
2025-09-08|186|CAH|149.679993|150.490005|148.389999|150.279999|2771500|0.9897070842|148.733170
2025-09-08|187|CTAS|204.360001|204.589996|201.190002|202.779999|2668500|0.9900452227|200.761383
2025-09-08|188|PAYX|135.630005|136.050003|134.580002|135.429993|2097700|0.9578135440|129.716675
2025-09-08|189|BEN|25.040001|25.100000|24.740000|24.879999|4057700|0.9494134464|23.621405
2025-09-08|190|AOS|73.410004|74.089996|72.669998|73.959999|1165600|0.9781906723|72.346985
2025-09-08|191|CASY|516.109985|523.039978|505.640015|521.500000|1244200|0.9965302403|519.690552
2025-09-08|192|T|28.500000|29.139999|28.280001|28.900000|40649300|0.9549684422|27.598587
2025-09-08|193|VZ|42.980000|43.619999|42.939999|43.320000|30273900|0.9360588259|40.550068
2025-09-08|194|JBHT|143.539993|143.729996|140.479996|142.990005|1445600|0.9918818614|141.829193
2025-09-08|195|ATO|166.479996|166.550003|163.339996|163.869995|1030400|0.9773427979|160.157150
2025-09-08|196|LRCX|105.010002|106.370003|104.480003|105.070000|7972700|0.9944959804|104.491699
2025-09-08|197|MU|130.550003|132.259995|128.399994|131.460007|19492600|0.9983975840|131.249344
2025-09-08|198|AJG|298.309998|300.000000|295.140015|299.119995|1153100|0.9910126646|296.431702
2025-09-08|199|AME|187.630005|188.759995|186.000000|188.669998|1635400|0.9937443136|187.489746
2025-09-08|200|SWKS|75.269997|75.680000|73.570000|75.629997|2196000|0.9685989226|73.255127
2025-09-08|201|EXPD|120.879997|121.889999|119.769997|121.720001|1750100|0.9896583057|120.461212
2025-09-08|202|UNH|319.709991|321.649994|313.799988|320.250000|18438600|0.9739167289|311.896820
2025-09-08|203|BBY|76.779999|77.949997|75.540001|77.589996|3770800|0.9471666927|73.490669
2025-09-08|204|DOC|18.240000|18.500000|18.150000|18.299999|8335700|0.9354053519|17.117920
2025-09-08|205|ADSK|326.880005|329.089996|324.420013|326.790009|1794000|1.0000000000|326.790009
2025-09-08|206|DVN|35.049999|35.049999|34.130001|34.509998|8061000|0.9746853674|33.636391
2025-09-08|207|NVR|8509.400391|8562.500000|8420.900391|8543.000000|15200|1.0000000000|8543.000000
2025-09-08|208|ROST|150.940002|152.449997|150.470001|151.570007|2393400|0.9910080569|150.207092
2025-09-08|209|JKHY|162.990005|162.990005|160.429993|162.529999|608900|0.9886171552|160.679947
2025-09-08|210|MNST|62.320000|63.029999|62.070000|63.020000|4194200|0.5000000000|63.020000
2025-09-08|211|ORCL|239.889999|242.419998|235.309998|238.479996|18803000|0.9887307780|235.792511
2025-09-08|212|MSFT|498.109985|501.200012|495.029999|498.200012|16771000|0.9918394551|494.134460
2025-09-08|213|TROW|108.160004|109.169998|107.580002|108.169998|1587100|0.9502905192|102.792923
2025-09-08|214|COST|963.729980|972.340027|958.590027|971.849976|1737000|0.9941992924|966.212524
2025-09-08|215|ADBE|348.859985|358.820007|343.589996|358.660004|5043300|1.0000000000|358.660004
2025-09-08|216|FISV|134.600006|135.389999|132.470001|135.210007|5130200|1.0000000000|135.210007
2025-09-08|217|BKR|45.869999|46.009998|45.119999|45.639999|3870200|0.9846041741|44.937332
2025-09-08|218|CDNS|353.670013|361.359985|353.000000|360.640015|1773400|1.0000000000|360.640015
2025-09-08|219|TJX|139.229996|141.000000|139.149994|140.839996|4801400|0.9879468300|139.142426
2025-09-08|220|FICO|1534.739990|1542.510010|1523.800049|1538.199951|299900|1.0000000000|1538.199951
2025-09-08|221|CCL|31.700001|32.090000|31.500000|31.559999|20390300|0.9841845235|31.060862
2025-09-08|222|FAST|48.099998|48.349998|47.680000|48.189999|6021400|0.9787399757|47.165485
2025-09-08|223|SCHW|92.180000|93.650002|91.849998|93.449997|12681500|0.9873800864|92.270668
2025-09-08|224|JCI|106.570000|108.260002|105.709999|107.169998|4681500|0.9941759575|106.545830
2025-09-08|225|COHR|98.790001|99.900002|96.820000|98.669998|2941200|1.0000000000|98.669998
2025-09-08|226|KEY|18.950001|19.190001|18.650000|19.150000|53265100|0.9696888308|18.569542
2025-09-08|227|MOS|32.439999|33.020000|32.349998|32.580002|4959900|0.9727377902|31.691799
2025-09-08|228|MGM|36.650002|36.700001|35.869999|36.200001|4433000|1.0000000000|36.200001
2025-09-08|229|WM|220.009995|220.610001|217.869995|219.050003|1509200|0.9842255613|215.594604
2025-09-08|230|TECH|54.049999|54.330002|53.290001|54.110001|2427800|0.9943671322|53.805210
2025-09-08|231|IEX|164.830002|164.869995|162.220001|164.169998|738400|0.9853525022|161.765320
2025-09-08|232|GEN|29.600000|29.940001|29.410000|29.910000|2636300|0.9804358251|29.324835
2025-09-08|233|CRH|111.449997|113.059998|109.389999|112.059998|3899400|0.9889154582|110.817863
2025-09-08|234|EOG|117.849998|118.419998|116.059998|117.650002|2550500|0.9664053429|113.697586
2025-09-08|235|PTC|215.220001|215.220001|209.899994|212.729996|1279800|1.0000000000|212.729996
2025-09-08|236|CSCO|66.720001|67.010002|66.349998|66.879997|14038000|0.9797136141|65.523247
2025-09-08|237|LH|278.359985|278.959991|273.279999|277.209991|669200|0.9921089357|274.434143
2025-09-08|238|TRMB|81.050003|81.360001|80.300003|81.290001|1131700|1.0000000000|81.290001
2025-09-08|239|AZO|4218.000000|4259.220215|4218.000000|4242.879883|112900|1.0000000000|4242.879883
2025-09-08|240|REGN|571.200012|571.200012|552.809998|558.440002|1250400|0.9948983635|555.591064
2025-09-08|241|IDXX|644.419983|654.049988|640.260010|652.830017|460600|1.0000000000|652.830017
2025-09-08|242|AES|12.990000|12.990000|12.630000|12.720000|7808200|0.9525797478|12.116814
2025-09-08|243|VRTX|395.279999|396.000000|390.980011|395.250000|1365500|1.0000000000|395.250000
2025-09-08|244|ZBRA|313.839996|318.200012|311.279999|313.799988|603000|1.0000000000|313.799988
2025-09-08|245|BIIB|140.000000|143.229996|137.199997|141.350006|1624300|1.0000000000|141.350006
2025-09-08|246|ODFL|150.899994|151.289993|147.619995|151.110001|1603200|0.9953671039|150.409912
2025-09-08|247|APH|111.099998|111.970001|110.389999|110.540001|9279700|0.9932298743|109.791634
2025-09-08|248|KIM|22.530001|22.690001|22.350000|22.520000|3437300|0.9657396580|21.748459
2025-09-08|249|QCOM|160.289993|160.289993|158.009995|160.240005|7019700|0.9849314898|157.825424
2025-09-08|250|GILD|114.680000|116.180000|113.820000|115.879997|16945000|0.9746107539|112.937881
2025-09-08|251|ROP|519.099976|524.070007|517.510010|523.429993|1086000|0.9912816468|518.866638
2025-09-08|252|SNPS|600.919983|615.789978|599.219971|609.080017|1729500|1.0000000000|609.080017
2025-09-08|253|STZ|148.220001|148.220001|144.580002|146.100006|3096700|0.9716065224|141.951706
2025-09-08|254|BSX|107.459999|108.680000|106.800003|108.139999|7455500|1.0000000000|108.139999
2025-09-08|255|STE|244.860001|249.350006|243.250000|248.320007|933000|0.9945039836|246.955246
2025-09-08|256|DHI|180.750000|184.550003|180.029999|184.039993|3665800|0.9881394354|181.857178
2025-09-08|257|LIN|469.660004|475.070007|466.600006|474.630005|1677200|0.9898650243|469.819641
2025-09-08|258|SBUX|85.500000|85.500000|83.680000|84.169998|9213700|0.9751160265|82.075516
2025-09-08|259|MS|148.320007|149.199997|147.250000|148.789993|3820800|0.9778330741|145.491776
2025-09-08|260|INTU|676.580017|679.400024|667.960022|671.679993|1558700|0.9888907264|664.218140
2025-09-08|261|MCHP|66.349998|66.879997|64.830002|65.300003|7153000|0.9744763190|63.633305
2025-09-08|262|CB|276.470001|278.079987|273.920013|277.470001|1343800|0.9939554166|275.792816
2025-09-08|263|ORLY|104.940002|106.550003|104.889999|106.400002|4360900|1.0000000000|106.400002
2025-09-08|264|RCL|354.000000|360.089996|349.410004|351.059998|1587300|0.9831897671|345.158630
2025-09-08|265|JBL|211.059998|212.179993|207.809998|209.169998|1078400|0.9988481715|208.929062
2025-09-08|266|ALL|201.039993|201.039993|198.000000|200.309998|1536600|0.9851043015|197.326218
2025-09-08|267|CPT|110.000000|111.000000|110.000000|110.919998|651200|0.9608575952|106.578316
2025-09-08|268|VMRK|66.220001|66.660004|65.809998|66.389999|2189500|0.9568407274|63.524662
2025-09-08|269|IT|245.759995|247.479996|239.759995|246.259995|1420500|1.0000000000|246.259995
2025-09-08|270|DECK|119.699997|119.900002|116.070000|117.169998|3721100|1.0000000000|117.169998
2025-09-08|271|REG|73.440002|73.580002|72.430000|73.080002|1097800|0.9606550738|70.204681
2025-09-08|272|INCY|86.480003|86.940002|85.180000|86.559998|1222700|1.0000000000|86.559998
2025-09-08|273|SPG|181.770004|182.929993|180.110001|182.550003|2369300|0.9546037782|174.262924
2025-09-08|274|MAA|143.860001|144.710007|143.559998|144.649994|585400|0.9546815481|138.094681
2025-09-08|275|MLM|620.950012|627.679993|618.500000|627.090027|321100|0.9960197565|624.594055
2025-09-08|276|TSCO|60.360001|60.459999|59.119999|60.090000|5475400|0.9764906296|58.677315
2025-09-08|277|ALB|82.150002|82.660004|80.070000|82.000000|2332700|0.9866416503|80.904610
2025-09-08|278|CPRT|48.669998|49.160000|47.369999|48.750000|12159300|1.0000000000|48.750000
2025-09-08|279|FLEX|55.950001|56.849998|55.560001|55.840000|3031400|1.0000000000|55.840000
2025-09-08|280|ESS|265.279999|266.589996|264.160004|265.709991|319100|0.9616604752|255.522781
2025-09-08|281|O|59.020000|59.259998|58.630001|59.099998|5197800|0.9523910542|56.286316
2025-09-08|282|MCO|499.179993|508.670013|497.869995|507.630005|735400|0.9914008639|503.264862
2025-09-08|283|SJM|111.790001|111.790001|109.940002|111.589996|1738900|0.9604551346|107.177177
2025-09-08|284|MCK|688.000000|697.559998|683.380005|696.979980|592200|0.9971371280|694.984619
2025-09-08|285|COF|222.059998|222.500000|218.589996|220.100006|3820000|0.9846948620|216.731354
2025-09-08|286|EME|630.559998|637.549988|619.619995|621.580017|577500|0.9980200530|620.349304
2025-09-08|287|DLTR|101.050003|101.370003|96.959999|99.400002|7464500|1.0000000000|99.400002
2025-09-08|288|COR|292.769989|298.299988|290.670013|297.859985|2794200|0.9924371875|295.607361
2025-09-08|289|DRI|209.529999|211.199997|208.259995|210.789993|1199000|0.9692558966|204.309448
2025-09-08|290|RMD|276.470001|279.730011|273.369995|279.459991|688500|0.9895309167|276.534302
2025-09-08|291|WAB|193.699997|194.009995|189.369995|190.929993|1339900|0.9953491745|190.042007
2025-09-08|292|FCX|46.529999|46.750000|45.500000|46.660000|10436400|0.9893641669|46.163731
2025-09-08|293|IVZ|22.000000|22.160000|21.830000|22.000000|5746000|0.9692003654|21.322409
2025-09-08|294|ACGL|93.500000|93.500000|90.129997|90.900002|2393000|1.0000000000|90.900002
2025-09-08|295|ERIE|335.959991|337.239990|333.850006|336.250000|101200|0.9792544909|329.274292
2025-09-08|296|EG|338.790009|340.299988|334.649994|339.579987|298600|0.9878843207|335.465759
2025-09-08|297|DVA|136.990005|136.990005|133.570007|134.509995|882300|1.0000000000|134.509995
2025-09-08|298|HSIC|69.480003|69.660004|67.000000|67.739998|1546800|1.0000000000|67.739998
2025-09-08|299|EL|89.559998|89.620003|87.260002|88.849998|3489400|0.9893232983|87.901375
2025-09-08|300|WAT|304.119995|310.230011|301.299988|309.369995|641000|1.0000000000|309.369995
2025-09-08|301|NTAP|118.830002|121.330002|118.379997|121.169998|3018300|0.9828001938|119.085892
2025-09-08|302|HIG|131.070007|131.509995|129.669998|130.639999|1265200|0.9867007020|128.902573
2025-09-08|303|IRM|91.290001|92.500000|90.529999|92.430000|1614500|0.9670499740|89.384430
2025-09-08|304|BRK-B|499.000000|499.649994|493.459991|493.779999|5146300|1.0000000000|493.779999
2025-09-08|305|FDS|371.529999|377.070007|369.440002|375.339996|500500|0.9861098905|370.126526
2025-09-08|306|STLD|134.479996|135.559998|132.690002|134.539993|1385200|0.9881804292|132.949783
2025-09-08|307|DGX|183.500000|183.500000|180.910004|182.529999|438500|0.9827524115|179.381790
2025-09-08|308|CIEN|118.449997|120.180000|117.019997|119.000000|2593300|1.0000000000|119.000000
2025-09-08|309|TTWO|241.779999|250.449997|241.399994|248.779999|2214500|1.0000000000|248.779999
2025-09-08|310|VTR|67.449997|68.389999|67.430000|68.080002|2211600|0.9750191622|66.379311
2025-09-08|311|AMZN|234.940002|237.600006|233.750000|235.839996|33947100|1.0000000000|235.839996
2025-09-08|312|ARE|83.779999|85.790001|83.180000|85.559998|1499800|0.9425806495|80.647202
2025-09-08|313|RL|315.029999|319.000000|307.059998|308.989990|615000|0.9893282798|305.692535
2025-09-08|314|BXP|75.000000|76.110001|73.320000|75.790001|3498700|0.9573561810|72.558022
2025-09-08|315|FIX|712.000000|718.390015|703.750000|715.869995|337900|0.9979565203|714.407043
2025-09-08|316|YUM|144.000000|148.039993|143.229996|147.990005|2187700|0.9858960568|145.902756
2025-09-08|317|CHRW|126.389999|126.779999|125.230003|125.900002|1217700|0.9892308245|124.544167
2025-09-08|318|FE|43.520000|43.720001|43.009998|43.310001|4080700|0.9613759059|41.637192
2025-09-08|319|MTD|1296.189941|1316.969971|1286.790039|1314.650024|93400|1.0000000000|1314.650024
2025-09-08|320|PLD|112.169998|113.760002|111.660004|113.559998|2791100|0.9686204655|109.996536
2025-09-08|321|URI|973.409973|974.450012|959.059998|970.229980|585100|0.9918999023|962.371033
2025-09-08|322|AEE|100.209999|100.559998|99.449997|99.989998|1920000|0.9722966120|97.219933
2025-09-08|323|VRSN|281.179993|284.980011|280.109985|282.920013|848600|0.9876930267|279.438110
2025-09-08|324|PWR|377.010010|380.000000|373.410004|375.529999|780000|0.9991491848|375.210480
2025-09-08|325|AMT|194.380005|195.470001|189.009995|193.639999|5376600|0.9628069961|186.437943
2025-09-08|326|MAR|265.130005|268.380005|263.190002|268.070007|998200|0.9917417055|265.856232
2025-09-08|327|CTSH|71.709999|71.769997|69.720001|71.190002|5198800|0.9779331176|69.619057
2025-09-08|328|SRE|81.400002|81.400002|78.970001|79.410004|4818200|0.9718725927|77.176414
2025-09-08|329|CSGP|89.160004|91.010002|87.839996|88.059998|2826600|1.0000000000|88.059998
2025-09-08|330|RSG|229.470001|229.470001|226.470001|228.130005|1270200|0.9886066709|225.530853
2025-09-08|331|CCI|93.040001|94.010002|91.300003|93.879997|9020300|0.9541022922|89.571129
2025-09-08|332|EBAY|92.970001|93.589996|92.129997|93.019997|6846800|0.9904184858|91.849457
2025-09-08|333|NVDA|167.550003|170.960007|167.350006|168.309998|163769100|0.9986698626|168.086121
2025-09-08|334|BKNG|5528.490067|5638.499832|5509.980011|5569.699860|214000|0.0397328628|221.300110
2025-09-08|335|GS|739.419983|743.539978|733.570007|741.849976|1400100|0.9855142723|731.103699
2025-09-08|336|FFIV|316.570007|320.799988|316.519989|320.630005|316400|1.0000000000|320.630005
2025-09-08|337|SBAC|193.839996|193.899994|186.809998|191.350006|2436400|0.9751039390|186.586136
2025-09-08|338|LII|578.669983|582.210022|572.750000|580.460022|277600|0.9895934539|574.419373
2025-09-08|339|BLK|1098.280029|1105.819946|1094.000000|1104.920044|671000|0.9841011192|1087.353149
2025-09-08|340|TKO|194.660004|200.710007|194.559998|200.470001|1098300|0.9846983529|197.402481
2025-09-08|341|AKAM|78.769997|79.430000|77.510002|78.879997|1928600|1.0000000000|78.879997
2025-09-08|342|UPS|85.050003|85.050003|83.050003|84.320000|11783700|0.9383630641|79.122780
2025-09-08|343|A|127.480003|128.419998|126.279999|128.130005|2136200|0.9920393505|127.110008
2025-09-08|344|TDY|547.130005|548.890015|544.429993|546.299988|227500|1.0000000000|546.299988
2025-09-08|345|PKG|219.630005|220.139999|214.839996|215.929993|1008600|0.9759029480|210.726715
2025-09-08|346|EW|80.570000|80.800003|79.529999|80.209999|3183800|1.0000000000|80.209999
2025-09-08|347|MET|79.209999|79.699997|77.860001|79.599998|3048300|0.9722454281|77.390739
2025-09-08|348|ON|49.610001|49.610001|47.840000|48.880001|4982800|1.0000000000|48.880001
2025-09-08|349|ISRG|466.700012|470.279999|462.619995|470.000000|1936500|1.0000000000|470.000000
2025-09-08|350|CRL|163.169998|165.110001|149.029999|162.000000|1181100|1.0000000000|162.000000
2025-09-08|351|MRVL|63.619999|66.129997|63.070000|66.000000|24466600|0.9978740377|65.859680
2025-09-08|352|EQIX|767.929993|769.619995|759.380005|765.510010|462100|0.9790491812|749.471985
2025-09-08|353|TPR|105.669998|105.889999|102.839996|104.820000|4096700|0.9910289553|103.879646
2025-09-08|354|GRMN|237.710007|240.509995|236.470001|239.509995|919400|0.9838691932|235.646515
2025-09-08|355|GPN|87.209999|87.599998|85.910004|87.419998|1782500|0.9870347930|86.286583
2025-09-08|356|ALGN|139.880005|139.880005|136.429993|136.860001|1423500|1.0000000000|136.860001
2025-09-08|357|WTW|330.309998|333.049988|327.329987|332.230011|560000|0.9876703786|328.133728
2025-09-08|358|MDLZ|61.590000|61.970001|61.000000|61.939999|6540800|0.9664286986|59.860596
2025-09-08|359|AXON|736.369995|750.000000|733.880005|740.609985|608800|1.0000000000|740.609985
2025-09-08|360|FIS|68.489998|69.059998|67.589996|68.959999|3953100|0.9686518407|66.798233
2025-09-08|361|ACN|255.279999|256.000000|249.470001|255.570007|4707800|0.9798095806|250.409927
2025-09-08|362|ZBH|105.400002|105.500000|103.279999|104.709999|1780200|0.9895894440|103.619911
2025-09-08|363|BG|84.349998|85.309998|83.000000|84.339996|2509800|0.9749906568|82.230705
2025-09-08|364|PFG|79.910004|79.949997|78.110001|79.709999|908300|0.9740293311|77.639870
2025-09-08|365|ELV|315.619995|318.130005|306.700012|308.160004|2006100|0.9794257777|301.819824
2025-09-08|366|CNC|29.020000|29.070000|28.330000|28.840000|16102400|1.0000000000|28.840000
2025-09-08|367|PRU|105.370003|106.019997|103.809998|105.839996|1418100|0.9496925157|100.515450
2025-09-08|368|NFLX|1248.539963|1252.040024|1231.999969|1244.759979|1915100|0.1000000000|124.475998
2025-09-08|369|NDAQ|93.830002|95.050003|93.500000|94.989998|3879300|0.9875215911|93.804672
2025-09-08|370|WYNN|121.000000|124.709999|120.000000|122.669998|2771500|0.9907231274|121.532005
2025-09-08|371|CME|261.609985|262.670013|258.510010|262.579987|1973600|0.9625521451|252.746918
2025-09-08|372|STX|189.990005|191.520004|187.179993|189.240005|4019700|0.9918108479|187.690277
2025-09-08|373|NRG|148.729996|149.639999|144.789993|147.759995|2334000|0.9877934975|145.956375
2025-09-08|374|AIZ|210.770004|212.320007|207.539993|211.750000|370400|0.9887198190|209.361420
2025-09-08|375|CBRE|162.559998|163.740005|161.210007|163.520004|1277900|1.0000000000|163.520004
2025-09-08|376|CRM|250.800003|252.940002|247.300003|252.270004|12602200|0.9916072498|250.152771
2025-09-08|377|DPZ|464.160004|467.220001|456.510010|466.109985|527700|0.9810848008|457.293396
2025-09-08|378|EXR|145.169998|147.149994|144.110001|147.020004|1434000|0.9554904856|140.476227
2025-09-08|379|GOOG|235.789993|238.399994|233.729996|234.160004|23128800|0.9980438060|233.701935
2025-09-08|380|GOOGL|235.470001|238.130005|233.669998|234.039993|32474700|0.9980471771|233.582962
2025-09-08|381|DLR|162.000000|162.369995|159.220001|161.210007|1879700|0.9719407992|156.686584
2025-09-08|382|MPWR|869.309998|879.500000|850.659973|864.320007|495400|0.9930512692|858.314087
2025-09-08|383|LVS|53.900002|53.939999|53.090000|53.750000|6145900|0.9787990268|52.610451
2025-09-08|384|DXCM|79.349998|79.650002|77.739998|78.000000|4101000|1.0000000000|78.000000
2025-09-08|385|BLDR|149.350006|149.350006|145.710007|147.889999|1330100|1.0000000000|147.889999
2025-09-08|386|WBD|12.140000|12.380000|11.920000|12.350000|60182600|1.0000000000|12.350000
2025-09-08|387|EXPE|214.869995|217.779999|214.039993|217.199997|1358700|0.9926306212|215.599396
2025-09-08|388|CF|85.190002|85.190002|83.529999|84.500000|1839900|0.9797238699|82.786667
2025-09-08|389|AMP|491.339996|493.649994|485.309998|492.440002|594100|0.9868973539|485.987671
2025-09-08|390|ICE|173.389999|174.139999|172.000000|173.889999|2322600|0.9873787050|171.695282
2025-09-08|391|PSKY|15.070000|15.240000|14.750000|15.190000|6514800|0.9837013539|14.942423
2025-09-08|392|LYV|163.940002|169.660004|163.899994|169.399994|2341000|1.0000000000|169.399994
2025-09-08|393|CMG|41.000000|41.020000|39.230000|39.650002|35121800|1.0000000000|39.650002
2025-09-08|394|UAL|107.480003|109.440002|106.209999|107.769997|5219200|1.0000000000|107.769997
2025-09-08|395|TDG|1251.989990|1295.459961|1243.550049|1293.239990|630400|1.0000000000|1293.239990
2025-09-08|396|MA|582.619995|589.789978|580.700012|586.599976|1948200|0.9938070309|582.967163
2025-09-08|397|LDOS|178.250000|178.570007|176.339996|178.410004|641500|0.9896050149|176.555450
2025-09-08|398|FSLR|206.250000|206.639999|198.949997|203.210007|2450300|1.0000000000|203.210007
2025-09-08|399|BR|250.539993|253.789993|249.250000|253.429993|593100|0.9798433665|248.321701
2025-09-08|400|SMCI|40.900002|41.119999|39.889999|40.040001|19033300|1.0000000000|40.040001
2025-09-08|401|TMUS|241.130005|247.250000|237.399994|242.899994|6313600|0.9849640725|237.874878
2025-09-08|402|DAL|61.000000|61.860001|60.500000|61.759998|7579200|0.9891783114|61.091656
2025-09-08|403|IBKR|60.830002|61.669998|60.779999|61.110001|5544900|0.9966884542|60.907631
2025-09-08|404|PODD|349.559998|350.000000|345.559998|349.559998|526500|1.0000000000|349.559998
2025-09-08|405|TEL|209.210007|209.809998|207.160004|207.869995|1110600|0.9892434805|205.634033
2025-09-08|406|BX|170.639999|173.649994|169.800003|173.300003|3085200|0.9610163599|166.544144
2025-09-08|407|LULU|167.759995|169.610001|162.800003|168.100006|13919800|1.0000000000|168.100006
2025-09-08|408|ULTA|518.950012|523.570007|509.320007|519.809998|720700|1.0000000000|519.809998
2025-09-08|409|MSCI|557.729980|576.159973|554.909973|574.580017|922800|0.9858483453|566.448792
2025-09-08|410|ECHO|81.529999|84.480003|75.500000|80.629997|24269800|1.0000000000|80.629997
2025-09-08|411|PM|161.660004|162.789993|159.570007|162.720001|6055800|0.9650495005|157.032852
2025-09-08|412|V|342.339996|344.380005|341.000000|342.299988|4711600|0.9920658607|339.584137
2025-09-08|413|AWK|142.649994|143.229996|139.020004|140.020004|1331800|0.9734433274|136.301544
2025-09-08|414|KDP|28.590000|28.629999|27.240000|27.629999|34840200|0.9674331941|26.730179
2025-09-08|415|SW|47.360001|47.540001|45.490002|46.689999|3329000|0.9711821711|45.344498
2025-09-08|416|AVGO|342.750000|354.170013|341.250000|345.649994|43535600|0.9927261709|343.135803
2025-09-08|417|VRSK|270.500000|273.200012|268.320007|273.029999|1240400|0.9909965186|270.571777
2025-09-08|418|DG|110.570000|110.699997|107.260002|108.720001|3468100|0.9800962717|106.556061
2025-09-08|419|FTNT|79.180000|80.400002|79.180000|80.360001|6728800|1.0000000000|80.360001
2025-09-08|420|CHTR|255.440002|264.119995|251.800003|263.880005|1853200|1.0000000000|263.880005
2025-09-08|421|FERG|238.240005|241.100006|236.270004|237.669998|1450000|0.9811984638|233.201416
2025-09-08|422|GNRC|181.220001|185.369995|179.800003|183.970001|894400|1.0000000000|183.970001
2025-09-08|423|LYB|54.790001|54.790001|52.680000|54.630001|3874800|0.9407211657|51.391598
2025-09-08|424|CBOE|233.839996|234.839996|230.970001|234.369995|753800|0.9954503651|233.303696
2025-09-08|425|TSLA|354.640015|358.440002|344.839996|346.399994|75208300|1.0000000000|346.399994
2025-09-08|426|KKR|136.210007|138.820007|135.729996|138.690002|3458900|0.9928030964|137.691864
2025-09-08|427|NXPI|227.399994|229.419998|224.619995|225.500000|1876700|0.9825362696|221.561935
2025-09-08|428|GM|58.130001|58.259998|57.400002|58.200001|6399200|0.9934966717|57.821507
2025-09-08|429|TRGP|163.520004|164.440002|159.100006|160.520004|1783700|0.9789495349|157.140976
2025-09-08|430|CPAY|316.140015|316.140015|309.070007|311.589996|668500|1.0000000000|311.589996
2025-09-08|431|KMI|26.750000|27.090000|26.290001|26.480000|14652100|0.9613533449|25.456636
2025-09-08|432|HCA|418.839996|418.839996|406.690002|418.100006|1472900|0.9932605867|415.282257
2025-09-08|433|HII|270.869995|271.019989|265.440002|269.940002|399600|0.9882397967|265.527130
2025-09-08|434|APO|132.600006|134.679993|131.149994|134.440002|3249900|0.9837214596|132.251526
2025-09-08|435|MPC|179.929993|181.240005|176.889999|181.190002|2006800|0.9835714275|178.213303
2025-09-08|436|XYL|140.509995|140.820007|139.210007|140.029999|1421000|0.9861759388|138.094208
2025-09-08|437|APTV|80.260002|82.349998|79.500000|82.300003|2073700|1.0000000000|82.300003
2025-09-08|438|PSX|132.039993|132.449997|129.850006|130.210007|2802400|0.9712393490|126.465088
2025-09-08|439|AMCR|8.280000|8.300000|8.160000|8.220000|20455500|4.8543684849|39.902908
2025-09-08|440|META|756.000000|766.510010|752.020020|752.299988|13087800|0.9967331772|749.842346
2025-09-08|441|NOW|915.139999|944.820023|912.559967|939.329987|1636100|0.2000000000|187.865997
2025-09-08|442|PANW|195.190002|197.899994|194.789993|197.380005|5503800|1.0000000000|197.380005
2025-09-08|443|FANG|139.619995|139.899994|135.649994|137.279999|2052100|0.9764795206|134.051102
2025-09-08|444|WDAY|231.619995|233.449997|229.100006|231.809998|3020200|1.0000000000|231.809998
2025-09-08|445|ABBV|210.990005|212.000000|207.610001|209.789993|5525500|0.9699105539|203.477524
2025-09-08|446|NCLH|25.440001|25.740000|24.480000|24.530001|32898000|1.0000000000|24.530001
2025-09-08|447|ZTS|152.500000|152.970001|146.490005|151.750000|3313000|0.9811560666|148.890442
2025-09-08|448|IQV|185.649994|189.000000|183.699997|187.679993|1329300|1.0000000000|187.679993
2025-09-08|449|NWS|33.410000|34.070000|33.119999|33.970001|557100|0.9932558879|33.740902
2025-09-08|450|NWSA|29.430000|30.040001|29.150000|29.940001|3796400|0.9924536320|29.714062
2025-09-08|451|CDW|169.809998|169.970001|166.500000|167.850006|1194400|0.9800438553|164.500366
2025-09-08|452|VEEV|279.000000|283.260010|275.420013|282.779999|2253300|1.0000000000|282.779999
2025-09-08|453|ALLE|171.529999|173.250000|170.699997|173.100006|578200|0.9921390873|171.739288
2025-09-08|454|HLT|272.450012|277.899994|271.869995|277.799988|1544700|0.9980421657|277.256073
2025-09-08|455|ARES|177.000000|177.645004|173.360001|176.250000|1731200|0.9643870365|169.973221
2025-09-08|456|ANET|143.800003|144.100006|139.839996|140.009995|7925500|1.0000000000|140.009995
2025-09-08|457|SYF|75.779999|76.000000|74.529999|75.139999|2289400|0.9836138777|73.908752
2025-09-08|458|CFG|51.869999|51.869999|50.919998|51.700001|3396100|0.9707955381|50.190128
2025-09-08|459|KEYS|168.000000|169.360001|166.699997|169.289993|872200|1.0000000000|169.289993
2025-09-08|460|GDDY|145.100006|148.100006|144.240005|148.059998|1537100|1.0000000000|148.059998
2025-09-08|461|KHC|27.139999|27.150000|26.530001|26.900000|17984200|0.9508904028|25.578951
2025-09-08|462|PYPL|68.459999|68.589996|67.800003|68.400002|7954900|0.9914138539|67.812714
2025-09-08|463|LITE|150.990005|152.250000|148.419998|149.399994|3453200|1.0000000000|149.399994
2025-09-08|464|HPE|23.600000|23.775000|23.049999|23.500000|19157100|0.9795953482|23.020493
2025-09-08|465|XYZ|75.050003|75.980003|74.885002|75.820000|5191500|1.0000000000|75.820000
2025-09-08|466|FTV|47.700001|48.040001|47.029999|47.980000|3201600|0.9955934752|47.768578
2025-09-08|467|DELL|125.300003|125.610001|122.790001|123.000000|5187100|0.9874173534|121.452339
2025-09-08|468|TTD|52.310001|52.480000|50.639999|52.029999|10656900|1.0000000000|52.029999
2025-09-08|469|VST|189.589996|190.554993|184.610001|188.009995|4153400|0.9947817288|187.028915
2025-09-08|470|HWM|178.279999|180.550003|178.279999|179.429993|1777300|0.9979223317|179.057205
2025-09-08|471|INVH|30.000000|30.264999|29.879999|30.100000|3903800|0.9576139206|28.824181
2025-09-08|472|CVNA|370.999985|378.320007|364.500008|372.210007|1697800|0.2000000000|74.442001
2025-09-08|473|IR|80.949997|81.279999|79.209999|80.379997|4536500|0.9990084054|80.300285
2025-09-08|474|VICI|33.509998|33.650002|33.160000|33.310001|10604700|0.9391962861|31.284632
2025-09-08|475|VRT|125.709999|125.720001|120.970001|121.820000|10222700|0.9988996720|121.685951
2025-09-08|476|MRNA|24.924999|24.924999|23.780001|24.830000|13100500|1.0000000000|24.830000
2025-09-08|477|FOXA|61.410000|62.689999|61.099998|62.480000|2066000|0.9951185496|62.175007
2025-09-08|478|FOX|55.830002|57.020000|55.630001|56.810001|1795400|0.9946544484|56.506321
2025-09-08|479|DOW|24.340000|24.346001|23.120001|23.980000|15488100|0.9640247460|23.117311
2025-09-08|480|UBER|91.379997|94.559998|91.379997|94.360001|18906600|1.0000000000|94.360001
2025-09-08|481|CTVA|72.199997|73.029999|71.699997|72.949997|4724500|0.9928033602|72.425003
2025-09-08|482|CRWD|419.000000|428.845001|416.420013|428.059998|2545800|0.2500000000|107.014999
2025-09-08|483|DDOG|136.289993|136.914993|134.649994|136.440002|4757600|1.0000000000|136.440002
2025-09-08|484|CARR|65.620003|66.135002|65.059998|65.610001|5761700|0.9848525765|64.616188
2025-09-08|485|OTIS|86.910004|87.385002|86.339996|87.370003|2529300|0.9789066234|85.527069
2025-09-08|486|PLTR|154.910004|158.300003|154.839996|156.100006|47643000|1.0000000000|156.100006
2025-09-08|487|DASH|249.399994|254.960007|248.298996|250.600006|3333600|1.0000000000|250.600006
2025-09-08|488|ABNB|124.239998|126.080002|123.059998|124.620003|4765200|1.0000000000|124.620003
2025-09-08|489|EXE|96.750000|97.440002|94.019997|94.519997|2562400|0.9779564541|92.436440
2025-09-08|490|COIN|301.880005|306.600006|297.149994|302.200012|8824100|1.0000000000|302.200012
2025-09-08|491|APP|537.075012|555.500000|535.700012|547.039978|16516900|1.0000000000|547.039978
2025-09-08|492|HOOD|110.629997|117.300003|110.120003|117.279999|102382400|1.0000000000|117.279999
2025-09-08|493|CEG|304.209991|304.790009|296.359985|298.820007|2333700|0.9944409722|297.158844
2025-09-08|494|GEHC|76.139999|78.430000|74.989998|78.160004|6251200|0.9981004727|78.011536
2025-09-08|495|KVUE|18.750000|18.930000|18.200001|18.430000|56135000|0.9540880845|17.583841
2025-09-08|496|VLTO|105.709999|106.949997|105.010002|106.900002|910300|0.9946977565|106.333183
2025-09-08|497|RDDT|245.089996|246.990005|229.860001|229.979996|5949200|1.0000000000|229.979996
2025-09-08|498|SOLV|72.529999|75.599998|72.278000|74.599998|1507900|1.0000000000|74.599998
2025-09-08|499|GEV|594.409973|606.000000|584.940002|600.229980|2513700|0.9977344385|598.870117
2025-09-08|500|SNDK|68.650002|71.000000|67.860001|70.495003|5869100|1.0000000000|70.495003
