date|security_id|ticker|open|high|low|close|volume|adj_factor|adj_close_vendor
2025-09-23|1|AEP|106.779999|108.370003|106.779999|108.139999|3052200|0.9699113042|104.886208
2025-09-23|2|BA|217.119995|219.820007|214.009995|216.339996|12760900|1.0000000000|216.339996
2025-09-23|3|CAT|473.260010|485.339996|468.190002|471.260010|3856600|0.9910786923|467.055756
2025-09-23|4|CNP|38.090000|38.799999|38.029999|38.799999|4762500|0.9777626474|37.937187
2025-09-23|5|CVX|157.119995|159.830002|156.990005|157.419998|7181400|0.9620890936|151.452042
2025-09-23|6|DIS|112.720001|113.620003|111.599998|112.250000|13145000|0.9857264957|110.647804
2025-09-23|7|DTE|135.809998|138.000000|135.770004|137.970001|924300|0.9755422782|134.595566
2025-09-23|8|ED|96.360001|98.639999|96.300003|98.550003|2204300|0.9678975191|95.386314
2025-09-23|9|GD|322.609985|325.739990|321.119995|323.200012|1250600|0.9826639145|317.597015
2025-09-23|10|GE|301.649994|305.769989|301.149994|305.630005|3637400|0.9949472243|304.085754
2025-09-23|11|HON|209.440000|211.019999|208.809995|209.309992|6235300|0.9694785487|202.921570
2025-09-23|12|HPQ|28.360001|28.860001|28.360001|28.530001|7382800|0.9607551428|27.410345
2025-09-23|13|IBM|272.700012|273.299988|269.269989|272.239990|5394100|0.9746618623|265.341919
2025-09-23|14|IP|46.290001|46.840000|46.110001|46.369999|2117000|0.9527969504|44.181194
2025-09-23|15|JNJ|174.889999|176.970001|174.830002|176.580002|8350400|0.9779609434|172.688339
2025-09-23|16|KO|66.349998|66.760002|65.900002|66.709999|15072800|0.9799171123|65.370270
2025-09-23|17|KR|64.459999|65.470001|64.370003|65.349998|11228300|0.9778352350|63.901531
2025-09-23|18|LMT|480.899994|486.779999|479.339996|486.670013|1135500|0.9808408602|477.345825
2025-09-23|19|MMM|153.839996|158.139999|153.839996|156.289993|2254000|0.9818750293|153.457230
2025-09-23|20|MO|63.770000|64.879997|63.639999|64.870003|7417400|0.9516126626|61.731117
2025-09-23|21|MRK|80.089996|81.110001|79.669998|79.959999|13145300|0.9772081263|78.137558
2025-09-23|22|MSI|471.359985|474.160004|468.779999|470.720001|1067100|0.9910852927|466.523712
2025-09-23|23|PG|153.199997|153.289993|150.970001|152.500000|8853400|0.9714333836|148.143585
2025-09-23|24|XOM|112.720001|114.750000|112.480003|113.949997|25369100|0.9718336400|110.740448
2025-09-23|25|RTX|159.750000|161.399994|158.949997|160.539993|3287100|0.9853742397|158.191971
2025-09-23|26|MCD|303.739990|304.450012|300.320007|303.190002|2976900|0.9818538696|297.688263
2025-09-23|27|AXP|341.940002|349.190002|340.010010|341.470001|2697600|0.9894167649|337.856171
2025-09-23|28|BMY|44.919998|45.590000|44.709999|44.910000|16358100|0.9541997897|42.853111
2025-09-23|29|DD|78.580002|79.199997|77.440003|77.469998|4703900|1.2389568992|95.981987
2025-09-23|30|DE|471.350006|474.899994|468.230011|471.670013|997200|0.9876285285|465.834778
2025-09-23|31|EMR|133.389999|133.550003|130.669998|131.460007|2634300|0.9845366681|129.427200
2025-09-23|32|ETN|381.760010|382.000000|366.059998|368.519989|2776200|0.9889737586|364.456573
2025-09-23|33|ETR|89.250000|90.980003|88.900002|90.849998|2134400|0.9756994696|88.642296
2025-09-23|34|F|11.700000|11.930000|11.700000|11.730000|55667600|0.9554534458|11.207469
2025-09-23|35|HAL|22.940001|24.879999|22.930000|24.270000|36005600|0.9847026012|23.898731
2025-09-23|36|LLY|750.570007|753.000000|743.169983|746.979980|2910100|0.9937326373|742.298401
2025-09-23|37|PCG|14.770000|15.040000|14.720000|14.730000|15650500|0.9895107403|14.575492
2025-09-23|38|PEP|141.039993|142.229996|139.960007|141.899994|6356500|0.9713251717|137.831039
2025-09-23|39|PFE|24.100000|24.360001|24.049999|24.129999|38955200|0.9344639716|22.548615
2025-09-23|40|TXN|179.869995|182.669998|179.679993|182.039993|5900800|0.9747566992|177.444702
2025-09-23|41|WFC|85.150002|86.660004|83.669998|84.370003|14818500|0.9786587178|82.569435
2025-09-23|42|HUBB|440.429993|442.000000|431.510010|435.230011|470300|0.9910077151|431.316315
2025-09-23|43|WMT|102.410004|102.680000|101.330002|102.519997|13158700|0.9916508097|101.664032
2025-09-23|44|AIG|76.459999|77.239998|76.309998|76.699997|5096300|0.9824236525|75.351898
2025-09-23|45|AVY|163.240005|164.759995|162.919998|163.320007|647600|0.9833361967|160.598480
2025-09-23|46|BAC|52.000000|52.880001|51.520000|51.700001|28278200|0.9841245494|50.879238
2025-09-23|47|BALL|48.849998|49.110001|48.189999|48.520000|3014700|0.9893620930|48.003849
2025-09-23|48|BDX|186.300001|188.150006|185.809997|186.520004|1256300|0.7715067098|143.901428
2025-09-23|49|CLX|119.370003|120.669998|117.639999|120.379997|1667600|0.9554686115|115.019310
2025-09-23|50|CMI|427.000000|432.500000|423.000000|424.160004|818800|0.9855888256|418.047333
2025-09-23|51|CMS|70.239998|71.610001|70.160004|71.489998|1706000|0.9697049346|69.324203
2025-09-23|52|CVS|75.089996|76.919998|74.910004|76.500000|5938900|0.9692366143|74.146591
2025-09-23|53|ECL|266.359985|268.000000|265.239990|265.809998|1254700|0.9918356453|263.639832
2025-09-23|54|ES|67.599998|69.470001|67.440002|69.419998|3831200|0.9670826030|67.134872
2025-09-23|55|EVRG|72.000000|73.550003|71.820000|73.290001|3523900|0.9663059278|70.820564
2025-09-23|56|GWW|984.460022|990.000000|971.719971|975.780029|273800|0.9918044722|967.783020
2025-09-23|57|LNT|64.080002|64.889999|63.980000|64.839996|1510300|0.9698403407|62.884441
2025-09-23|58|MKC|64.800003|65.029999|63.660000|64.300003|3448600|0.9687082665|62.287945
2025-09-23|59|MRSH|197.229996|198.369995|195.630005|197.460007|2739100|0.9798864608|193.488388
2025-09-23|60|NEE|72.099998|72.620003|71.720001|72.320000|7795900|0.9793736752|70.299652
2025-09-23|61|NI|41.150002|41.669998|41.080002|41.570000|5469600|0.9739163964|40.485703
2025-09-23|62|PNW|86.099998|87.099998|86.070000|87.089996|731900|0.9627257278|83.843773
2025-09-23|63|RVTY|87.000000|87.760002|84.980003|85.709999|1069600|0.9972426702|85.473663
2025-09-23|64|SNA|338.089996|342.079987|338.089996|340.149994|345200|0.9736214558|331.177338
2025-09-23|65|SPGI|505.599989|507.000011|493.059985|496.760001|2249400|0.9377344841|465.828949
2025-09-23|66|TER|136.000000|138.240005|133.179993|134.679993|4341200|0.9984501140|134.471252
2025-09-23|67|TGT|86.889999|87.879997|86.730003|87.050003|8077800|0.9610823572|83.662224
2025-09-23|68|TXT|83.720001|84.330002|82.370003|83.010002|1128200|0.9993380469|82.955055
2025-09-23|69|VMC|299.609985|301.359985|296.429993|297.589996|580600|0.9925854203|295.383514
2025-09-23|70|XEL|72.029999|73.040001|71.839996|73.040001|4020000|0.9776860259|71.410179
2025-09-23|71|ITW|261.489990|263.299988|260.010010|261.220001|829700|0.9753490955|254.780701
2025-09-23|72|CL|79.500000|80.220001|78.760002|80.150002|5400400|0.9756036244|78.194626
2025-09-23|73|EXC|43.240002|44.279999|43.240002|44.230000|4590200|0.9737696536|43.069832
2025-09-23|74|MDT|94.519997|95.660004|94.169998|94.959999|7101000|0.9685091881|91.969627
2025-09-23|75|BNY|109.269997|110.870003|108.099998|108.660004|2282800|0.9828746130|106.799156
2025-09-23|76|EIX|54.380001|56.099998|54.349998|55.340000|2674900|0.9477686299|52.449516
2025-09-23|77|FRT|99.610001|100.370003|99.529999|100.059998|451200|0.9585027133|95.907776
2025-09-23|78|PNR|110.639999|111.230003|109.459999|110.089996|834800|0.9879062781|108.758598
2025-09-23|79|USB|49.459999|50.220001|49.099998|49.349998|9970900|0.9616675228|47.458294
2025-09-23|80|WY|24.299999|24.459999|24.219999|24.379999|4357100|0.9737086273|23.739016
2025-09-23|81|SYY|81.440002|82.279999|81.209999|82.220001|2670200|0.9724100270|79.951561
2025-09-23|82|WRB|73.199997|74.250000|73.059998|74.139999|1419400|0.9742469050|72.230667
2025-09-23|83|IFF|62.599998|62.950001|62.189999|62.389999|1673800|0.9763780056|60.916225
2025-09-23|84|TAP|45.410000|45.410000|43.990002|44.090000|3732100|0.9680101781|42.187824
2025-09-23|85|PNC|204.000000|206.789993|203.110001|203.919998|1310700|0.9681422743|197.423569
2025-09-23|86|TRV|275.559998|279.079987|274.239990|276.260010|854800|0.9883140678|273.031677
2025-09-23|87|C|103.529999|105.589996|102.410004|103.000000|15747900|0.9792834329|100.866188
2025-09-23|88|FDX|230.660006|235.829993|230.399993|233.699997|2879700|0.7954691757|185.901138
2025-09-23|89|WDC|112.480003|113.760002|109.400002|110.250000|7375500|0.9984583045|110.080017
2025-09-23|90|DHR|190.000000|190.860001|188.410004|189.720001|3461200|0.9926766998|188.330612
2025-09-23|91|APA|23.889999|24.920000|23.740000|23.990000|7254700|0.9662983352|23.181494
2025-09-23|92|LUV|32.250000|33.410000|32.240002|33.340000|12691400|0.9870678085|32.908840
2025-09-23|93|PEG|81.919998|82.300003|81.449997|82.209999|1894200|0.9756675447|80.209633
2025-09-23|94|UNP|225.850006|229.000000|225.449997|227.979996|5183000|0.9839040791|224.310440
2025-09-23|95|ABT|136.279999|136.880005|135.039993|135.889999|5136400|0.9774083434|132.820023
2025-09-23|96|ADI|248.369995|250.360001|246.330002|246.779999|2085700|0.9906566026|244.474243
2025-09-23|97|ADM|59.910000|61.599998|59.910000|60.700001|3624600|0.9716117081|58.976830
2025-09-23|98|ADP|292.209991|293.489990|287.309998|289.209991|1926200|0.9780151607|282.851776
2025-09-23|99|AFL|107.349998|109.419998|106.849998|108.230003|2539900|0.9795217260|106.013641
2025-09-23|100|AMAT|201.229996|204.100006|198.800003|200.869995|12417900|0.9944993487|199.765091
2025-09-23|101|AMD|160.520004|163.389999|159.210007|160.899994|39448300|1.0000000000|160.899994
2025-09-23|102|APD|288.059998|288.559998|274.709991|276.579987|1911900|0.9740417964|269.400452
2025-09-23|103|BF-B|27.110001|27.230000|26.820000|27.030001|3220900|0.9746521115|26.344849
2025-09-23|104|CHD|86.790001|87.500000|85.669998|87.190002|2570500|0.9872146942|86.075241
2025-09-23|105|CINF|154.050003|156.029999|154.050003|154.440002|302800|0.9835715596|151.902786
2025-09-23|106|CMCSA|31.590000|32.179999|31.590000|31.620000|26288500|0.8939029736|28.265209
2025-09-23|107|D|59.750000|61.209999|59.650002|61.119999|4318500|0.9687101350|59.207561
2025-09-23|108|DOV|171.339996|172.259995|168.490005|169.089996|1133200|0.9924896872|167.820068
2025-09-23|109|DUK|121.459999|123.239998|120.970001|123.099998|2123700|0.9660947366|118.926262
2025-09-23|110|EFX|256.820007|258.420013|254.570007|257.579987|778000|0.9915561793|255.405014
2025-09-23|111|EQT|50.119999|51.369999|49.830002|50.950001|8825300|0.9883492503|50.356392
2025-09-23|112|FITB|45.020000|45.680000|44.910000|45.139999|3859400|0.9671869264|43.658817
2025-09-23|113|GIS|50.259998|50.610001|50.119999|50.560001|5522500|0.9414262429|47.598511
2025-09-23|114|GPC|137.889999|139.759995|137.729996|138.660004|1572400|0.9724963604|134.846344
2025-09-23|115|HAS|74.769997|75.540001|74.739998|74.820000|1492300|0.9687474839|72.481689
2025-09-23|116|HBAN|17.360001|17.650000|17.299999|17.350000|25576300|0.9725023795|16.872917
2025-09-23|117|HRL|24.379999|24.540001|24.270000|24.440001|4131900|0.9501443377|23.221529
2025-09-23|118|HST|17.190001|17.520000|17.190001|17.430000|7063800|0.9239624647|16.104664
2025-09-23|119|HSY|191.929993|192.919998|189.820007|190.740005|1308800|0.9707271518|185.156494
2025-09-23|120|INTC|28.990000|30.200001|28.820000|29.340000|126317900|1.0000000000|29.340000
2025-09-23|121|J|150.929993|152.070007|147.470001|147.860001|715800|0.9894584622|146.301315
2025-09-23|122|JPM|311.820007|316.309998|310.579987|312.739990|8584400|0.9812283969|306.869354
2025-09-23|123|KMB|124.120003|124.430000|122.580002|123.820000|2452100|0.9627154389|119.203423
2025-09-23|124|L|97.059998|98.370003|97.000000|98.000000|1110900|0.9977044368|97.775040
2025-09-23|125|LEN|122.459999|123.760002|121.849998|123.250000|4178900|0.9802617213|120.817261
2025-09-23|126|LOW|259.559998|260.779999|257.250000|259.809998|2972900|0.9798699778|254.580017
2025-09-23|127|MAS|71.239998|71.629997|70.720001|71.580002|3548700|0.9817399064|70.272942
2025-09-23|128|MTB|199.360001|203.000000|197.210007|200.630005|1509900|0.9784172563|196.299850
2025-09-23|129|NEM|84.709999|86.620003|83.980003|84.669998|18395200|0.9927701446|84.057854
2025-09-23|130|NTRS|131.860001|133.699997|129.839996|130.520004|911600|0.9838837164|128.416504
2025-09-23|131|NUE|135.279999|138.100006|134.580002|135.259995|1828100|0.9867766388|133.471405
2025-09-23|132|OMC|76.059998|77.639999|75.550003|76.279999|3390900|0.9700503706|73.995445
2025-09-23|133|PCAR|97.070000|98.980003|96.910004|97.750000|2396900|0.9759401745|95.398155
2025-09-23|134|PGR|240.740005|241.029999|237.139999|238.610001|3971700|0.9389929753|224.053101
2025-09-23|135|PH|761.010010|770.760010|758.299988|760.169983|399900|0.9937397742|755.411133
2025-09-23|136|PHM|129.800003|130.669998|128.649994|130.050003|1316600|0.9937132889|129.232422
2025-09-23|137|PPG|109.360001|109.720001|105.709999|106.239998|2150600|0.9744973374|103.530602
2025-09-23|138|PPL|35.669998|36.320000|35.619999|36.310001|3515400|0.9766950417|35.463799
2025-09-23|139|RF|26.690001|27.170000|26.600000|26.730000|18053700|0.9708879210|25.951834
2025-09-23|140|ROL|55.480000|55.599998|54.650002|55.400002|1750600|0.9856812639|54.606747
2025-09-23|141|SHW|345.589996|348.899994|344.029999|344.450012|1350600|0.9906031983|341.213318
2025-09-23|142|STT|113.480003|115.070000|112.269997|112.949997|1148800|0.9748965288|110.114548
2025-09-23|143|SWK|75.629997|76.760002|75.070000|75.269997|1243300|0.9672078260|72.801727
2025-09-23|144|SYK|376.670013|378.690002|372.079987|373.519989|1865300|0.9899211911|369.755341
2025-09-23|145|TMO|471.119995|475.570007|467.279999|469.750000|3244900|0.9972620730|468.463837
2025-09-23|146|TPL|877.800018|937.000031|877.800018|931.279999|219200|0.3318281124|309.024872
2025-09-23|147|TSN|53.849998|54.160000|53.560001|53.849998|1988700|0.9750492370|52.506397
2025-09-23|148|TT|408.119995|411.290009|403.070007|405.160004|1127500|0.9953350758|403.269958
2025-09-23|149|TYL|536.619995|538.900024|527.229980|528.390015|323500|1.0000000000|528.390015
2025-09-23|150|UDR|37.459999|37.599998|37.209999|37.509998|1704200|0.9573816019|35.911381
2025-09-23|151|VTRS|9.790000|9.800000|9.570000|9.600000|8977300|0.9657614708|9.271310
2025-09-23|152|WEC|109.660004|111.800003|109.500000|111.760002|2329800|0.9669333840|108.064468
2025-09-23|153|WST|251.429993|254.029999|250.000000|250.800003|449400|0.9968900108|250.020035
2025-09-23|154|NDSN|224.919998|228.119995|224.240005|224.839996|203100|0.9906696357|222.742157
2025-09-23|155|TFC|45.520000|46.209999|45.439999|45.700001|8004000|0.9589220174|43.822735
2025-09-23|156|WELL|168.470001|172.710007|167.880005|172.550003|3126300|0.9854911345|170.046509
2025-09-23|157|AON|353.399994|356.579987|349.329987|353.070007|1761200|0.9951005240|351.340179
2025-09-23|158|GL|144.850006|147.830002|144.850006|146.550003|509600|0.9919590983|145.371597
2025-09-23|159|OKE|72.000000|73.430000|71.800003|72.599998|3920600|0.9485114183|68.861923
2025-09-23|160|KLAC|1067.850037|1075.520020|1060.790024|1071.200027|829500|0.0994634319|106.545242
2025-09-23|161|CSX|33.349998|34.320000|33.299999|34.070000|27739500|0.9900119853|33.729710
2025-09-23|162|PSA|279.660004|282.709991|279.359985|282.299988|1338800|0.9701110817|273.862335
2025-09-23|163|NKE|71.570000|72.419998|70.730003|70.930000|10432400|0.9783499344|69.394363
2025-09-23|164|AAPL|255.880005|257.339996|253.580002|254.429993|60275200|0.9963195807|253.493607
2025-09-23|165|BRO|92.389999|93.040001|91.550003|92.190002|2210400|0.9904200305|91.306824
2025-09-23|166|UHS|194.139999|197.539993|193.000000|194.720001|670200|0.9968342486|194.103546
2025-09-23|167|HD|412.000000|413.730011|407.459991|410.910004|2597000|0.9796274407|402.538696
2025-09-23|168|BAX|22.809999|23.160000|22.750000|22.860001|4805500|0.9984613291|22.816027
2025-09-23|169|COP|92.599998|95.529999|92.599998|93.470001|8241900|0.9694370271|90.613281
2025-09-23|170|GLW|79.199997|81.019997|79.019997|81.000000|8654200|0.9932214224|80.450935
2025-09-23|171|HUM|257.529999|262.630005|256.290009|258.320007|1612900|0.9857757655|254.645584
2025-09-23|172|LHX|285.339996|288.019989|284.170013|286.190002|760300|0.9883920425|282.867920
2025-09-23|173|NOC|576.000000|580.669983|571.080017|577.080017|656300|0.9884333448|570.405151
2025-09-23|174|OXY|46.110001|47.240002|46.000000|46.419998|8996700|0.9849760250|45.722584
2025-09-23|175|ROK|346.820007|349.049988|341.440002|342.730011|865800|0.9867997940|338.205902
2025-09-23|176|SLB|33.790001|35.200001|33.700001|34.490002|26182700|0.9812007073|33.841614
2025-09-23|177|SO|92.300003|93.720001|92.110001|93.720001|4413500|0.9680357165|90.724304
2025-09-23|178|WMB|60.180000|61.869999|60.169998|61.389999|5219300|0.9774919343|60.008228
2025-09-23|179|VLO|166.699997|172.029999|166.699997|170.389999|4022400|0.9792382128|166.852386
2025-09-23|180|CI|288.769989|292.079987|287.019989|290.079987|1447200|0.9832673314|285.226135
2025-09-23|181|NSC|291.000000|293.640015|289.809998|292.079987|1734400|0.9826794519|287.020996
2025-09-23|182|COO|68.000000|68.459999|67.220001|67.500000|3007200|1.0000000000|67.500000
2025-09-23|183|AMGN|283.959991|287.260010|283.959991|286.809998|2342000|0.9730085280|279.068573
2025-09-23|184|RJF|174.940002|177.660004|174.600006|175.809998|907500|0.9865274707|173.441406
2025-09-23|185|WSM|198.600006|201.990005|197.300003|200.380005|1557100|0.9861134039|197.597412
2025-09-23|186|CAH|148.589996|154.669998|147.830002|154.619995|4205700|0.9897070842|153.028503
2025-09-23|187|CTAS|201.559998|202.479996|199.490005|200.589996|2992300|0.9900452227|198.593185
2025-09-23|188|PAYX|129.720001|130.639999|128.800003|129.300003|3847200|0.9578135440|123.845299
2025-09-23|189|BEN|24.280001|24.520000|23.940001|24.030001|3190000|0.9494134464|22.814407
2025-09-23|190|AOS|72.489998|73.330002|71.739998|72.169998|622300|0.9781906723|70.596024
2025-09-23|191|CASY|549.599976|556.020020|546.940002|551.080017|324300|0.9965302403|549.167786
2025-09-23|192|T|28.920000|29.010000|28.559999|28.790001|28805800|0.9549684422|27.493544
2025-09-23|193|VZ|43.160000|43.380001|42.959999|43.349998|16796400|0.9360588259|40.578152
2025-09-23|194|JBHT|131.460007|132.770004|130.789993|131.979996|1066600|0.9918818614|130.908554
2025-09-23|195|ATO|162.710007|166.490005|162.699997|166.339996|822200|0.9773427979|162.571182
2025-09-23|196|LRCX|129.750000|133.570007|129.360001|131.929993|12051100|0.9944959804|131.203842
2025-09-23|197|MU|165.679993|168.990005|165.229996|166.410004|43316500|0.9983975840|166.143341
2025-09-23|198|AJG|299.850006|304.529999|299.010010|304.359985|1601900|0.9910126646|301.624603
2025-09-23|199|AME|188.669998|190.000000|186.160004|186.679993|1474500|0.9953689352|185.815460
2025-09-23|200|SWKS|83.230003|83.519997|80.410004|81.260002|2301800|0.9685989226|78.708344
2025-09-23|201|EXPD|119.449997|121.510002|119.449997|121.129997|929700|0.9896583057|119.877319
2025-09-23|202|UNH|341.000000|352.700012|339.959991|347.690002|12504100|0.9800610506|340.757446
2025-09-23|203|BBY|72.440002|74.680000|72.389999|73.010002|3342100|0.9593973356|70.045609
2025-09-23|204|DOC|18.530001|18.950001|18.480000|18.889999|7008500|0.9405716583|17.767397
2025-09-23|205|ADSK|323.450012|325.160004|322.010010|324.859985|1417900|1.0000000000|324.859985
2025-09-23|206|DVN|34.090000|35.490002|33.990002|34.480000|8409100|0.9814598964|33.840740
2025-09-23|207|NVR|7950.000000|8016.089844|7900.339844|7980.109863|12000|1.0000000000|7980.109863
2025-09-23|208|ROST|144.759995|145.800003|144.000000|145.679993|2704300|0.9936631572|144.756836
2025-09-23|209|JKHY|151.449997|151.899994|149.389999|150.020004|642800|0.9886171552|148.312347
2025-09-23|210|MNST|63.980000|64.500000|63.009998|64.480003|4189000|0.5000000000|64.480003
2025-09-23|211|ORCL|324.000000|325.000000|310.049988|313.829987|35280200|0.9887307780|310.293365
2025-09-23|212|MSFT|513.799988|514.590027|507.309998|509.230011|19799600|0.9918394551|505.074432
2025-09-23|213|TROW|105.290001|106.330002|104.080002|104.660004|1130300|0.9618549978|100.667740
2025-09-23|214|COST|942.760010|944.989990|933.500000|943.599976|3258500|0.9941992924|938.126465
2025-09-23|215|ADBE|364.179993|368.730011|361.299988|361.779999|3831100|1.0000000000|361.779999
2025-09-23|216|FISV|130.889999|131.720001|128.809998|129.820007|7440600|1.0000000000|129.820007
2025-09-23|217|BKR|47.830002|50.070000|47.810001|48.930000|9071400|0.9846041741|48.176685
2025-09-23|218|CDNS|370.980011|371.839996|363.980011|366.299988|1527900|1.0000000000|366.299988
2025-09-23|219|TJX|139.449997|139.860001|138.899994|139.720001|3308500|0.9879468300|138.035919
2025-09-23|220|FICO|1548.680054|1550.650024|1515.560059|1534.770020|163000|1.0000000000|1534.770020
2025-09-23|221|CCL|31.309999|31.670000|30.600000|30.709999|21772600|0.9841845235|30.224304
2025-09-23|222|FAST|47.279999|48.070000|47.130001|47.990002|5696700|0.9787399757|46.969734
2025-09-23|223|SCHW|94.010002|94.930000|93.360001|93.910004|6914800|0.9873800864|92.724861
2025-09-23|224|JCI|109.169998|110.330002|107.440002|108.290001|4009700|0.9941759575|107.659309
2025-09-23|225|COHR|115.000000|115.000000|108.010002|109.290001|3488300|1.0000000000|109.290001
2025-09-23|226|KEY|18.809999|19.080000|18.700001|18.740000|22698500|0.9696888308|18.171968
2025-09-23|227|MOS|33.669998|34.119999|33.419998|33.970001|2864300|0.9727377902|33.043903
2025-09-23|228|MGM|34.549999|35.230000|34.549999|34.770000|4726900|1.0000000000|34.770000
2025-09-23|229|WM|216.419998|218.360001|215.199997|218.229996|1480300|0.9879218676|215.594177
2025-09-23|230|TECH|53.060001|54.570000|52.740002|52.919998|2392000|0.9943671322|52.621906
2025-09-23|231|IEX|161.360001|162.380005|159.149994|159.399994|478500|0.9853525022|157.065186
2025-09-23|232|GEN|28.920000|29.020000|28.760000|28.950001|2237300|0.9804358251|28.383617
2025-09-23|233|CRH|114.480003|116.360001|113.500000|114.099998|5731300|0.9889154582|112.835258
2025-09-23|234|EOG|116.150002|119.110001|115.500000|115.669998|3838100|0.9664053429|111.784103
2025-09-23|235|PTC|206.270004|207.490005|203.160004|204.029999|838400|1.0000000000|204.029999
2025-09-23|236|CSCO|67.580002|68.220001|67.070000|67.540001|22240000|0.9797136141|66.169853
2025-09-23|237|LH|278.899994|283.470001|278.769989|279.940002|471700|0.9921089357|277.136810
2025-09-23|238|TRMB|82.279999|82.720001|81.209999|82.040001|1187400|1.0000000000|82.040001
2025-09-23|239|AZO|4034.729980|4179.220215|3969.590088|4120.000000|263700|1.0000000000|4120.000000
2025-09-23|240|REGN|580.000000|582.000000|565.450012|567.890015|1362200|0.9948983635|564.992859
2025-09-23|241|IDXX|640.340027|649.469971|640.340027|648.380005|351200|1.0000000000|648.380005
2025-09-23|242|AES|13.190000|13.500000|13.120000|13.140000|7183300|0.9525797478|12.516899
2025-09-23|243|VRTX|381.589996|383.500000|376.000000|379.720001|1568900|1.0000000000|379.720001
2025-09-23|244|ZBRA|317.739990|322.799988|312.660004|314.049988|470500|1.0000000000|314.049988
2025-09-23|245|BIIB|140.270004|141.380005|138.729996|139.309998|1102800|1.0000000000|139.309998
2025-09-23|246|ODFL|139.080002|141.619995|138.660004|139.339996|1541300|0.9953671039|138.694458
2025-09-23|247|APH|124.010002|126.059998|123.849998|125.400002|12013100|0.9946061744|124.723610
2025-09-23|248|KIM|21.780001|21.969999|21.709999|21.900000|2619700|0.9657396580|21.149698
2025-09-23|249|QCOM|169.820007|170.850006|168.300003|169.529999|5468400|0.9849314898|166.975433
2025-09-23|250|GILD|111.879997|115.570000|111.750000|114.400002|7281500|0.9813788839|112.269745
2025-09-23|251|ROP|507.390015|508.739990|502.149994|503.989990|1097900|0.9912816468|499.596039
2025-09-23|252|SNPS|511.459991|513.000000|488.579987|490.320007|3517900|1.0000000000|490.320007
2025-09-23|253|STZ|134.369995|134.639999|131.199997|131.779999|3051300|0.9716065224|128.038315
2025-09-23|254|BSX|96.169998|98.300003|96.019997|97.690002|14592800|1.0000000000|97.690002
2025-09-23|255|STE|248.779999|251.759995|248.490005|249.229996|432100|0.9945039836|247.860214
2025-09-23|256|DHI|165.050003|166.350006|162.850006|166.270004|3420400|0.9881394354|164.297928
2025-09-23|257|LIN|478.420013|482.970001|474.649994|479.940002|1462900|0.9898650243|475.075836
2025-09-23|258|SBUX|85.150002|86.180000|84.849998|85.690002|8765500|0.9751160265|83.557693
2025-09-23|259|MS|160.580002|163.979996|159.600006|160.759995|5335900|0.9778330741|157.196457
2025-09-23|260|INTU|699.799988|702.539978|694.219971|699.179993|2400000|0.9888907264|691.412659
2025-09-23|261|MCHP|65.739998|66.510002|64.480003|64.709999|6218900|0.9744763190|63.058361
2025-09-23|262|CB|272.829987|276.500000|271.829987|275.899994|1441900|0.9939554166|274.232300
2025-09-23|263|ORLY|102.870003|104.129997|100.949997|103.730003|5495200|1.0000000000|103.730003
2025-09-23|264|RCL|331.450012|340.170013|329.149994|330.589996|2064000|0.9831897671|325.032715
2025-09-23|265|JBL|234.110001|237.139999|232.440002|234.449997|2054200|0.9988481715|234.179947
2025-09-23|266|ALL|205.660004|209.229996|205.660004|207.729996|1241500|0.9851043015|204.635696
2025-09-23|267|CPT|108.269997|108.599998|107.360001|108.040001|762400|0.9608575952|103.811050
2025-09-23|268|VMRK|65.279999|65.760002|64.989998|65.680000|1916200|0.9568407274|62.845303
2025-09-23|269|IT|260.010010|261.850006|255.570007|257.980011|1482100|1.0000000000|257.980011
2025-09-23|270|DECK|113.360001|114.040001|111.970001|112.029999|2139800|1.0000000000|112.029999
2025-09-23|271|REG|70.779999|71.660004|70.760002|71.480003|1077400|0.9701425273|69.345787
2025-09-23|272|INCY|84.750000|85.830002|84.430000|84.540001|1607300|1.0000000000|84.540001
2025-09-23|273|SPG|180.720001|184.669998|180.619995|184.130005|1386200|0.9659807077|177.866028
2025-09-23|274|MAA|141.169998|141.830002|140.360001|141.119995|528300|0.9546815481|134.724655
2025-09-23|275|MLM|620.419983|627.270020|613.849976|615.390015|307800|0.9960197565|612.940613
2025-09-23|276|TSCO|58.310001|58.680000|58.060001|58.560001|3024500|0.9764906296|57.183285
2025-09-23|277|ALB|80.860001|83.389999|79.589996|80.120003|2249000|0.9919948535|79.478630
2025-09-23|278|CPRT|45.259998|45.660000|44.950001|45.279999|9943100|1.0000000000|45.279999
2025-09-23|279|FLEX|59.060001|59.759998|58.900002|59.330002|4038100|1.0000000000|59.330002
2025-09-23|280|ESS|267.519989|268.640015|266.000000|267.839996|263100|0.9616604752|257.571136
2025-09-23|281|O|59.119999|59.639999|59.099998|59.549999|4571800|0.9523910542|56.714890
2025-09-23|282|MCO|488.290009|489.779999|473.929993|476.779999|947800|0.9914008639|472.680115
2025-09-23|283|SJM|107.400002|108.809998|106.529999|108.010002|3808600|0.9604551346|103.738754
2025-09-23|284|MCK|714.000000|748.750000|714.000000|741.309998|1141100|0.9971371280|739.187744
2025-09-23|285|COF|225.509995|228.720001|222.660004|223.020004|3131500|0.9846948620|219.606659
2025-09-23|286|EME|660.000000|660.429993|641.719971|644.700012|546300|0.9980200530|643.423462
2025-09-23|287|DLTR|94.870003|95.220001|93.790001|94.650002|3328500|1.0000000000|94.650002
2025-09-23|288|COR|290.399994|302.929993|290.000000|302.399994|1328600|0.9924371875|300.113007
2025-09-23|289|DRI|185.080002|186.839996|183.490005|186.520004|1515200|0.9692558966|180.785599
2025-09-23|290|RMD|273.529999|277.100006|273.260010|275.609985|771800|0.9895309167|272.724609
2025-09-23|291|WAB|198.440002|199.610001|193.919998|194.509995|1214200|0.9953491745|193.605362
2025-09-23|292|FCX|45.389999|46.290001|45.139999|45.360001|14308500|0.9893641669|44.877560
2025-09-23|293|IVZ|22.650000|22.990000|22.309999|22.430000|5992800|0.9692003654|21.739166
2025-09-23|294|ACGL|88.029999|88.650002|87.580002|88.459999|2210300|1.0000000000|88.459999
2025-09-23|295|ERIE|323.649994|324.350006|316.760010|317.299988|150800|0.9792544909|310.717438
2025-09-23|296|EG|336.720001|340.320007|334.679993|337.929993|302300|0.9878843207|333.835754
2025-09-23|297|DVA|131.220001|134.009995|131.220001|132.830002|677700|1.0000000000|132.830002
2025-09-23|298|HSIC|68.129997|69.580002|68.000000|69.209999|1181400|1.0000000000|69.209999
2025-09-23|299|EL|88.720001|89.110001|87.419998|87.720001|1852300|0.9893232983|86.783447
2025-09-23|300|WAT|301.450012|305.390015|299.019989|299.220001|474400|1.0000000000|299.220001
2025-09-23|301|NTAP|124.610001|124.779999|122.919998|123.440002|1974600|0.9828001938|121.316856
2025-09-23|302|HIG|130.279999|132.460007|130.000000|131.809998|1462100|0.9867007020|130.057022
2025-09-23|303|IRM|103.959999|104.739998|103.360001|104.089996|1611300|0.9749654551|101.484146
2025-09-23|304|BRK-B|493.769989|499.279999|493.519989|494.100006|3933200|1.0000000000|494.100006
2025-09-23|305|FDS|296.399994|296.769989|286.519989|288.410004|1100000|0.9861098905|284.403961
2025-09-23|306|STLD|139.139999|139.850006|135.570007|136.690002|1491800|0.9881804292|135.074387
2025-09-23|307|DGX|184.720001|187.960007|184.720001|186.970001|775000|0.9827524115|183.745224
2025-09-23|308|CIEN|139.850006|141.429993|138.130005|139.479996|2846200|1.0000000000|139.479996
2025-09-23|309|TTWO|251.639999|254.119995|250.839996|251.279999|1572700|1.0000000000|251.279999
2025-09-23|310|VTR|67.510002|69.010002|67.150002|68.540001|4277300|0.9750191622|66.827812
2025-09-23|311|AMZN|227.830002|227.860001|220.070007|220.710007|70956200|1.0000000000|220.710007
2025-09-23|312|ARE|86.739998|87.540001|86.349998|86.970001|985600|0.9425806495|81.976234
2025-09-23|313|RL|308.059998|312.320007|306.109985|310.649994|430000|0.9893282798|307.334808
2025-09-23|314|BXP|76.050003|77.269997|75.870003|76.190002|1105000|0.9573561810|72.940964
2025-09-23|315|FIX|818.429993|825.000000|795.049988|804.239990|332900|0.9979565203|802.596497
2025-09-23|316|YUM|148.410004|149.720001|147.039993|149.440002|1616500|0.9858960568|147.332306
2025-09-23|317|CHRW|133.979996|136.309998|133.570007|134.240005|1687500|0.9892308245|132.794342
2025-09-23|318|FE|43.369999|43.820000|43.189999|43.799999|3144700|0.9613759059|42.108261
2025-09-23|319|MTD|1251.849976|1268.739990|1245.829956|1257.030029|145300|1.0000000000|1257.030029
2025-09-23|320|PLD|113.980003|114.650002|113.099998|114.440002|2319000|0.9772581725|111.837433
2025-09-23|321|URI|956.010010|972.119995|950.010010|955.219971|592100|0.9918999023|947.482544
2025-09-23|322|AEE|98.839996|100.930000|98.639999|100.910004|1194000|0.9792499824|98.816116
2025-09-23|323|VRSN|282.309998|287.329987|280.720001|286.640015|752700|0.9876930267|283.112305
2025-09-23|324|PWR|396.910004|397.519989|387.420013|389.529999|846500|0.9991491848|389.198578
2025-09-23|325|AMT|193.419998|194.750000|192.720001|194.279999|2774700|0.9628069961|187.054138
2025-09-23|326|MAR|263.500000|266.019989|261.399994|261.839996|1050300|0.9917417055|259.677643
2025-09-23|327|CTSH|68.000000|68.430000|67.540001|67.669998|3985900|0.9779331176|66.176735
2025-09-23|328|SRE|85.000000|86.800003|83.709999|86.050003|7570800|0.9718725927|83.629646
2025-09-23|329|CSGP|86.320000|86.570000|85.059998|85.309998|3309900|1.0000000000|85.309998
2025-09-23|330|RSG|226.500000|227.539993|224.619995|227.529999|1408100|0.9886066709|224.937683
2025-09-23|331|CCI|94.440002|95.050003|94.120003|94.349998|1924900|0.9648543647|91.034012
2025-09-23|332|EBAY|91.120003|91.459999|89.949997|91.059998|3442300|0.9904184858|89.914124
2025-09-23|333|NVDA|181.970001|182.419998|176.210007|178.429993|192559600|0.9987261828|178.202713
2025-09-23|334|BKNG|5425.000000|5517.580032|5423.910141|5509.019852|179100|0.0397328628|218.889114
2025-09-23|335|GS|807.099976|825.250000|802.000000|806.320007|1758800|0.9855142723|794.639832
2025-09-23|336|FFIV|329.959991|334.250000|324.369995|324.700012|397300|1.0000000000|324.700012
2025-09-23|337|SBAC|199.259995|199.300003|196.970001|198.820007|899800|0.9751039390|193.870163
2025-09-23|338|LII|534.429993|538.630005|526.000000|530.659973|302900|0.9895934539|525.137634
2025-09-23|339|BLK|1138.500000|1146.260010|1127.410034|1131.750000|427100|0.9841011192|1113.756470
2025-09-23|340|TKO|200.000000|202.839996|199.669998|202.289993|1831100|0.9884090368|199.945251
2025-09-23|341|AKAM|76.699997|76.750000|75.050003|75.269997|1660200|1.0000000000|75.269997
2025-09-23|342|UPS|84.470001|85.730003|84.120003|84.410004|7486300|0.9383630641|79.207230
2025-09-23|343|A|126.169998|126.989998|125.900002|125.940002|1281500|0.9920393505|124.937439
2025-09-23|344|TDY|568.960022|573.289978|565.929993|567.909973|292700|1.0000000000|567.909973
2025-09-23|345|PKG|212.539993|214.910004|212.539993|213.710007|422700|0.9816059808|209.779037
2025-09-23|346|EW|73.690002|75.300003|73.230003|74.570000|5424100|1.0000000000|74.570000
2025-09-23|347|MET|80.980003|81.650002|79.930000|80.320000|4797600|0.9722454281|78.090752
2025-09-23|348|ON|51.880001|52.820000|50.369999|50.419998|9373800|1.0000000000|50.419998
2025-09-23|349|ISRG|444.750000|450.989990|443.170013|447.750000|2241500|1.0000000000|447.750000
2025-09-23|350|CRL|154.220001|154.940002|149.910004|150.250000|786800|1.0000000000|150.250000
2025-09-23|351|MRVL|75.389999|76.349998|74.019997|74.620003|21403700|0.9978740377|74.461357
2025-09-23|352|EQIX|798.000000|805.820007|794.020020|803.280029|530200|0.9790491812|786.450623
2025-09-23|353|TPR|113.919998|116.489998|113.129997|116.139999|2711600|0.9910289553|115.098099
2025-09-23|354|GRMN|236.050003|239.330002|235.289993|237.389999|587300|0.9875544034|234.435532
2025-09-23|355|GPN|86.879997|88.330002|86.000000|86.110001|3168700|0.9898898052|85.239418
2025-09-23|356|ALGN|132.399994|132.410004|128.910004|129.000000|960700|1.0000000000|129.000000
2025-09-23|357|WTW|338.100006|341.339996|337.019989|340.850006|451100|0.9876703786|336.647461
2025-09-23|358|MDLZ|63.389999|63.869999|63.230000|63.820000|6698200|0.9664286986|61.677479
2025-09-23|359|AXON|769.159973|792.159973|768.219971|777.580017|449000|1.0000000000|777.580017
2025-09-23|360|FIS|64.580002|64.650002|63.200001|63.369999|4738100|0.9743297530|61.743279
2025-09-23|361|ACN|240.509995|241.199997|234.100006|235.500000|6777800|0.9798095806|230.745132
2025-09-23|362|ZBH|101.660004|103.599998|99.860001|100.290001|1429900|0.9895894440|99.245934
2025-09-23|363|BG|77.660004|79.730003|77.599998|78.459999|1842100|0.9749906568|76.497765
2025-09-23|364|PFG|82.209999|83.400002|82.209999|82.400002|1005900|0.9740293311|80.260017
2025-09-23|365|ELV|317.269989|324.910004|317.269989|323.730011|2118400|0.9847701459|318.799622
2025-09-23|366|CNC|32.910000|33.520000|32.720001|32.750000|9423600|1.0000000000|32.750000
2025-09-23|367|PRU|103.059998|104.300003|102.779999|103.129997|1301500|0.9496925157|97.941780
2025-09-23|368|NFLX|1227.330017|1227.789993|1208.470001|1218.470001|2499100|0.1000000000|121.847000
2025-09-23|369|NDAQ|89.709999|89.919998|87.519997|88.440002|4622300|0.9903103249|87.583046
2025-09-23|370|WYNN|126.110001|129.520004|126.110001|127.510002|991800|0.9907231274|126.327118
2025-09-23|371|CME|261.100006|262.619995|259.309998|261.959991|1098700|0.9671562481|253.356232
2025-09-23|372|STX|229.369995|231.960007|223.509995|228.130005|4389400|0.9918108479|226.261810
2025-09-23|373|NRG|171.160004|171.570007|165.179993|167.429993|2527300|0.9877934975|165.386276
2025-09-23|374|AIZ|210.800003|213.619995|210.509995|212.500000|371500|0.9887198190|210.102966
2025-09-23|375|CBRE|162.440002|164.500000|161.660004|163.089996|1194400|1.0000000000|163.089996
2025-09-23|376|CRM|249.740005|251.360001|244.130005|244.559998|7669800|0.9933339931|242.929749
2025-09-23|377|DPZ|425.000000|426.290009|420.519989|423.890015|689100|0.9848757173|417.478973
2025-09-23|378|EXR|138.490005|139.500000|138.190002|138.550003|1113300|0.9661267437|133.856873
2025-09-23|379|GOOG|253.654999|254.770004|251.089996|252.339996|17521100|0.9980438060|251.846359
2025-09-23|380|GOOGL|253.039993|254.360001|250.479996|251.660004|26628000|0.9980471771|251.168564
2025-09-23|381|DLR|174.589996|175.139999|172.869995|174.119995|1019400|0.9788235933|170.432755
2025-09-23|382|MPWR|917.640015|932.250000|907.020020|914.270020|425500|0.9930512692|907.916992
2025-09-23|383|LVS|53.000000|54.049999|52.910000|53.070000|4747200|0.9787990268|51.944862
2025-09-23|384|DXCM|69.010002|69.980003|68.029999|68.199997|6156000|1.0000000000|68.199997
2025-09-23|385|BLDR|122.739998|123.089996|120.309998|121.209999|1864200|1.0000000000|121.209999
2025-09-23|386|WBD|19.639999|20.120001|19.430000|19.559999|48635900|1.0000000000|19.559999
2025-09-23|387|EXPE|222.759995|225.429993|219.399994|221.220001|1482200|0.9926306212|219.589752
2025-09-23|388|CF|86.169998|87.379997|85.750000|87.139999|3112200|0.9797238699|85.373131
2025-09-23|389|AMP|493.529999|500.720001|490.309998|494.130005|390000|0.9868973539|487.655548
2025-09-23|390|ICE|170.139999|170.820007|167.500000|168.089996|2586600|0.9901381914|166.432327
2025-09-23|391|PSKY|18.690001|20.860001|18.290001|19.730000|23432200|0.9863259572|19.460213
2025-09-23|392|LYV|165.369995|166.149994|163.309998|164.130005|1407600|1.0000000000|164.130005
2025-09-23|393|CMG|40.230000|40.380001|39.480000|39.680000|21692600|1.0000000000|39.680000
2025-09-23|394|UAL|104.239998|106.500000|103.989998|104.129997|4071600|1.0000000000|104.129997
2025-09-23|395|TDG|1293.020020|1304.520020|1291.270020|1299.369995|241200|1.0000000000|1299.369995
2025-09-23|396|MA|585.450012|586.859985|568.250000|569.969971|3223000|0.9938070309|566.440186
2025-09-23|397|LDOS|188.520004|190.679993|185.119995|187.110001|778700|0.9917626624|185.568710
2025-09-23|398|FSLR|220.000000|223.490005|215.389999|215.729996|2479500|1.0000000000|215.729996
2025-09-23|399|BR|241.229996|241.990005|238.460007|238.820007|579100|0.9836780236|234.921997
2025-09-23|400|SMCI|47.389999|47.700001|45.860001|46.990002|27042500|1.0000000000|46.990002
2025-09-23|401|TMUS|236.600006|240.779999|234.759995|239.490005|4668000|0.9849640725|234.535431
2025-09-23|402|DAL|59.000000|59.740002|58.700001|58.750000|4527500|0.9891783114|58.114227
2025-09-23|403|IBKR|64.300003|66.110001|64.110001|65.489998|5352900|0.9966884542|65.273125
2025-09-23|404|PODD|332.950012|335.579987|326.480011|327.799988|435700|1.0000000000|327.799988
2025-09-23|405|TEL|219.550003|221.000000|218.020004|219.660004|1092800|0.9892434805|217.297226
2025-09-23|406|BX|185.589996|189.880005|183.720001|184.910004|2503200|0.9610163599|177.701538
2025-09-23|407|LULU|172.220001|176.169998|171.580002|173.330002|6042600|1.0000000000|173.330002
2025-09-23|408|ULTA|522.500000|529.729980|520.809998|524.599976|515300|1.0000000000|524.599976
2025-09-23|409|MSCI|566.000000|570.969971|565.619995|568.940002|650800|0.9858483453|560.888550
2025-09-23|410|ECHO|73.690002|75.000000|72.910004|73.639999|11218100|1.0000000000|73.639999
2025-09-23|411|PM|161.869995|164.169998|161.009995|163.770004|4622100|0.9650495005|158.046158
2025-09-23|412|V|344.589996|345.260010|337.630005|338.700012|10142700|0.9920658607|336.012695
2025-09-23|413|AWK|134.889999|137.350006|133.860001|137.179993|1251500|0.9734433274|133.536957
2025-09-23|414|KDP|26.100000|26.620001|26.040001|26.500000|19629400|0.9674331941|25.636978
2025-09-23|415|SW|44.009998|44.470001|43.570000|43.810001|3275800|0.9711821711|42.547493
2025-09-23|416|AVGO|340.239990|345.220001|337.019989|338.940002|21944100|0.9944270811|337.051147
2025-09-23|417|VRSK|243.380005|245.860001|240.169998|242.300003|1077600|0.9927002374|240.531281
2025-09-23|418|DG|102.239998|104.400002|102.169998|103.669998|2840000|0.9800962717|101.606575
2025-09-23|419|FTNT|85.120003|86.059998|84.139999|85.269997|5370400|1.0000000000|85.269997
2025-09-23|420|CHTR|266.149994|275.450012|265.649994|267.040009|2417200|1.0000000000|267.040009
2025-09-23|421|FERG|235.399994|237.369995|232.470001|233.449997|1868300|0.9811984638|229.060760
2025-09-23|422|GNRC|186.789993|187.809998|166.169998|166.770004|2320300|1.0000000000|166.770004
2025-09-23|423|LYB|51.459999|51.759998|50.349998|50.369999|4782600|0.9407211657|47.384121
2025-09-23|424|CBOE|236.990005|240.520004|234.850006|240.320007|1151000|0.9954503651|239.226624
2025-09-23|425|TSLA|439.880005|440.970001|423.720001|425.850006|83422700|1.0000000000|425.850006
2025-09-23|426|KKR|147.070007|152.100006|146.660004|147.250000|3599600|0.9928030964|146.190262
2025-09-23|427|NXPI|226.729996|229.899994|224.509995|225.619995|2096400|0.9870653625|222.701675
2025-09-23|428|GM|59.049999|59.919998|58.459999|58.580002|5898800|0.9934966717|58.199039
2025-09-23|429|TRGP|165.580002|172.610001|165.580002|170.139999|1721900|0.9789495349|166.558487
2025-09-23|430|CPAY|300.000000|305.290009|297.130005|298.000000|420900|1.0000000000|298.000000
2025-09-23|431|KMI|27.200001|27.730000|27.139999|27.469999|11122200|0.9613533449|26.408375
2025-09-23|432|HCA|408.859985|413.549988|406.089996|409.450012|801600|0.9950375716|407.418152
2025-09-23|433|HII|277.000000|280.799988|275.010010|276.010010|427300|0.9882397967|271.497925
2025-09-23|434|APO|143.860001|148.210007|143.369995|144.889999|3058800|0.9837214596|142.531403
2025-09-23|435|MPC|187.740005|192.610001|187.169998|190.869995|1787500|0.9835714275|187.734268
2025-09-23|436|XYL|144.000000|144.309998|142.250000|143.110001|957800|0.9861759388|141.131653
2025-09-23|437|APTV|85.930000|86.500000|85.150002|85.459999|2121900|1.0000000000|85.459999
2025-09-23|438|PSX|130.289993|133.960007|130.130005|132.279999|3815500|0.9712393490|128.475555
2025-09-23|439|AMCR|8.260000|8.280000|8.070000|8.090000|30820500|4.8543684849|39.271839
2025-09-23|440|META|769.250000|770.599976|751.070007|755.400024|10872600|0.9974059053|753.440430
2025-09-23|441|NOW|947.559967|950.500031|926.449966|927.669983|1407000|0.2000000000|185.533997
2025-09-23|442|PANW|207.160004|208.490005|202.250000|203.250000|7125700|1.0000000000|203.250000
2025-09-23|443|FANG|139.699997|146.520004|139.699997|142.179993|2423600|0.9764795206|138.835861
2025-09-23|444|WDAY|241.990005|244.720001|239.509995|240.320007|3739200|1.0000000000|240.320007
2025-09-23|445|ABBV|222.009995|224.399994|221.929993|222.610001|4629900|0.9699105539|215.911819
2025-09-23|446|NCLH|25.549999|26.090000|25.440001|25.570000|8429200|1.0000000000|25.570000
2025-09-23|447|ZTS|143.250000|146.179993|141.529999|142.610001|3679500|0.9811560666|139.922653
2025-09-23|448|IQV|187.190002|189.619995|185.960007|186.449997|1072300|1.0000000000|186.449997
2025-09-23|449|NWS|34.200001|34.369999|33.700001|33.759998|916900|0.9963262306|33.635971
2025-09-23|450|NWSA|30.840000|30.950001|30.510000|30.580000|2708300|0.9958385353|30.452742
2025-09-23|451|CDW|164.860001|165.740005|163.289993|164.580002|1252000|0.9800438553|161.295624
2025-09-23|452|VEEV|279.899994|282.720001|278.649994|278.839996|729300|1.0000000000|278.839996
2025-09-23|453|ALLE|178.110001|179.710007|176.089996|177.440002|592000|0.9921390873|176.045166
2025-09-23|454|HLT|267.269989|268.720001|263.630005|263.700012|1233600|0.9980421657|263.183746
2025-09-23|455|ARES|182.149994|186.850006|180.369995|181.149994|1056400|0.9704279397|175.793015
2025-09-23|456|ANET|144.860001|147.460007|143.020004|144.089996|8215500|1.0000000000|144.089996
2025-09-23|457|SYF|75.750000|76.699997|74.510002|74.739998|2459900|0.9836138777|73.515305
2025-09-23|458|CFG|52.720001|53.889999|52.590000|53.110001|4515700|0.9707955381|51.558956
2025-09-23|459|KEYS|178.149994|180.080002|177.574997|177.899994|961100|1.0000000000|177.899994
2025-09-23|460|GDDY|147.800003|148.020004|141.550003|142.990005|1563000|1.0000000000|142.990005
2025-09-23|461|KHC|26.450001|26.690001|26.430000|26.559999|14222000|0.9508904028|25.255646
2025-09-23|462|PYPL|67.805000|68.989998|67.120003|67.309998|10449000|0.9914138539|66.732071
2025-09-23|463|LITE|164.649994|166.315002|161.220001|163.990005|3052000|1.0000000000|163.990005
2025-09-23|464|HPE|25.120001|25.315001|24.680000|24.700001|25207500|0.9847720717|24.323872
2025-09-23|465|XYZ|77.690002|79.000000|75.480003|76.540001|7218100|1.0000000000|76.540001
2025-09-23|466|FTV|48.465000|49.259998|48.110001|48.439999|2940200|0.9968000114|48.284992
2025-09-23|467|DELL|136.080002|137.350006|133.250000|134.339996|4750800|0.9874173534|132.649643
2025-09-23|468|TTD|46.205002|47.590000|45.880001|46.860001|20024000|1.0000000000|46.860001
2025-09-23|469|VST|210.110001|212.764999|203.460007|204.240005|6525200|0.9958526400|203.392944
2025-09-23|470|HWM|192.449997|194.350006|189.720001|193.580002|2224900|0.9979223317|193.177811
2025-09-23|471|INVH|29.709999|29.809999|29.485001|29.690001|4398100|0.9576139206|28.431559
2025-09-23|472|CVNA|390.120010|394.449997|376.375008|378.100014|3427900|0.2000000000|75.620003
2025-09-23|473|IR|82.190002|82.389999|80.760002|81.320000|4315100|0.9990084054|81.239365
2025-09-23|474|VICI|31.430000|31.930000|31.430000|31.930000|10957700|0.9523421134|30.408285
2025-09-23|475|VRT|151.320007|152.100006|139.149994|142.610001|16541300|0.9991812568|142.493225
2025-09-23|476|MRNA|26.719999|26.969999|25.660000|25.790001|8937300|1.0000000000|25.790001
2025-09-23|477|FOXA|62.369999|62.849998|61.580002|61.610001|3610500|0.9951185496|61.309254
2025-09-23|478|FOX|55.950001|56.410000|55.389999|55.430000|1977600|0.9946544484|55.133698
2025-09-23|479|DOW|23.540001|23.697001|22.840000|22.860001|11016900|0.9640247460|22.037605
2025-09-23|480|UBER|99.860001|100.180000|97.644997|97.800003|15101100|1.0000000000|97.800003
2025-09-23|481|CTVA|69.940002|70.559998|69.434998|69.480003|3360900|0.9928033602|68.979980
2025-09-23|482|CRWD|493.140015|495.059998|481.100006|484.100006|2734500|0.2500000000|121.025002
2025-09-23|483|DDOG|138.690002|139.820007|136.710007|137.490005|3857500|1.0000000000|137.490005
2025-09-23|484|CARR|60.520000|60.810001|59.435001|59.740002|5200200|0.9848525765|58.835098
2025-09-23|485|OTIS|89.470001|90.029999|88.790001|89.120003|2640400|0.9789066234|87.240166
2025-09-23|486|PLTR|182.509995|185.750000|177.009995|182.550003|62354800|1.0000000000|182.550003
2025-09-23|487|DASH|261.920013|267.769989|261.000000|265.750000|2248800|1.0000000000|265.750000
2025-09-23|488|ABNB|125.440002|126.855003|123.050003|123.500000|5634700|1.0000000000|123.500000
2025-09-23|489|EXE|98.449997|101.339996|98.309998|100.720001|3521700|0.9779564541|98.499779
2025-09-23|490|COIN|333.380005|335.679993|317.700012|320.070007|8245900|1.0000000000|320.070007
2025-09-23|491|APP|641.000000|670.189026|637.510010|651.179993|7799900|1.0000000000|651.179993
2025-09-23|492|HOOD|125.410004|127.779999|124.070000|126.199997|28923500|1.0000000000|126.199997
2025-09-23|493|CEG|346.750000|348.440002|336.140015|336.649994|2522700|0.9944409722|334.778564
2025-09-23|494|GEHC|74.629997|75.440002|74.470001|74.599998|3143100|0.9981004727|74.458290
2025-09-23|495|KVUE|17.900000|18.190001|17.219999|17.240000|68556700|0.9540880845|16.448479
2025-09-23|496|VLTO|105.800003|106.230003|104.669998|105.389999|879100|0.9946977565|104.831192
2025-09-23|497|RDDT|255.574997|255.779999|235.850006|237.449997|8042200|1.0000000000|237.449997
2025-09-23|498|SOLV|73.680000|74.220001|73.059998|73.389999|787600|1.0000000000|73.389999
2025-09-23|499|GEV|644.679993|644.721008|622.200012|633.409973|2427200|0.9977344385|631.974915
2025-09-23|500|SNDK|105.000000|110.209999|104.699997|106.400002|7835000|1.0000000000|106.400002
