date|security_id|ticker|open|high|low|close|volume|adj_factor|adj_close_vendor
2025-09-12|1|AEP|108.660004|109.720001|108.510002|109.459999|2180700|0.9699113042|106.166489
2025-09-12|2|BA|219.889999|220.000000|215.699997|215.940002|11094900|1.0000000000|215.940002
2025-09-12|3|CAT|429.059998|432.609985|427.750000|431.519989|2341800|0.9910786923|427.670288
2025-09-12|4|CNP|38.150002|38.630001|38.150002|38.240002|4280800|0.9777626474|37.389645
2025-09-12|5|CVX|158.850006|159.779999|157.100006|157.110001|5546300|0.9620890936|151.153824
2025-09-12|6|DIS|116.260002|117.010002|115.099998|115.959999|7640900|0.9857264957|114.304848
2025-09-12|7|DTE|136.470001|137.289993|135.979996|136.839996|940300|0.9677715890|132.429855
2025-09-12|8|ED|97.570000|98.559998|97.099998|97.550003|1249400|0.9678975191|94.418411
2025-09-12|9|GD|330.000000|330.179993|325.769989|326.149994|578800|0.9826639145|320.495819
2025-09-12|10|GE|281.559998|283.529999|280.700012|281.690002|3249700|0.9949472243|280.266724
2025-09-12|11|HON|214.050004|214.579994|210.940006|211.459993|3169000|0.9694785487|205.005951
2025-09-12|12|HPQ|28.240000|28.490000|27.930000|27.969999|8101300|0.9607551428|26.872322
2025-09-12|13|IBM|256.950012|257.250000|252.429993|253.440002|3433300|0.9746618623|247.018295
2025-09-12|14|IP|46.299999|46.389999|45.730000|45.990002|2883500|0.9527969504|43.819134
2025-09-12|15|JNJ|177.710007|178.800003|176.720001|178.059998|7220200|0.9779609434|174.135727
2025-09-12|16|KO|67.599998|67.720001|66.940002|67.010002|18712400|0.9724591551|65.164497
2025-09-12|17|KR|67.379997|68.980003|67.150002|68.290001|8312400|0.9778352350|66.776367
2025-09-12|18|LMT|468.929993|472.980011|467.170013|471.309998|1041100|0.9808408602|462.280090
2025-09-12|19|MMM|159.110001|162.100006|157.809998|157.869995|2865100|0.9818750293|155.008606
2025-09-12|20|MO|66.309998|66.730003|65.919998|66.650002|7975900|0.9364782380|62.416279
2025-09-12|21|MRK|84.620003|85.180000|82.800003|82.809998|9939500|0.9676496357|80.131065
2025-09-12|22|MSI|487.970001|487.970001|481.290009|481.709991|793100|0.9888426924|476.335419
2025-09-12|23|PG|157.929993|159.130005|157.779999|157.899994|5957000|0.9714333836|153.389313
2025-09-12|24|XOM|112.860001|113.220001|111.879997|112.160004|11105700|0.9718336400|109.000870
2025-09-12|25|RTX|157.750000|158.139999|155.820007|155.850006|3194400|0.9853742397|153.570587
2025-09-12|26|MCD|307.619995|308.510010|305.250000|305.399994|2072600|0.9818538696|299.858185
2025-09-12|27|AXP|329.600006|329.600006|324.049988|325.309998|2000300|0.9894167649|321.867157
2025-09-12|28|BMY|47.419998|47.900002|46.189999|46.200001|11896400|0.9541997897|44.084030
2025-09-12|29|DD|77.570001|78.839999|77.020001|77.290002|1717100|1.2389568992|95.758980
2025-09-12|30|DE|473.959991|474.369995|469.299988|470.510010|1764500|0.9876285285|464.689148
2025-09-12|31|EMR|137.350006|137.539993|135.029999|135.100006|1821900|0.9845366681|133.010910
2025-09-12|32|ETN|359.929993|367.679993|358.779999|365.899994|3108400|0.9889737586|361.865479
2025-09-12|33|ETR|89.730003|90.739998|89.730003|90.290001|2082800|0.9756994696|88.095909
2025-09-12|34|F|11.750000|11.810000|11.660000|11.680000|50100800|0.9554534458|11.159697
2025-09-12|35|HAL|22.500000|22.700001|22.200001|22.230000|6732300|0.9847026012|21.889938
2025-09-12|36|LLY|760.169983|761.599976|748.000000|755.390015|2198300|0.9937326373|750.655762
2025-09-12|37|PCG|15.750000|15.860000|15.370000|15.450000|26879400|0.9895107403|15.287940
2025-09-12|38|PEP|144.070007|144.250000|142.899994|143.529999|5713700|0.9713251717|139.414307
2025-09-12|39|PFE|24.809999|24.840000|23.840000|23.870001|81378200|0.9344639716|22.305655
2025-09-12|40|TXN|184.110001|184.339996|182.339996|182.600006|6284200|0.9747566992|177.990570
2025-09-12|41|WFC|81.099998|81.639999|80.790001|81.459999|10498300|0.9786587178|79.721550
2025-09-12|42|HUBB|449.549988|450.904999|436.799988|437.429993|729280|0.9910077151|433.496521
2025-09-12|43|WMT|102.540001|103.980003|102.360001|103.489998|11641900|0.9916508097|102.625938
2025-09-12|44|AIG|78.680000|79.029999|78.440002|78.930000|4754200|0.9766844515|77.089706
2025-09-12|45|AVY|167.779999|168.279999|165.600006|165.649994|356000|0.9833361967|162.889648
2025-09-12|46|BAC|50.700001|50.930000|50.459999|50.580002|27851100|0.9841245494|49.777020
2025-09-12|47|BALL|50.509998|51.400002|50.279999|51.189999|1995100|0.9893620930|50.645447
2025-09-12|48|BDX|189.899996|189.899996|186.840003|186.840003|1118100|0.7715067098|144.148331
2025-09-12|49|CLX|124.000000|124.519997|123.510002|123.510002|1519900|0.9554686115|118.009926
2025-09-12|50|CMI|409.000000|413.769989|408.829987|410.269989|935900|0.9855888256|404.357513
2025-09-12|51|CMS|71.430000|71.900002|71.169998|71.680000|1911100|0.9697049346|69.508446
2025-09-12|52|CVS|74.419998|75.550003|74.419998|74.980003|6400700|0.9692366143|72.673355
2025-09-12|53|ECL|272.809998|275.170013|272.450012|272.619995|1127100|0.9894532751|269.744751
2025-09-12|54|ES|64.790001|65.830002|64.599998|65.699997|2168900|0.9562137492|62.823235
2025-09-12|55|EVRG|72.300003|72.730003|72.209999|72.519997|1206800|0.9663059278|70.076508
2025-09-12|56|GWW|1013.390015|1015.469971|1004.000000|1004.059998|276500|0.9918044722|995.831116
2025-09-12|57|LNT|64.440002|65.040001|64.440002|64.860001|1127300|0.9698403407|62.903847
2025-09-12|58|MKC|69.449997|69.889999|68.629997|68.949997|1795900|0.9687082665|66.792427
2025-09-12|59|MRSH|202.630005|204.350006|202.429993|202.929993|2652500|0.9798864608|198.848343
2025-09-12|60|NEE|71.150002|72.489998|70.809998|71.639999|9345600|0.9793736752|69.638657
2025-09-12|61|NI|40.830002|41.200001|40.750000|41.009998|2379900|0.9739163964|39.940308
2025-09-12|62|PNW|88.089996|88.510002|88.070000|88.190002|759000|0.9627257278|84.902779
2025-09-12|63|RVTY|85.339996|85.389999|82.709999|82.870003|1126100|0.9972426702|82.641502
2025-09-12|64|SNA|330.470001|334.869995|329.589996|333.589996|414000|0.9736214558|324.790344
2025-09-12|65|SPGI|547.909988|550.339979|543.000009|544.229972|1008400|0.9377344841|510.343170
2025-09-12|66|TER|115.000000|115.180000|109.559998|112.239998|5904200|0.9984501140|112.066040
2025-09-12|67|TGT|91.300003|91.419998|89.959999|89.959999|6176200|0.9610823572|86.458969
2025-09-12|68|TXT|82.070000|82.330002|81.230003|81.230003|986900|0.9993380469|81.176239
2025-09-12|69|VMC|299.899994|300.799988|294.480011|294.940002|619800|0.9925854203|292.753174
2025-09-12|70|XEL|72.849998|73.720001|72.599998|73.349998|7080600|0.9700884656|71.155991
2025-09-12|71|ITW|265.279999|265.970001|262.929993|263.359985|668400|0.9753490955|256.867920
2025-09-12|72|CL|83.750000|84.540001|83.269997|83.279999|3169100|0.9756036244|81.248260
2025-09-12|73|EXC|43.349998|43.630001|43.209999|43.380001|4244900|0.9737696536|42.242130
2025-09-12|74|MDT|93.959999|95.290001|93.510002|94.029999|7334200|0.9685091881|91.068916
2025-09-12|75|BNY|105.160004|106.519997|105.050003|106.480003|2609400|0.9828746130|104.656494
2025-09-12|76|EIX|56.080002|56.779999|55.919998|56.200001|2204300|0.9477686299|53.264603
2025-09-12|77|FRT|101.839996|102.309998|101.410004|101.650002|556700|0.9585027133|97.431808
2025-09-12|78|PNR|112.349998|112.519997|110.860001|110.949997|915200|0.9879062781|109.608192
2025-09-12|79|USB|49.349998|49.380001|48.799999|49.130001|8103200|0.9616675228|47.246727
2025-09-12|80|WY|25.660000|25.799999|24.900000|24.900000|3710700|0.9737086273|24.245344
2025-09-12|81|SYY|81.129997|81.599998|80.279999|81.290001|2415700|0.9724100270|79.047211
2025-09-12|82|WRB|73.570000|74.239998|73.230003|73.820000|1496600|0.9730521615|71.830719
2025-09-12|83|IFF|65.980003|66.360001|65.419998|65.620003|1921200|0.9763780056|64.069931
2025-09-12|84|TAP|48.660000|48.790001|48.060001|48.419998|2467300|0.9680101781|46.331009
2025-09-12|85|PNC|202.750000|203.039993|201.589996|201.979996|1015300|0.9681422743|195.545380
2025-09-12|86|TRV|278.630005|280.000000|277.890015|278.929993|852100|0.9883140678|275.670441
2025-09-12|87|C|98.779999|99.699997|98.440002|99.440002|9502900|0.9792834329|97.379944
2025-09-12|88|FDX|227.260000|230.949994|226.990008|229.550006|1688800|0.7954691757|182.599976
2025-09-12|89|WDC|96.209999|98.860001|95.980003|97.660004|6753100|0.9984583045|97.509445
2025-09-12|90|DHR|195.000000|195.000000|188.860001|190.050003|3899900|0.9926766998|188.658218
2025-09-12|91|APA|23.299999|23.709999|22.820000|22.840000|4929900|0.9662983352|22.070253
2025-09-12|92|LUV|31.870001|32.459999|31.540001|31.660000|10397700|0.9870678085|31.250566
2025-09-12|93|PEG|81.860001|82.919998|81.839996|82.690002|1703000|0.9756675447|80.677956
2025-09-12|94|UNP|215.179993|216.279999|213.889999|214.910004|6207200|0.9839040791|211.450821
2025-09-12|95|ABT|131.820007|134.960007|131.399994|133.729996|5700300|0.9774083434|130.708817
2025-09-12|96|ADI|247.619995|248.229996|244.979996|245.210007|2110000|0.9906566026|242.918915
2025-09-12|97|ADM|61.299999|61.770000|61.160000|61.570000|2289900|0.9716117081|59.822132
2025-09-12|98|ADP|294.959991|296.859985|292.190002|293.500000|1100100|0.9780151607|287.047455
2025-09-12|99|AFL|108.510002|109.510002|108.120003|109.129997|1800000|0.9795217260|106.895210
2025-09-12|100|AMAT|167.910004|169.669998|167.179993|167.800003|5170600|0.9944993487|166.876999
2025-09-12|101|AMD|157.000000|160.410004|154.919998|158.570007|42232800|1.0000000000|158.570007
2025-09-12|102|APD|295.700012|298.309998|292.750000|292.820007|985800|0.9740417964|285.218964
2025-09-12|103|BF-B|27.469999|27.559999|26.879999|27.510000|3114200|0.9746521115|26.812679
2025-09-12|104|CHD|93.949997|94.510002|92.940002|92.940002|1480200|0.9872146942|91.751724
2025-09-12|105|CINF|156.360001|157.669998|156.139999|156.860001|613700|0.9780901218|153.423218
2025-09-12|106|CMCSA|33.270001|33.380000|32.450000|33.060000|23874800|0.8939029736|29.552429
2025-09-12|107|D|59.750000|60.540001|59.650002|60.049999|3979900|0.9687101350|58.171043
2025-09-12|108|DOV|177.449997|177.600006|172.880005|172.979996|1133100|0.9924896872|171.680847
2025-09-12|109|DUK|122.080002|122.900002|121.870003|121.949997|2136400|0.9660947366|117.815247
2025-09-12|110|EFX|259.359985|259.829987|255.320007|256.250000|733400|0.9915561793|254.086288
2025-09-12|111|EQT|51.410000|52.009998|50.750000|50.939999|4746500|0.9883492503|50.346508
2025-09-12|112|FITB|45.259998|45.700001|45.139999|45.560001|3469700|0.9671869264|44.065037
2025-09-12|113|GIS|50.430000|50.450001|49.869999|49.919998|4340600|0.9414262429|46.995995
2025-09-12|114|GPC|141.740005|142.500000|140.600006|141.279999|856700|0.9724963604|137.394272
2025-09-12|115|HAS|79.500000|79.849998|78.360001|78.379997|1147500|0.9687474839|75.930420
2025-09-12|116|HBAN|17.690001|17.850000|17.639999|17.770000|21711200|0.9638541944|17.127691
2025-09-12|117|HRL|25.400000|25.430000|25.070000|25.080000|2397400|0.9501443377|23.829620
2025-09-12|118|HST|17.570000|17.790001|17.549999|17.600000|8215100|0.9239624647|16.261738
2025-09-12|119|HSY|184.630005|185.619995|183.449997|185.009995|871500|0.9707271518|179.594223
2025-09-12|120|INTC|24.610001|24.629999|24.049999|24.080000|52672800|1.0000000000|24.080000
2025-09-12|121|J|147.720001|148.929993|146.619995|146.699997|736200|0.9894584622|145.153549
2025-09-12|122|JPM|305.000000|307.549988|303.700012|306.910004|6846700|0.9812283969|301.148804
2025-09-12|123|KMB|128.899994|129.869995|127.949997|127.989998|1442300|0.9627154389|123.217949
2025-09-12|124|L|97.750000|98.330002|97.440002|97.650002|770600|0.9977044368|97.425842
2025-09-12|125|LEN|140.000000|140.000000|136.970001|137.270004|2854200|0.9802617213|134.560532
2025-09-12|126|LOW|270.059998|272.600006|269.529999|271.829987|2906300|0.9798699778|266.358032
2025-09-12|127|MAS|74.660004|75.029999|73.540001|73.629997|1639600|0.9817399064|72.285507
2025-09-12|128|MTB|198.100006|199.839996|197.009995|198.800003|696800|0.9784172563|194.509354
2025-09-12|129|NEM|79.720001|80.070000|78.769997|79.250000|8286500|0.9927701446|78.677040
2025-09-12|130|NTRS|129.089996|130.440002|128.740005|129.419998|801900|0.9838837164|127.334213
2025-09-12|131|NUE|143.279999|143.580002|141.259995|141.350006|929900|0.9867766388|139.480881
2025-09-12|132|OMC|77.570000|77.949997|75.650002|77.199997|3292500|0.9700503706|74.887878
2025-09-12|133|PCAR|101.500000|103.480003|100.570000|102.510002|3812100|0.9759401745|100.043640
2025-09-12|134|PGR|248.750000|249.710007|247.669998|248.279999|2612100|0.9389929753|233.133163
2025-09-12|135|PH|767.520020|768.630005|758.289978|758.780029|463500|0.9937397742|754.029907
2025-09-12|136|PHM|137.380005|138.869995|136.410004|137.100006|1266200|0.9920919827|136.015823
2025-09-12|137|PPG|111.129997|111.800003|110.360001|110.720001|1552300|0.9744973374|107.896347
2025-09-12|138|PPL|35.900002|36.250000|35.880001|36.160000|2841600|0.9766950417|35.317295
2025-09-12|139|RF|27.020000|27.299999|26.900000|27.160000|17753400|0.9708879210|26.369316
2025-09-12|140|ROL|57.990002|58.400002|57.169998|57.369999|1806500|0.9856812639|56.548534
2025-09-12|141|SHW|365.839996|367.480011|359.989990|360.100006|1848800|0.9906031983|356.716248
2025-09-12|142|STT|112.529999|113.139999|112.010002|112.440002|1068200|0.9748965288|109.617355
2025-09-12|143|SWK|78.919998|79.269997|76.680000|77.570000|2757500|0.9672078260|75.026314
2025-09-12|144|SYK|386.040009|387.799988|382.709991|383.339996|985300|0.9899211911|379.476410
2025-09-12|145|TMO|488.609985|491.260010|479.459991|479.459991|1543200|0.9963676862|477.718414
2025-09-12|146|TPL|947.779999|955.989990|933.820038|937.170044|108900|0.3318281124|310.979370
2025-09-12|147|TSN|56.020000|56.070000|55.110001|55.130001|2357200|0.9750492370|53.754463
2025-09-12|148|TT|410.869995|414.619995|400.390015|400.769989|1563700|0.9953350758|398.900421
2025-09-12|149|TYL|553.190002|553.190002|544.500000|544.989990|277800|1.0000000000|544.989990
2025-09-12|150|UDR|38.939999|39.090000|38.169998|38.369999|1777700|0.9573816019|36.734730
2025-09-12|151|VTRS|10.090000|10.190000|9.940000|9.960000|12168400|0.9657614708|9.618984
2025-09-12|152|WEC|109.290001|110.779999|109.290001|110.519997|1532700|0.9669333840|106.865471
2025-09-12|153|WST|260.920013|263.149994|253.380005|253.500000|746200|0.9968900108|252.711639
2025-09-12|154|NDSN|227.020004|227.020004|222.809998|223.169998|195900|0.9906696357|221.087738
2025-09-12|155|TFC|45.180000|45.380001|44.900002|45.200001|8029400|0.9589220174|43.343273
2025-09-12|156|WELL|168.429993|169.669998|168.070007|169.130005|1981800|0.9854911345|166.676132
2025-09-12|157|AON|371.559998|374.049988|369.809998|371.950012|844400|0.9951005240|370.127686
2025-09-12|158|GL|142.520004|143.679993|141.600006|142.270004|400600|0.9919590983|141.126038
2025-09-12|159|OKE|73.779999|73.870003|73.050003|73.050003|2452200|0.9485114183|69.288765
2025-09-12|160|KLAC|957.480011|968.089981|955.000000|964.020004|583900|0.0994634319|95.884743
2025-09-12|161|CSX|32.740002|32.900002|32.450001|32.470001|9255300|0.9900119853|32.145691
2025-09-12|162|PSA|294.359985|295.910004|291.859985|292.320007|690800|0.9601550979|280.672577
2025-09-12|163|NKE|74.239998|74.279999|71.930000|73.000000|11806000|0.9783499344|71.419540
2025-09-12|164|AAPL|229.220001|234.509995|229.020004|234.070007|55824200|0.9963195807|233.208542
2025-09-12|165|BRO|93.830002|94.459999|93.459999|93.540001|1463600|0.9904200305|92.643890
2025-09-12|166|UHS|189.580002|193.130005|188.279999|191.720001|736600|0.9968342486|191.113052
2025-09-12|167|HD|420.269989|423.510010|418.880005|422.690002|5004200|0.9796274407|414.078735
2025-09-12|168|BAX|24.320000|24.420000|23.910000|23.990000|5749900|0.9984613291|23.943851
2025-09-12|169|COP|94.760002|95.070000|92.419998|92.430000|5170400|0.9694370271|89.605064
2025-09-12|170|GLW|76.910004|77.870003|75.769997|77.040001|14826100|0.9932214224|76.517776
2025-09-12|171|HUM|276.989990|279.940002|274.200012|276.440002|1138400|0.9857757655|272.507874
2025-09-12|172|LHX|280.709991|281.679993|278.350006|279.200012|800800|0.9883920425|275.959076
2025-09-12|173|NOC|582.340027|583.130005|575.179993|575.960022|717900|0.9884333448|569.298035
2025-09-12|174|OXY|46.259998|46.549999|45.660000|45.669998|5328100|0.9849760250|44.983852
2025-09-12|175|ROK|349.390015|349.390015|344.899994|344.929993|545700|0.9867997940|340.376862
2025-09-12|176|SLB|36.259998|36.529999|35.419998|35.570000|13476900|0.9812007073|34.901306
2025-09-12|177|SO|91.879997|92.440002|91.720001|92.269997|4076300|0.9680357165|89.320648
2025-09-12|178|WMB|58.849998|59.330002|58.590000|58.810001|5630400|0.9774919343|57.486301
2025-09-12|179|VLO|158.630005|159.279999|156.350006|156.720001|1642600|0.9792382128|153.466217
2025-09-12|180|CI|304.730011|308.299988|302.609985|302.760010|1107100|0.9832673314|297.694031
2025-09-12|181|NSC|273.859985|276.230011|273.760010|274.720001|2243800|0.9826794519|269.961700
2025-09-12|182|COO|68.129997|68.129997|66.349998|66.680000|3147800|1.0000000000|66.680000
2025-09-12|183|AMGN|281.040009|282.940002|276.070007|276.390015|2143700|0.9730085280|268.929840
2025-09-12|184|RJF|170.860001|171.449997|169.360001|170.270004|1188300|0.9865274707|167.976028
2025-09-12|185|WSM|200.899994|203.229996|195.779999|196.949997|741300|0.9861134039|194.215042
2025-09-12|186|CAH|152.369995|153.889999|151.820007|152.240005|1162600|0.9897070842|150.673004
2025-09-12|187|CTAS|204.419998|205.229996|201.800003|202.369995|1371300|0.9900452227|200.355453
2025-09-12|188|PAYX|135.089996|135.970001|134.679993|135.110001|1305400|0.9578135440|129.410187
2025-09-12|189|BEN|24.750000|24.799999|24.570000|24.639999|3034100|0.9494134464|23.393549
2025-09-12|190|AOS|73.809998|74.160004|72.529999|72.570000|766700|0.9781906723|70.987289
2025-09-12|191|CASY|554.750000|559.369995|549.119995|553.890015|315100|0.9965302403|551.968201
2025-09-12|192|T|29.420000|29.600000|29.290001|29.570000|22794000|0.9549684422|28.238417
2025-09-12|193|VZ|44.009998|44.090000|43.770000|43.970001|13723500|0.9360588259|41.158508
2025-09-12|194|JBHT|141.360001|141.360001|137.759995|137.929993|652700|0.9918818614|136.810242
2025-09-12|195|ATO|166.570007|167.139999|165.970001|166.539993|414800|0.9773427979|162.766663
2025-09-12|196|LRCX|115.919998|117.500000|115.879997|116.959999|11060500|0.9944959804|116.316246
2025-09-12|197|MU|153.550003|158.279999|153.210007|157.229996|32288300|0.9983975840|156.978027
2025-09-12|198|AJG|299.010010|300.809998|297.220001|297.279999|1302100|0.9910126646|294.608246
2025-09-12|199|AME|191.009995|191.899994|189.759995|189.929993|813100|0.9937443136|188.741867
2025-09-12|200|SWKS|74.400002|74.599998|73.010002|74.459999|2140400|0.9685989226|72.121872
2025-09-12|201|EXPD|122.779999|124.029999|122.459999|123.510002|1058900|0.9896583057|122.232704
2025-09-12|202|UNH|355.899994|362.309998|352.459991|352.510010|14016200|0.9739167289|343.315399
2025-09-12|203|BBY|78.000000|78.000000|75.830002|75.870003|2140300|0.9471666927|71.861542
2025-09-12|204|DOC|18.150000|18.200001|18.030001|18.080000|4343400|0.9354053519|16.912130
2025-09-12|205|ADSK|324.540009|324.630005|318.760010|319.049988|1077500|1.0000000000|319.049988
2025-09-12|206|DVN|35.560001|35.790001|34.770000|34.770000|7123800|0.9746853674|33.889809
2025-09-12|207|NVR|8506.349609|8544.389648|8377.629883|8414.820312|15900|1.0000000000|8414.820312
2025-09-12|208|ROST|149.990005|150.350006|146.770004|147.899994|2131700|0.9936631572|146.962784
2025-09-12|209|JKHY|160.300003|161.289993|159.869995|160.119995|693400|0.9886171552|158.297379
2025-09-12|210|MNST|63.799999|64.779999|63.639999|64.690002|4842600|0.5000000000|64.690002
2025-09-12|211|ORCL|305.790009|307.970001|291.750000|292.179993|51781900|0.9887307780|288.887360
2025-09-12|212|MSFT|506.649994|512.549988|503.850006|509.899994|23624900|0.9918394551|505.738953
2025-09-12|213|TROW|105.379997|106.089996|105.000000|105.629997|1123000|0.9502905192|100.379181
2025-09-12|214|COST|960.289978|969.570007|960.000000|967.900024|1461600|0.9941992924|962.285522
2025-09-12|215|ADBE|361.100006|366.500000|341.609985|349.359985|14146600|1.0000000000|349.359985
2025-09-12|216|FISV|135.580002|135.800003|134.279999|134.320007|2913400|1.0000000000|134.320007
2025-09-12|217|BKR|47.160000|47.299999|46.470001|46.490002|4015000|0.9846041741|45.774250
2025-09-12|218|CDNS|353.470001|355.070007|342.089996|343.480011|1616900|1.0000000000|343.480011
2025-09-12|219|TJX|140.520004|141.350006|138.899994|139.479996|5173200|0.9879468300|137.798798
2025-09-12|220|FICO|1590.479980|1593.290039|1511.040039|1544.050049|224400|1.0000000000|1544.050049
2025-09-12|221|CCL|32.400002|32.419998|31.510000|31.510000|13004100|0.9841845235|31.011654
2025-09-12|222|FAST|47.049999|47.590000|46.939999|47.450001|5506500|0.9787399757|46.441216
2025-09-12|223|SCHW|93.930000|94.500000|93.360001|93.540001|7701800|0.9873800864|92.359528
2025-09-12|224|JCI|107.320000|108.720001|107.059998|107.529999|2826300|0.9941759575|106.903732
2025-09-12|225|COHR|101.610001|103.919998|101.199997|102.989998|3475300|1.0000000000|102.989998
2025-09-12|226|KEY|19.139999|19.180000|19.010000|19.059999|23206500|0.9696888308|18.482267
2025-09-12|227|MOS|33.599998|33.799999|33.490002|33.650002|3338800|0.9727377902|32.732628
2025-09-12|228|MGM|35.169998|35.230000|34.349998|34.549999|5226600|1.0000000000|34.549999
2025-09-12|229|WM|219.759995|220.669998|217.559998|218.160004|1087200|0.9879218676|215.525040
2025-09-12|230|TECH|52.959999|52.959999|50.759998|51.259998|1982100|0.9943671322|50.971256
2025-09-12|231|IEX|164.220001|164.449997|160.550003|160.550003|394400|0.9853525022|158.198334
2025-09-12|232|GEN|29.620001|29.650000|29.120001|29.139999|2865800|0.9804358251|28.569899
2025-09-12|233|CRH|113.959999|114.830002|113.379997|113.389999|2974100|0.9889154582|112.133118
2025-09-12|234|EOG|120.769997|121.019997|117.970001|118.160004|1967200|0.9664053429|114.190453
2025-09-12|235|PTC|206.100006|206.729996|204.339996|205.110001|520500|1.0000000000|205.110001
2025-09-12|236|CSCO|66.879997|67.339996|66.129997|66.529999|18529200|0.9797136141|65.180351
2025-09-12|237|LH|278.850006|280.839996|277.709991|277.950012|347200|0.9921089357|275.166748
2025-09-12|238|TRMB|82.690002|82.690002|80.459999|80.879997|1027600|1.0000000000|80.879997
2025-09-12|239|AZO|4316.680176|4363.290039|4316.680176|4322.149902|100900|1.0000000000|4322.149902
2025-09-12|240|REGN|567.340027|570.000000|559.450012|560.000000|602600|0.9948983635|557.143127
2025-09-12|241|IDXX|639.239990|644.859985|625.549988|641.140015|317900|1.0000000000|641.140015
2025-09-12|242|AES|12.800000|13.010000|12.700000|12.880000|12349600|0.9525797478|12.269228
2025-09-12|243|VRTX|394.679993|396.829987|393.170013|394.529999|978300|1.0000000000|394.529999
2025-09-12|244|ZBRA|314.250000|315.989990|311.290009|312.649994|517000|1.0000000000|312.649994
2025-09-12|245|BIIB|148.080002|150.279999|144.839996|144.860001|1810700|1.0000000000|144.860001
2025-09-12|246|ODFL|149.139999|149.389999|144.470001|144.889999|1864000|0.9953671039|144.218735
2025-09-12|247|APH|119.029999|119.589996|117.820000|118.680000|6358900|0.9932298743|117.876511
2025-09-12|248|KIM|22.469999|22.600000|22.340000|22.389999|3489600|0.9657396580|21.622911
2025-09-12|249|QCOM|161.330002|162.330002|159.580002|161.830002|5430600|0.9849314898|159.391464
2025-09-12|250|GILD|117.489998|117.629997|114.180000|114.550003|6468100|0.9746107539|111.641655
2025-09-12|251|ROP|515.580017|517.159973|512.039978|512.530029|615400|0.9912816468|508.061646
2025-09-12|252|SNPS|443.820007|444.190002|421.940002|425.450012|6689000|1.0000000000|425.450012
2025-09-12|253|STZ|143.000000|143.000000|139.449997|139.490005|2446800|0.9716065224|135.529404
2025-09-12|254|BSX|103.760002|104.430000|102.480003|102.709999|10541800|1.0000000000|102.709999
2025-09-12|255|STE|252.320007|253.000000|248.800003|249.880005|774400|0.9945039836|248.506653
2025-09-12|256|DHI|178.610001|180.639999|177.300003|177.869995|2369300|0.9881394354|175.760361
2025-09-12|257|LIN|479.160004|483.920013|479.140015|482.040009|2069700|0.9898650243|477.154541
2025-09-12|258|SBUX|82.370003|82.540001|81.199997|81.900002|9996200|0.9751160265|79.862007
2025-09-12|259|MS|156.039993|156.869995|155.619995|156.389999|4341600|0.9778330741|152.923325
2025-09-12|260|INTU|658.460022|660.400024|645.309998|646.030029|2202100|0.9888907264|638.853088
2025-09-12|261|MCHP|65.120003|65.650002|64.410004|64.699997|4608200|0.9744763190|63.048611
2025-09-12|262|CB|280.820007|282.510010|277.739990|278.109985|2115200|0.9939554166|276.428925
2025-09-12|263|ORLY|107.430000|108.419998|107.199997|107.500000|4783100|1.0000000000|107.500000
2025-09-12|264|RCL|347.739990|348.799988|336.369995|336.420013|2073000|0.9831897671|330.764709
2025-09-12|265|JBL|213.389999|215.300003|212.809998|214.059998|966300|0.9988481715|213.813446
2025-09-12|266|ALL|201.639999|202.570007|200.250000|200.389999|1136400|0.9851043015|197.405045
2025-09-12|267|CPT|110.720001|110.790001|109.239998|109.510002|514800|0.9608575952|105.223511
2025-09-12|268|VMRK|66.919998|67.110001|66.389999|66.440002|1264500|0.9568407274|63.572506
2025-09-12|269|IT|244.660004|247.839996|242.910004|247.330002|2214200|1.0000000000|247.330002
2025-09-12|270|DECK|118.699997|119.790001|116.000000|118.500000|2445500|1.0000000000|118.500000
2025-09-12|271|REG|71.910004|72.290001|71.300003|71.339996|1193500|0.9701425273|69.209969
2025-09-12|272|INCY|85.489998|85.510002|82.820000|83.099998|1775100|1.0000000000|83.099998
2025-09-12|273|SPG|183.899994|184.500000|182.100006|182.470001|1547300|0.9659807077|176.262497
2025-09-12|274|MAA|143.820007|144.000000|141.699997|142.199997|737100|0.9546815481|135.755707
2025-09-12|275|MLM|627.659973|629.440002|615.599976|615.859985|331400|0.9960197565|613.408691
2025-09-12|276|TSCO|59.700001|60.650002|59.580002|60.610001|4395300|0.9764906296|59.185089
2025-09-12|277|ALB|74.239998|76.339996|73.089996|75.980003|2508600|0.9919948535|75.371780
2025-09-12|278|CPRT|48.630001|48.959999|48.380001|48.400002|3944900|1.0000000000|48.400002
2025-09-12|279|FLEX|57.660000|57.880001|57.200001|57.290001|2259700|1.0000000000|57.290001
2025-09-12|280|ESS|269.380005|270.130005|266.029999|267.089996|259300|0.9616604752|256.849884
2025-09-12|281|O|60.090000|60.590000|60.029999|60.410000|3910100|0.9523910542|57.533943
2025-09-12|282|MCO|517.460022|519.250000|511.589996|512.309998|490200|0.9914008639|507.904572
2025-09-12|283|SJM|109.190002|109.970001|107.800003|107.800003|1576700|0.9604551346|103.537056
2025-09-12|284|MCK|717.599976|724.000000|710.580017|711.419983|522400|0.9971371280|709.383301
2025-09-12|285|COF|225.240005|225.330002|221.860001|223.759995|2153800|0.9846948620|220.335327
2025-09-12|286|EME|637.690002|640.549988|628.590027|629.080017|455300|0.9980200530|627.834473
2025-09-12|287|DLTR|98.940002|99.730003|96.599998|97.449997|3666200|1.0000000000|97.449997
2025-09-12|288|COR|302.220001|307.510010|301.989990|302.519989|1189400|0.9924371875|300.232086
2025-09-12|289|DRI|214.089996|215.279999|212.449997|212.610001|1138500|0.9692558966|206.073502
2025-09-12|290|RMD|273.149994|273.559998|269.000000|270.140015|1257700|0.9895309167|267.311890
2025-09-12|291|WAB|191.039993|191.550003|188.470001|188.820007|821500|0.9953491745|187.941849
2025-09-12|292|FCX|45.200001|45.500000|43.930000|44.720001|16046300|0.9893641669|44.244366
2025-09-12|293|IVZ|22.410000|22.530001|22.280001|22.430000|2512700|0.9692003654|21.739166
2025-09-12|294|ACGL|92.199997|92.930000|91.970001|92.260002|1256500|1.0000000000|92.260002
2025-09-12|295|ERIE|338.010010|340.700012|336.420013|338.660004|66600|0.9792544909|331.634308
2025-09-12|296|EG|349.510010|352.450012|347.660004|349.369995|487600|0.9878843207|345.137146
2025-09-12|297|DVA|133.000000|133.940002|132.080002|133.169998|481700|1.0000000000|133.169998
2025-09-12|298|HSIC|69.360001|69.820000|68.540001|69.010002|1115000|1.0000000000|69.010002
2025-09-12|299|EL|86.209999|86.480003|83.449997|83.650002|3243800|0.9893232983|82.756889
2025-09-12|300|WAT|299.450012|302.279999|294.959991|295.390015|326700|1.0000000000|295.390015
2025-09-12|301|NTAP|125.050003|125.260002|123.750000|124.000000|1868600|0.9828001938|121.867218
2025-09-12|302|HIG|132.619995|133.429993|132.119995|132.520004|1127400|0.9867007020|130.757568
2025-09-12|303|IRM|98.660004|99.599998|96.680000|96.690002|1135600|0.9670499740|93.504059
2025-09-12|304|BRK-B|495.750000|497.630005|493.339996|493.739990|2951700|1.0000000000|493.739990
2025-09-12|305|FDS|370.010010|370.980011|361.730011|361.839996|444400|0.9861098905|356.814026
2025-09-12|306|STLD|133.630005|133.979996|130.580002|130.649994|718900|0.9881804292|129.105774
2025-09-12|307|DGX|183.240005|185.050003|182.509995|182.910004|454100|0.9827524115|179.755249
2025-09-12|308|CIEN|132.220001|133.279999|130.130005|131.279999|2778000|1.0000000000|131.279999
2025-09-12|309|TTWO|245.970001|248.300003|244.029999|246.259995|1001700|1.0000000000|246.259995
2025-09-12|310|VTR|69.440002|69.839996|68.830002|69.730003|1758500|0.9750191622|67.988091
2025-09-12|311|AMZN|230.350006|230.789993|226.289993|228.149994|38496200|1.0000000000|228.149994
2025-09-12|312|ARE|84.910004|85.800003|84.220001|84.919998|1560000|0.9425806495|80.043945
2025-09-12|313|RL|314.790009|317.720001|312.059998|315.140015|518100|0.9893282798|311.776917
2025-09-12|314|BXP|76.269997|77.919998|76.050003|77.180000|2141900|0.9573561810|73.888748
2025-09-12|315|FIX|762.479980|770.179993|751.849976|753.690002|301700|0.9979565203|752.149780
2025-09-12|316|YUM|149.000000|150.529999|148.509995|149.490005|1809500|0.9858960568|147.381607
2025-09-12|317|CHRW|130.600006|132.919998|130.449997|132.410004|1412300|0.9892308245|130.984070
2025-09-12|318|FE|43.509998|43.840000|43.410000|43.799999|2766600|0.9613759059|42.108261
2025-09-12|319|MTD|1279.420044|1279.420044|1255.219971|1259.540039|109000|1.0000000000|1259.540039
2025-09-12|320|PLD|114.860001|115.910004|114.169998|115.349998|3552200|0.9686204655|111.730370
2025-09-12|321|URI|954.710022|957.289978|936.400024|938.000000|535000|0.9918999023|930.402100
2025-09-12|322|AEE|100.220001|101.040001|100.120003|100.790001|917300|0.9792499824|98.698608
2025-09-12|323|VRSN|287.859985|289.910004|285.399994|285.519989|449900|0.9876930267|282.006073
2025-09-12|324|PWR|388.149994|391.929993|382.269989|382.529999|833400|0.9991491848|382.204559
2025-09-12|325|AMT|195.750000|196.550003|194.589996|195.080002|3096400|0.9628069961|187.824402
2025-09-12|326|MAR|266.880005|267.779999|263.500000|266.500000|1051600|0.9917417055|264.299164
2025-09-12|327|CTSH|70.360001|70.540001|69.099998|69.169998|4099200|0.9779331176|67.643631
2025-09-12|328|SRE|83.300003|84.320000|83.110001|83.940002|3204800|0.9718725927|81.578995
2025-09-12|329|CSGP|86.680000|87.389999|86.430000|86.800003|1261400|1.0000000000|86.800003
2025-09-12|330|RSG|231.800003|232.619995|227.820007|228.479996|891800|0.9886066709|225.876862
2025-09-12|331|CCI|95.330002|95.910004|95.000000|95.389999|2930000|0.9541022922|91.011826
2025-09-12|332|EBAY|91.680000|91.820000|89.349998|90.800003|4717400|0.9904184858|89.657402
2025-09-12|333|NVDA|177.770004|178.600006|176.449997|177.820007|124911000|0.9987261828|177.593491
2025-09-12|334|BKNG|5461.000061|5520.000076|5437.689972|5458.319855|128800|0.0397328628|216.874664
2025-09-12|335|GS|783.500000|787.030029|776.260010|780.059998|1099400|0.9855142723|768.760254
2025-09-12|336|FFIV|332.489990|332.489990|320.970001|321.670013|439900|1.0000000000|321.670013
2025-09-12|337|SBAC|198.130005|200.750000|197.869995|199.970001|1334400|0.9751039390|194.991531
2025-09-12|338|LII|560.650024|566.280029|543.260010|544.479980|463700|0.9895934539|538.813782
2025-09-12|339|BLK|1132.719971|1140.000000|1118.650024|1123.410034|544800|0.9841011192|1105.549072
2025-09-12|340|TKO|201.759995|204.100006|200.699997|202.440002|897100|0.9846983529|199.342331
2025-09-12|341|AKAM|79.040001|79.070000|76.650002|76.839996|1518700|1.0000000000|76.839996
2025-09-12|342|UPS|84.790001|85.019997|83.870003|84.349998|5545500|0.9383630641|79.150932
2025-09-12|343|A|126.449997|126.529999|123.129997|123.239998|1250800|0.9920393505|122.258919
2025-09-12|344|TDY|565.309998|565.510010|553.950012|556.289978|285000|1.0000000000|556.289978
2025-09-12|345|PKG|215.740005|216.850006|214.910004|215.149994|471200|0.9759029480|209.965530
2025-09-12|346|EW|77.489998|77.830002|76.489998|77.570000|6301600|1.0000000000|77.570000
2025-09-12|347|MET|80.260002|81.110001|80.169998|80.820000|2314200|0.9722454281|78.576874
2025-09-12|348|ON|48.939999|49.119999|48.049999|48.259998|4283200|1.0000000000|48.259998
2025-09-12|349|ISRG|453.190002|454.149994|448.149994|449.679993|2219100|1.0000000000|449.679993
2025-09-12|350|CRL|158.190002|158.800003|152.889999|152.889999|768800|1.0000000000|152.889999
2025-09-12|351|MRVL|67.550003|67.750000|66.139999|67.349998|14868600|0.9978740377|67.206810
2025-09-12|352|EQIX|797.479980|800.380005|788.169983|788.609985|367800|0.9790491812|772.088013
2025-09-12|353|TPR|106.059998|108.000000|105.559998|106.470001|2940800|0.9910289553|105.514847
2025-09-12|354|GRMN|239.130005|240.580002|237.710007|238.080002|528600|0.9875544034|235.116959
2025-09-12|355|GPN|86.379997|86.379997|85.050003|85.349998|1344700|0.9898898052|84.487099
2025-09-12|356|ALGN|135.520004|135.520004|131.509995|131.559998|719500|1.0000000000|131.559998
2025-09-12|357|WTW|338.589996|341.250000|337.760010|338.790009|417900|0.9876703786|334.612854
2025-09-12|358|MDLZ|61.980000|62.470001|61.689999|61.980000|4853600|0.9664286986|59.899254
2025-09-12|359|AXON|756.659973|765.440002|754.460022|756.130005|303800|1.0000000000|756.130005
2025-09-12|360|FIS|67.419998|67.519997|66.449997|66.839996|4107100|0.9743297530|65.124199
2025-09-12|361|ACN|244.500000|245.250000|238.009995|238.539993|5637500|0.9798095806|233.723755
2025-09-12|362|ZBH|103.669998|104.099998|102.900002|103.080002|883500|0.9895894440|102.006882
2025-09-12|363|BG|81.709999|82.099998|81.220001|81.620003|1201000|0.9749906568|79.578735
2025-09-12|364|PFG|81.980003|82.930000|81.820000|82.699997|986000|0.9740293311|80.552216
2025-09-12|365|ELV|317.420013|319.239990|311.339996|311.760010|1503300|0.9847701459|307.011963
2025-09-12|366|CNC|33.919998|34.779999|33.070000|33.259998|16869700|1.0000000000|33.259998
2025-09-12|367|PRU|106.820000|107.440002|106.379997|106.900002|1628300|0.9496925157|101.522125
2025-09-12|368|NFLX|1203.059998|1211.780014|1182.399979|1188.440018|3784900|0.1000000000|118.844002
2025-09-12|369|NDAQ|95.739998|96.139999|93.889999|93.949997|2948500|0.9903103249|93.039650
2025-09-12|370|WYNN|123.750000|123.849998|120.449997|121.449997|876300|0.9907231274|120.323326
2025-09-12|371|CME|261.890015|263.619995|260.309998|262.299988|1565500|0.9671562481|253.685074
2025-09-12|372|STX|196.699997|198.369995|193.320007|195.990005|3293200|0.9918108479|194.385010
2025-09-12|373|NRG|157.699997|165.820007|157.020004|164.839996|2278800|0.9877934975|162.827896
2025-09-12|374|AIZ|212.110001|213.970001|212.110001|213.009995|246500|0.9887198190|210.607208
2025-09-12|375|CBRE|165.220001|166.479996|163.750000|164.020004|915600|1.0000000000|164.020004
2025-09-12|376|CRM|246.100006|247.589996|241.250000|242.759995|8386400|0.9916072498|240.722580
2025-09-12|377|DPZ|455.839996|458.269989|451.130005|452.049988|437300|0.9810848008|443.499390
2025-09-12|378|EXR|148.309998|149.309998|147.059998|147.149994|1176600|0.9554904856|140.600418
2025-09-12|379|GOOG|240.800003|242.423004|238.500000|241.380005|14536600|0.9980438060|240.907822
2025-09-12|380|GOOGL|240.369995|242.080002|238.000000|240.800003|26771600|0.9980471771|240.329758
2025-09-12|381|DLR|173.750000|175.589996|173.460007|173.500000|1341300|0.9719407992|168.631744
2025-09-12|382|MPWR|844.960022|844.960022|830.000000|834.140015|329700|0.9930512692|828.343811
2025-09-12|383|LVS|54.889999|54.910000|53.320000|53.500000|5880900|0.9787990268|52.365749
2025-09-12|384|DXCM|75.769997|76.690002|75.389999|76.220001|3054600|1.0000000000|76.220001
2025-09-12|385|BLDR|144.690002|145.679993|142.330002|142.729996|1239700|1.0000000000|142.729996
2025-09-12|386|WBD|17.530001|19.330000|17.219999|18.870001|286212700|1.0000000000|18.870001
2025-09-12|387|EXPE|221.360001|223.220001|219.550003|222.190002|970100|0.9926306212|220.552628
2025-09-12|388|CF|86.209999|86.629997|85.279999|85.629997|1403100|0.9797238699|83.893745
2025-09-12|389|AMP|501.260010|501.559998|495.880005|497.079987|302100|0.9868973539|490.566895
2025-09-12|390|ICE|175.619995|176.589996|173.080002|173.970001|2300500|0.9873787050|171.774261
2025-09-12|391|PSKY|17.459999|18.870001|16.900000|18.790001|32421300|0.9837013539|18.483749
2025-09-12|392|LYV|173.750000|175.250000|172.720001|173.729996|1408400|1.0000000000|173.729996
2025-09-12|393|CMG|38.990002|38.990002|38.340000|38.630001|22319700|1.0000000000|38.630001
2025-09-12|394|UAL|108.949997|109.570000|106.500000|106.580002|6077800|1.0000000000|106.580002
2025-09-12|395|TDG|1293.520020|1303.670044|1269.319946|1271.449951|396000|1.0000000000|1271.449951
2025-09-12|396|MA|586.440002|589.210022|580.000000|580.409973|2242800|0.9938070309|576.815491
2025-09-12|397|LDOS|184.820007|185.460007|183.720001|183.860001|541400|0.9896050149|181.948776
2025-09-12|398|FSLR|203.539993|205.440002|201.589996|201.699997|1239000|1.0000000000|201.699997
2025-09-12|399|BR|253.669998|255.740005|251.809998|252.029999|547700|0.9836780236|247.916382
2025-09-12|400|SMCI|46.560001|47.000000|44.630001|45.000000|38138300|1.0000000000|45.000000
2025-09-12|401|TMUS|240.089996|242.820007|239.679993|241.720001|3085700|0.9849640725|236.719299
2025-09-12|402|DAL|60.820000|60.919998|59.840000|59.869999|6771000|0.9891783114|59.222107
2025-09-12|403|IBKR|63.299999|64.430000|63.029999|63.700001|3396700|0.9966884542|63.489056
2025-09-12|404|PODD|337.750000|351.940002|336.000000|341.779999|472900|1.0000000000|341.779999
2025-09-12|405|TEL|211.380005|212.350006|209.500000|209.820007|1576700|0.9892434805|207.563065
2025-09-12|406|BX|182.990005|183.690002|180.160004|181.350006|3356200|0.9610163599|174.280319
2025-09-12|407|LULU|165.259995|165.929993|159.750000|159.869995|8061200|1.0000000000|159.869995
2025-09-12|408|ULTA|521.080017|521.890015|511.660004|514.619995|454400|1.0000000000|514.619995
2025-09-12|409|MSCI|584.070007|585.450012|576.340027|583.250000|722100|0.9858483453|574.996033
2025-09-12|410|ECHO|77.050003|77.269997|74.110001|74.889999|5558100|1.0000000000|74.889999
2025-09-12|411|PM|167.320007|168.800003|165.100006|166.110001|3691500|0.9650495005|160.304382
2025-09-12|412|V|341.220001|343.190002|339.170013|339.429993|3518300|0.9920658607|336.736908
2025-09-12|413|AWK|138.500000|139.889999|138.210007|139.279999|994600|0.9734433274|135.581207
2025-09-12|414|KDP|27.559999|27.590000|27.020000|27.230000|15138100|0.9674331941|26.343204
2025-09-12|415|SW|45.029999|45.349998|44.220001|44.270000|3339100|0.9711821711|42.994236
2025-09-12|416|AVGO|362.910004|364.390015|357.160004|359.869995|31949800|0.9927261709|357.252350
2025-09-12|417|VRSK|266.570007|267.070007|262.029999|262.200012|895500|0.9909965186|259.839294
2025-09-12|418|DG|104.440002|105.419998|103.720001|104.400002|2557300|0.9800962717|102.322052
2025-09-12|419|FTNT|80.930000|81.269997|79.650002|79.680000|4428900|1.0000000000|79.680000
2025-09-12|420|CHTR|264.000000|266.130005|256.109985|263.399994|1764200|1.0000000000|263.399994
2025-09-12|421|FERG|221.050003|221.160004|210.119995|211.610001|4186100|0.9811984638|207.631393
2025-09-12|422|GNRC|187.669998|189.050003|184.339996|184.389999|697900|1.0000000000|184.389999
2025-09-12|423|LYB|55.430000|56.099998|54.830002|55.220001|4852400|0.9407211657|51.946625
2025-09-12|424|CBOE|236.539993|237.240005|233.820007|234.210007|601400|0.9954503651|233.144440
2025-09-12|425|TSLA|370.940002|396.690002|370.239990|395.940002|168156400|1.0000000000|395.940002
2025-09-12|426|KKR|144.660004|145.029999|142.470001|143.339996|3554800|0.9928030964|142.308395
2025-09-12|427|NXPI|222.660004|223.089996|218.600006|218.820007|2061800|0.9825362696|214.998581
2025-09-12|428|GM|59.849998|60.000000|58.480000|58.500000|12020300|0.9934966717|58.119556
2025-09-12|429|TRGP|165.869995|168.070007|164.990005|166.380005|1008900|0.9789495349|162.877625
2025-09-12|430|CPAY|313.299988|313.299988|306.179993|307.359985|350300|1.0000000000|307.359985
2025-09-12|431|KMI|27.600000|27.809999|27.490000|27.580000|8665000|0.9613533449|26.514126
2025-09-12|432|HCA|400.570007|406.380005|399.640015|405.130005|761200|0.9932605867|402.399658
2025-09-12|433|HII|277.510010|277.739990|274.059998|274.709991|217100|0.9882397967|270.219177
2025-09-12|434|APO|136.500000|138.330002|136.279999|138.029999|2307000|0.9837214596|135.783081
2025-09-12|435|MPC|183.000000|183.539993|179.830002|180.279999|1500300|0.9835714275|177.318253
2025-09-12|436|XYL|141.529999|142.199997|141.190002|141.550003|1432800|0.9861759388|139.593201
2025-09-12|437|APTV|84.720001|84.720001|82.589996|82.790001|1662200|1.0000000000|82.790001
2025-09-12|438|PSX|132.690002|133.300003|130.690002|130.779999|1380600|0.9712393490|127.018692
2025-09-12|439|AMCR|8.300000|8.360000|8.270000|8.280000|12943000|4.8543684849|40.194172
2025-09-12|440|META|748.729980|757.570007|743.760010|755.590027|8248600|0.9967331772|753.121643
2025-09-12|441|NOW|941.729965|941.849976|926.930008|928.960037|711100|0.2000000000|185.792007
2025-09-12|442|PANW|197.179993|199.949997|196.160004|196.289993|4431600|1.0000000000|196.289993
2025-09-12|443|FANG|138.820007|140.199997|136.839996|136.880005|1752000|0.9764795206|133.660522
2025-09-12|444|WDAY|226.169998|227.360001|222.110001|223.389999|2683200|1.0000000000|223.389999
2025-09-12|445|ABBV|219.119995|220.380005|218.229996|218.339996|4418800|0.9699105539|211.770279
2025-09-12|446|NCLH|27.120001|27.180000|26.650000|26.650000|14845200|1.0000000000|26.650000
2025-09-12|447|ZTS|149.649994|150.050003|146.539993|148.199997|3111200|0.9811560666|145.407333
2025-09-12|448|IQV|188.380005|190.279999|186.470001|187.220001|946300|1.0000000000|187.220001
2025-09-12|449|NWS|32.209999|32.470001|32.060001|32.270000|1197000|0.9963262306|32.151447
2025-09-12|450|NWSA|29.610001|29.610001|29.180000|29.230000|4752400|0.9958385353|29.108360
2025-09-12|451|CDW|165.050003|166.190002|163.929993|164.289993|1120700|0.9800438553|161.011383
2025-09-12|452|VEEV|277.380005|280.649994|273.489990|276.429993|935700|1.0000000000|276.429993
2025-09-12|453|ALLE|176.289993|177.699997|174.460007|175.020004|1100200|0.9921390873|173.644180
2025-09-12|454|HLT|277.829987|277.890015|274.690002|274.730011|703600|0.9980421657|274.192108
2025-09-12|455|ARES|185.199997|185.820007|182.789993|182.789993|837100|0.9643870365|176.280304
2025-09-12|456|ANET|149.179993|149.470001|139.020004|139.389999|17920400|1.0000000000|139.389999
2025-09-12|457|SYF|75.889999|76.010002|75.250000|75.370003|1954400|0.9836138777|74.134979
2025-09-12|458|CFG|51.669998|52.075001|51.494999|51.820000|3733200|0.9707955381|50.306629
2025-09-12|459|KEYS|171.979996|172.309998|169.395004|170.539993|812100|1.0000000000|170.539993
2025-09-12|460|GDDY|148.580002|148.580002|145.039993|145.089996|974300|1.0000000000|145.089996
2025-09-12|461|KHC|26.570000|26.570000|26.045000|26.129999|17152300|0.9508904028|24.846766
2025-09-12|462|PYPL|67.209999|67.750000|66.860001|66.889999|7505600|0.9914138539|66.315674
2025-09-12|463|LITE|163.779999|166.500000|161.580002|163.020004|2954300|1.0000000000|163.020004
2025-09-12|464|HPE|24.855000|25.100000|24.730000|24.730000|20692400|0.9795953482|24.225393
2025-09-12|465|XYZ|73.599998|74.214996|72.845001|72.870003|4621300|1.0000000000|72.870003
2025-09-12|466|FTV|49.310001|49.410000|48.779999|48.830002|4988400|0.9968000114|48.673748
2025-09-12|467|DELL|125.900002|127.639999|124.970001|125.040001|4365700|0.9874173534|123.466660
2025-09-12|468|TTD|45.400002|46.180000|45.049999|45.150002|19764800|1.0000000000|45.150002
2025-09-12|469|VST|202.925003|210.214996|202.009995|209.699997|3824900|0.9947817288|208.605728
2025-09-12|470|HWM|185.000000|187.259995|184.500000|185.770004|1817100|0.9979223317|185.384033
2025-09-12|471|INVH|30.590000|30.650000|30.170000|30.209999|4652500|0.9576139206|28.929516
2025-09-12|472|CVNA|352.680016|370.540009|349.070015|361.769981|2877400|0.2000000000|72.353996
2025-09-12|473|IR|80.809998|81.300003|78.760002|78.790001|3643400|0.9990084054|78.711876
2025-09-12|474|VICI|33.189999|33.310001|33.040001|33.160000|5162300|0.9391962861|31.143751
2025-09-12|475|VRT|135.500000|137.091995|133.559998|134.839996|4065400|0.9988996720|134.691635
2025-09-12|476|MRNA|25.225000|25.415001|23.180000|23.510000|31285700|1.0000000000|23.510000
2025-09-12|477|FOXA|58.259998|59.130001|57.849998|58.250000|3542600|0.9951185496|57.965656
2025-09-12|478|FOX|52.599998|53.459999|52.240002|52.790001|2462200|0.9946544484|52.507812
2025-09-12|479|DOW|25.000000|25.490000|24.870001|25.040001|14732800|0.9640247460|24.139181
2025-09-12|480|UBER|94.489998|96.269997|93.709999|95.889999|13659200|1.0000000000|95.889999
2025-09-12|481|CTVA|72.900002|75.910004|72.330002|74.290001|6599900|0.9928033602|73.755371
2025-09-12|482|CRWD|435.390015|443.000000|435.000000|436.100006|2764700|0.2500000000|109.025002
2025-09-12|483|DDOG|138.904999|139.809998|136.240005|136.500000|3034100|1.0000000000|136.500000
2025-09-12|484|CARR|61.770000|62.529999|61.380001|61.669998|5224900|0.9848525765|60.735863
2025-09-12|485|OTIS|89.099998|89.739998|88.400002|89.059998|3610800|0.9789066234|87.181419
2025-09-12|486|PLTR|165.350006|171.529999|164.009995|171.429993|54498500|1.0000000000|171.429993
2025-09-12|487|DASH|259.040009|261.429993|255.464996|257.980011|2215900|1.0000000000|257.980011
2025-09-12|488|ABNB|123.070000|123.449997|121.839996|122.550003|5263900|1.0000000000|122.550003
2025-09-12|489|EXE|96.440002|97.559998|95.790001|96.220001|1692900|0.9779564541|94.098969
2025-09-12|490|COIN|328.029999|329.489990|319.799988|323.040009|6929400|1.0000000000|323.040009
2025-09-12|491|APP|573.054993|587.880005|572.109985|582.000000|6730300|1.0000000000|582.000000
2025-09-12|492|HOOD|117.930000|118.570000|114.050003|115.029999|37245800|1.0000000000|115.029999
2025-09-12|493|CEG|318.059998|325.410004|315.281006|323.480011|1414800|0.9944409722|321.681793
2025-09-12|494|GEHC|77.470001|77.635002|76.379997|76.440002|3254100|0.9981004727|76.294792
2025-09-12|495|KVUE|18.820000|19.420000|18.770000|18.990000|26731000|0.9540880845|18.118132
2025-09-12|496|VLTO|109.449997|109.860001|108.495003|109.029999|1253200|0.9946977565|108.451889
2025-09-12|497|RDDT|262.220001|266.149994|251.190002|254.289993|3683700|1.0000000000|254.289993
2025-09-12|498|SOLV|73.480003|74.489998|73.025002|73.389999|1572400|1.0000000000|73.389999
2025-09-12|499|GEV|632.119995|646.880005|624.150024|625.549988|2640400|0.9977344385|624.132751
2025-09-12|500|SNDK|85.309998|86.959999|82.279999|86.129997|5641700|1.0000000000|86.129997
