date|security_id|ticker|open|high|low|close|volume|adj_factor|adj_close_vendor
2025-09-30|1|AEP|109.820000|112.620003|109.669998|112.500000|4322900|0.9699113042|109.115021
2025-09-30|2|BA|217.100006|217.679993|212.830002|215.830002|9289300|1.0000000000|215.830002
2025-09-30|3|CAT|471.619995|477.440002|470.239990|477.149994|2315300|0.9910786923|472.893219
2025-09-30|4|CNP|39.150002|39.430000|38.150002|38.799999|13642800|0.9777626474|37.937187
2025-09-30|5|CVX|154.889999|155.729996|153.929993|155.289993|7755700|0.9620890936|149.402802
2025-09-30|6|DIS|114.529999|114.879997|113.339996|114.500000|9303700|0.9857264957|112.865685
2025-09-30|7|DTE|140.990005|141.800003|140.500000|141.429993|805900|0.9755422782|137.970932
2025-09-30|8|ED|99.580002|100.760002|99.099998|100.519997|2199200|0.9678975191|97.293060
2025-09-30|9|GD|332.130005|341.019989|332.130005|341.000000|1622800|0.9826639145|335.088409
2025-09-30|10|GE|294.709991|301.470001|293.910004|300.820007|4112400|0.9961629631|299.665771
2025-09-30|11|HON|208.950007|211.109995|208.449995|210.499996|4182300|0.9694785487|204.075241
2025-09-30|12|HPQ|26.900000|27.250000|26.850000|27.230000|7986800|0.9607551428|26.161362
2025-09-30|13|IBM|280.880005|286.019989|280.519989|282.160004|5926900|0.9746618623|275.010590
2025-09-30|14|IP|45.910000|46.430000|45.520000|46.400002|3426100|0.9527969504|44.209778
2025-09-30|15|JNJ|181.699997|185.990005|181.070007|185.419998|11569000|0.9779609434|181.333527
2025-09-30|16|KO|66.070000|66.639999|65.959999|66.320000|13815000|0.9799171123|64.988098
2025-09-30|17|KR|66.279999|67.459999|66.199997|67.410004|7567800|0.9778352350|65.915878
2025-09-30|18|LMT|492.579987|499.890015|491.140015|499.209991|1312700|0.9808408602|489.645569
2025-09-30|19|MMM|153.850006|155.220001|152.429993|155.179993|2177100|0.9818750293|152.367355
2025-09-30|20|MO|65.690002|66.180000|65.360001|66.059998|7797300|0.9516126626|62.863533
2025-09-30|21|MRK|78.419998|84.000000|78.400002|83.930000|21636600|0.9772081263|82.017075
2025-09-30|22|MSI|453.209991|458.010010|453.209991|457.290009|708000|0.9910852927|453.213409
2025-09-30|23|PG|153.460007|154.380005|152.839996|153.649994|7762600|0.9714333836|149.260712
2025-09-30|24|XOM|113.349998|113.489998|111.940002|112.750000|18076200|0.9718336400|109.574249
2025-09-30|25|RTX|164.289993|167.500000|163.869995|167.330002|4893700|0.9853742397|164.882690
2025-09-30|26|MCD|302.750000|304.480011|302.000000|303.890015|2640100|0.9818538696|298.375580
2025-09-30|27|AXP|341.600006|342.959991|328.149994|332.160004|3327300|0.9894167649|328.644684
2025-09-30|28|BMY|44.180000|45.529999|44.119999|45.099998|35920400|0.9541997897|43.034409
2025-09-30|29|DD|76.799999|77.930000|76.630001|77.899999|3579500|1.2389568992|96.514748
2025-09-30|30|DE|463.000000|463.649994|453.679993|457.260010|1954800|0.9910776808|453.180206
2025-09-30|31|EMR|129.259995|131.270004|128.910004|131.179993|3589100|0.9845366681|129.151535
2025-09-30|32|ETN|366.450012|374.989990|366.450012|374.250000|1805800|0.9889737586|370.123383
2025-09-30|33|ETR|93.650002|93.919998|91.650002|93.190002|3040900|0.9756994696|90.925430
2025-09-30|34|F|12.110000|12.200000|11.910000|11.960000|70765000|0.9554534458|11.427223
2025-09-30|35|HAL|24.469999|24.760000|24.030001|24.600000|14345300|0.9847026012|24.223684
2025-09-30|36|LLY|726.960022|766.349976|725.309998|763.000000|6234300|0.9937326373|758.217957
2025-09-30|37|PCG|15.000000|15.360000|14.870000|15.080000|19976100|0.9911560857|14.946633
2025-09-30|38|PEP|140.169998|141.029999|139.830002|140.440002|7583400|0.9713251717|136.412903
2025-09-30|39|PFE|23.850000|25.629999|23.809999|25.480000|164867300|0.9344639716|23.810143
2025-09-30|40|TXN|182.750000|183.970001|181.309998|183.729996|3873100|0.9747566992|179.092041
2025-09-30|41|WFC|84.660004|85.120003|82.660004|83.820000|11429000|0.9786587178|82.031174
2025-09-30|42|HUBB|424.559998|431.070007|424.559998|430.309998|351895|0.9910077151|426.440521
2025-09-30|43|WMT|103.000000|103.940002|102.720001|103.059998|13873400|0.9916508097|102.199524
2025-09-30|44|AIG|77.800003|78.769997|77.690002|78.540001|3969300|0.9824236525|77.159554
2025-09-30|45|AVY|159.380005|162.360001|159.130005|162.169998|711600|0.9833361967|159.467621
2025-09-30|46|BAC|52.480000|52.570000|51.020000|51.590000|29945000|0.9841245494|50.770985
2025-09-30|47|BALL|49.369999|50.520000|49.279999|50.419998|2459800|0.9893620930|49.883633
2025-09-30|48|BDX|183.899998|187.240007|182.949996|187.169998|1604000|0.7715067098|144.402924
2025-09-30|49|CLX|122.680000|123.900002|121.949997|123.300003|1612700|0.9554686115|117.809288
2025-09-30|50|CMI|419.670013|423.119995|416.640015|422.369995|972800|0.9855888256|416.283112
2025-09-30|51|CMS|73.000000|73.440002|72.620003|73.260002|1969100|0.9697049346|71.040588
2025-09-30|52|CVS|75.230003|75.830002|73.830002|75.389999|7293900|0.9692366143|73.070747
2025-09-30|53|ECL|273.049988|275.220001|272.519989|273.859985|1593700|0.9918356453|271.624084
2025-09-30|54|ES|70.519997|71.169998|70.059998|71.139999|2599100|0.9670826030|68.798256
2025-09-30|55|EVRG|74.930000|76.180000|74.930000|76.019997|2237400|0.9663059278|73.458580
2025-09-30|56|GWW|945.219971|955.109985|937.820007|952.960022|318200|0.9918044722|945.149963
2025-09-30|57|LNT|66.599998|67.540001|66.449997|67.410004|1663600|0.9698403407|65.376930
2025-09-30|58|MKC|66.790001|67.279999|66.290001|66.910004|3349900|0.9687082665|64.816269
2025-09-30|59|MRSH|199.440002|201.850006|199.380005|201.529999|2490700|0.9798864608|197.476517
2025-09-30|60|NEE|76.459999|76.699997|75.120003|75.489998|9392700|0.9793736752|73.381104
2025-09-30|61|NI|43.290001|43.500000|42.970001|43.299999|3803300|0.9739163964|42.170582
2025-09-30|62|PNW|87.820000|89.730003|87.540001|89.660004|1590000|0.9627257278|86.317993
2025-09-30|63|RVTY|84.300003|87.930000|83.639999|87.650002|1299700|0.9972426702|87.408325
2025-09-30|64|SNA|345.410004|347.880005|343.140015|346.529999|329800|0.9736214558|337.389038
2025-09-30|65|SPGI|491.819990|491.819990|484.219997|486.709985|1626200|0.9377344841|456.404694
2025-09-30|66|TER|134.000000|138.130005|133.000000|137.639999|3014000|0.9984501140|137.426682
2025-09-30|67|TGT|88.500000|90.209999|87.260002|89.699997|16872300|0.9610823572|86.209084
2025-09-30|68|TXT|83.959999|84.589996|83.589996|84.489998|1271400|0.9993380469|84.434074
2025-09-30|69|VMC|304.000000|308.179993|303.109985|307.619995|765200|0.9925854203|305.339172
2025-09-30|70|XEL|79.769997|80.959999|79.589996|80.650002|4011000|0.9776860259|78.850372
2025-09-30|71|ITW|259.070007|261.640015|258.390015|260.760010|1097800|0.9813941046|255.908325
2025-09-30|72|CL|80.279999|80.489998|79.599998|79.940002|6643900|0.9756036244|77.989754
2025-09-30|73|EXC|44.310001|45.060001|44.250000|45.009998|6770400|0.9737696536|43.829372
2025-09-30|74|MDT|93.900002|95.389999|93.809998|95.239998|7119000|0.9758565703|92.940575
2025-09-30|75|BNY|109.330002|110.750000|108.070000|108.959999|3707000|0.9828746130|107.094017
2025-09-30|76|EIX|55.160000|55.779999|54.750000|55.279999|2660300|0.9477686299|52.392654
2025-09-30|77|FRT|100.230003|101.440002|99.940002|101.309998|718300|0.9585027133|97.105911
2025-09-30|78|PNR|109.660004|110.849998|109.139999|110.760002|1129900|0.9879062781|109.420494
2025-09-30|79|USB|48.520000|48.720001|47.470001|48.330002|10181200|0.9719845662|46.976017
2025-09-30|80|WY|24.950001|25.350000|24.590000|24.790001|5465100|0.9737086273|24.138239
2025-09-30|81|SYY|81.570000|82.480003|81.400002|82.339996|2863200|0.9724100270|80.068245
2025-09-30|82|WRB|76.110001|76.970001|75.830002|76.620003|1879000|0.9742469050|74.646805
2025-09-30|83|IFF|60.880001|61.790001|60.400002|61.540001|2293800|0.9828526607|60.484756
2025-09-30|84|TAP|45.299999|45.470001|44.549999|45.250000|2763400|0.9680101781|43.297775
2025-09-30|85|PNC|202.190002|202.789993|197.399994|200.929993|1516700|0.9681422743|194.528824
2025-09-30|86|TRV|276.519989|280.059998|276.519989|279.220001|789000|0.9883140678|275.957062
2025-09-30|87|C|103.099998|103.620003|99.139999|101.500000|17789100|0.9792834329|99.397263
2025-09-30|88|FDX|235.029997|235.919997|231.900002|235.809997|1444100|0.7954691757|187.579605
2025-09-30|89|WDC|117.809998|122.589996|117.449997|120.059998|13861700|0.9984583045|119.874893
2025-09-30|90|DHR|186.380005|198.369995|185.660004|198.259995|7731200|0.9944303518|197.155731
2025-09-30|91|APA|24.000000|24.379999|23.620001|24.280001|6059500|0.9662983352|23.461723
2025-09-30|92|LUV|32.830002|32.889999|30.770000|31.910000|10283400|0.9870678085|31.497334
2025-09-30|93|PEG|83.019997|83.489998|82.599998|83.459999|2568800|0.9756675447|81.429214
2025-09-30|94|UNP|237.000000|237.000000|234.820007|236.369995|3797500|0.9839040791|232.565384
2025-09-30|95|ABT|132.860001|134.500000|132.179993|133.940002|7538300|0.9774083434|130.914093
2025-09-30|96|ADI|245.809998|247.199997|243.070007|245.699997|2507800|0.9906566026|243.404343
2025-09-30|97|ADM|60.200001|60.580002|59.689999|59.740002|3233600|0.9716117081|58.044086
2025-09-30|98|ADP|288.489990|293.910004|285.029999|293.500000|3156400|0.9780151607|287.047455
2025-09-30|99|AFL|111.370003|111.849998|110.599998|111.699997|2523100|0.9795217260|109.412575
2025-09-30|100|AMAT|204.360001|210.270004|202.869995|204.740005|12253800|0.9944993487|203.613815
2025-09-30|101|AMD|160.789993|162.279999|159.330002|161.789993|29669300|1.0000000000|161.789993
2025-09-30|102|APD|269.940002|272.880005|268.609985|272.720001|1616100|0.9740417964|265.640686
2025-09-30|103|BF-B|27.180000|27.250000|26.780001|27.080000|3514100|0.9746521115|26.393581
2025-09-30|104|CHD|86.000000|87.879997|85.790001|87.629997|2433200|0.9872146942|86.509613
2025-09-30|105|CINF|156.460007|158.399994|155.809998|158.100006|378700|0.9835715596|155.502670
2025-09-30|106|CMCSA|31.450000|31.810001|31.230000|31.420000|37758200|0.8939029736|28.086428
2025-09-30|107|D|61.029999|61.209999|60.740002|61.169998|2829400|0.9687101350|59.255997
2025-09-30|108|DOV|166.419998|167.149994|164.619995|166.830002|1151300|0.9924896872|165.577057
2025-09-30|109|DUK|122.980003|123.930000|122.620003|123.750000|3719800|0.9660947366|119.554222
2025-09-30|110|EFX|255.809998|258.059998|253.240005|256.529999|887100|0.9915561793|254.363922
2025-09-30|111|EQT|53.990002|55.310001|53.959999|54.430000|12118300|0.9883492503|53.795849
2025-09-30|112|FITB|44.930000|45.169998|43.759998|44.549999|4648800|0.9757841433|43.471184
2025-09-30|113|GIS|49.770000|50.490002|49.599998|50.419998|4773800|0.9414262429|47.466709
2025-09-30|114|GPC|139.000000|139.820007|137.899994|138.600006|1033100|0.9724963604|134.787994
2025-09-30|115|HAS|76.830002|77.160004|75.080002|75.849998|1353100|0.9687474839|73.479492
2025-09-30|116|HBAN|17.360001|17.520000|16.959999|17.270000|33471900|0.9725023795|16.795118
2025-09-30|117|HRL|24.709999|24.830000|24.510000|24.740000|3466000|0.9501443377|23.506571
2025-09-30|118|HST|17.139999|17.200001|16.870001|17.020000|5626700|0.9346875076|15.908381
2025-09-30|119|HSY|184.759995|187.660004|183.190002|187.050003|1074900|0.9707271518|181.574524
2025-09-30|120|INTC|33.930000|34.240002|33.020000|33.549999|124818400|1.0000000000|33.549999
2025-09-30|121|J|148.460007|150.270004|147.520004|149.860001|915100|0.9894584622|148.280228
2025-09-30|122|JPM|316.250000|317.410004|310.109985|315.429993|11823300|0.9812283969|309.508850
2025-09-30|123|KMB|122.510002|124.709999|122.180000|124.339996|2044300|0.9627154389|119.704025
2025-09-30|124|L|99.709999|100.699997|99.620003|100.389999|671700|0.9977044368|100.159554
2025-09-30|125|LEN|127.510002|127.879997|124.500000|126.040001|2435300|0.9802617213|123.552193
2025-09-30|126|LOW|252.809998|253.600006|249.630005|251.309998|3114400|0.9798699778|246.251114
2025-09-30|127|MAS|70.209999|70.550003|69.540001|70.389999|1821100|0.9817399064|69.104675
2025-09-30|128|MTB|198.339996|199.720001|194.759995|197.619995|847700|0.9784172563|193.354813
2025-09-30|129|NEM|83.570000|85.279999|82.300003|84.309998|13165600|0.9927701446|83.700455
2025-09-30|130|NTRS|134.009995|135.479996|131.300003|134.600006|1433200|0.9838837164|132.430756
2025-09-30|131|NUE|135.389999|135.809998|134.270004|135.429993|1793400|0.9907811186|134.181473
2025-09-30|132|OMC|79.150002|82.959999|79.059998|81.529999|11008700|0.9700503706|79.088203
2025-09-30|133|PCAR|99.709999|99.930000|98.110001|98.320000|2412600|0.9759401745|95.954437
2025-09-30|134|PGR|244.410004|247.089996|244.220001|246.949997|2396700|0.9389929753|231.884308
2025-09-30|135|PH|754.989990|758.919983|749.840027|758.150024|491200|0.9937397742|753.403809
2025-09-30|136|PHM|132.179993|133.550003|130.149994|132.130005|1719200|0.9937132889|131.299347
2025-09-30|137|PPG|104.150002|105.199997|103.519997|105.110001|1723300|0.9744973374|102.429413
2025-09-30|138|PPL|37.080002|37.310001|36.900002|37.160000|6970600|0.9766950417|36.293991
2025-09-30|139|RF|26.620001|26.719999|25.900000|26.370001|22620300|0.9708879210|25.602316
2025-09-30|140|ROL|58.349998|59.119999|58.169998|58.740002|2890300|0.9856812639|57.898914
2025-09-30|141|SHW|342.769989|346.769989|341.549988|346.260010|1332900|0.9906031983|343.006287
2025-09-30|142|STT|117.190002|118.059998|114.839996|116.010002|1517400|0.9748965288|113.097748
2025-09-30|143|SWK|74.190002|74.410004|73.050003|74.330002|1135300|0.9672078260|71.892563
2025-09-30|144|SYK|369.179993|371.250000|365.899994|369.670013|1673800|0.9921744259|366.777130
2025-09-30|145|TMO|464.119995|486.250000|460.000000|485.019989|4363900|0.9972620730|483.692017
2025-09-30|146|TPL|909.929993|937.469971|905.670044|933.639954|122100|0.3318281124|309.808014
2025-09-30|147|TSN|54.040001|54.450001|53.439999|54.299999|4233000|0.9750492370|52.945171
2025-09-30|148|TT|412.880005|423.029999|412.820007|421.959991|1237300|0.9953350758|419.991577
2025-09-30|149|TYL|524.909973|526.479980|517.650024|523.159973|254200|1.0000000000|523.159973
2025-09-30|150|UDR|36.950001|37.349998|36.740002|37.259998|2762000|0.9573816019|35.672039
2025-09-30|151|VTRS|9.610000|9.910000|9.550000|9.900000|9073900|0.9657614708|9.561038
2025-09-30|152|WEC|114.139999|114.970001|113.660004|114.589996|2446500|0.9669333840|110.800873
2025-09-30|153|WST|260.720001|264.290009|259.709991|262.329987|587800|0.9968900108|261.514130
2025-09-30|154|NDSN|226.259995|227.860001|224.270004|226.949997|185400|0.9906696357|224.832474
2025-09-30|155|TFC|45.740002|46.020000|44.790001|45.720001|9721700|0.9589220174|43.841915
2025-09-30|156|WELL|176.529999|178.539993|176.529999|178.139999|4692300|0.9854911345|175.555389
2025-09-30|157|AON|354.519989|357.010010|351.799988|356.579987|1022800|0.9951005240|354.832947
2025-09-30|158|GL|143.179993|143.600006|140.850006|142.970001|707000|0.9919590983|141.820389
2025-09-30|159|OKE|72.139999|73.209999|71.800003|72.970001|6809000|0.9485114183|69.212883
2025-09-30|160|KLAC|1063.799973|1079.869995|1057.070007|1078.600006|886300|0.0994634319|107.281258
2025-09-30|161|CSX|35.740002|35.750000|35.259998|35.509998|17212000|0.9900119853|35.155323
2025-09-30|162|PSA|288.049988|289.049988|285.910004|288.850006|805900|0.9701110817|280.216583
2025-09-30|163|NKE|70.070000|70.209999|68.820000|69.730003|40567700|0.9783499344|68.220352
2025-09-30|164|AAPL|254.860001|255.919998|253.110001|254.630005|37704300|0.9963195807|253.692871
2025-09-30|165|BRO|92.739998|94.290001|92.220001|93.790001|2744900|0.9904200305|92.891495
2025-09-30|166|UHS|201.210007|205.740005|201.000000|204.440002|671800|0.9968342486|203.792786
2025-09-30|167|HD|406.630005|407.000000|403.480011|405.190002|3211600|0.9796274407|396.935242
2025-09-30|168|BAX|22.350000|22.860001|22.080000|22.770000|6033700|0.9984613291|22.726198
2025-09-30|169|COP|94.610001|95.070000|93.550003|94.589996|7318300|0.9694370271|91.699043
2025-09-30|170|GLW|80.260002|82.209999|80.190002|82.029999|6300300|0.9932214224|81.473961
2025-09-30|171|HUM|253.669998|261.910004|253.669998|260.170013|1603100|0.9892166205|257.364502
2025-09-30|172|LHX|297.559998|305.940002|297.559998|305.410004|1332600|0.9883920425|301.864807
2025-09-30|173|NOC|593.099976|610.119995|593.099976|609.320007|802800|0.9884333448|602.272278
2025-09-30|174|OXY|47.439999|49.450001|46.439999|47.250000|16686200|0.9849760250|46.540119
2025-09-30|175|ROK|343.540009|350.160004|342.700012|349.529999|878900|0.9867997940|344.916138
2025-09-30|176|SLB|34.709999|34.799999|33.419998|34.369999|18281900|0.9812007073|33.723869
2025-09-30|177|SO|93.830002|95.029999|93.639999|94.769997|7481500|0.9680357165|91.740738
2025-09-30|178|WMB|63.419998|63.959999|62.889999|63.349998|8229100|0.9774919343|61.924110
2025-09-30|179|VLO|170.309998|172.080002|168.750000|170.259995|2385700|0.9792382128|166.725098
2025-09-30|180|CI|286.820007|292.450012|286.450012|288.250000|1692600|0.9832673314|283.426788
2025-09-30|181|NSC|299.000000|300.600006|298.670013|300.410004|1089400|0.9826794519|295.206726
2025-09-30|182|COO|67.639999|68.669998|67.379997|68.559998|1743300|1.0000000000|68.559998
2025-09-30|183|AMGN|274.140015|284.820007|274.019989|282.200012|3508700|0.9730085280|274.583008
2025-09-30|184|RJF|176.419998|177.309998|171.309998|172.600006|1183000|0.9865274707|170.274658
2025-09-30|185|WSM|192.000000|197.240005|192.000000|195.449997|1118800|0.9861134039|192.735855
2025-09-30|186|CAH|154.339996|157.699997|153.029999|156.960007|3050700|0.9897070842|155.344421
2025-09-30|187|CTAS|202.600006|205.929993|201.750000|205.259995|1822700|0.9900452227|203.216675
2025-09-30|188|PAYX|121.610001|126.839996|119.019997|126.760002|6937500|0.9578135440|121.412453
2025-09-30|189|BEN|23.090000|23.270000|22.760000|23.129999|7720700|0.9625940231|22.264801
2025-09-30|190|AOS|72.980003|73.559998|72.870003|73.410004|751300|0.9781906723|71.808990
2025-09-30|191|CASY|558.359985|566.729980|558.080017|565.320007|234000|0.9965302403|563.358459
2025-09-30|192|T|28.139999|28.350000|28.049999|28.240000|34049500|0.9549684422|26.968307
2025-09-30|193|VZ|43.240002|43.970001|43.189999|43.950001|24399100|0.9360588259|41.139786
2025-09-30|194|JBHT|134.020004|134.529999|131.710007|134.169998|1085300|0.9918818614|133.080765
2025-09-30|195|ATO|169.720001|171.199997|169.369995|170.750000|866700|0.9773427979|166.881271
2025-09-30|196|LRCX|131.350006|134.210007|130.809998|133.899994|10328800|0.9964597456|133.425949
2025-09-30|197|MU|164.110001|168.949997|163.960007|167.320007|20092500|0.9983975840|167.051880
2025-09-30|198|AJG|305.000000|310.489990|304.459991|309.739990|1671300|0.9910126646|306.956238
2025-09-30|199|AME|186.779999|189.009995|186.610001|188.000000|1836100|0.9953689352|187.129364
2025-09-30|200|SWKS|76.930000|77.660004|76.279999|76.980003|2195200|0.9685989226|74.562744
2025-09-30|201|EXPD|122.250000|122.720001|120.940002|122.589996|1502800|0.9896583057|121.322212
2025-09-30|202|UNH|343.750000|349.320007|342.329987|345.299988|7429700|0.9800610506|338.415070
2025-09-30|203|BBY|75.349998|75.889999|74.320000|75.620003|2265300|0.9593973356|72.549622
2025-09-30|204|DOC|19.080000|19.200001|18.930000|19.150000|6917600|0.9405716583|18.011950
2025-09-30|205|ADSK|322.230011|322.230011|314.839996|317.670013|1159900|1.0000000000|317.670013
2025-09-30|206|DVN|35.189999|35.360001|34.520000|35.060001|9104900|0.9814598964|34.409988
2025-09-30|207|NVR|8040.750000|8075.000000|7998.950195|8034.660156|20400|1.0000000000|8034.660156
2025-09-30|208|ROST|151.139999|152.899994|151.059998|152.389999|2025100|0.9936631572|151.424332
2025-09-30|209|JKHY|150.410004|150.580002|147.589996|148.929993|947200|0.9886171552|147.234741
2025-09-30|210|MNST|67.129997|67.440002|66.709999|67.309998|4775200|0.5000000000|67.309998
2025-09-30|211|ORCL|283.690002|284.000000|275.899994|281.239990|23880800|0.9887307780|278.070618
2025-09-30|212|MSFT|513.239990|518.159973|509.660004|517.950012|19728200|0.9918394551|513.723267
2025-09-30|213|TROW|103.500000|103.779999|101.250000|102.639999|1458100|0.9618549978|98.724800
2025-09-30|214|COST|916.250000|930.510010|913.369995|925.630005|3096700|0.9941992924|920.260681
2025-09-30|215|ADBE|360.540009|362.000000|349.899994|352.750000|5360700|1.0000000000|352.750000
2025-09-30|216|FISV|130.130005|130.399994|127.410004|128.929993|4764300|1.0000000000|128.929993
2025-09-30|217|BKR|49.930000|50.259998|48.119999|48.720001|11666700|0.9846041741|47.969917
2025-09-30|218|CDNS|349.200012|352.049988|346.920013|351.260010|1195200|1.0000000000|351.260010
2025-09-30|219|TJX|143.309998|144.830002|143.309998|144.539993|6435800|0.9879468300|142.797821
2025-09-30|220|FICO|1523.500000|1523.939941|1488.400024|1496.530029|262300|1.0000000000|1496.530029
2025-09-30|221|CCL|29.780001|30.150000|28.590000|28.910000|38967500|0.9841845235|28.452774
2025-09-30|222|FAST|48.790001|49.110001|48.680000|49.040001|6660000|0.9787399757|47.997410
2025-09-30|223|SCHW|96.849998|97.300003|94.459999|95.470001|8609100|0.9873800864|94.265175
2025-09-30|224|JCI|108.400002|110.010002|108.220001|109.949997|3341100|0.9941759575|109.309647
2025-09-30|225|COHR|108.540001|110.599998|105.510002|107.720001|2331000|1.0000000000|107.720001
2025-09-30|226|KEY|18.940001|19.000000|18.299999|18.690001|30421800|0.9696888308|18.123484
2025-09-30|227|MOS|34.680000|34.900002|34.439999|34.680000|3493500|0.9727377902|33.734547
2025-09-30|228|MGM|36.380001|36.599998|34.230000|34.660000|6391100|1.0000000000|34.660000
2025-09-30|229|WM|218.850006|221.580002|218.800003|220.830002|1814700|0.9879218676|218.162781
2025-09-30|230|TECH|52.230000|55.730000|51.750000|55.630001|3640600|0.9943671322|55.316647
2025-09-30|231|IEX|162.070007|162.809998|160.350006|162.759995|690400|0.9853525022|160.375961
2025-09-30|232|GEN|28.809999|28.930000|27.799999|28.389999|5520900|0.9804358251|27.834572
2025-09-30|233|CRH|120.949997|121.660004|118.230003|119.900002|7868600|0.9889154582|118.570961
2025-09-30|234|EOG|112.050003|112.610001|111.019997|112.120003|7130000|0.9664053429|108.353363
2025-09-30|235|PTC|203.630005|204.289993|201.809998|203.020004|1167400|1.0000000000|203.020004
2025-09-30|236|CSCO|67.709999|68.769997|67.690002|68.419998|20498900|0.9797136141|67.032005
2025-09-30|237|LH|284.880005|288.359985|282.859985|287.059998|612100|0.9921089357|284.185516
2025-09-30|238|TRMB|81.800003|82.279999|80.720001|81.650002|1224900|1.0000000000|81.650002
2025-09-30|239|AZO|4270.000000|4332.680176|4270.000000|4290.240234|121600|1.0000000000|4290.240234
2025-09-30|240|REGN|560.580017|574.039978|555.000000|562.270020|1662500|0.9948983635|559.401489
2025-09-30|241|IDXX|631.270020|639.530029|629.669983|638.890015|367500|1.0000000000|638.890015
2025-09-30|242|AES|13.120000|13.270000|12.970000|13.160000|6187500|0.9525797478|12.535949
2025-09-30|243|VRTX|394.940002|397.649994|385.859985|391.640015|2260400|1.0000000000|391.640015
2025-09-30|244|ZBRA|294.929993|298.709991|292.089996|297.160004|500700|1.0000000000|297.160004
2025-09-30|245|BIIB|138.460007|141.039993|136.940002|140.080002|1368900|1.0000000000|140.080002
2025-09-30|246|ODFL|140.000000|141.199997|138.070007|140.779999|2368000|0.9953671039|140.127777
2025-09-30|247|APH|121.400002|123.870003|121.309998|123.750000|7326200|0.9946061744|123.082512
2025-09-30|248|KIM|21.670000|21.870001|21.629999|21.850000|2970700|0.9657396580|21.101412
2025-09-30|249|QCOM|165.639999|166.839996|164.880005|166.360001|5593300|0.9849314898|163.853195
2025-09-30|250|GILD|113.029999|114.860001|110.919998|111.000000|10301700|0.9813788839|108.933052
2025-09-30|251|ROP|500.450012|502.079987|495.809998|498.690002|804800|0.9912816468|494.342285
2025-09-30|252|SNPS|482.049988|495.209991|480.790009|493.390015|2649400|1.0000000000|493.390015
2025-09-30|253|STZ|136.449997|136.539993|133.929993|134.669998|2213700|0.9716065224|130.846252
2025-09-30|254|BSX|97.349998|98.889999|95.839996|97.629997|13273700|1.0000000000|97.629997
2025-09-30|255|STE|246.000000|248.460007|244.559998|247.440002|537100|0.9945039836|246.080063
2025-09-30|256|DHI|168.929993|170.119995|166.809998|169.470001|1794100|0.9881394354|167.459976
2025-09-30|257|LIN|473.700012|478.779999|473.230011|475.000000|2171200|0.9898650243|470.185883
2025-09-30|258|SBUX|85.230003|85.250000|84.180000|84.599998|7574200|0.9751160265|82.494812
2025-09-30|259|MS|161.389999|162.229996|156.839996|158.960007|5547100|0.9778330741|155.436356
2025-09-30|260|INTU|697.020020|702.119995|680.119995|682.909973|2378600|0.9888907264|675.323303
2025-09-30|261|MCHP|64.269997|64.870003|63.029999|64.220001|7686700|0.9744763190|62.580868
2025-09-30|262|CB|279.329987|282.890015|276.850006|282.250000|1583600|0.9939554166|280.543915
2025-09-30|263|ORLY|107.500000|108.720001|107.500000|107.809998|5027500|1.0000000000|107.809998
2025-09-30|264|RCL|327.670013|330.500000|319.209991|323.579987|1803300|0.9862054091|319.116333
2025-09-30|265|JBL|215.039993|218.949997|213.419998|217.169998|1212400|0.9988481715|216.919861
2025-09-30|266|ALL|211.600006|215.699997|211.600006|214.649994|1563500|0.9851043015|211.452621
2025-09-30|267|CPT|105.690002|106.820000|105.019997|106.779999|969400|0.9704206326|103.621513
2025-09-30|268|VMRK|63.910000|64.769997|63.840000|64.730003|2771400|0.9671264641|62.602104
2025-09-30|269|IT|260.209991|265.000000|258.459991|262.869995|2272100|1.0000000000|262.869995
2025-09-30|270|DECK|103.349998|103.349998|100.459999|101.370003|3635100|1.0000000000|101.370003
2025-09-30|271|REG|72.050003|73.000000|71.570000|72.900002|1308900|0.9701425273|70.723404
2025-09-30|272|INCY|83.830002|85.309998|83.760002|84.809998|1251200|1.0000000000|84.809998
2025-09-30|273|SPG|186.169998|188.139999|185.300003|187.669998|1812200|0.9659807077|181.285599
2025-09-30|274|MAA|138.110001|139.759995|138.000000|139.729996|1150900|0.9546815481|133.397659
2025-09-30|275|MLM|619.530029|631.750000|619.530029|630.280029|434900|0.9960197565|627.771423
2025-09-30|276|TSCO|56.689999|57.080002|56.029999|56.869999|5084400|0.9764906296|55.533016
2025-09-30|277|ALB|85.500000|85.559998|79.300003|81.080002|5385600|0.9919948535|80.430946
2025-09-30|278|CPRT|44.439999|45.000000|44.230000|44.970001|6292200|1.0000000000|44.970001
2025-09-30|279|FLEX|57.450001|58.049999|57.130001|57.970001|2958900|1.0000000000|57.970001
2025-09-30|280|ESS|262.489990|268.220001|262.329987|267.660004|358800|0.9710345219|259.907104
2025-09-30|281|O|60.549999|60.820000|60.299999|60.790001|6684000|0.9523910542|57.895859
2025-09-30|282|MCO|479.809998|480.779999|473.850006|476.480011|599000|0.9914008639|472.382690
2025-09-30|283|SJM|107.489998|109.269997|107.139999|108.599998|1834200|0.9604551346|104.305420
2025-09-30|284|MCK|762.929993|774.849976|759.859985|772.539978|959800|0.9971371280|770.328308
2025-09-30|285|COF|223.309998|224.110001|208.720001|212.580002|9877100|0.9846948620|209.326431
2025-09-30|286|EME|640.630005|651.179993|640.169983|649.539978|300800|0.9980200530|648.253967
2025-09-30|287|DLTR|94.379997|95.050003|93.430000|94.370003|4209100|1.0000000000|94.370003
2025-09-30|288|COR|307.880005|312.730011|306.600006|312.529999|1473600|0.9924371875|310.166382
2025-09-30|289|DRI|191.800003|191.990005|189.539993|190.360001|1166200|0.9692558966|184.507553
2025-09-30|290|RMD|271.010010|275.700012|270.739990|273.730011|1174100|0.9895309167|270.864288
2025-09-30|291|WAB|197.229996|201.039993|197.229996|200.470001|1277700|0.9953491745|199.537643
2025-09-30|292|FCX|37.950001|39.330002|37.200001|39.220001|38973100|0.9893641669|38.802864
2025-09-30|293|IVZ|23.000000|23.200001|22.570000|22.940001|4944500|0.9692003654|22.233459
2025-09-30|294|ACGL|89.820000|90.940002|89.510002|90.730003|1724800|1.0000000000|90.730003
2025-09-30|295|ERIE|313.440002|318.350006|313.440002|318.160004|111300|0.9792544909|311.559601
2025-09-30|296|EG|345.730011|350.950012|344.500000|350.230011|234300|0.9878843207|345.986725
2025-09-30|297|DVA|130.639999|133.550003|130.089996|132.869995|642400|1.0000000000|132.869995
2025-09-30|298|HSIC|65.970001|66.459999|65.250000|66.370003|1537300|1.0000000000|66.370003
2025-09-30|299|EL|89.070000|89.900002|87.400002|88.120003|2877600|0.9893232983|87.179169
2025-09-30|300|WAT|289.600006|300.470001|287.660004|299.809998|848700|1.0000000000|299.809998
2025-09-30|301|NTAP|118.370003|119.389999|116.529999|118.459999|2056500|0.9828001938|116.422516
2025-09-30|302|HIG|132.570007|133.679993|132.130005|133.389999|969500|0.9867007020|131.616013
2025-09-30|303|IRM|100.760002|102.160004|100.470001|101.940002|1295000|0.9749654551|99.387985
2025-09-30|304|BRK-B|497.640015|503.779999|497.000000|502.739990|3873500|1.0000000000|502.739990
2025-09-30|305|FDS|290.000000|290.390015|284.160004|286.489990|592400|0.9861098905|282.510620
2025-09-30|306|STLD|138.089996|139.710007|137.600006|139.429993|1199000|0.9917509611|138.279831
2025-09-30|307|DGX|188.880005|191.490005|188.880005|190.580002|780500|0.9827524115|187.292953
2025-09-30|308|CIEN|144.520004|146.529999|143.759995|145.669998|2088200|1.0000000000|145.669998
2025-09-30|309|TTWO|259.700012|261.149994|256.160004|258.359985|1986500|1.0000000000|258.359985
2025-09-30|310|VTR|69.129997|70.000000|68.800003|69.989998|2474000|0.9818295408|68.718254
2025-09-30|311|AMZN|222.029999|222.240005|217.889999|219.570007|48396400|1.0000000000|219.570007
2025-09-30|312|ARE|82.949997|83.419998|81.779999|83.339996|1300700|0.9575530500|79.802467
2025-09-30|313|RL|312.399994|317.739990|311.019989|313.559998|1040900|0.9923194237|311.151672
2025-09-30|314|BXP|74.849998|75.199997|73.019997|74.339996|2480900|0.9663309942|71.837036
2025-09-30|315|FIX|807.840027|827.969971|805.260010|825.179993|309400|0.9979565203|823.493713
2025-09-30|316|YUM|153.619995|154.470001|151.860001|152.000000|1898800|0.9858960568|149.856201
2025-09-30|317|CHRW|131.449997|132.490005|130.270004|132.399994|1928000|0.9892308245|130.974152
2025-09-30|318|FE|45.400002|46.130001|45.369999|45.820000|7014000|0.9613759059|44.050243
2025-09-30|319|MTD|1190.069946|1231.569946|1190.069946|1227.609985|134600|1.0000000000|1227.609985
2025-09-30|320|PLD|114.220001|114.540001|113.110001|114.519997|3617400|0.9772581725|111.915611
2025-09-30|321|URI|942.330017|957.359985|941.090027|954.659973|417900|0.9918999023|946.927185
2025-09-30|322|AEE|103.699997|104.500000|103.300003|104.379997|1497100|0.9792499824|102.214119
2025-09-30|323|VRSN|284.309998|285.070007|273.720001|279.570007|1055600|0.9876930267|276.129333
2025-09-30|324|PWR|409.109985|415.359985|409.000000|414.420013|896800|0.9991491848|414.067413
2025-09-30|325|AMT|192.889999|193.800003|191.130005|192.320007|3426900|0.9712942756|186.799332
2025-09-30|326|MAR|265.500000|265.959991|259.619995|260.440002|1695300|0.9917417055|258.289215
2025-09-30|327|CTSH|66.910004|67.610001|66.610001|67.070000|4064400|0.9779331176|65.589966
2025-09-30|328|SRE|89.610001|90.529999|89.160004|89.980003|3512400|0.9718725927|87.449104
2025-09-30|329|CSGP|84.220001|84.860001|83.150002|84.370003|3583300|1.0000000000|84.370003
2025-09-30|330|RSG|229.399994|231.649994|229.279999|229.479996|1553800|0.9886066709|226.865463
2025-09-30|331|CCI|96.440002|97.260002|95.739998|96.489998|3696000|0.9648543647|93.098793
2025-09-30|332|EBAY|91.389999|92.209999|90.430000|90.949997|5986100|0.9904184858|89.805511
2025-09-30|333|NVDA|182.080002|187.350006|181.479996|186.580002|236981000|0.9987261828|186.342331
2025-09-30|334|BKNG|5427.000046|5458.110046|5350.939941|5399.269867|197500|0.0397328628|214.528442
2025-09-30|335|GS|805.500000|809.619995|786.450012|796.349976|2463900|0.9855142723|784.814209
2025-09-30|336|FFIV|323.000000|324.799988|320.440002|323.190002|428400|1.0000000000|323.190002
2025-09-30|337|SBAC|195.500000|196.130005|192.850006|193.350006|1307000|0.9751039390|188.536362
2025-09-30|338|LII|519.349976|534.900024|519.349976|529.359985|666000|0.9920705337|525.162415
2025-09-30|339|BLK|1176.650024|1183.500000|1154.500000|1165.869995|691600|0.9841011192|1147.333862
2025-09-30|340|TKO|205.490005|208.479996|201.770004|201.960007|3160600|0.9884090368|199.619095
2025-09-30|341|AKAM|76.120003|76.379997|74.720001|75.760002|1633200|1.0000000000|75.760002
2025-09-30|342|UPS|84.500000|84.550003|82.639999|83.529999|9876200|0.9383630641|78.381462
2025-09-30|343|A|123.419998|128.389999|123.010002|128.350006|2417900|0.9940314297|127.583931
2025-09-30|344|TDY|579.659973|586.280029|577.549988|586.039978|274300|1.0000000000|586.039978
2025-09-30|345|PKG|215.550003|218.330002|215.059998|217.929993|591800|0.9816059808|213.921402
2025-09-30|346|EW|77.139999|78.150002|76.779999|77.769997|3783900|1.0000000000|77.769997
2025-09-30|347|MET|82.000000|82.470001|81.220001|82.370003|2789000|0.9722454281|80.083855
2025-09-30|348|ON|49.500000|49.619999|47.900002|49.310001|8570500|1.0000000000|49.310001
2025-09-30|349|ISRG|439.000000|448.190002|438.000000|447.230011|2134200|1.0000000000|447.230011
2025-09-30|350|CRL|147.539993|156.789993|146.899994|156.460007|1049300|1.0000000000|156.460007
2025-09-30|351|MRVL|81.699997|84.430000|81.400002|84.070000|18751700|0.9978740377|83.891258
2025-09-30|352|EQIX|783.179993|785.369995|773.630005|783.239990|589400|0.9790491812|766.830444
2025-09-30|353|TPR|111.949997|113.879997|109.989998|113.220001|3586700|0.9910289553|112.204300
2025-09-30|354|GRMN|244.910004|246.649994|243.250000|246.220001|752800|0.9875544034|243.155640
2025-09-30|355|GPN|86.040001|86.269997|81.980003|83.080002|3422100|0.9898898052|82.240051
2025-09-30|356|ALGN|125.599998|125.930000|123.019997|125.220001|1435200|1.0000000000|125.220001
2025-09-30|357|WTW|341.640015|346.269989|341.130005|345.450012|487500|0.9903328749|342.110504
2025-09-30|358|MDLZ|62.450001|62.869999|62.150002|62.470001|6603800|0.9742061707|60.858665
2025-09-30|359|AXON|716.039978|724.880005|700.250000|717.640015|608700|1.0000000000|717.640015
2025-09-30|360|FIS|66.690002|67.129997|65.330002|65.940002|4396600|0.9743297530|64.247299
2025-09-30|361|ACN|246.589996|252.100006|245.380005|246.600006|8966400|0.9798095806|241.621033
2025-09-30|362|ZBH|97.949997|98.669998|97.519997|98.500000|1188300|0.9920119396|97.713181
2025-09-30|363|BG|82.360001|82.500000|80.769997|81.250000|1649200|0.9749906568|79.217995
2025-09-30|364|PFG|82.300003|83.010002|81.180000|82.910004|1318300|0.9740293311|80.756775
2025-09-30|365|ELV|319.209991|325.220001|317.220001|323.119995|1854800|0.9847701459|318.198914
2025-09-30|366|CNC|35.220001|35.810001|34.959999|35.680000|9080800|1.0000000000|35.680000
2025-09-30|367|PRU|103.660004|104.050003|102.389999|103.739998|1745100|0.9496925157|98.521095
2025-09-30|368|NFLX|1206.409988|1208.499985|1178.000031|1198.919983|3830300|0.1000000000|119.891998
2025-09-30|369|NDAQ|88.650002|89.040001|87.959999|88.449997|4222400|0.9903103249|87.592949
2025-09-30|370|WYNN|131.720001|132.600006|127.809998|128.270004|1511300|0.9907231274|127.080063
2025-09-30|371|CME|272.839996|274.170013|269.500000|270.190002|2893700|0.9671562481|261.315979
2025-09-30|372|STX|226.880005|236.509995|226.259995|236.059998|4184000|0.9949371232|234.864853
2025-09-30|373|NRG|165.399994|165.830002|161.050003|161.949997|2449000|0.9877934975|159.973160
2025-09-30|374|AIZ|214.190002|217.020004|214.190002|216.600006|254700|0.9887198190|214.156708
2025-09-30|375|CBRE|159.139999|159.160004|155.580002|157.559998|1625900|1.0000000000|157.559998
2025-09-30|376|CRM|245.050003|245.210007|235.809998|237.000000|10801100|0.9933339931|235.420166
2025-09-30|377|DPZ|432.299988|432.970001|427.670013|431.709991|564900|0.9848757173|425.180664
2025-09-30|378|EXR|141.729996|141.880005|139.509995|140.940002|828000|0.9661267437|136.165909
2025-09-30|379|GOOG|243.059998|243.675003|239.570999|243.550003|22541200|0.9980438060|243.073578
2025-09-30|380|GOOGL|242.809998|243.289993|239.250000|243.100006|34724300|0.9980471771|242.625290
2025-09-30|381|DLR|171.270004|172.919998|169.259995|172.880005|1516400|0.9788235933|169.219025
2025-09-30|382|MPWR|898.159973|929.500000|894.380005|920.640015|505700|0.9948016730|915.854248
2025-09-30|383|LVS|55.240002|55.240002|53.389999|53.790001|4110900|0.9787990268|52.649605
2025-09-30|384|DXCM|66.699997|67.610001|66.180000|67.290001|3793400|1.0000000000|67.290001
2025-09-30|385|BLDR|119.029999|121.440002|117.089996|121.250000|2014500|1.0000000000|121.250000
2025-09-30|386|WBD|18.940001|19.620001|18.770000|19.530001|56747900|1.0000000000|19.530001
2025-09-30|387|EXPE|220.550003|221.690002|210.270004|213.750000|2587500|0.9926306212|212.174805
2025-09-30|388|CF|90.349998|90.370003|89.330002|89.699997|2709900|0.9797238699|87.881218
2025-09-30|389|AMP|499.220001|501.730011|488.570007|491.250000|743800|0.9868973539|484.813293
2025-09-30|390|ICE|167.889999|169.199997|167.550003|168.479996|2801300|0.9901381914|166.818497
2025-09-30|391|PSKY|19.309999|20.090000|18.870001|18.920000|11997100|0.9863259572|18.661287
2025-09-30|392|LYV|165.270004|168.110001|163.380005|163.399994|6747200|1.0000000000|163.399994
2025-09-30|393|CMG|39.860001|39.939999|38.849998|39.189999|19388900|1.0000000000|39.189999
2025-09-30|394|UAL|98.639999|99.190002|94.809998|96.500000|5646100|1.0000000000|96.500000
2025-09-30|395|TDG|1290.900024|1323.250000|1285.079956|1318.020020|336800|1.0000000000|1318.020020
2025-09-30|396|MA|565.809998|570.630005|563.650024|568.809998|2379200|0.9938070309|565.287354
2025-09-30|397|LDOS|186.210007|189.740005|186.059998|188.960007|844400|0.9917626624|187.403488
2025-09-30|398|FSLR|223.690002|224.320007|218.029999|220.529999|1707200|1.0000000000|220.529999
2025-09-30|399|BR|236.229996|238.229996|235.300003|238.169998|636800|0.9836780236|234.282593
2025-09-30|400|SMCI|46.220001|48.200001|46.200001|47.939999|32168500|1.0000000000|47.939999
2025-09-30|401|TMUS|237.960007|240.440002|237.800003|239.380005|4382800|0.9849640725|234.427719
2025-09-30|402|DAL|57.639999|58.150002|55.720001|56.750000|8263400|0.9891783114|56.135876
2025-09-30|403|IBKR|68.699997|70.269997|67.870003|68.809998|4920000|0.9966884542|68.582130
2025-09-30|404|PODD|311.410004|311.410004|304.640015|308.730011|985800|1.0000000000|308.730011
2025-09-30|405|TEL|217.779999|219.610001|217.199997|219.529999|1317800|0.9892434805|217.168610
2025-09-30|406|BX|176.380005|177.000000|166.759995|170.850006|5392000|0.9610163599|164.189651
2025-09-30|407|LULU|178.529999|180.089996|176.490005|177.929993|3415800|1.0000000000|177.929993
2025-09-30|408|ULTA|550.929993|552.510010|540.869995|546.750000|473800|1.0000000000|546.750000
2025-09-30|409|MSCI|566.640015|571.869995|562.859985|567.409973|460700|0.9858483453|559.380188
2025-09-30|410|ECHO|77.389999|77.510002|74.199997|76.360001|6742400|1.0000000000|76.360001
2025-09-30|411|PM|162.899994|163.600006|161.690002|162.199997|6401100|0.9650495005|156.531021
2025-09-30|412|V|339.820007|345.609985|338.510010|341.380005|8164400|0.9920658607|338.671478
2025-09-30|413|AWK|137.410004|139.419998|137.130005|139.190002|1428800|0.9734433274|135.493591
2025-09-30|414|KDP|25.650000|25.730000|25.420000|25.510000|17966900|0.9761522236|24.901644
2025-09-30|415|SW|42.130001|42.645000|41.689999|42.570000|3740500|0.9711821711|41.343227
2025-09-30|416|AVGO|330.119995|331.049988|324.609985|329.910004|20109500|0.9944270811|328.071442
2025-09-30|417|VRSK|247.009995|253.350006|246.380005|251.509995|1451900|0.9927002374|249.674026
2025-09-30|418|DG|103.110001|103.830002|101.220001|103.349998|4139100|0.9800962717|101.292953
2025-09-30|419|FTNT|84.330002|84.989998|83.500000|84.080002|3967000|1.0000000000|84.080002
2025-09-30|420|CHTR|276.549988|285.820007|274.959991|275.109985|4552200|1.0000000000|275.109985
2025-09-30|421|FERG|224.610001|225.860001|223.169998|224.580002|2380100|0.9848254111|221.172089
2025-09-30|422|GNRC|166.279999|168.649994|166.130005|167.399994|774100|1.0000000000|167.399994
2025-09-30|423|LYB|48.849998|49.049999|48.130001|49.040001|4708100|0.9407211657|46.132961
2025-09-30|424|CBOE|247.619995|248.990005|244.229996|245.250000|840500|0.9954503651|244.134186
2025-09-30|425|TSLA|441.519989|445.000000|433.119995|444.720001|74358000|1.0000000000|444.720001
2025-09-30|426|KKR|134.669998|135.529999|126.570000|129.949997|7784600|0.9928030964|129.014771
2025-09-30|427|NXPI|225.559998|227.949997|222.880005|227.729996|1723300|0.9870653625|224.784378
2025-09-30|428|GM|61.709999|62.060001|60.549999|60.970001|6964800|0.9934966717|60.573494
2025-09-30|429|TRGP|167.389999|172.210007|165.919998|167.539993|1670200|0.9789495349|164.013199
2025-09-30|430|CPAY|294.869995|294.980011|286.720001|288.059998|630000|1.0000000000|288.059998
2025-09-30|431|KMI|28.280001|28.480000|28.200001|28.309999|16456300|0.9613533449|27.215912
2025-09-30|432|HCA|421.260010|429.440002|419.079987|426.200012|1591800|0.9950375716|424.085052
2025-09-30|433|HII|279.640015|288.109985|279.640015|287.910004|425800|0.9882397967|283.203400
2025-09-30|434|APO|137.699997|138.100006|130.160004|133.270004|4515000|0.9837214596|131.100555
2025-09-30|435|MPC|194.779999|195.639999|191.289993|192.740005|1532100|0.9835714275|189.573563
2025-09-30|436|XYL|144.029999|147.949997|143.860001|147.500000|1841000|0.9861759388|145.460953
2025-09-30|437|APTV|85.830002|86.379997|84.919998|86.220001|1306200|1.0000000000|86.220001
2025-09-30|438|PSX|136.309998|137.210007|134.190002|136.020004|2239900|0.9712393490|132.107986
2025-09-30|439|AMCR|8.100000|8.180000|8.100000|8.180000|23554800|4.8543684849|39.708736
2025-09-30|440|META|742.250000|742.969971|726.299988|734.380005|16226800|0.9974059053|732.474976
2025-09-30|441|NOW|939.100037|941.650009|904.499969|920.279999|1415400|0.2000000000|184.056000
2025-09-30|442|PANW|203.619995|206.070007|201.919998|203.619995|4396100|1.0000000000|203.619995
2025-09-30|443|FANG|141.740005|144.130005|140.750000|143.100006|2488400|0.9764795206|139.734222
2025-09-30|444|WDAY|248.460007|249.139999|239.880005|240.729996|3001400|1.0000000000|240.729996
2025-09-30|445|ABBV|223.059998|232.350006|222.570007|231.539993|9187300|0.9699105539|224.573074
2025-09-30|446|NCLH|24.740000|25.240000|24.250000|24.629999|12026700|1.0000000000|24.629999
2025-09-30|447|ZTS|142.889999|147.000000|142.399994|146.320007|3736800|0.9811560666|143.562759
2025-09-30|448|IQV|182.059998|190.830002|179.199997|189.940002|1607200|1.0000000000|189.940002
2025-09-30|449|NWS|34.490002|35.209999|34.470001|34.549999|4658800|0.9963262306|34.423069
2025-09-30|450|NWSA|31.049999|31.610001|30.650000|30.709999|15257700|0.9958385353|30.582201
2025-09-30|451|CDW|162.000000|162.000000|157.979996|159.279999|1416600|0.9800438553|156.101379
2025-09-30|452|VEEV|293.589996|299.950012|291.250000|297.910004|1759100|1.0000000000|297.910004
2025-09-30|453|ALLE|175.669998|177.910004|175.460007|177.350006|929300|0.9921390873|175.955872
2025-09-30|454|HLT|260.890015|263.000000|257.890015|259.440002|2525500|0.9980421657|258.932068
2025-09-30|455|ARES|163.139999|164.259995|154.509995|159.889999|3514200|0.9704279397|155.161713
2025-09-30|456|ANET|143.429993|145.839996|143.160004|145.710007|5828900|1.0000000000|145.710007
2025-09-30|457|SYF|73.680000|73.820000|69.279999|71.050003|5214800|0.9836138777|69.885773
2025-09-30|458|CFG|53.759998|54.000000|52.205002|53.160000|4843700|0.9707955381|51.607491
2025-09-30|459|KEYS|173.649994|175.210007|173.264999|174.919998|718300|1.0000000000|174.919998
2025-09-30|460|GDDY|140.610001|141.324997|135.660004|136.830002|2433700|1.0000000000|136.830002
2025-09-30|461|KHC|25.709999|26.129999|25.496000|26.040001|23559700|0.9508904028|24.761187
2025-09-30|462|PYPL|69.824997|69.830002|66.849998|67.059998|21464800|0.9914138539|66.484207
2025-09-30|463|LITE|161.880005|165.500000|160.000000|162.710007|1709600|1.0000000000|162.710007
2025-09-30|464|HPE|24.100000|24.565001|23.980000|24.559999|22897400|0.9847720717|24.186001
2025-09-30|465|XYZ|75.320000|75.665001|71.610001|72.269997|7838100|1.0000000000|72.269997
2025-09-30|466|FTV|48.810001|49.009998|48.174999|48.990002|3202600|0.9968000114|48.833233
2025-09-30|467|DELL|134.000000|141.770004|134.000000|141.770004|9934600|0.9874173534|139.986176
2025-09-30|468|TTD|50.000000|50.740002|48.520000|49.009998|26414900|1.0000000000|49.009998
2025-09-30|469|VST|199.190002|200.500000|190.699997|195.919998|5828400|0.9958526400|195.107452
2025-09-30|470|HWM|192.389999|196.660004|191.929993|196.229996|2384800|0.9979223317|195.822296
2025-09-30|471|INVH|28.940001|29.330000|28.934999|29.330000|4282600|0.9672165501|28.368464
2025-09-30|472|CVNA|389.529991|395.629997|373.899994|377.239990|2978700|0.2000000000|75.447998
2025-09-30|473|IR|82.360001|83.000000|81.370003|82.620003|3569800|0.9990084054|82.538078
2025-09-30|474|VICI|32.520000|32.665001|32.209999|32.610001|13903600|0.9523421134|31.055880
2025-09-30|475|VRT|144.000000|150.929993|144.000000|150.860001|6822300|0.9991812568|150.736496
2025-09-30|476|MRNA|25.100000|26.010000|24.559999|25.830000|9622600|1.0000000000|25.830000
2025-09-30|477|FOXA|63.000000|65.300003|62.930000|63.060001|10146400|0.9951185496|62.752178
2025-09-30|478|FOX|57.200001|59.290001|57.180000|57.290001|6316000|0.9946544484|56.983757
2025-09-30|479|DOW|22.780001|22.955999|22.313000|22.930000|14368700|0.9640247460|22.105087
2025-09-30|480|UBER|99.589996|99.750000|96.650002|97.970001|16793400|1.0000000000|97.970001
2025-09-30|481|CTVA|67.900002|67.949997|67.190002|67.629997|4701400|0.9928033602|67.143288
2025-09-30|482|CRWD|486.420013|490.881012|479.253998|490.380005|2288200|0.2500000000|122.595001
2025-09-30|483|DDOG|144.429993|144.494995|139.630005|142.399994|4305200|1.0000000000|142.399994
2025-09-30|484|CARR|59.000000|59.810001|58.939999|59.700001|6126800|0.9848525765|58.795704
2025-09-30|485|OTIS|91.629997|91.629997|90.984001|91.430000|2291000|0.9789066234|89.501434
2025-09-30|486|PLTR|178.979996|182.770004|178.220001|182.419998|43561700|1.0000000000|182.419998
2025-09-30|487|DASH|273.559998|275.510010|266.000000|271.989990|3245300|1.0000000000|271.989990
2025-09-30|488|ABNB|122.900002|123.080002|120.519997|121.419998|3730500|1.0000000000|121.419998
2025-09-30|489|EXE|106.599998|108.360001|106.180000|106.239998|4156200|0.9779564541|103.898094
2025-09-30|490|COIN|330.000000|338.100006|329.660004|337.489990|6674700|1.0000000000|337.489990
2025-09-30|491|APP|713.000000|720.559998|699.219971|718.539978|6759600|1.0000000000|718.539978
2025-09-30|492|HOOD|135.669998|143.619995|135.570007|143.179993|50851200|1.0000000000|143.179993
2025-09-30|493|CEG|334.920013|336.779999|327.209991|329.070007|2159600|0.9944409722|327.240723
2025-09-30|494|GEHC|72.800003|75.269997|72.709999|75.099998|4089700|0.9981004727|74.957344
2025-09-30|495|KVUE|16.360001|16.520000|16.160000|16.230000|37973600|0.9540880845|15.484847
2025-09-30|496|VLTO|104.620003|106.660004|104.620003|106.610001|1652600|0.9957401186|106.155853
2025-09-30|497|RDDT|240.335007|240.990005|225.089996|229.990005|4885400|1.0000000000|229.990005
2025-09-30|498|SOLV|72.209999|73.169998|71.800003|73.000000|903100|1.0000000000|73.000000
2025-09-30|499|GEV|604.880005|614.940002|603.299011|614.900024|1818700|0.9977344385|613.506958
2025-09-30|500|SNDK|114.099998|120.739998|112.110001|112.199997|11414800|1.0000000000|112.199997
