date|security_id|ticker|open|high|low|close|volume|adj_factor|adj_close_vendor
2025-09-04|1|AEP|110.540001|110.730003|106.940002|108.639999|5218200|0.9699113042|105.371170
2025-09-04|2|BA|233.009995|233.100006|229.210007|230.750000|4093200|1.0000000000|230.750000
2025-09-04|3|CAT|415.809998|420.790009|414.290009|420.220001|1634600|0.9910786923|416.471100
2025-09-04|4|CNP|37.830002|37.880001|36.599998|37.459999|8438200|0.9777626474|36.626991
2025-09-04|5|CVX|158.059998|159.649994|157.500000|157.690002|7243000|0.9620890936|151.711823
2025-09-04|6|DIS|117.080002|119.680000|116.760002|118.809998|6949300|0.9857264957|117.114159
2025-09-04|7|DTE|136.500000|136.850006|135.419998|136.410004|1089800|0.9677715890|132.013733
2025-09-04|8|ED|98.599998|98.809998|97.349998|97.800003|2033300|0.9678975191|94.660378
2025-09-04|9|GD|323.269989|323.760010|320.910004|322.440002|943800|0.9826639145|316.850159
2025-09-04|10|GE|275.829987|282.359985|275.829987|282.269989|4591300|0.9949472243|280.843781
2025-09-04|11|HON|213.729999|215.630002|212.100001|215.159999|4655500|0.9694785487|208.593033
2025-09-04|12|HPQ|28.719999|28.959999|28.469999|28.920000|11584200|0.9511939090|27.508528
2025-09-04|13|IBM|245.419998|249.279999|242.850006|247.179993|4765100|0.9746618623|240.916916
2025-09-04|14|IP|48.180000|48.340000|47.320000|48.310001|4299600|0.9527969504|46.029621
2025-09-04|15|JNJ|178.000000|178.899994|177.550003|178.759995|7854800|0.9779609434|174.820282
2025-09-04|16|KO|69.110001|69.459999|68.110001|68.250000|16736000|0.9724591551|66.370346
2025-09-04|17|KR|68.459999|68.720001|67.730003|67.839996|6231000|0.9778352350|66.336334
2025-09-04|18|LMT|450.959991|457.170013|449.500000|456.850006|1449200|0.9808408602|448.097137
2025-09-04|19|MMM|152.199997|155.600006|152.020004|155.520004|2741200|0.9818750293|152.701218
2025-09-04|20|MO|66.820000|67.410004|66.250000|66.589996|6388600|0.9364782380|62.360081
2025-09-04|21|MRK|84.199997|84.410004|83.000000|84.050003|12554800|0.9676496357|81.330956
2025-09-04|22|MSI|476.649994|478.890015|475.579987|478.619995|608200|0.9888426924|473.279877
2025-09-04|23|PG|158.520004|159.750000|157.809998|159.190002|6934900|0.9714333836|154.642487
2025-09-04|24|XOM|112.110001|113.129997|111.379997|112.400002|12864400|0.9718336400|109.234100
2025-09-04|25|RTX|158.229996|159.169998|157.550003|158.679993|3218800|0.9853742397|156.359177
2025-09-04|26|MCD|317.820007|319.429993|316.480011|316.989990|2881300|0.9818538696|311.237854
2025-09-04|27|AXP|325.000000|331.040009|322.820007|330.649994|2485100|0.9894167649|327.150665
2025-09-04|28|BMY|47.599998|47.689999|46.310001|46.689999|10633100|0.9541997897|44.551586
2025-09-04|29|DD|75.399997|77.250002|74.879999|77.149999|3378900|1.2389568992|95.585526
2025-09-04|30|DE|470.079987|474.899994|466.959991|474.899994|1486800|0.9876285285|469.024780
2025-09-04|31|EMR|129.949997|133.139999|129.570007|133.100006|2958700|0.9845366681|131.041840
2025-09-04|32|ETN|344.220001|348.269989|341.609985|348.220001|1859300|0.9889737586|344.380402
2025-09-04|33|ETR|88.779999|89.599998|87.449997|88.180000|3500000|0.9756994696|86.037178
2025-09-04|34|F|11.650000|11.700000|11.570000|11.680000|33136700|0.9554534458|11.159697
2025-09-04|35|HAL|21.650000|22.480000|21.400000|22.469999|10583800|0.9847026012|22.126266
2025-09-04|36|LLY|736.320007|747.000000|735.330017|742.909973|2423400|0.9937326373|738.253845
2025-09-04|37|PCG|15.470000|15.490000|14.970000|15.230000|17620300|0.9895107403|15.070249
2025-09-04|38|PEP|149.020004|149.470001|146.449997|146.889999|6342200|0.9619154384|141.295746
2025-09-04|39|PFE|24.780001|24.780001|24.350000|24.540001|41695500|0.9344639716|22.931747
2025-09-04|40|TXN|183.759995|188.679993|181.690002|187.289993|11335900|0.9747566992|182.562149
2025-09-04|41|WFC|80.750000|82.129997|80.220001|81.830002|10822300|0.9786587178|80.083641
2025-09-04|42|HUBB|430.000000|437.524994|426.885010|437.160004|434995|0.9910077151|433.228943
2025-09-04|43|WMT|99.910004|101.349998|99.650002|100.930000|15640900|0.9916508097|100.087311
2025-09-04|44|AIG|81.680000|81.949997|81.239998|81.730003|3464500|0.9766844515|79.824425
2025-09-04|45|AVY|166.699997|167.630005|165.710007|167.029999|940000|0.9833361967|164.246643
2025-09-04|46|BAC|50.240002|50.830002|50.119999|50.619999|34796900|0.9786809524|49.540825
2025-09-04|47|BALL|50.340000|50.450001|49.680000|50.419998|2065000|0.9893620930|49.883633
2025-09-04|48|BDX|189.129995|191.600008|187.319992|191.259998|1279800|0.7673361868|146.760742
2025-09-04|49|CLX|123.059998|124.720001|122.970001|124.629997|2753700|0.9554686115|119.080055
2025-09-04|50|CMI|392.440002|401.570007|390.660004|400.929993|882600|0.9855888256|395.152100
2025-09-04|51|CMS|71.940002|72.239998|71.230003|71.540001|1560000|0.9697049346|69.372688
2025-09-04|52|CVS|73.419998|73.910004|72.910004|73.690002|4995100|0.9692366143|71.423042
2025-09-04|53|ECL|273.970001|275.350006|272.869995|274.940002|1526600|0.9894532751|272.040283
2025-09-04|54|ES|63.750000|63.810001|62.770000|63.419998|2336900|0.9562137492|60.643070
2025-09-04|55|EVRG|71.849998|72.070000|70.860001|71.580002|3794400|0.9663059278|69.168182
2025-09-04|56|GWW|1018.119995|1028.650024|1009.679993|1028.030029|256900|0.9918044722|1019.604736
2025-09-04|57|LNT|64.849998|65.139999|64.309998|64.720001|2086400|0.9698403407|62.768066
2025-09-04|58|MKC|70.190002|70.580002|69.779999|70.129997|1765800|0.9687082665|67.935509
2025-09-04|59|MRSH|205.729996|206.970001|204.800003|206.110001|2683800|0.9798864608|201.964401
2025-09-04|60|NEE|72.050003|72.500000|70.160004|70.870003|14596800|0.9793736752|68.890175
2025-09-04|61|NI|41.910000|41.910000|38.450001|39.830002|15860500|0.9739163964|38.791092
2025-09-04|62|PNW|89.360001|89.489998|88.709999|89.279999|805500|0.9627257278|85.952148
2025-09-04|63|RVTY|83.120003|85.779999|81.360001|85.699997|1245200|0.9972426702|85.463692
2025-09-04|64|SNA|322.500000|328.859985|321.850006|328.769989|236800|0.9736214558|320.097504
2025-09-04|65|SPGI|541.979976|543.729987|538.369989|540.259996|999100|0.9377344841|506.620392
2025-09-04|66|TER|117.849998|120.019997|116.000000|119.389999|3136900|0.9974465625|119.085144
2025-09-04|67|TGT|92.739998|93.290001|92.279999|92.709999|5901000|0.9610823572|89.101944
2025-09-04|68|TXT|79.940002|81.330002|79.440002|81.330002|794600|0.9990950172|81.256401
2025-09-04|69|VMC|289.239990|292.899994|287.470001|292.329987|1131500|0.9925854203|290.162506
2025-09-04|70|XEL|72.809998|73.209999|71.519997|72.239998|6804800|0.9700884656|70.079185
2025-09-04|71|ITW|261.839996|265.760010|260.589996|265.670013|639300|0.9753490955|259.121002
2025-09-04|72|CL|84.099998|84.099998|83.019997|83.669998|6202400|0.9756036244|81.628754
2025-09-04|73|EXC|43.700001|43.980000|43.119999|43.340000|5274500|0.9737696536|42.203182
2025-09-04|74|MDT|92.260002|94.349998|91.790001|92.849998|6641400|0.9685091881|89.926086
2025-09-04|75|BNY|105.110001|105.690002|104.779999|105.559998|2308600|0.9828746130|103.752251
2025-09-04|76|EIX|55.709999|55.930000|53.419998|54.669998|3641800|0.9477686299|51.814514
2025-09-04|77|FRT|100.680000|101.080002|100.050003|100.989998|358000|0.9585027133|96.799194
2025-09-04|78|PNR|107.059998|110.089996|106.760002|110.059998|1245700|0.9879062781|108.728958
2025-09-04|79|USB|48.759998|49.200001|48.419998|49.169998|5564600|0.9616675228|47.285194
2025-09-04|80|WY|24.990000|25.570000|24.740000|25.549999|3900900|0.9737086273|24.878254
2025-09-04|81|SYY|81.529999|82.559998|81.000000|82.510002|3068600|0.9724100270|80.233551
2025-09-04|82|WRB|72.809998|73.349998|72.519997|72.919998|1606100|0.9730521615|70.954964
2025-09-04|83|IFF|65.790001|65.879997|64.839996|65.529999|1958500|0.9763780056|63.982052
2025-09-04|84|TAP|49.970001|50.060001|49.500000|49.910000|1866000|0.9588944741|47.307011
2025-09-04|85|PNC|206.240005|207.460007|205.190002|207.360001|1203300|0.9681422743|200.753998
2025-09-04|86|TRV|278.559998|280.700012|276.660004|279.429993|1239800|0.9843398564|275.054047
2025-09-04|87|C|95.300003|97.150002|95.300003|97.080002|12900100|0.9792834329|95.068840
2025-09-04|88|FDX|225.690003|225.690003|221.309994|225.279997|1773800|0.7904040486|178.062241
2025-09-04|89|WDC|86.389999|90.900002|85.919998|90.489998|13542500|0.9984583045|90.350479
2025-09-04|90|DHR|198.899994|199.789993|192.179993|199.029999|3673600|0.9926766998|197.572433
2025-09-04|91|APA|22.740000|23.500000|22.450001|23.440001|6422300|0.9662983352|22.650034
2025-09-04|92|LUV|32.369999|32.680000|30.900000|31.120001|10494900|0.9870678085|30.717550
2025-09-04|93|PEG|81.860001|82.459999|80.879997|81.730003|2478700|0.9680023678|79.114838
2025-09-04|94|UNP|222.660004|223.479996|220.509995|223.059998|3601000|0.9839040791|219.469650
2025-09-04|95|ABT|132.179993|133.839996|131.699997|132.809998|5073800|0.9774083434|129.809601
2025-09-04|96|ADI|243.009995|246.320007|239.580002|246.110001|3574700|0.9906566026|243.810501
2025-09-04|97|ADM|61.880001|62.189999|61.340000|61.939999|2691200|0.9716117081|60.181629
2025-09-04|98|ADP|298.920013|301.579987|296.709991|301.190002|1735400|0.9729614971|293.046295
2025-09-04|99|AFL|107.150002|108.769997|106.699997|108.550003|2429700|0.9795217260|106.327087
2025-09-04|100|AMAT|155.940002|159.669998|155.399994|158.240005|6245100|0.9944993487|157.369583
2025-09-04|101|AMD|159.940002|162.050003|157.789993|161.789993|32103500|1.0000000000|161.789993
2025-09-04|102|APD|291.660004|291.989990|286.220001|289.970001|579600|0.9740417964|282.442902
2025-09-04|103|BF-B|28.490000|28.570000|27.910000|28.200001|3411900|0.9746521115|27.485191
2025-09-04|104|CHD|93.250000|95.410004|93.250000|95.230003|1532900|0.9872146942|94.012459
2025-09-04|105|CINF|154.500000|155.630005|154.449997|155.589996|229100|0.9780901218|152.181046
2025-09-04|106|CMCSA|34.030000|34.450000|33.720001|33.950000|27937800|0.8939029736|30.348003
2025-09-04|107|D|59.430000|59.570000|58.480000|58.790001|5589800|0.9577031889|56.303371
2025-09-04|108|DOV|174.740005|178.399994|174.259995|178.360001|771600|0.9924896872|177.020462
2025-09-04|109|DUK|122.199997|122.449997|120.379997|120.870003|3069700|0.9660947366|116.771873
2025-09-04|110|EFX|239.509995|241.320007|236.990005|240.600006|781800|0.9915561793|238.568420
2025-09-04|111|EQT|51.750000|52.029999|50.660000|51.799999|4997900|0.9883492503|51.196487
2025-09-04|112|FITB|45.880001|46.290001|45.599998|46.259998|3104600|0.9671869264|44.742062
2025-09-04|113|GIS|50.000000|50.400002|49.549999|49.610001|4170500|0.9414262429|46.704155
2025-09-04|114|GPC|142.750000|143.479996|137.240005|141.250000|3464900|0.9654048826|136.363434
2025-09-04|115|HAS|79.370003|80.440002|78.779999|80.400002|1226400|0.9687474839|77.887299
2025-09-04|116|HBAN|17.760000|17.910000|17.620001|17.879999|36002600|0.9638541944|17.233711
2025-09-04|117|HRL|25.360001|25.450001|25.070000|25.240000|3889400|0.9501443377|23.981644
2025-09-04|118|HST|17.280001|17.600000|17.170000|17.590000|8944100|0.9239624647|16.252499
2025-09-04|119|HSY|184.910004|186.199997|184.000000|185.300003|733700|0.9707271518|179.875748
2025-09-04|120|INTC|23.850000|24.639999|23.750000|24.610001|59056500|1.0000000000|24.610001
2025-09-04|121|J|143.869995|143.970001|142.899994|143.740005|750500|0.9894584622|142.224762
2025-09-04|122|JPM|300.000000|304.429993|298.279999|303.820007|6605800|0.9812283969|298.116821
2025-09-04|123|KMB|128.500000|129.410004|127.839996|129.169998|2049200|0.9533245472|123.140923
2025-09-04|124|L|97.449997|97.750000|97.129997|97.529999|505800|0.9977044368|97.306114
2025-09-04|125|LEN|135.580002|138.630005|135.000000|138.070007|2970500|0.9802617213|135.344742
2025-09-04|126|LOW|263.040009|264.709991|261.470001|264.570007|2258700|0.9798699778|259.244202
2025-09-04|127|MAS|72.900002|74.010002|72.459999|73.980003|1760800|0.9817399064|72.629120
2025-09-04|128|MTB|199.970001|202.830002|198.740005|202.360001|916600|0.9784172563|197.992523
2025-09-04|129|NEM|74.349998|75.180000|73.440002|74.879997|7707200|0.9927701446|74.338631
2025-09-04|130|NTRS|130.289993|130.850006|129.059998|129.490005|1157300|0.9778052011|126.616005
2025-09-04|131|NUE|144.899994|145.160004|142.300003|144.940002|1141000|0.9867766388|143.023422
2025-09-04|132|OMC|77.599998|78.559998|76.589996|78.540001|2828400|0.9700503706|76.187759
2025-09-04|133|PCAR|96.540001|98.260002|95.809998|98.209999|1946100|0.9759401745|95.847084
2025-09-04|134|PGR|248.369995|249.830002|247.440002|249.009995|2004700|0.9389929753|233.818619
2025-09-04|135|PH|743.679993|757.000000|742.210022|756.960022|425100|0.9937397742|752.221252
2025-09-04|136|PHM|134.809998|138.139999|134.399994|137.610001|2280600|0.9920919827|136.521774
2025-09-04|137|PPG|109.769997|109.860001|108.459999|109.639999|1642900|0.9744973374|106.843887
2025-09-04|138|PPL|36.419998|36.709999|36.279999|36.500000|7565700|0.9692324683|35.376987
2025-09-04|139|RF|27.070000|27.370001|26.900000|27.360001|17124500|0.9708879210|26.563494
2025-09-04|140|ROL|56.320000|56.880001|56.320000|56.860001|915900|0.9856812639|56.045841
2025-09-04|141|SHW|365.500000|366.959991|361.750000|365.779999|1922900|0.9906031983|362.342865
2025-09-04|142|STT|113.650002|114.160004|112.860001|114.059998|1090200|0.9748965288|111.196693
2025-09-04|143|SWK|73.290001|74.820000|72.750000|74.739998|1630500|0.9672078260|72.289108
2025-09-04|144|SYK|389.119995|396.859985|386.809998|394.339996|1040200|0.9899211911|390.365509
2025-09-04|145|TMO|482.079987|490.260010|471.609985|489.489990|1404200|0.9963676862|487.711975
2025-09-04|146|TPL|901.559967|928.930023|901.369995|928.930023|90300|0.3318281124|308.245117
2025-09-04|147|TSN|56.500000|56.570000|55.970001|56.180000|1946100|0.9750492370|54.778263
2025-09-04|148|TT|408.850006|415.559998|408.540009|413.149994|1243700|0.9930704867|410.287048
2025-09-04|149|TYL|553.090027|554.530029|546.409973|554.229980|403900|1.0000000000|554.229980
2025-09-04|150|UDR|38.540001|38.889999|38.230000|38.820000|3624200|0.9573816019|37.165554
2025-09-04|151|VTRS|10.510000|10.540000|10.290000|10.330000|7028200|0.9657614708|9.976315
2025-09-04|152|WEC|107.669998|108.220001|106.970001|107.480003|2968300|0.9669333840|103.926003
2025-09-04|153|WST|247.880005|249.779999|243.619995|247.539993|621300|0.9968900108|246.770142
2025-09-04|154|NDSN|222.160004|226.050003|220.350006|226.009995|206800|0.9870385384|223.080597
2025-09-04|155|TFC|46.689999|47.090000|46.389999|47.070000|5621200|0.9589220174|45.136456
2025-09-04|156|WELL|168.250000|168.910004|166.169998|167.679993|2161000|0.9854911345|165.247147
2025-09-04|157|AON|375.480011|375.869995|370.850006|373.489990|751300|0.9951005240|371.660095
2025-09-04|158|GL|141.389999|141.889999|140.690002|141.449997|409300|0.9919590983|140.312607
2025-09-04|159|OKE|74.050003|74.519997|73.580002|74.379997|2505800|0.9485114183|70.550270
2025-09-04|160|KLAC|843.199997|876.660004|839.000015|873.290024|813400|0.0994634319|86.860428
2025-09-04|161|CSX|32.230000|32.700001|32.049999|32.660000|10947600|0.9900119853|32.333790
2025-09-04|162|PSA|293.260010|294.239990|289.059998|292.220001|693000|0.9601550979|280.576508
2025-09-04|163|NKE|74.750000|75.769997|74.510002|75.349998|11096200|0.9783499344|73.718666
2025-09-04|164|AAPL|238.449997|239.899994|236.740005|239.779999|47549400|0.9963195807|238.897507
2025-09-04|165|BRO|95.430000|95.599998|94.370003|95.489998|2188700|0.9904200305|94.575203
2025-09-04|166|UHS|182.240005|186.490005|180.960007|185.679993|742700|0.9968342486|185.092163
2025-09-04|167|HD|408.510010|413.220001|407.200012|411.690002|3873100|0.9796274407|403.302826
2025-09-04|168|BAX|23.540001|23.730000|23.120001|23.580000|5967800|0.9984613291|23.534639
2025-09-04|169|COP|94.550003|96.169998|93.980003|95.769997|5612700|0.9694370271|92.842987
2025-09-04|170|GLW|69.589996|70.639999|69.389999|69.720001|7104900|0.9932214224|69.247406
2025-09-04|171|HUM|310.929993|313.709991|308.019989|312.000000|1621300|0.9857757655|307.562042
2025-09-04|172|LHX|273.359985|274.250000|272.309998|272.989990|1084600|0.9840473028|268.635040
2025-09-04|173|NOC|581.710022|581.940002|576.000000|579.760010|505500|0.9884333448|573.054138
2025-09-04|174|OXY|46.299999|46.799999|45.000000|46.610001|7596300|0.9797391121|45.665642
2025-09-04|175|ROK|339.920013|342.149994|337.049988|341.859985|378200|0.9867997940|337.347382
2025-09-04|176|SLB|35.000000|36.020000|34.549999|36.009998|12427600|0.9812007073|35.333035
2025-09-04|177|SO|92.239998|92.440002|91.430000|91.870003|3468700|0.9680357165|88.933434
2025-09-04|178|WMB|58.000000|58.590000|57.169998|57.580002|5554700|0.9692541802|55.809658
2025-09-04|179|VLO|155.570007|157.149994|154.750000|155.389999|2611300|0.9792382128|152.163818
2025-09-04|180|CI|299.260010|304.040009|296.279999|304.029999|1556400|0.9832673314|298.942780
2025-09-04|181|NSC|278.559998|280.279999|277.250000|279.760010|923300|0.9826794519|274.914398
2025-09-04|182|COO|66.830002|68.080002|65.970001|68.000000|3411900|1.0000000000|68.000000
2025-09-04|183|AMGN|284.760010|284.760010|278.750000|280.100006|2622000|0.9730085280|272.539673
2025-09-04|184|RJF|167.589996|171.250000|167.199997|171.089996|888500|0.9865274707|168.784973
2025-09-04|185|WSM|192.399994|203.259995|192.399994|202.910004|1333600|0.9861134039|200.092270
2025-09-04|186|CAH|150.619995|151.380005|146.220001|149.339996|2366700|0.9897070842|147.802841
2025-09-04|187|CTAS|206.080002|207.070007|205.149994|206.839996|1369200|0.9900452227|204.780945
2025-09-04|188|PAYX|135.529999|137.389999|134.789993|137.320007|1995600|0.9578135440|131.526978
2025-09-04|189|BEN|25.660000|25.910000|25.510000|25.740000|3691900|0.9494134464|24.437901
2025-09-04|190|AOS|71.220001|72.639999|70.790001|72.639999|1185900|0.9781906723|71.055771
2025-09-04|191|CASY|501.730011|501.730011|494.640015|498.179993|217900|0.9965302403|496.451416
2025-09-04|192|T|29.180000|29.700001|29.030001|29.580000|31845400|0.9549684422|28.247967
2025-09-04|193|VZ|44.070000|44.419998|43.930000|44.180000|14480500|0.9360588259|41.355076
2025-09-04|194|JBHT|145.330002|145.500000|141.300003|145.279999|930400|0.9918818614|144.100601
2025-09-04|195|ATO|165.979996|166.470001|162.990005|164.789993|980900|0.9773427979|161.056305
2025-09-04|196|LRCX|97.660004|101.110001|97.160004|100.419998|8822400|0.9944959804|99.867287
2025-09-04|197|MU|118.849998|124.410004|118.519997|124.209999|18589100|0.9983975840|124.010956
2025-09-04|198|AJG|304.959991|305.480011|300.079987|300.220001|1282400|0.9888670439|296.877655
2025-09-04|199|AME|184.330002|187.880005|183.610001|187.869995|1105700|0.9937443136|186.694763
2025-09-04|200|SWKS|73.029999|74.709999|72.190002|74.639999|2279600|0.9685989226|72.296219
2025-09-04|201|EXPD|120.860001|121.709999|119.379997|121.639999|755600|0.9896583057|120.382042
2025-09-04|202|UNH|306.100006|311.910004|304.100006|310.380005|7725700|0.9739167289|302.284271
2025-09-04|203|BBY|75.000000|77.080002|74.949997|77.050003|4477200|0.9471666927|72.979202
2025-09-04|204|DOC|17.820000|18.020000|17.709999|18.000000|4876000|0.9354053519|16.837294
2025-09-04|205|ADSK|318.579987|320.000000|312.600006|319.929993|1422000|1.0000000000|319.929993
2025-09-04|206|DVN|34.930000|35.630001|34.669998|35.580002|4615700|0.9746853674|34.679310
2025-09-04|207|NVR|8300.000000|8409.339844|8204.900391|8407.769531|17700|1.0000000000|8407.769531
2025-09-04|208|ROST|151.169998|153.539993|151.070007|152.809998|2620900|0.9910080569|151.435928
2025-09-04|209|JKHY|161.600006|162.089996|159.880005|161.869995|660000|0.9850748190|159.454041
2025-09-04|210|MNST|63.580002|63.910000|63.119999|63.450001|5148700|0.5000000000|63.450001
2025-09-04|211|ORCL|222.000000|223.570007|219.559998|223.000000|10303100|0.9887307780|220.486954
2025-09-04|212|MSFT|504.299988|508.149994|503.149994|507.970001|15509500|0.9918394551|503.824707
2025-09-04|213|TROW|115.279999|118.220001|110.510002|111.519997|5280300|0.9502905192|105.976395
2025-09-04|214|COST|953.400024|959.500000|951.109985|955.900024|1471900|0.9941992924|950.355103
2025-09-04|215|ADBE|342.239990|344.410004|331.500000|344.309998|4918300|1.0000000000|344.309998
2025-09-04|216|FISV|136.580002|136.750000|135.240005|136.179993|3336800|1.0000000000|136.179993
2025-09-04|217|BKR|45.270000|46.700001|44.830002|46.320000|7537900|0.9846041741|45.606865
2025-09-04|218|CDNS|346.929993|350.119995|344.429993|349.329987|905400|1.0000000000|349.329987
2025-09-04|219|TJX|139.869995|141.100006|139.710007|141.020004|4172500|0.9879468300|139.320251
2025-09-04|220|FICO|1530.000000|1536.180054|1500.000000|1518.920044|353100|1.0000000000|1518.920044
2025-09-04|221|CCL|31.410000|31.920000|31.180000|31.760000|10765900|0.9841845235|31.257698
2025-09-04|222|FAST|49.520000|50.310001|49.160000|50.270000|6073400|0.9787399757|49.201263
2025-09-04|223|SCHW|96.870003|97.739998|96.209999|97.629997|7504600|0.9873800864|96.397911
2025-09-04|224|JCI|105.879997|107.160004|105.250000|107.089996|2745900|0.9941759575|106.466301
2025-09-04|225|COHR|90.500000|95.669998|90.000000|95.620003|5600300|1.0000000000|95.620003
2025-09-04|226|KEY|19.030001|19.230000|18.900000|19.180000|25628000|0.9696888308|18.598631
2025-09-04|227|MOS|32.419998|32.650002|32.130001|32.619999|4285500|0.9661429579|31.515585
2025-09-04|228|MGM|38.200001|38.310001|36.970001|37.029999|4794500|1.0000000000|37.029999
2025-09-04|229|WM|224.580002|226.240005|224.110001|224.949997|1517300|0.9842255613|221.401520
2025-09-04|230|TECH|53.189999|53.189999|51.619999|52.919998|2402200|0.9943671322|52.621906
2025-09-04|231|IEX|161.389999|164.910004|160.389999|164.860001|515700|0.9853525022|162.445221
2025-09-04|232|GEN|29.650000|29.650000|29.280001|29.530001|2872600|0.9804358251|28.952269
2025-09-04|233|CRH|111.760002|112.080002|110.320000|111.610001|3427400|0.9889154582|110.372849
2025-09-04|234|EOG|120.379997|122.260002|119.800003|121.599998|1689700|0.9664053429|117.514893
2025-09-04|235|PTC|211.270004|213.589996|210.289993|213.250000|639100|1.0000000000|213.250000
2025-09-04|236|CSCO|68.099998|68.410004|67.410004|67.989998|14388500|0.9797136141|66.610725
2025-09-04|237|LH|275.179993|275.489990|272.380005|275.230011|321900|0.9921089357|272.473969
2025-09-04|238|TRMB|78.949997|79.739998|78.370003|79.709999|1217000|1.0000000000|79.709999
2025-09-04|239|AZO|4195.149902|4238.189941|4180.000000|4232.959961|80600|1.0000000000|4232.959961
2025-09-04|240|REGN|568.010010|581.979980|559.619995|567.219971|1124300|0.9948983635|564.326172
2025-09-04|241|IDXX|637.710022|642.469971|629.549988|640.440002|440500|1.0000000000|640.440002
2025-09-04|242|AES|13.320000|13.320000|12.340000|12.810000|14742500|0.9525797478|12.202547
2025-09-04|243|VRTX|397.540009|400.359985|394.750000|396.929993|1053000|1.0000000000|396.929993
2025-09-04|244|ZBRA|307.000000|312.059998|305.000000|311.250000|418400|1.0000000000|311.250000
2025-09-04|245|BIIB|141.779999|142.279999|137.139999|139.940002|1529000|1.0000000000|139.940002
2025-09-04|246|ODFL|145.929993|148.970001|140.710007|148.809998|3284600|0.9953671039|148.120575
2025-09-04|247|APH|111.099998|112.779999|110.260002|112.750000|8145700|0.9932298743|111.986664
2025-09-04|248|KIM|22.639999|22.799999|22.480000|22.790001|3314300|0.9551457613|21.767775
2025-09-04|249|QCOM|156.199997|159.860001|154.470001|159.710007|7781200|0.9849314898|157.303406
2025-09-04|250|GILD|113.150002|113.830002|112.279999|112.769997|4024700|0.9746107539|109.906845
2025-09-04|251|ROP|523.090027|527.229980|521.320007|527.119995|441600|0.9912816468|522.524353
2025-09-04|252|SNPS|591.989990|602.849976|584.000000|601.960022|1012900|1.0000000000|601.960022
2025-09-04|253|STZ|146.869995|147.800003|144.809998|145.880005|2758200|0.9716065224|141.737961
2025-09-04|254|BSX|107.589996|108.470001|106.599998|107.290001|7355300|1.0000000000|107.290001
2025-09-04|255|STE|241.369995|243.470001|239.399994|243.389999|499500|0.9945039836|242.052322
2025-09-04|256|DHI|173.830002|177.500000|173.070007|176.690002|3386900|0.9881394354|174.594345
2025-09-04|257|LIN|470.760010|472.929993|468.609985|472.390015|1660600|0.9898650243|467.602356
2025-09-04|258|SBUX|87.169998|87.769997|86.389999|87.010002|6799200|0.9751160265|84.844849
2025-09-04|259|MS|149.029999|150.750000|148.679993|150.529999|3955000|0.9778330741|147.193207
2025-09-04|260|INTU|665.000000|671.809998|659.229980|668.289978|1719100|0.9888907264|660.865723
2025-09-04|261|MCHP|64.000000|64.709999|61.099998|64.430000|11087900|0.9744763190|62.785511
2025-09-04|262|CB|280.000000|281.000000|278.859985|279.880005|1486300|0.9939554166|278.188232
2025-09-04|263|ORLY|104.019997|105.129997|103.769997|105.040001|3597900|1.0000000000|105.040001
2025-09-04|264|RCL|354.450012|362.660004|353.549988|360.059998|1084800|0.9831897671|354.007294
2025-09-04|265|JBL|204.100006|208.830002|201.860001|207.970001|1121500|0.9988481715|207.730453
2025-09-04|266|ALL|206.199997|208.460007|205.630005|208.330002|1213900|0.9851043015|205.226776
2025-09-04|267|CPT|109.910004|110.480003|109.169998|110.339996|644200|0.9608575952|106.021019
2025-09-04|268|VMRK|65.000000|65.620003|64.739998|65.589996|1391200|0.9568407274|62.759186
2025-09-04|269|IT|246.800003|246.800003|236.289993|236.729996|1251100|1.0000000000|236.729996
2025-09-04|270|DECK|123.300003|124.459999|121.510002|123.910004|2872900|1.0000000000|123.910004
2025-09-04|271|REG|72.550003|73.599998|72.080002|73.559998|1220000|0.9606550738|70.665787
2025-09-04|272|INCY|87.260002|87.989998|85.419998|85.440002|2245500|1.0000000000|85.440002
2025-09-04|273|SPG|180.820007|181.919998|179.699997|181.520004|2103600|0.9546037782|173.279678
2025-09-04|274|MAA|144.029999|144.410004|142.320007|144.000000|516600|0.9546815481|137.474152
2025-09-04|275|MLM|615.260010|620.159973|608.890015|618.969971|413600|0.9960197565|616.506348
2025-09-04|276|TSCO|60.360001|60.830002|60.169998|60.639999|4677100|0.9764906296|59.214382
2025-09-04|277|ALB|79.529999|79.750000|78.150002|79.269997|3900500|0.9866416503|78.211082
2025-09-04|278|CPRT|49.029999|50.110001|48.599998|49.970001|8687600|1.0000000000|49.970001
2025-09-04|279|FLEX|53.990002|55.560001|53.810001|55.169998|3643400|1.0000000000|55.169998
2025-09-04|280|ESS|263.250000|264.559998|258.820007|264.500000|435800|0.9616604752|254.359222
2025-09-04|281|O|58.070000|58.650002|57.930000|58.279999|4320300|0.9523910542|55.505352
2025-09-04|282|MCO|496.000000|500.350006|495.559998|499.760010|714300|0.9914008639|495.462524
2025-09-04|283|SJM|112.339996|112.730003|111.529999|112.339996|1546200|0.9604551346|107.897514
2025-09-04|284|MCK|690.570007|696.750000|688.369995|691.450012|731600|0.9971371280|689.470520
2025-09-04|285|COF|222.279999|226.750000|221.460007|226.320007|2626400|0.9846948620|222.856155
2025-09-04|286|EME|631.390015|642.080017|626.500000|640.570007|330100|0.9980200530|639.301697
2025-09-04|287|DLTR|101.680000|101.849998|98.730003|100.250000|7670900|1.0000000000|100.250000
2025-09-04|288|COR|295.600006|298.089996|291.190002|292.700012|1246200|0.9924371875|290.486389
2025-09-04|289|DRI|209.220001|210.470001|207.490005|210.190002|736600|0.9692558966|203.727905
2025-09-04|290|RMD|270.299988|274.239990|267.570007|273.809998|1179300|0.9895309167|270.943451
2025-09-04|291|WAB|191.809998|193.779999|190.000000|193.779999|1403700|0.9953491745|192.878754
2025-09-04|292|FCX|45.720001|46.150002|45.180000|46.070000|8509000|0.9893641669|45.580006
2025-09-04|293|IVZ|21.809999|21.980000|21.709999|21.959999|2590400|0.9692003654|21.283640
2025-09-04|294|ACGL|93.580002|93.800003|92.099998|92.220001|1591300|1.0000000000|92.220001
2025-09-04|295|ERIE|329.269989|336.559998|325.760010|336.429993|149000|0.9792544909|329.450562
2025-09-04|296|EG|350.000000|351.760010|344.929993|345.260010|341600|0.9878843207|341.076965
2025-09-04|297|DVA|136.139999|137.059998|135.039993|135.559998|797900|1.0000000000|135.559998
2025-09-04|298|HSIC|67.120003|68.129997|66.610001|67.779999|1316300|1.0000000000|67.779999
2025-09-04|299|EL|91.790001|92.209999|87.129997|87.459999|4786800|0.9893232983|86.526215
2025-09-04|300|WAT|289.459991|300.350006|286.140015|299.690002|661700|1.0000000000|299.690002
2025-09-04|301|NTAP|117.000000|118.989998|115.199997|118.830002|2049800|0.9828001938|116.786140
2025-09-04|302|HIG|134.050003|135.169998|133.690002|134.699997|1758800|0.9867007020|132.908569
2025-09-04|303|IRM|89.910004|91.150002|89.650002|91.080002|1329100|0.9670499740|88.078911
2025-09-04|304|BRK-B|502.899994|507.380005|501.260010|506.910004|2976700|1.0000000000|506.910004
2025-09-04|305|FDS|372.059998|372.059998|366.119995|369.480011|348300|0.9861098905|364.347900
2025-09-04|306|STLD|129.429993|130.940002|127.440002|130.860001|947000|0.9881804292|129.313293
2025-09-04|307|DGX|180.539993|180.839996|179.380005|180.110001|585700|0.9827524115|177.003555
2025-09-04|308|CIEN|115.000000|122.000000|110.900002|116.919998|11296500|1.0000000000|116.919998
2025-09-04|309|TTWO|238.529999|240.839996|237.369995|240.649994|915400|1.0000000000|240.649994
2025-09-04|310|VTR|67.639999|68.309998|67.370003|67.720001|1937600|0.9750191622|66.028297
2025-09-04|311|AMZN|231.190002|235.770004|230.779999|235.679993|59391800|1.0000000000|235.679993
2025-09-04|312|ARE|82.019997|83.010002|81.309998|82.889999|696600|0.9425806495|78.130508
2025-09-04|313|RL|312.600006|321.500000|312.600006|320.750000|566900|0.9893282798|317.327057
2025-09-04|314|BXP|74.209999|75.610001|73.889999|75.290001|2322200|0.9573561810|72.079346
2025-09-04|315|FIX|706.950012|724.590027|701.880005|723.950012|343800|0.9979565203|722.470642
2025-09-04|316|YUM|144.660004|145.360001|142.350006|143.669998|1484400|0.9858960568|141.643677
2025-09-04|317|CHRW|128.470001|129.229996|127.169998|127.839996|1285900|0.9844332406|125.849945
2025-09-04|318|FE|43.660000|43.810001|43.160000|43.470001|2769600|0.9613759059|41.791016
2025-09-04|319|MTD|1265.989990|1288.810059|1249.130005|1287.790039|96500|1.0000000000|1287.790039
2025-09-04|320|PLD|111.250000|112.809998|110.510002|112.610001|2499500|0.9686204655|109.076355
2025-09-04|321|URI|948.919983|966.650024|947.869995|964.659973|405000|0.9918999023|956.846130
2025-09-04|322|AEE|100.639999|100.989998|99.830002|100.879997|1663500|0.9722966120|98.085281
2025-09-04|323|VRSN|274.000000|277.480011|271.480011|277.079987|448100|0.9876930267|273.669952
2025-09-04|324|PWR|375.299988|378.799988|370.929993|376.089996|942100|0.9991491848|375.770050
2025-09-04|325|AMT|197.919998|198.190002|193.050003|195.089996|3523700|0.9628069961|187.834030
2025-09-04|326|MAR|266.609985|269.799988|265.170013|268.850006|1232400|0.9917417055|266.629761
2025-09-04|327|CTSH|71.820000|71.839996|70.370003|71.449997|3575200|0.9779331176|69.873322
2025-09-04|328|SRE|82.599998|82.980003|81.279999|82.120003|3601800|0.9718725927|79.810181
2025-09-04|329|CSGP|88.160004|89.160004|87.550003|89.099998|1652800|1.0000000000|89.099998
2025-09-04|330|RSG|233.669998|235.179993|232.500000|233.850006|709300|0.9886066709|231.185684
2025-09-04|331|CCI|97.839996|97.839996|94.900002|95.459999|3967200|0.9541022922|91.078606
2025-09-04|332|EBAY|90.540001|93.269997|90.489998|93.029999|4797400|0.9904184858|91.859337
2025-09-04|333|NVDA|170.570007|171.860001|169.410004|171.660004|141670100|0.9986698626|171.431686
2025-09-04|334|BKNG|5570.000076|5598.500061|5453.950119|5585.860062|220400|0.0396645769|221.560760
2025-09-04|335|GS|733.750000|748.909973|731.169983|748.900024|1778200|0.9855142723|738.051636
2025-09-04|336|FFIV|310.160004|314.739990|309.329987|314.350006|400900|1.0000000000|314.350006
2025-09-04|337|SBAC|200.690002|201.339996|192.949997|195.169998|2126000|0.9751039390|190.311020
2025-09-04|338|LII|549.369995|567.159973|545.419983|561.369995|378300|0.9895934539|555.528076
2025-09-04|339|BLK|1109.000000|1113.000000|1101.579956|1108.760010|460000|0.9794768842|1086.004761
2025-09-04|340|TKO|186.649994|190.630005|186.039993|190.080002|786300|0.9846983529|187.171478
2025-09-04|341|AKAM|77.570000|77.580002|76.099998|77.190002|2696300|1.0000000000|77.190002
2025-09-04|342|UPS|85.639999|85.690002|83.669998|84.480003|10741500|0.9383630641|79.272911
2025-09-04|343|A|125.000000|128.830002|123.800003|128.479996|2715400|0.9920393505|127.457214
2025-09-04|344|TDY|546.309998|549.700012|544.419983|547.000000|302500|1.0000000000|547.000000
2025-09-04|345|PKG|212.539993|216.800003|211.050003|216.720001|725400|0.9759029480|211.497711
2025-09-04|346|EW|81.010002|81.570000|80.540001|80.959999|2648800|1.0000000000|80.959999
2025-09-04|347|MET|80.980003|81.860001|80.620003|81.750000|2434500|0.9722454281|79.481064
2025-09-04|348|ON|47.639999|48.220001|46.619999|48.060001|6393400|1.0000000000|48.060001
2025-09-04|349|ISRG|440.690002|455.279999|437.410004|454.519989|3939600|1.0000000000|454.519989
2025-09-04|350|CRL|161.309998|163.179993|157.199997|162.309998|742700|1.0000000000|162.309998
2025-09-04|351|MRVL|62.139999|64.529999|61.439999|64.099998|27726400|0.9978740377|63.963718
2025-09-04|352|EQIX|764.799988|768.590027|757.750000|767.929993|387200|0.9790491812|751.841248
2025-09-04|353|TPR|104.699997|105.849998|103.739998|105.820000|3150900|0.9872828620|104.474266
2025-09-04|354|GRMN|238.190002|240.970001|236.529999|237.660004|965600|0.9838691932|233.826355
2025-09-04|355|GPN|86.760002|87.500000|85.650002|87.279999|2482100|0.9870347930|86.148399
2025-09-04|356|ALGN|132.910004|135.110001|131.000000|134.699997|1270400|1.0000000000|134.699997
2025-09-04|357|WTW|329.079987|332.619995|327.739990|329.839996|432400|0.9876703786|325.773193
2025-09-04|358|MDLZ|61.400002|61.549999|60.889999|60.900002|4612500|0.9664286986|58.855511
2025-09-04|359|AXON|725.780029|731.190002|719.000000|730.159973|383600|1.0000000000|730.159973
2025-09-04|360|FIS|68.879997|69.360001|68.250000|68.709999|3002400|0.9686518407|66.556076
2025-09-04|361|ACN|253.270004|254.699997|247.889999|252.940002|4165400|0.9798095806|247.833038
2025-09-04|362|ZBH|104.989998|105.339996|104.089996|104.760002|998900|0.9895894440|103.669380
2025-09-04|363|BG|81.120003|81.930000|80.470001|81.129997|1549600|0.9749906568|79.100990
2025-09-04|364|PFG|79.739998|81.339996|79.589996|81.300003|1001400|0.9740293311|79.188583
2025-09-04|365|ELV|308.600006|313.850006|306.380005|308.049988|2826900|0.9794257777|301.712128
2025-09-04|366|CNC|29.250000|29.299999|28.260000|28.650000|23984700|1.0000000000|28.650000
2025-09-04|367|PRU|107.970001|108.980003|107.250000|108.839996|1392400|0.9496925157|103.364525
2025-09-04|368|NFLX|1223.199997|1257.480011|1223.089981|1257.480011|3023500|0.1000000000|125.748001
2025-09-04|369|NDAQ|94.059998|94.400002|93.660004|94.300003|3693400|0.9875215911|93.123291
2025-09-04|370|WYNN|125.510002|125.750000|122.029999|122.889999|2025300|0.9907231274|121.749977
2025-09-04|371|CME|269.579987|271.600006|266.950012|267.429993|1891400|0.9625521451|257.415314
2025-09-04|372|STX|177.410004|184.110001|175.820007|183.979996|5571800|0.9918108479|182.473358
2025-09-04|373|NRG|148.020004|148.619995|146.169998|147.949997|1305000|0.9877934975|146.144043
2025-09-04|374|AIZ|216.580002|217.350006|215.339996|216.509995|351700|0.9887198190|214.067734
2025-09-04|375|CBRE|160.139999|161.880005|159.399994|161.690002|1162900|1.0000000000|161.690002
2025-09-04|376|CRM|240.059998|245.220001|234.619995|244.009995|30967500|0.9916072498|241.962082
2025-09-04|377|DPZ|467.109985|467.829987|455.540009|462.600006|463500|0.9810848008|453.849823
2025-09-04|378|EXR|144.169998|144.309998|141.960007|143.839996|1435500|0.9554904856|137.437744
2025-09-04|379|GOOG|230.154999|232.770004|226.759995|232.660004|32196000|0.9971525818|231.997513
2025-09-04|380|GOOGL|229.649994|232.369995|226.110001|232.300003|51684200|0.9971553051|231.639175
2025-09-04|381|DLR|161.649994|163.160004|160.570007|162.839996|1366800|0.9719407992|158.270844
2025-09-04|382|MPWR|827.559998|850.140015|817.570007|848.109985|424500|0.9930512692|842.216736
2025-09-04|383|LVS|55.410000|55.410000|54.619999|55.110001|4841500|0.9787990268|53.941612
2025-09-04|384|DXCM|79.199997|81.639999|78.680000|80.760002|4977500|1.0000000000|80.760002
2025-09-04|385|BLDR|137.250000|144.009995|136.830002|143.270004|1744500|1.0000000000|143.270004
2025-09-04|386|WBD|11.980000|11.980000|11.540000|11.770000|66231300|1.0000000000|11.770000
2025-09-04|387|EXPE|213.460007|217.000000|212.490005|216.520004|1103700|0.9926306212|214.924393
2025-09-04|388|CF|83.800003|84.309998|81.720001|84.180000|3726200|0.9797238699|82.473160
2025-09-04|389|AMP|509.989990|513.039978|505.980011|511.899994|454100|0.9868973539|505.192688
2025-09-04|390|ICE|175.910004|176.050003|173.220001|174.520004|2950100|0.9873787050|172.317337
2025-09-04|391|PSKY|14.920000|15.040000|14.410000|14.740000|5291800|0.9837013539|14.499758
2025-09-04|392|LYV|162.729996|163.750000|161.550003|162.979996|2449200|1.0000000000|162.979996
2025-09-04|393|CMG|41.720001|41.799999|41.040001|41.410000|18998900|1.0000000000|41.410000
2025-09-04|394|UAL|106.099998|109.300003|105.410004|106.050003|5044200|1.0000000000|106.050003
2025-09-04|395|TDG|1282.699951|1283.150024|1263.000000|1281.810059|442900|1.0000000000|1281.810059
2025-09-04|396|MA|593.030029|595.890015|589.289978|595.640015|1653700|0.9938070309|591.951233
2025-09-04|397|LDOS|177.000000|178.580002|174.639999|178.580002|1065100|0.9896050149|176.723663
2025-09-04|398|FSLR|202.399994|204.199997|197.500000|201.869995|1741100|1.0000000000|201.869995
2025-09-04|399|BR|250.309998|252.110001|249.149994|252.020004|655400|0.9798433665|246.940125
2025-09-04|400|SMCI|40.279999|40.799999|39.750000|40.700001|22479400|1.0000000000|40.700001
2025-09-04|401|TMUS|254.210007|256.690002|250.750000|252.119995|3349100|0.9849640725|246.904144
2025-09-04|402|DAL|61.340000|62.680000|60.369999|60.549999|7023800|0.9891783114|59.894749
2025-09-04|403|IBKR|64.099998|64.769997|63.869999|64.279999|5551800|0.9966884542|64.067123
2025-09-04|404|PODD|343.339996|349.089996|341.890015|346.470001|499600|1.0000000000|346.470001
2025-09-04|405|TEL|206.139999|208.669998|204.630005|208.539993|1512600|0.9892434805|206.296814
2025-09-04|406|BX|168.259995|170.369995|167.580002|169.899994|2548200|0.9610163599|163.276672
2025-09-04|407|LULU|200.899994|206.639999|197.669998|206.089996|15476700|1.0000000000|206.089996
2025-09-04|408|ULTA|529.000000|533.000000|522.219971|529.500000|990500|1.0000000000|529.500000
2025-09-04|409|MSCI|554.099976|557.599976|551.000000|557.190002|590600|0.9858483453|549.304871
2025-09-04|410|ECHO|64.080002|67.360001|63.389999|67.220001|4540300|1.0000000000|67.220001
2025-09-04|411|PM|162.160004|164.500000|159.789993|161.149994|7839100|0.9650495005|155.517715
2025-09-04|412|V|350.730011|352.630005|349.149994|350.989990|4324000|0.9920658607|348.205200
2025-09-04|413|AWK|141.979996|142.449997|140.740005|141.570007|1128400|0.9734433274|137.810379
2025-09-04|414|KDP|29.200001|29.389999|28.700001|29.250000|34412600|0.9674331941|28.297421
2025-09-04|415|SW|46.720001|46.924999|45.419998|46.169998|3809800|0.9711821711|44.839478
2025-09-04|416|AVGO|305.059998|308.779999|302.250000|306.100006|31220800|0.9927261709|303.873505
2025-09-04|417|VRSK|268.790009|270.839996|267.179993|270.049988|1103500|0.9909965186|267.618622
2025-09-04|418|DG|110.110001|110.239998|107.870003|108.440002|2765200|0.9800962717|106.281647
2025-09-04|419|FTNT|76.260002|76.629997|75.110001|76.440002|6127700|1.0000000000|76.440002
2025-09-04|420|CHTR|261.790009|267.600006|255.330002|259.510010|2801300|1.0000000000|259.510010
2025-09-04|421|FERG|230.850006|238.210007|230.139999|238.169998|2529600|0.9811984638|233.692032
2025-09-04|422|GNRC|175.460007|178.380005|174.020004|178.179993|745700|1.0000000000|178.179993
2025-09-04|423|LYB|53.750000|54.730000|52.930000|54.299999|4495700|0.9407211657|51.081158
2025-09-04|424|CBOE|232.710007|236.490005|232.710007|234.169998|745700|0.9954503651|233.104599
2025-09-04|425|TSLA|336.149994|338.890015|331.480011|338.529999|60711000|1.0000000000|338.529999
2025-09-04|426|KKR|135.570007|138.020004|135.000000|137.350006|2167700|0.9928030964|136.361526
2025-09-04|427|NXPI|224.770004|225.979996|218.949997|225.389999|3308900|0.9825362696|221.453842
2025-09-04|428|GM|58.000000|58.240002|57.480000|58.150002|5880100|0.9909339117|57.622814
2025-09-04|429|TRGP|163.970001|166.759995|163.020004|166.539993|1139800|0.9789495349|163.034256
2025-09-04|430|CPAY|320.470001|320.470001|313.350006|319.940002|265400|1.0000000000|319.940002
2025-09-04|431|KMI|26.870001|27.150000|26.610001|26.709999|13220800|0.9613533449|25.677748
2025-09-04|432|HCA|410.000000|417.200012|407.600006|411.589996|1714800|0.9932605867|408.816132
2025-09-04|433|HII|268.500000|270.529999|267.170013|269.980011|385600|0.9882397967|265.566467
2025-09-04|434|APO|133.399994|135.330002|132.729996|134.759995|2922900|0.9837214596|132.566299
2025-09-04|435|MPC|179.660004|180.130005|178.160004|178.979996|1494000|0.9835714275|176.039612
2025-09-04|436|XYL|139.869995|141.940002|139.539993|141.940002|870300|0.9861759388|139.977814
2025-09-04|437|APTV|79.779999|80.620003|79.320000|80.449997|1807700|1.0000000000|80.449997
2025-09-04|438|PSX|130.639999|132.179993|129.929993|131.580002|1832200|0.9712393490|127.795685
2025-09-04|439|AMCR|8.340000|8.370000|8.270000|8.350000|22550300|4.8543684849|40.533978
2025-09-04|440|META|748.570007|761.159973|745.820007|748.650024|11439100|0.9967331772|746.204346
2025-09-04|441|NOW|909.479980|910.230026|878.190002|898.560028|1703900|0.2000000000|179.712006
2025-09-04|442|PANW|191.529999|194.479996|188.750000|192.350006|5996100|1.0000000000|192.350006
2025-09-04|443|FANG|141.940002|143.800003|140.539993|142.740005|1572700|0.9764795206|139.382706
2025-09-04|444|WDAY|231.949997|232.190002|227.000000|231.130005|2226800|1.0000000000|231.130005
2025-09-04|445|ABBV|212.250000|214.190002|211.660004|213.000000|3531600|0.9699105539|206.590942
2025-09-04|446|NCLH|25.320000|25.790001|25.230000|25.590000|16213800|1.0000000000|25.590000
2025-09-04|447|ZTS|152.529999|153.490005|151.350006|153.199997|1538500|0.9811560666|150.313095
2025-09-04|448|IQV|183.460007|184.710007|177.820007|184.080002|1240400|1.0000000000|184.080002
2025-09-04|449|NWS|33.029999|33.279999|32.849998|33.169998|685200|0.9932558879|32.946293
2025-09-04|450|NWSA|29.020000|29.320000|28.700001|29.299999|3666100|0.9924536320|29.078890
2025-09-04|451|CDW|163.679993|166.750000|161.770004|166.250000|1198600|0.9800438553|162.932281
2025-09-04|452|VEEV|268.299988|271.059998|262.850006|270.059998|1266600|1.0000000000|270.059998
2025-09-04|453|ALLE|168.179993|170.820007|167.820007|170.750000|660400|0.9921390873|169.407745
2025-09-04|454|HLT|275.739990|279.260010|274.679993|278.059998|2003600|0.9980421657|277.515564
2025-09-04|455|ARES|177.699997|180.184998|176.475006|180.050003|1171300|0.9643870365|173.637894
2025-09-04|456|ANET|138.929993|142.500000|138.729996|141.169998|8365000|1.0000000000|141.169998
2025-09-04|457|SYF|75.900002|77.080002|75.500000|76.860001|2520800|0.9836138777|75.600563
2025-09-04|458|CFG|51.930000|52.514999|51.610001|52.509998|2806800|0.9707955381|50.976471
2025-09-04|459|KEYS|165.279999|166.960007|163.970001|166.949997|816500|1.0000000000|166.949997
2025-09-04|460|GDDY|143.339996|145.240005|141.009995|144.919998|1431800|1.0000000000|144.919998
2025-09-04|461|KHC|26.950001|27.245001|26.725000|26.959999|13238800|0.9508904028|25.636005
2025-09-04|462|PYPL|69.699997|69.900002|66.230003|68.459999|14063500|0.9914138539|67.872192
2025-09-04|463|LITE|137.000000|142.009995|133.910004|141.910004|8464800|1.0000000000|141.910004
2025-09-04|464|HPE|23.900000|24.174999|22.680000|23.160000|62528800|0.9795953482|22.687428
2025-09-04|465|XYZ|75.730003|75.959999|73.720001|75.750000|4804900|1.0000000000|75.750000
2025-09-04|466|FTV|47.060001|47.605000|46.750000|47.580002|2766600|0.9955934752|47.370338
2025-09-04|467|DELL|124.029999|127.349998|122.919998|126.669998|7053800|0.9874173534|125.076157
2025-09-04|468|TTD|53.880001|54.075001|51.730000|51.919998|11413400|1.0000000000|51.919998
2025-09-04|469|VST|189.000000|192.110001|188.796005|189.729996|2771800|0.9947817288|188.739929
2025-09-04|470|HWM|174.869995|180.949997|174.660004|179.529999|2265600|0.9979223317|179.156998
2025-09-04|471|INVH|30.370001|30.410000|29.990000|30.350000|5014800|0.9576139206|29.063585
2025-09-04|472|CVNA|364.379997|372.044983|357.999992|370.169983|1408300|0.2000000000|74.033997
2025-09-04|473|IR|77.389999|79.699997|77.150002|79.199997|2898000|0.9990084054|79.121460
2025-09-04|474|VICI|33.610001|33.830002|33.360001|33.500000|7529300|0.9391962861|31.463079
2025-09-04|475|VRT|125.900002|127.089996|124.470001|125.699997|4607300|0.9988996720|125.561684
2025-09-04|476|MRNA|23.809999|24.340000|23.330000|24.280001|9158300|1.0000000000|24.280001
2025-09-04|477|FOXA|60.529999|60.869999|59.965000|60.810001|3028700|0.9951185496|60.513161
2025-09-04|478|FOX|55.160000|55.400002|54.639999|55.320000|1125900|0.9946544484|55.024284
2025-09-04|479|DOW|23.760000|23.985001|23.200001|23.910000|11630400|0.9640247460|23.049831
2025-09-04|480|UBER|93.110001|93.125000|90.930000|91.980003|15960100|1.0000000000|91.980003
2025-09-04|481|CTVA|72.440002|72.809998|72.010002|72.650002|3147800|0.9928033602|72.127167
2025-09-04|482|CRWD|413.200012|415.489990|402.660004|412.459991|2763400|0.2500000000|103.114998
2025-09-04|483|DDOG|131.970001|132.320007|129.059998|131.779999|2955200|1.0000000000|131.779999
2025-09-04|484|CARR|62.880001|63.680000|62.450001|63.540001|4471300|0.9848525765|62.577541
2025-09-04|485|OTIS|85.500000|86.510002|85.169998|86.500000|1740000|0.9789066234|84.675423
2025-09-04|486|PLTR|154.865005|157.039993|153.160004|156.139999|53292300|1.0000000000|156.139999
2025-09-04|487|DASH|248.830002|250.699997|244.259995|248.779999|2507100|1.0000000000|248.779999
2025-09-04|488|ABNB|124.650002|125.650002|123.180000|125.370003|6194500|1.0000000000|125.370003
2025-09-04|489|EXE|97.129997|97.809998|95.120003|96.660004|2383400|0.9779564541|94.529274
2025-09-04|490|COIN|301.959991|307.769989|300.010010|306.799988|6211800|1.0000000000|306.799988
2025-09-04|491|APP|497.799988|511.000000|490.657990|499.970001|6215200|1.0000000000|499.970001
2025-09-04|492|HOOD|100.750000|104.750000|100.599998|102.910004|30626300|1.0000000000|102.910004
2025-09-04|493|CEG|310.000000|312.160004|307.250000|309.059998|1757700|0.9944409722|307.341919
2025-09-04|494|GEHC|72.480003|74.139999|71.559998|74.120003|2217100|0.9981004727|73.979210
2025-09-04|495|KVUE|20.530001|20.565001|20.260000|20.540001|16966400|0.9540880845|19.596970
2025-09-04|496|VLTO|105.570000|106.599998|104.879997|106.599998|1088500|0.9946977565|106.034782
2025-09-04|497|RDDT|225.000000|234.380005|223.500000|232.110001|4270000|1.0000000000|232.110001
2025-09-04|498|SOLV|71.589996|72.480003|70.535004|72.379997|794100|1.0000000000|72.379997
2025-09-04|499|GEV|580.809998|600.369995|580.059998|598.809998|3195400|0.9977344385|597.453369
2025-09-04|500|SNDK|55.669998|62.650002|55.549999|62.500000|10189000|1.0000000000|62.500000
