date|security_id|ticker|open|high|low|close|volume|adj_factor|adj_close_vendor
2025-09-16|1|AEP|109.099998|109.139999|106.610001|106.839996|4044500|0.9699113042|103.625313
2025-09-16|2|BA|216.860001|217.130005|213.750000|215.020004|6330600|1.0000000000|215.020004
2025-09-16|3|CAT|436.130005|440.799988|434.279999|440.670013|2366300|0.9910786923|436.738647
2025-09-16|4|CNP|38.169998|38.490002|37.590000|37.650002|4280900|0.9777626474|36.812767
2025-09-16|5|CVX|158.250000|160.100006|158.119995|159.539993|8011000|0.9620890936|153.491684
2025-09-16|6|DIS|115.449997|115.849998|114.709999|115.230003|6844900|0.9857264957|113.585274
2025-09-16|7|DTE|135.770004|136.399994|133.979996|133.979996|998400|0.9755422782|130.703140
2025-09-16|8|ED|96.510002|96.879997|95.260002|95.570000|2116600|0.9678975191|92.501968
2025-09-16|9|GD|327.850006|329.459991|325.959991|326.399994|1350700|0.9826639145|320.741516
2025-09-16|10|GE|289.869995|294.739990|288.839996|292.970001|5538400|0.9949472243|291.489716
2025-09-16|11|HON|211.679998|213.319999|210.599996|210.949993|3339800|0.9694785487|204.511505
2025-09-16|12|HPQ|27.820000|28.170000|27.620001|27.719999|6606500|0.9607551428|26.632132
2025-09-16|13|IBM|256.260010|258.000000|254.410004|257.519989|2719900|0.9746618623|250.994904
2025-09-16|14|IP|45.450001|46.270000|45.220001|46.240002|4861700|0.9527969504|44.057331
2025-09-16|15|JNJ|177.570007|177.619995|175.649994|176.460007|7959300|0.9779609434|172.570984
2025-09-16|16|KO|66.349998|66.510002|66.059998|66.239998|18555900|0.9799171123|64.909714
2025-09-16|17|KR|67.500000|68.050003|66.580002|66.750000|10520700|0.9778352350|65.270493
2025-09-16|18|LMT|473.589996|478.440002|471.670013|474.320007|1156900|0.9808408602|465.232422
2025-09-16|19|MMM|156.899994|157.479996|153.630005|156.500000|2208600|0.9818750293|153.663437
2025-09-16|20|MO|64.779999|64.989998|64.089996|64.809998|9536300|0.9516126626|61.674015
2025-09-16|21|MRK|81.010002|81.480003|80.540001|81.089996|10065900|0.9772081263|79.241798
2025-09-16|22|MSI|482.000000|484.230011|475.250000|476.839996|1021500|0.9910852927|472.589111
2025-09-16|23|PG|157.139999|158.389999|156.889999|158.050003|6559600|0.9714333836|153.535049
2025-09-16|24|XOM|112.959999|115.320000|112.779999|114.680000|17208000|0.9718336400|111.449883
2025-09-16|25|RTX|159.850006|159.949997|157.639999|158.580002|6525200|0.9853742397|156.260651
2025-09-16|26|MCD|303.500000|306.000000|302.700012|303.290009|3578500|0.9818538696|297.786469
2025-09-16|27|AXP|327.799988|327.989990|323.700012|327.040009|1987600|0.9894167649|323.578888
2025-09-16|28|BMY|46.049999|46.840000|46.040001|46.340000|9050600|0.9541997897|44.217617
2025-09-16|29|DD|77.309999|77.690001|76.700002|77.170002|2369400|1.2389568992|95.610313
2025-09-16|30|DE|471.980011|475.500000|466.880005|468.700012|1659200|0.9876285285|462.901550
2025-09-16|31|EMR|131.580002|132.869995|128.000000|129.029999|6082400|0.9845366681|127.034767
2025-09-16|32|ETN|378.000000|378.980011|369.649994|371.190002|2251100|0.9889737586|367.097137
2025-09-16|33|ETR|90.190002|90.459999|88.169998|88.260002|1967600|0.9756994696|86.115234
2025-09-16|34|F|11.690000|11.780000|11.510000|11.610000|58065000|0.9554534458|11.092813
2025-09-16|35|HAL|22.000000|22.540001|21.610001|22.420000|12890400|0.9847026012|22.077032
2025-09-16|36|LLY|745.409973|770.380005|744.539978|764.710022|3881300|0.9937326373|759.917297
2025-09-16|37|PCG|15.370000|15.400000|14.860000|14.950000|17502500|0.9895107403|14.793185
2025-09-16|38|PEP|140.690002|141.309998|139.910004|140.029999|9283500|0.9713251717|136.014664
2025-09-16|39|PFE|23.959999|24.219999|23.870001|23.900000|57010800|0.9344639716|22.333689
2025-09-16|40|TXN|178.740005|181.139999|177.279999|177.630005|7920300|0.9747566992|173.146011
2025-09-16|41|WFC|81.559998|81.610001|80.080002|81.389999|10705900|0.9786587178|79.653030
2025-09-16|42|HUBB|438.359985|438.779999|431.850006|435.440002|457196|0.9910077151|431.524414
2025-09-16|43|WMT|103.849998|104.209999|103.129997|103.419998|14481900|0.9916508097|102.556526
2025-09-16|44|AIG|76.279999|76.709999|75.900002|76.339996|5740400|0.9824236525|74.998222
2025-09-16|45|AVY|164.600006|166.610001|164.580002|166.229996|656800|0.9833361967|163.459976
2025-09-16|46|BAC|50.639999|50.880001|50.209999|50.660000|31624400|0.9841245494|49.855751
2025-09-16|47|BALL|50.000000|50.230000|49.450001|49.730000|1939600|0.9893620930|49.200977
2025-09-16|48|BDX|185.499994|188.039995|185.160003|186.210001|1211500|0.7715067098|143.662277
2025-09-16|49|CLX|123.260002|125.160004|123.160004|124.849998|1737800|0.9554686115|119.290260
2025-09-16|50|CMI|415.000000|416.920013|410.209991|415.440002|809600|0.9855888256|409.453033
2025-09-16|51|CMS|71.169998|71.440002|69.919998|69.959999|2012100|0.9697049346|67.840553
2025-09-16|52|CVS|73.449997|73.730003|72.389999|73.480003|6585000|0.9692366143|71.219513
2025-09-16|53|ECL|269.440002|270.549988|263.769989|264.059998|1254900|0.9918356453|261.904114
2025-09-16|54|ES|65.389999|65.449997|63.360001|63.419998|2994500|0.9562137492|60.643070
2025-09-16|55|EVRG|72.019997|72.110001|71.290001|71.349998|2022600|0.9663059278|68.945923
2025-09-16|56|GWW|1011.869995|1017.809998|970.700012|993.640015|403000|0.9918044722|985.496582
2025-09-16|57|LNT|64.540001|64.669998|63.540001|63.619999|1632500|0.9698403407|61.701237
2025-09-16|58|MKC|66.110001|67.639999|66.099998|67.110001|2273600|0.9687082665|65.010010
2025-09-16|59|MRSH|197.039993|197.809998|196.169998|196.830002|2162700|0.9798864608|192.871063
2025-09-16|60|NEE|71.290001|71.540001|69.769997|69.830002|7930200|0.9793736752|67.879219
2025-09-16|61|NI|40.410000|40.560001|39.299999|39.369999|5385400|0.9739163964|38.343090
2025-09-16|62|PNW|87.169998|87.239998|85.790001|85.900002|918600|0.9627257278|82.698135
2025-09-16|63|RVTY|84.099998|85.690002|83.580002|85.279999|1196100|0.9972426702|85.044853
2025-09-16|64|SNA|339.079987|341.170013|332.679993|334.010010|409200|0.9736214558|325.199310
2025-09-16|65|SPGI|540.000004|542.460026|536.950000|541.289997|1164000|0.9377344841|507.586304
2025-09-16|66|TER|114.300003|115.610001|113.389999|113.930000|2871200|0.9984501140|113.753433
2025-09-16|67|TGT|88.930000|89.790001|88.570000|89.720001|6736700|0.9610823572|86.228310
2025-09-16|68|TXT|82.949997|84.419998|82.059998|83.430000|1891300|0.9993380469|83.374779
2025-09-16|69|VMC|294.480011|295.779999|291.230011|291.959991|732900|0.9925854203|289.795227
2025-09-16|70|XEL|72.800003|73.050003|72.050003|72.110001|3173500|0.9776860259|70.500938
2025-09-16|71|ITW|262.989990|264.459991|261.059998|261.839996|828700|0.9753490955|255.385391
2025-09-16|72|CL|82.349998|82.580002|81.410004|81.480003|6555300|0.9756036244|79.492188
2025-09-16|73|EXC|43.380001|43.560001|42.709999|42.730000|6252300|0.9737696536|41.609180
2025-09-16|74|MDT|93.269997|95.540001|93.269997|94.190002|7722300|0.9685091881|91.223885
2025-09-16|75|BNY|106.440002|107.000000|104.769997|105.489998|2369300|0.9828746130|103.683449
2025-09-16|76|EIX|56.000000|56.220001|54.880001|55.180000|3241100|0.9477686299|52.297878
2025-09-16|77|FRT|100.860001|101.099998|99.720001|99.910004|492800|0.9585027133|95.764000
2025-09-16|78|PNR|110.620003|111.160004|109.650002|111.010002|1183400|0.9879062781|109.667473
2025-09-16|79|USB|49.470001|49.470001|48.029999|48.389999|13158800|0.9616675228|46.535091
2025-09-16|80|WY|24.799999|25.160000|24.790001|24.940001|4705000|0.9737086273|24.284292
2025-09-16|81|SYY|79.930000|81.650002|79.870003|81.529999|4449200|0.9724100270|79.280586
2025-09-16|82|WRB|72.559998|72.559998|70.430000|71.419998|3552400|0.9730521615|69.495384
2025-09-16|83|IFF|64.720001|64.830002|64.300003|64.519997|1712300|0.9763780056|62.995903
2025-09-16|84|TAP|47.830002|48.139999|46.970001|47.430000|2758800|0.9680101781|45.383724
2025-09-16|85|PNC|202.589996|203.139999|198.679993|200.940002|1187400|0.9681422743|194.538513
2025-09-16|86|TRV|274.880005|274.880005|270.679993|271.950012|2475000|0.9883140678|268.772034
2025-09-16|87|C|99.860001|100.849998|99.209999|100.639999|12350700|0.9792834329|98.555092
2025-09-16|88|FDX|228.790003|230.000005|225.839996|227.700000|1833700|0.7954691757|181.128342
2025-09-16|89|WDC|102.529999|103.980003|101.440002|103.089996|8734900|0.9984583045|102.931061
2025-09-16|90|DHR|189.000000|192.070007|187.759995|190.470001|4817600|0.9926766998|189.075134
2025-09-16|91|APA|23.250000|24.969999|23.110001|24.510000|11232600|0.9662983352|23.683973
2025-09-16|92|LUV|31.510000|31.709999|30.709999|31.570000|8161900|0.9870678085|31.161732
2025-09-16|93|PEG|82.580002|82.930000|81.129997|81.220001|1707300|0.9756675447|79.243713
2025-09-16|94|UNP|218.440002|219.020004|215.440002|216.000000|4425900|0.9839040791|212.523270
2025-09-16|95|ABT|131.759995|133.660004|131.199997|132.759995|5401600|0.9774083434|129.760742
2025-09-16|96|ADI|242.949997|247.320007|242.220001|244.100006|2913800|0.9906566026|241.819290
2025-09-16|97|ADM|60.770000|62.919998|59.919998|62.349998|4665400|0.9716117081|60.579987
2025-09-16|98|ADP|290.250000|291.910004|282.269989|288.690002|2609100|0.9780151607|282.343201
2025-09-16|99|AFL|108.010002|108.110001|106.959999|107.629997|2874500|0.9795217260|105.425919
2025-09-16|100|AMAT|172.460007|174.100006|171.580002|173.539993|6447500|0.9944993487|172.585434
2025-09-16|101|AMD|161.369995|161.949997|159.220001|160.460007|27946500|1.0000000000|160.460007
2025-09-16|102|APD|288.429993|290.359985|282.640015|284.950012|735900|0.9740417964|277.553223
2025-09-16|103|BF-B|27.400000|27.600000|27.120001|27.320000|3089900|0.9746521115|26.627495
2025-09-16|104|CHD|91.250000|91.879997|91.190002|91.519997|2036800|0.9872146942|90.349876
2025-09-16|105|CINF|154.690002|154.699997|153.100006|153.270004|434700|0.9780901218|149.911880
2025-09-16|106|CMCSA|32.619999|32.760000|31.980000|32.290001|21622100|0.8939029736|28.864126
2025-09-16|107|D|60.430000|60.549999|59.360001|59.400002|4550900|0.9687101350|57.541382
2025-09-16|108|DOV|171.899994|172.860001|171.039993|172.570007|947300|0.9924896872|171.273956
2025-09-16|109|DUK|122.629997|122.830002|120.199997|120.250000|4158400|0.9660947366|116.172882
2025-09-16|110|EFX|256.609985|261.829987|252.869995|260.579987|1092000|0.9915561793|258.379700
2025-09-16|111|EQT|50.200001|50.500000|48.470001|49.950001|12419200|0.9883492503|49.368046
2025-09-16|112|FITB|45.459999|45.459999|44.500000|45.000000|4613700|0.9671869264|43.523411
2025-09-16|113|GIS|49.099998|49.770000|48.840000|49.560001|8132800|0.9414262429|46.657085
2025-09-16|114|GPC|140.050003|140.740005|138.910004|139.630005|1884900|0.9724963604|135.789673
2025-09-16|115|HAS|76.160004|76.349998|74.099998|74.690002|2033600|0.9687474839|72.355759
2025-09-16|116|HBAN|17.620001|17.620001|17.200001|17.430000|26061100|0.9638541944|16.799980
2025-09-16|117|HRL|24.820000|25.139999|24.760000|25.020000|3511300|0.9501443377|23.772612
2025-09-16|118|HST|17.700001|17.780001|17.330000|17.660000|7521200|0.9239624647|16.317175
2025-09-16|119|HSY|192.479996|195.350006|188.710007|193.449997|2815300|0.9707271518|187.787170
2025-09-16|120|INTC|24.820000|25.340000|24.690001|25.270000|60336600|1.0000000000|25.270000
2025-09-16|121|J|146.910004|147.490005|145.330002|146.160004|611600|0.9894584622|144.619263
2025-09-16|122|JPM|310.000000|310.899994|307.130005|309.190002|10525600|0.9812283969|303.386017
2025-09-16|123|KMB|125.400002|126.059998|124.480003|125.040001|2084500|0.9627154389|120.377937
2025-09-16|124|L|96.940002|97.099998|95.709999|95.889999|829400|0.9977044368|95.669884
2025-09-16|125|LEN|134.479996|134.710007|131.210007|133.809998|4007900|0.9802617213|131.168808
2025-09-16|126|LOW|272.929993|273.269989|269.410004|270.519989|1940700|0.9798699778|265.074402
2025-09-16|127|MAS|73.800003|74.070000|73.070000|73.300003|2082500|0.9817399064|71.961540
2025-09-16|128|MTB|196.960007|196.960007|192.669998|195.279999|805700|0.9784172563|191.065323
2025-09-16|129|NEM|79.330002|79.620003|78.129997|79.019997|10773200|0.9927701446|78.448700
2025-09-16|130|NTRS|130.389999|130.389999|128.119995|129.250000|699200|0.9838837164|127.166962
2025-09-16|131|NUE|142.639999|144.919998|141.990005|142.929993|2037300|0.9867766388|141.039978
2025-09-16|132|OMC|76.809998|77.559998|75.989998|76.900002|2342900|0.9700503706|74.596870
2025-09-16|133|PCAR|102.180000|103.220001|101.839996|102.860001|2240200|0.9759401745|100.385201
2025-09-16|134|PGR|243.720001|245.559998|241.029999|244.970001|2835700|0.9389929753|230.025085
2025-09-16|135|PH|760.000000|760.599976|749.169983|754.049988|652700|0.9937397742|749.329468
2025-09-16|136|PHM|134.860001|135.330002|131.380005|133.869995|2257800|0.9937132889|133.028397
2025-09-16|137|PPG|109.419998|109.910004|107.919998|108.360001|1220500|0.9744973374|105.596527
2025-09-16|138|PPL|36.009998|36.009998|35.480000|35.490002|5112600|0.9766950417|34.662907
2025-09-16|139|RF|26.950001|26.950001|26.240000|26.559999|16191800|0.9708879210|25.786783
2025-09-16|140|ROL|56.070000|56.240002|55.000000|55.230000|2344800|0.9856812639|54.439175
2025-09-16|141|SHW|356.549988|357.399994|352.380005|353.200012|2266100|0.9906031983|349.881104
2025-09-16|142|STT|112.040001|112.040001|110.320000|110.489998|1682000|0.9748965288|107.716316
2025-09-16|143|SWK|78.800003|79.419998|77.349998|77.809998|1753600|0.9672078260|75.258438
2025-09-16|144|SYK|375.489990|378.589996|375.000000|376.619995|1251200|0.9899211911|372.824127
2025-09-16|145|TMO|470.269989|484.589996|470.049988|480.739990|1799800|0.9972620730|479.423737
2025-09-16|146|TPL|926.529968|944.139954|926.380005|935.670044|109600|0.3318281124|310.481659
2025-09-16|147|TSN|54.049999|54.619999|53.790001|54.340000|2944500|0.9750492370|52.984173
2025-09-16|148|TT|403.040009|406.029999|398.299988|399.989990|1402700|0.9953350758|398.124054
2025-09-16|149|TYL|540.109985|541.289978|532.900024|534.669983|246900|1.0000000000|534.669983
2025-09-16|150|UDR|37.770000|38.080002|37.270000|37.310001|2588700|0.9573816019|35.719910
2025-09-16|151|VTRS|9.600000|9.650000|9.490000|9.560000|10106300|0.9657614708|9.232679
2025-09-16|152|WEC|110.559998|110.849998|108.669998|108.690002|1396400|0.9669333840|105.095978
2025-09-16|153|WST|255.089996|258.809998|254.350006|258.350006|436200|0.9968900108|257.546539
2025-09-16|154|NDSN|225.919998|227.649994|225.179993|226.130005|306200|0.9906696357|224.020142
2025-09-16|155|TFC|44.810001|44.970001|43.990002|44.560001|6036900|0.9589220174|42.729565
2025-09-16|156|WELL|169.009995|169.149994|164.929993|165.210007|2715700|0.9854911345|162.813004
2025-09-16|157|AON|361.260010|362.760010|356.149994|356.570007|1351500|0.9951005240|354.823029
2025-09-16|158|GL|142.139999|142.500000|140.440002|140.860001|525600|0.9919590983|139.727356
2025-09-16|159|OKE|73.059998|73.309998|72.309998|72.580002|2645200|0.9485114183|68.842957
2025-09-16|160|KLAC|993.499985|1002.040024|975.059967|990.569992|776100|0.0994634319|98.525497
2025-09-16|161|CSX|32.590000|32.810001|32.410000|32.470001|12186400|0.9900119853|32.145691
2025-09-16|162|PSA|286.359985|287.869995|283.529999|284.809998|877100|0.9701110817|276.297333
2025-09-16|163|NKE|72.800003|73.379997|72.089996|72.750000|8813600|0.9783499344|71.174957
2025-09-16|164|AAPL|237.179993|241.220001|236.320007|238.149994|63421100|0.9963195807|237.273514
2025-09-16|165|BRO|90.629997|91.470001|89.989998|90.919998|2231000|0.9904200305|90.048996
2025-09-16|166|UHS|190.350006|191.529999|185.740005|186.259995|636200|0.9968342486|185.670334
2025-09-16|167|HD|423.750000|424.529999|420.089996|421.450012|3726700|0.9796274407|412.863983
2025-09-16|168|BAX|23.850000|24.090000|23.770000|23.870001|5747100|0.9984613291|23.824083
2025-09-16|169|COP|93.080002|95.099998|92.650002|94.540001|7860400|0.9694370271|91.650581
2025-09-16|170|GLW|78.279999|78.809998|77.320000|78.699997|12936700|0.9932214224|78.166527
2025-09-16|171|HUM|272.000000|273.500000|264.839996|272.320007|2637100|0.9857757655|268.446442
2025-09-16|172|LHX|283.630005|286.809998|282.260010|284.269989|1332700|0.9883920425|280.970184
2025-09-16|173|NOC|578.000000|587.239990|575.950012|579.359985|1104500|0.9884333448|572.658752
2025-09-16|174|OXY|45.779999|47.880001|45.700001|47.759998|13816500|0.9849760250|47.042450
2025-09-16|175|ROK|346.000000|346.309998|338.809998|342.260010|918400|0.9867997940|337.742126
2025-09-16|176|SLB|34.900002|35.560001|34.619999|35.240002|20804800|0.9812007073|34.577511
2025-09-16|177|SO|92.099998|92.320000|91.349998|91.360001|6625700|0.9680357165|88.439735
2025-09-16|178|WMB|58.529999|58.630001|57.660000|57.950001|6820100|0.9774919343|56.645657
2025-09-16|179|VLO|159.369995|163.339996|158.649994|162.639999|2920600|0.9792382128|159.263306
2025-09-16|180|CI|297.250000|298.760010|292.320007|294.209991|1660800|0.9832673314|289.287079
2025-09-16|181|NSC|278.000000|280.989990|277.609985|278.089996|1707100|0.9826794519|273.273315
2025-09-16|182|COO|65.790001|66.050003|64.860001|65.160004|1865800|1.0000000000|65.160004
2025-09-16|183|AMGN|275.890015|277.589996|271.730011|273.079987|2157400|0.9730085280|265.709137
2025-09-16|184|RJF|168.070007|169.630005|166.889999|169.070007|1173200|0.9865274707|166.792206
2025-09-16|185|WSM|201.000000|201.380005|193.619995|196.059998|958600|0.9861134039|193.337387
2025-09-16|186|CAH|151.020004|151.020004|148.259995|148.369995|2852700|0.9897070842|146.842819
2025-09-16|187|CTAS|198.949997|200.179993|198.009995|199.289993|1983800|0.9900452227|197.306122
2025-09-16|188|PAYX|131.960007|132.399994|130.240005|131.619995|2991400|0.9578135440|126.067421
2025-09-16|189|BEN|24.420000|24.440001|24.150000|24.240000|1880000|0.9494134464|23.013783
2025-09-16|190|AOS|73.300003|73.709999|72.779999|73.610001|640100|0.9781906723|72.004616
2025-09-16|191|CASY|554.880005|565.710022|548.650024|561.179993|582400|0.9965302403|559.232849
2025-09-16|192|T|29.620001|29.650000|29.209999|29.330000|28118200|0.9549684422|28.009224
2025-09-16|193|VZ|43.869999|43.950001|43.299999|43.740002|16173600|0.9360588259|40.943214
2025-09-16|194|JBHT|136.940002|137.979996|136.210007|137.800003|964000|0.9918818614|136.681305
2025-09-16|195|ATO|164.610001|165.750000|162.899994|163.210007|1182300|0.9773427979|159.512131
2025-09-16|196|LRCX|119.980003|120.970001|118.669998|120.470001|9897200|0.9944959804|119.806931
2025-09-16|197|MU|157.979996|159.559998|157.169998|158.820007|16911600|0.9983975840|158.565506
2025-09-16|198|AJG|287.809998|292.750000|285.799988|291.459991|1175600|0.9910126646|288.840546
2025-09-16|199|AME|189.429993|189.949997|186.389999|187.270004|1060900|0.9953689352|186.402756
2025-09-16|200|SWKS|73.480003|74.599998|73.220001|74.220001|2744600|0.9685989226|71.889420
2025-09-16|201|EXPD|124.320000|125.570000|124.129997|124.800003|817200|0.9896583057|123.509361
2025-09-16|202|UNH|347.500000|349.040009|338.320007|339.779999|12695800|0.9800610506|333.005127
2025-09-16|203|BBY|74.559998|74.839996|73.440002|74.040001|2708300|0.9471666927|70.128235
2025-09-16|204|DOC|18.219999|18.309999|18.100000|18.230000|6803600|0.9354053519|17.052441
2025-09-16|205|ADSK|320.880005|321.019989|316.170013|318.510010|1171800|1.0000000000|318.510010
2025-09-16|206|DVN|33.939999|35.130001|33.889999|34.970001|8053700|0.9814598964|34.321655
2025-09-16|207|NVR|8277.099609|8282.910156|8127.850098|8209.980469|17100|1.0000000000|8209.980469
2025-09-16|208|ROST|147.100006|147.539993|145.770004|146.449997|1554600|0.9936631572|145.521973
2025-09-16|209|JKHY|158.080002|159.250000|157.360001|159.070007|695400|0.9886171552|157.259323
2025-09-16|210|MNST|64.190002|66.300003|64.190002|66.160004|8652900|0.5000000000|66.160004
2025-09-16|211|ORCL|314.059998|319.970001|302.269989|306.649994|51923300|0.9887307780|303.194305
2025-09-16|212|MSFT|516.880005|517.229980|508.600006|509.040009|19711900|0.9918394551|504.885986
2025-09-16|213|TROW|104.220001|104.629997|103.279999|103.690002|1137900|0.9618549978|99.734749
2025-09-16|214|COST|959.099976|959.580017|950.799988|952.070007|2012600|0.9941992924|946.547363
2025-09-16|215|ADBE|350.160004|356.940002|348.320007|352.730011|6697000|1.0000000000|352.730011
2025-09-16|216|FISV|131.470001|133.949997|130.759995|132.750000|3374200|1.0000000000|132.750000
2025-09-16|217|BKR|46.520000|47.380001|46.380001|47.230000|5092700|0.9846041741|46.502853
2025-09-16|218|CDNS|350.170013|352.570007|347.950012|349.010010|1459000|1.0000000000|349.010010
2025-09-16|219|TJX|140.669998|141.110001|138.830002|139.550003|3786300|0.9879468300|137.867981
2025-09-16|220|FICO|1560.000000|1563.050049|1549.160034|1553.540039|165200|1.0000000000|1553.540039
2025-09-16|221|CCL|31.250000|31.250000|30.549999|31.200001|19976900|0.9841845235|30.706558
2025-09-16|222|FAST|47.740002|47.930000|46.730000|47.250000|5579500|0.9787399757|46.245468
2025-09-16|223|SCHW|92.330002|92.400002|90.500000|91.029999|13613800|0.9873800864|89.881203
2025-09-16|224|JCI|107.860001|107.940002|106.080002|106.959999|3223700|0.9941759575|106.337059
2025-09-16|225|COHR|106.699997|107.349998|102.870003|104.470001|3712600|1.0000000000|104.470001
2025-09-16|226|KEY|18.860001|18.870001|18.400000|18.629999|34792400|0.9696888308|18.065302
2025-09-16|227|MOS|34.009998|34.240002|33.450001|33.820000|3834500|0.9727377902|32.897995
2025-09-16|228|MGM|35.590000|36.060001|34.910000|35.360001|4264500|1.0000000000|35.360001
2025-09-16|229|WM|216.139999|216.529999|213.710007|213.880005|2126500|0.9879218676|211.296722
2025-09-16|230|TECH|51.520000|52.200001|50.959999|51.779999|3987600|0.9943671322|51.488331
2025-09-16|231|IEX|161.229996|163.979996|160.800003|163.839996|747700|0.9853525022|161.440140
2025-09-16|232|GEN|28.780001|28.870001|28.480000|28.600000|3207500|0.9804358251|28.040462
2025-09-16|233|CRH|114.050003|114.050003|112.080002|112.529999|3132100|0.9889154582|111.282661
2025-09-16|234|EOG|118.930000|121.379997|118.339996|120.839996|2717700|0.9664053429|116.780411
2025-09-16|235|PTC|204.149994|205.869995|202.929993|204.949997|956000|1.0000000000|204.949997
2025-09-16|236|CSCO|67.019997|67.379997|66.550003|66.930000|18019300|0.9797136141|65.572227
2025-09-16|237|LH|275.399994|277.000000|273.880005|274.089996|410900|0.9921089357|271.345367
2025-09-16|238|TRMB|80.900002|81.260002|80.459999|80.889999|1191100|1.0000000000|80.889999
2025-09-16|239|AZO|4237.600098|4285.339844|4212.339844|4223.930176|118900|1.0000000000|4223.930176
2025-09-16|240|REGN|573.429993|579.400024|567.299988|575.059998|707900|0.9948983635|572.126221
2025-09-16|241|IDXX|640.369995|648.320007|635.500000|645.650024|404500|1.0000000000|645.650024
2025-09-16|242|AES|13.010000|13.040000|12.690000|12.700000|8826000|0.9525797478|12.097763
2025-09-16|243|VRTX|392.589996|395.450012|386.320007|391.359985|1698400|1.0000000000|391.359985
2025-09-16|244|ZBRA|319.679993|322.140015|316.959991|318.410004|495300|1.0000000000|318.410004
2025-09-16|245|BIIB|143.509995|147.229996|143.020004|143.679993|1935800|1.0000000000|143.679993
2025-09-16|246|ODFL|145.800003|147.389999|144.630005|147.020004|1707700|0.9953671039|146.338882
2025-09-16|247|APH|119.180000|119.820000|118.209999|119.040001|7717500|0.9946061744|118.397911
2025-09-16|248|KIM|22.299999|22.379999|22.049999|22.110001|4117100|0.9657396580|21.352507
2025-09-16|249|QCOM|161.820007|165.000000|161.500000|164.139999|7997500|0.9849314898|161.666641
2025-09-16|250|GILD|113.220001|114.129997|110.150002|110.860001|5458800|0.9813788839|108.795654
2025-09-16|251|ROP|505.000000|506.260010|499.000000|502.440002|1871700|0.9912816468|498.059570
2025-09-16|252|SNPS|420.549988|427.369995|417.000000|425.970001|3006200|1.0000000000|425.970001
2025-09-16|253|STZ|135.669998|135.710007|133.839996|134.679993|2904400|0.9716065224|130.855972
2025-09-16|254|BSX|99.570000|99.860001|98.199997|98.980003|20889900|1.0000000000|98.980003
2025-09-16|255|STE|247.789993|249.839996|247.119995|247.990005|567900|0.9945039836|246.627060
2025-09-16|256|DHI|172.550003|172.820007|168.020004|171.690002|3133500|0.9881394354|169.653656
2025-09-16|257|LIN|476.440002|478.440002|470.899994|471.470001|1470500|0.9898650243|466.691650
2025-09-16|258|SBUX|83.029999|84.730003|83.000000|84.370003|10244300|0.9751160265|82.270546
2025-09-16|259|MS|157.080002|157.500000|155.220001|155.809998|7539500|0.9778330741|152.356186
2025-09-16|260|INTU|651.840027|655.109985|644.460022|651.299988|1578400|0.9888907264|644.064514
2025-09-16|261|MCHP|63.639999|64.720001|63.290001|64.449997|7680300|0.9744763190|62.804996
2025-09-16|262|CB|274.809998|275.480011|271.450012|272.019989|2705600|0.9939554166|270.375732
2025-09-16|263|ORLY|106.209999|107.160004|105.379997|105.389999|5495900|1.0000000000|105.389999
2025-09-16|264|RCL|328.869995|329.500000|317.519989|321.700012|3128100|0.9831897671|316.292175
2025-09-16|265|JBL|215.740005|216.460007|210.869995|213.330002|1306400|0.9988481715|213.084290
2025-09-16|266|ALL|198.050003|198.550003|194.779999|196.300003|1489200|0.9851043015|193.375977
2025-09-16|267|CPT|108.540001|108.949997|106.900002|107.120003|935700|0.9608575952|102.927063
2025-09-16|268|VMRK|65.150002|65.489998|64.620003|64.750000|2576900|0.9568407274|61.955441
2025-09-16|269|IT|246.240005|251.869995|244.990005|250.880005|2021100|1.0000000000|250.880005
2025-09-16|270|DECK|118.250000|119.040001|115.500000|118.690002|2213100|1.0000000000|118.690002
2025-09-16|271|REG|70.730003|71.099998|70.230003|70.379997|1129700|0.9701425273|68.278625
2025-09-16|272|INCY|83.150002|84.580002|83.150002|83.900002|1691400|1.0000000000|83.900002
2025-09-16|273|SPG|183.279999|184.070007|181.250000|181.520004|1348600|0.9659807077|175.344818
2025-09-16|274|MAA|140.690002|141.729996|139.009995|139.389999|612900|0.9546815481|133.073059
2025-09-16|275|MLM|611.530029|614.049988|606.179993|609.760010|296100|0.9960197565|607.333008
2025-09-16|276|TSCO|59.549999|59.830002|58.480000|58.990002|5254500|0.9764906296|57.603184
2025-09-16|277|ALB|80.769997|82.000000|79.919998|80.940002|2255700|0.9919948535|80.292068
2025-09-16|278|CPRT|47.529999|47.630001|46.320000|46.570000|11061400|1.0000000000|46.570000
2025-09-16|279|FLEX|57.939999|57.939999|56.689999|57.200001|3103000|1.0000000000|57.200001
2025-09-16|280|ESS|265.380005|266.890015|264.000000|265.549988|496700|0.9616604752|255.368958
2025-09-16|281|O|60.240002|60.549999|59.790001|59.980000|6206300|0.9523910542|57.124420
2025-09-16|282|MCO|507.700012|509.750000|503.239990|508.000000|504200|0.9914008639|503.631653
2025-09-16|283|SJM|102.500000|104.809998|102.419998|104.540001|1905000|0.9604551346|100.405975
2025-09-16|284|MCK|705.099976|707.700012|691.630005|693.450012|617500|0.9971371280|691.464783
2025-09-16|285|COF|227.789993|227.789993|222.320007|224.410004|3254900|0.9846948620|220.975388
2025-09-16|286|EME|624.140015|627.619995|613.549988|618.989990|431200|0.9980200530|617.764404
2025-09-16|287|DLTR|96.750000|97.379997|94.900002|95.480003|5277700|1.0000000000|95.480003
2025-09-16|288|COR|291.549988|292.920013|287.299988|290.000000|1792800|0.9924371875|287.806793
2025-09-16|289|DRI|212.419998|214.339996|209.449997|210.039993|1261900|0.9692558966|203.582489
2025-09-16|290|RMD|270.420013|273.700012|270.079987|272.600006|840800|0.9895309167|269.746124
2025-09-16|291|WAB|188.669998|189.039993|186.669998|187.649994|1083200|0.9953491745|186.777267
2025-09-16|292|FCX|45.650002|45.900002|44.810001|45.299999|10043200|0.9893641669|44.818195
2025-09-16|293|IVZ|22.350000|22.450001|21.889999|22.100000|3111300|0.9692003654|21.419329
2025-09-16|294|ACGL|88.959999|89.230003|87.199997|87.379997|2710500|1.0000000000|87.379997
2025-09-16|295|ERIE|322.220001|323.980011|320.440002|320.730011|115300|0.9792544909|314.076294
2025-09-16|296|EG|334.769989|336.859985|327.350006|330.630005|386400|0.9878843207|326.624207
2025-09-16|297|DVA|131.309998|131.309998|129.660004|130.110001|738100|1.0000000000|130.110001
2025-09-16|298|HSIC|69.029999|69.110001|67.900002|68.389999|1258100|1.0000000000|68.389999
2025-09-16|299|EL|87.550003|89.099998|86.779999|88.519997|2257400|0.9893232983|87.574890
2025-09-16|300|WAT|299.239990|304.339996|296.609985|303.079987|515100|1.0000000000|303.079987
2025-09-16|301|NTAP|124.059998|124.559998|122.669998|123.370003|1685000|0.9828001938|121.248055
2025-09-16|302|HIG|131.649994|132.100006|129.570007|129.649994|2306400|0.9867007020|127.925735
2025-09-16|303|IRM|100.160004|101.019997|98.279999|100.349998|2064900|0.9749654551|97.837784
2025-09-16|304|BRK-B|491.269989|491.920013|487.200012|490.989990|4070000|1.0000000000|490.989990
2025-09-16|305|FDS|344.140015|346.279999|341.790009|345.190002|639700|0.9861098905|340.395294
2025-09-16|306|STLD|138.350006|141.899994|135.429993|139.669998|2346100|0.9881804292|138.019150
2025-09-16|307|DGX|180.479996|181.589996|179.660004|180.160004|549500|0.9827524115|177.052673
2025-09-16|308|CIEN|136.389999|137.639999|133.940002|137.479996|2907000|1.0000000000|137.479996
2025-09-16|309|TTWO|247.539993|250.960007|246.720001|247.729996|1764100|1.0000000000|247.729996
2025-09-16|310|VTR|69.800003|69.949997|68.019997|68.070000|2806300|0.9750191622|66.369553
2025-09-16|311|AMZN|232.940002|235.899994|232.229996|234.050003|38203900|1.0000000000|234.050003
2025-09-16|312|ARE|86.019997|86.580002|84.860001|85.750000|1068400|0.9425806495|80.826294
2025-09-16|313|RL|305.989990|316.140015|303.380005|314.660004|749700|0.9893282798|311.302032
2025-09-16|314|BXP|77.949997|79.220001|77.660004|78.930000|2682900|0.9573561810|75.564125
2025-09-16|315|FIX|780.520020|785.229980|768.919983|777.179993|406100|0.9979565203|775.591736
2025-09-16|316|YUM|148.899994|149.919998|147.210007|148.009995|2370600|0.9858960568|145.922470
2025-09-16|317|CHRW|133.240005|134.039993|132.039993|133.770004|2061800|0.9892308245|132.329407
2025-09-16|318|FE|43.459999|43.619999|43.049999|43.049999|2913200|0.9613759059|41.387230
2025-09-16|319|MTD|1258.500000|1282.760010|1242.819946|1276.099976|124200|1.0000000000|1276.099976
2025-09-16|320|PLD|113.870003|114.879997|112.879997|114.029999|2989900|0.9772581725|111.436752
2025-09-16|321|URI|960.659973|963.849976|941.000000|958.650024|447300|0.9918999023|950.884766
2025-09-16|322|AEE|100.059998|100.400002|98.510002|98.559998|964900|0.9792499824|96.514877
2025-09-16|323|VRSN|287.459991|288.640015|285.450012|287.470001|458600|0.9876930267|283.932129
2025-09-16|324|PWR|386.029999|387.200012|375.500000|378.239990|821900|0.9991491848|377.918182
2025-09-16|325|AMT|192.000000|195.149994|191.479996|194.729996|3253800|0.9628069961|187.487411
2025-09-16|326|MAR|265.589996|269.100006|264.019989|267.890015|1266400|0.9917417055|265.677673
2025-09-16|327|CTSH|68.830002|69.389999|68.459999|69.169998|3731600|0.9779331176|67.643631
2025-09-16|328|SRE|83.199997|83.599998|82.570000|82.699997|4362900|0.9718725927|80.373863
2025-09-16|329|CSGP|88.629997|88.839996|87.220001|88.129997|2116000|1.0000000000|88.129997
2025-09-16|330|RSG|227.740005|228.619995|224.880005|225.330002|1648300|0.9886066709|222.762741
2025-09-16|331|CCI|93.400002|94.279999|93.389999|93.570000|2549700|0.9648543647|90.281425
2025-09-16|332|EBAY|90.360001|90.459999|88.040001|88.849998|7728300|0.9904184858|87.731941
2025-09-16|333|NVDA|177.000000|177.500000|174.380005|174.880005|140737800|0.9987261828|174.657242
2025-09-16|334|BKNG|5576.580048|5576.580048|5430.049896|5475.009918|172300|0.0397328628|217.537811
2025-09-16|335|GS|789.530029|790.010010|779.690002|785.530029|1529500|0.9855142723|774.151001
2025-09-16|336|FFIV|324.049988|325.000000|321.290009|323.730011|289000|1.0000000000|323.730011
2025-09-16|337|SBAC|198.160004|199.839996|197.190002|199.179993|1746400|0.9751039390|194.221176
2025-09-16|338|LII|549.489990|558.109985|547.969971|550.400024|352800|0.9895934539|544.672241
2025-09-16|339|BLK|1120.000000|1123.390015|1106.609985|1118.890015|547500|0.9841011192|1101.100830
2025-09-16|340|TKO|204.229996|204.229996|199.839996|200.289993|3258900|0.9884090368|197.968445
2025-09-16|341|AKAM|76.570000|76.900002|75.680000|76.379997|1188700|1.0000000000|76.379997
2025-09-16|342|UPS|84.430000|85.349998|84.309998|85.199997|6185500|0.9383630641|79.948532
2025-09-16|343|A|125.629997|127.580002|125.019997|127.190002|1721100|0.9920393505|126.177498
2025-09-16|344|TDY|556.190002|560.000000|553.869995|554.880005|238100|1.0000000000|554.880005
2025-09-16|345|PKG|210.929993|212.190002|209.929993|211.470001|636200|0.9816059808|207.580231
2025-09-16|346|EW|75.730003|76.080002|74.889999|75.089996|5156300|1.0000000000|75.089996
2025-09-16|347|MET|80.989998|80.989998|78.580002|78.730003|5022700|0.9722454281|76.544891
2025-09-16|348|ON|48.500000|49.840000|48.330002|49.560001|8170100|1.0000000000|49.560001
2025-09-16|349|ISRG|433.649994|437.170013|429.720001|434.500000|2940500|1.0000000000|434.500000
2025-09-16|350|CRL|150.559998|152.929993|149.899994|151.600006|775200|1.0000000000|151.600006
2025-09-16|351|MRVL|67.839996|69.180000|67.360001|68.860001|15931000|0.9978740377|68.713600
2025-09-16|352|EQIX|791.190002|791.190002|771.140015|779.309998|486200|0.9790491812|762.982788
2025-09-16|353|TPR|110.160004|110.160004|107.760002|109.500000|2885300|0.9910289553|108.517670
2025-09-16|354|GRMN|234.839996|237.199997|233.779999|236.669998|797200|0.9875544034|233.724503
2025-09-16|355|GPN|83.699997|84.480003|82.529999|84.290001|5512000|0.9898898052|83.437813
2025-09-16|356|ALGN|131.759995|133.229996|131.270004|131.820007|761200|1.0000000000|131.820007
2025-09-16|357|WTW|330.140015|332.510010|328.029999|330.720001|487400|0.9876703786|326.642334
2025-09-16|358|MDLZ|61.619999|62.950001|61.459999|62.700001|8403200|0.9664286986|60.595085
2025-09-16|359|AXON|760.789978|766.630005|750.650024|750.669983|484700|1.0000000000|750.669983
2025-09-16|360|FIS|66.730003|66.949997|65.660004|66.440002|2989700|0.9743297530|64.734474
2025-09-16|361|ACN|237.509995|238.750000|235.830002|236.809998|6464100|0.9798095806|232.028687
2025-09-16|362|ZBH|100.250000|100.690002|98.669998|99.120003|1734900|0.9895894440|98.088104
2025-09-16|363|BG|80.540001|84.089996|79.580002|83.690002|2429800|0.9749906568|81.596977
2025-09-16|364|PFG|82.919998|83.089996|79.739998|80.089996|1766400|0.9740293311|78.009995
2025-09-16|365|ELV|307.690002|311.329987|304.329987|310.000000|2068100|0.9847701459|305.278717
2025-09-16|366|CNC|32.759998|32.959999|31.770000|31.799999|10632900|1.0000000000|31.799999
2025-09-16|367|PRU|105.400002|105.400002|101.639999|102.150002|2637300|0.9496925157|97.011101
2025-09-16|368|NFLX|1205.640030|1209.000015|1197.279968|1200.510025|2404700|0.1000000000|120.051003
2025-09-16|369|NDAQ|93.000000|93.169998|92.430000|92.540001|5223800|0.9903103249|91.643318
2025-09-16|370|WYNN|122.089996|123.010002|120.190002|120.680000|1416300|0.9907231274|119.560471
2025-09-16|371|CME|258.440002|262.420013|257.880005|259.829987|1992700|0.9671562481|251.296219
2025-09-16|372|STX|211.300003|215.199997|207.660004|211.130005|4888200|0.9918108479|209.401031
2025-09-16|373|NRG|166.619995|167.240005|162.250000|164.220001|2536200|0.9877934975|162.215454
2025-09-16|374|AIZ|208.610001|208.619995|205.009995|205.440002|331700|0.9887198190|203.122604
2025-09-16|375|CBRE|165.710007|165.929993|162.309998|162.839996|1462900|1.0000000000|162.839996
2025-09-16|376|CRM|242.520004|242.679993|237.240005|239.309998|8779800|0.9916072498|237.301529
2025-09-16|377|DPZ|448.079987|450.029999|440.529999|442.420013|634900|0.9848757173|435.728760
2025-09-16|378|EXR|143.360001|144.350006|142.720001|143.419998|981500|0.9661267437|138.561905
2025-09-16|379|GOOG|252.330002|253.229996|249.714996|251.419998|24493500|0.9980438060|250.928177
2025-09-16|380|GOOGL|252.080002|253.039993|249.470001|251.160004|34109700|0.9980471771|250.669540
2025-09-16|381|DLR|175.050003|175.369995|172.110001|173.860001|1590100|0.9788235933|170.178268
2025-09-16|382|MPWR|847.570007|860.200012|844.630005|857.020020|401200|0.9930512692|851.064880
2025-09-16|383|LVS|52.630001|52.720001|51.549999|51.860001|6442400|0.9787990268|50.760517
2025-09-16|384|DXCM|75.790001|77.730003|75.599998|76.550003|4300500|1.0000000000|76.550003
2025-09-16|385|BLDR|142.080002|142.259995|136.419998|136.990005|1609400|1.0000000000|136.990005
2025-09-16|386|WBD|18.770000|18.930000|17.610001|18.250000|85406900|1.0000000000|18.250000
2025-09-16|387|EXPE|227.960007|228.710007|222.759995|224.979996|1506100|0.9926306212|223.322052
2025-09-16|388|CF|85.970001|86.269997|84.650002|84.959999|2600900|0.9797238699|83.237335
2025-09-16|389|AMP|488.119995|489.100006|483.640015|486.130005|576300|0.9868973539|479.760376
2025-09-16|390|ICE|171.570007|171.869995|170.250000|171.399994|3179400|0.9901381914|169.709702
2025-09-16|391|PSKY|18.590000|18.620001|17.450001|17.530001|9622700|0.9863259572|17.290295
2025-09-16|392|LYV|170.070007|170.949997|166.830002|170.419998|3120100|1.0000000000|170.419998
2025-09-16|393|CMG|39.000000|39.480000|38.900002|39.299999|23534100|1.0000000000|39.299999
2025-09-16|394|UAL|104.500000|105.239998|102.099998|104.199997|4989400|1.0000000000|104.199997
2025-09-16|395|TDG|1302.250000|1304.319946|1279.640015|1281.729980|260200|1.0000000000|1281.729980
2025-09-16|396|MA|578.010010|588.109985|576.830017|586.419983|2537000|0.9938070309|582.788269
2025-09-16|397|LDOS|182.559998|183.789993|180.839996|182.580002|904500|0.9917626624|181.076019
2025-09-16|398|FSLR|207.380005|208.440002|203.990005|205.250000|1847100|1.0000000000|205.250000
2025-09-16|399|BR|249.479996|250.020004|244.910004|245.610001|524400|0.9836780236|241.601151
2025-09-16|400|SMCI|45.549999|45.820000|44.500000|44.910000|18139200|1.0000000000|44.910000
2025-09-16|401|TMUS|239.880005|240.149994|236.149994|237.619995|3639600|0.9849640725|232.704102
2025-09-16|402|DAL|58.480000|58.639999|57.049999|57.860001|10140900|0.9891783114|57.233860
2025-09-16|403|IBKR|62.250000|62.720001|61.560001|62.480000|4098800|0.9966884542|62.273094
2025-09-16|404|PODD|340.720001|345.200012|328.929993|332.130005|812100|1.0000000000|332.130005
2025-09-16|405|TEL|211.960007|213.289993|210.000000|212.559998|1487300|0.9892434805|210.273590
2025-09-16|406|BX|184.449997|185.139999|183.330002|183.720001|2924300|0.9610163599|176.557938
2025-09-16|407|LULU|160.000000|163.639999|159.750000|162.339996|5091000|1.0000000000|162.339996
2025-09-16|408|ULTA|521.840027|525.950012|511.570007|525.210022|511500|1.0000000000|525.210022
2025-09-16|409|MSCI|576.150024|580.039978|562.900024|567.020020|566600|0.9858483453|558.995728
2025-09-16|410|ECHO|71.889999|72.059998|69.139999|69.800003|5518800|1.0000000000|69.800003
2025-09-16|411|PM|162.029999|164.369995|161.429993|162.960007|6281200|0.9650495005|157.264465
2025-09-16|412|V|336.239990|340.540009|333.470001|340.029999|5527700|0.9920658607|337.332153
2025-09-16|413|AWK|137.399994|138.300003|136.179993|136.250000|1056000|0.9734433274|132.631653
2025-09-16|414|KDP|26.740000|27.090000|26.580000|26.959999|20150000|0.9674331941|26.081999
2025-09-16|415|SW|44.220001|44.529999|43.575001|44.279999|3386100|0.9711821711|43.003944
2025-09-16|416|AVGO|365.429993|365.690002|356.989990|360.000000|21306500|0.9927261709|357.381409
2025-09-16|417|VRSK|254.720001|256.940002|251.130005|251.830002|1697100|0.9927002374|249.991684
2025-09-16|418|DG|104.309998|105.000000|103.339996|104.209999|2313400|0.9800962717|102.135834
2025-09-16|419|FTNT|80.940002|81.000000|79.489998|79.779999|5585100|1.0000000000|79.779999
2025-09-16|420|CHTR|260.209991|262.769989|258.250000|261.079987|1720500|1.0000000000|261.079987
2025-09-16|421|FERG|235.199997|235.550003|224.169998|231.539993|5042100|0.9811984638|227.186661
2025-09-16|422|GNRC|185.809998|186.479996|180.910004|183.610001|894400|1.0000000000|183.610001
2025-09-16|423|LYB|52.950001|53.689999|52.509998|52.650002|5786000|0.9407211657|49.528969
2025-09-16|424|CBOE|233.110001|237.759995|232.369995|233.740005|855500|0.9954503651|232.676559
2025-09-16|425|TSLA|414.500000|423.250000|411.429993|421.619995|104285700|1.0000000000|421.619995
2025-09-16|426|KKR|144.800003|145.800003|143.039993|144.380005|1828000|0.9928030964|143.340927
2025-09-16|427|NXPI|220.309998|223.330002|217.929993|220.990005|2208900|0.9825362696|217.130692
2025-09-16|428|GM|58.980000|59.389999|58.160000|58.459999|6786900|0.9934966717|58.079815
2025-09-16|429|TRGP|164.289993|164.669998|162.289993|162.940002|1463000|0.9789495349|159.510056
2025-09-16|430|CPAY|304.820007|307.359985|302.390015|306.290009|360900|1.0000000000|306.290009
2025-09-16|431|KMI|27.410000|27.410000|27.070000|27.209999|12100000|0.9613533449|26.158422
2025-09-16|432|HCA|403.739990|406.230011|398.980011|399.750000|1319800|0.9950375716|397.766296
2025-09-16|433|HII|274.290009|276.910004|270.290009|273.190002|609400|0.9882397967|268.723999
2025-09-16|434|APO|138.759995|140.240005|138.410004|140.050003|2536300|0.9837214596|137.770187
2025-09-16|435|MPC|181.279999|184.529999|180.000000|182.990005|2250000|0.9835714275|179.983749
2025-09-16|436|XYL|142.050003|142.119995|139.949997|140.720001|1109000|0.9861759388|138.774689
2025-09-16|437|APTV|82.739998|83.300003|81.139999|83.120003|2903800|1.0000000000|83.120003
2025-09-16|438|PSX|132.149994|133.589996|131.500000|133.039993|1767500|0.9712393490|129.213684
2025-09-16|439|AMCR|8.300000|8.410000|8.270000|8.390000|24802100|4.8543684849|40.728153
2025-09-16|440|META|767.000000|781.359985|765.099976|779.000000|11782500|0.9967331772|776.455139
2025-09-16|441|NOW|940.709991|946.439972|928.470001|932.009964|1300300|0.2000000000|186.401993
2025-09-16|442|PANW|201.500000|202.119995|198.759995|201.339996|5365500|1.0000000000|201.339996
2025-09-16|443|FANG|135.639999|140.070007|135.589996|138.419998|2752100|0.9764795206|135.164276
2025-09-16|444|WDAY|222.750000|224.410004|218.000000|219.009995|3105100|1.0000000000|219.009995
2025-09-16|445|ABBV|218.330002|218.710007|215.839996|216.259995|4251000|0.9699105539|209.752853
2025-09-16|446|NCLH|25.980000|25.980000|25.059999|25.580000|14591400|1.0000000000|25.580000
2025-09-16|447|ZTS|146.289993|148.570007|146.289993|147.460007|2664900|0.9811560666|144.681274
2025-09-16|448|IQV|186.160004|188.289993|184.750000|186.809998|1005500|1.0000000000|186.809998
2025-09-16|449|NWS|32.790001|32.980000|32.500000|32.799999|1975000|0.9963262306|32.679501
2025-09-16|450|NWSA|29.870001|29.900000|29.459999|29.730000|5085200|0.9958385353|29.606279
2025-09-16|451|CDW|163.889999|166.580002|162.589996|166.149994|1452600|0.9800438553|162.834290
2025-09-16|452|VEEV|275.820007|276.260010|272.250000|273.880005|925200|1.0000000000|273.880005
2025-09-16|453|ALLE|176.089996|177.679993|175.429993|177.039993|905300|0.9921390873|175.648300
2025-09-16|454|HLT|271.739990|274.250000|270.549988|273.880005|1126700|0.9980421657|273.343781
2025-09-16|455|ARES|179.199997|179.990005|176.699997|178.610001|1120300|0.9704279397|173.328125
2025-09-16|456|ANET|145.259995|147.369995|141.000000|142.160004|9382400|1.0000000000|142.160004
2025-09-16|457|SYF|76.070000|76.160004|73.709999|74.529999|4072700|0.9836138777|73.308739
2025-09-16|458|CFG|51.419998|51.419998|50.415001|51.130001|4780000|0.9707955381|49.636780
2025-09-16|459|KEYS|172.320007|173.050003|171.074997|172.070007|817600|1.0000000000|172.070007
2025-09-16|460|GDDY|145.520004|146.089996|143.529999|144.139999|1461300|1.0000000000|144.139999
2025-09-16|461|KHC|25.629999|26.049999|25.610001|25.930000|18271400|0.9508904028|24.656586
2025-09-16|462|PYPL|66.834999|67.139999|66.105003|66.849998|9353900|0.9914138539|66.276024
2025-09-16|463|LITE|168.649994|171.869995|167.149994|170.899994|2925000|1.0000000000|170.899994
2025-09-16|464|HPE|24.910000|24.969999|24.340000|24.430000|21439300|0.9795953482|23.931515
2025-09-16|465|XYZ|74.559998|75.959999|73.801003|75.779999|5512200|1.0000000000|75.779999
2025-09-16|466|FTV|48.430000|49.005001|48.064999|48.750000|2968700|0.9968000114|48.594002
2025-09-16|467|DELL|127.639999|128.690002|125.900002|127.680000|4461300|0.9874173534|126.073448
2025-09-16|468|TTD|44.000000|46.334999|43.509998|44.895000|24134800|1.0000000000|44.895000
2025-09-16|469|VST|213.800003|213.800003|207.313995|209.429993|3828400|0.9947817288|208.337128
2025-09-16|470|HWM|189.500000|190.289993|186.470001|187.460007|3287800|0.9979223317|187.070541
2025-09-16|471|INVH|29.700001|29.830000|29.445000|29.530001|4659100|0.9576139206|28.278341
2025-09-16|472|CVNA|365.250015|367.080002|359.379997|364.589996|1178300|0.2000000000|72.917999
2025-09-16|473|IR|78.940002|79.400002|77.495003|77.699997|3499700|0.9990084054|77.622955
2025-09-16|474|VICI|33.090000|33.165001|32.615002|32.639999|7867000|0.9391962861|30.655371
2025-09-16|475|VRT|140.250000|141.214996|135.130005|136.649994|5449900|0.9991812568|136.538116
2025-09-16|476|MRNA|23.940001|25.629999|23.910000|24.840000|15654300|1.0000000000|24.840000
2025-09-16|477|FOXA|58.610001|58.770000|57.439999|57.470001|4168200|0.9951185496|57.189465
2025-09-16|478|FOX|53.080002|53.080002|52.000000|52.009998|1837900|0.9946544484|51.731979
2025-09-16|479|DOW|24.400000|24.879999|24.184999|24.480000|11070800|0.9640247460|23.599325
2025-09-16|480|UBER|99.419998|99.699997|97.019997|97.830002|17257900|1.0000000000|97.830002
2025-09-16|481|CTVA|70.010002|70.400002|69.449997|69.879997|5056600|0.9928033602|69.377098
2025-09-16|482|CRWD|444.799988|448.320007|434.799988|444.980011|2908000|0.2500000000|111.245003
2025-09-16|483|DDOG|135.850006|136.149994|132.690002|134.589996|5104100|1.0000000000|134.589996
2025-09-16|484|CARR|61.680000|61.900002|60.869999|60.930000|5181000|0.9848525765|60.007072
2025-09-16|485|OTIS|89.550003|90.089996|89.040001|89.209999|2736400|0.9789066234|87.328262
2025-09-16|486|PLTR|171.039993|171.309998|168.960007|170.259995|34598700|1.0000000000|170.259995
2025-09-16|487|DASH|257.940002|263.429993|257.230011|263.089996|2926600|1.0000000000|263.089996
2025-09-16|488|ABNB|120.709999|121.989998|119.764999|121.660004|5072200|1.0000000000|121.660004
2025-09-16|489|EXE|95.940002|97.940002|94.684998|97.519997|3856100|0.9779564541|95.370323
2025-09-16|490|COIN|332.250000|333.600006|321.299988|327.910004|7434900|1.0000000000|327.910004
2025-09-16|491|APP|596.700012|605.380005|589.280029|603.799988|8588900|1.0000000000|603.799988
2025-09-16|492|HOOD|115.059998|118.129997|113.790001|117.379997|36628500|1.0000000000|117.379997
2025-09-16|493|CEG|332.040009|332.859985|321.507996|322.910004|2374000|0.9944409722|321.114960
2025-09-16|494|GEHC|78.320000|78.500000|77.309998|77.480003|3384400|0.9981004727|77.332832
2025-09-16|495|KVUE|18.350000|18.580000|18.000000|18.129999|19689000|0.9540880845|17.297613
2025-09-16|496|VLTO|107.599998|108.050003|106.000999|106.540001|1651700|0.9946977565|105.975098
2025-09-16|497|RDDT|265.075012|268.149994|260.500000|266.660004|3671300|1.0000000000|266.660004
2025-09-16|498|SOLV|73.279999|74.349998|73.105003|74.129997|1008100|1.0000000000|74.129997
2025-09-16|499|GEV|629.500000|633.520020|608.729980|617.909973|3104100|0.9977344385|616.510071
2025-09-16|500|SNDK|90.309998|93.129997|89.559998|91.550003|6292100|1.0000000000|91.550003
