date|security_id|ticker|open|high|low|close|volume|adj_factor|adj_close_vendor
2025-09-05|1|AEP|109.000000|109.160004|107.349998|108.110001|3664400|0.9699113042|104.857101
2025-09-05|2|BA|231.800003|232.229996|225.500000|229.610001|8203600|1.0000000000|229.610001
2025-09-05|3|CAT|420.839996|424.899994|417.910004|423.079987|1843200|0.9910786923|419.305542
2025-09-05|4|CNP|37.669998|37.840000|37.419998|37.779999|5087100|0.9777626474|36.939873
2025-09-05|5|CVX|156.059998|156.720001|153.490005|153.660004|11011700|0.9620890936|147.834610
2025-09-05|6|DIS|118.910004|119.779999|117.699997|117.910004|6669100|0.9857264957|116.227013
2025-09-05|7|DTE|137.000000|137.199997|135.850006|136.600006|976000|0.9677715890|132.197601
2025-09-05|8|ED|97.970001|98.309998|97.349998|98.050003|1724500|0.9678975191|94.902359
2025-09-05|9|GD|324.000000|324.209991|320.359985|322.859985|860900|0.9826639145|317.262909
2025-09-05|10|GE|282.269989|284.410004|271.859985|279.230011|4952600|0.9949472243|277.819183
2025-09-05|11|HON|214.980007|216.290001|213.369999|214.250002|4104900|0.9694785487|207.710800
2025-09-05|12|HPQ|29.049999|29.450001|28.900000|29.340000|8677800|0.9511939090|27.908031
2025-09-05|13|IBM|248.229996|249.029999|245.449997|248.529999|3147500|0.9746618623|242.232697
2025-09-05|14|IP|48.419998|48.970001|47.910000|48.689999|2605800|0.9527969504|46.391682
2025-09-05|15|JNJ|178.000000|179.509995|176.559998|178.429993|9733800|0.9779609434|174.497559
2025-09-05|16|KO|68.010002|68.580002|67.870003|67.959999|23978000|0.9724591551|66.088318
2025-09-05|17|KR|67.919998|68.199997|67.309998|67.750000|5575700|0.9778352350|66.248337
2025-09-05|18|LMT|456.769989|463.980011|456.769989|463.899994|1465200|0.9808408602|455.012054
2025-09-05|19|MMM|155.800003|157.559998|154.279999|155.300003|2053300|0.9818750293|152.485184
2025-09-05|20|MO|66.500000|66.830002|66.190002|66.550003|5935900|0.9364782380|62.322636
2025-09-05|21|MRK|83.790001|85.269997|83.250000|84.709999|13231100|0.9676496357|81.969597
2025-09-05|22|MSI|479.029999|480.190002|475.290009|478.980011|631200|0.9888426924|473.635895
2025-09-05|23|PG|158.550003|160.559998|158.410004|160.020004|6436200|0.9714333836|155.448776
2025-09-05|24|XOM|111.599998|111.779999|109.019997|109.230003|16826700|0.9718336400|106.153397
2025-09-05|25|RTX|158.600006|159.000000|155.559998|157.520004|4046300|0.9853742397|155.216156
2025-09-05|26|MCD|317.369995|318.040009|313.269989|314.380005|2533100|0.9818538696|308.675232
2025-09-05|27|AXP|330.690002|332.459991|325.230011|326.220001|2971800|0.9894167649|322.767517
2025-09-05|28|BMY|46.720001|47.169998|46.500000|47.139999|8227300|0.9541997897|44.980976
2025-09-05|29|DD|77.250002|78.529998|76.940002|77.819999|3374900|1.2389568992|96.415619
2025-09-05|30|DE|475.339996|478.390015|470.239990|473.260010|1262400|0.9876285285|467.405090
2025-09-05|31|EMR|133.580002|134.470001|130.800003|132.550003|3207900|0.9845366681|130.500336
2025-09-05|32|ETN|350.470001|351.279999|342.269989|349.029999|2120700|0.9889737586|345.181488
2025-09-05|33|ETR|88.320000|88.559998|86.809998|87.750000|1952000|0.9756994696|85.617622
2025-09-05|34|F|11.710000|11.910000|11.660000|11.740000|47547800|0.9554534458|11.217023
2025-09-05|35|HAL|22.100000|22.559999|21.959999|22.100000|11270300|0.9847026012|21.761929
2025-09-05|36|LLY|744.700012|744.700012|722.570007|727.210022|3958200|0.9937326373|722.652344
2025-09-05|37|PCG|15.290000|15.310000|15.020000|15.090000|20071800|0.9895107403|14.931716
2025-09-05|38|PEP|146.000000|147.880005|145.279999|146.389999|7186300|0.9713251717|142.192276
2025-09-05|39|PFE|24.570000|24.889999|24.510000|24.879999|34613200|0.9344639716|23.249462
2025-09-05|40|TXN|187.080002|189.279999|185.289993|187.929993|9491200|0.9747566992|183.185989
2025-09-05|41|WFC|81.639999|82.019997|78.699997|78.959999|20661400|0.9786587178|77.274895
2025-09-05|42|HUBB|439.630005|443.000000|429.000000|436.040009|395847|0.9910077151|432.119019
2025-09-05|43|WMT|101.080002|101.480003|99.550003|100.510002|13748500|0.9916508097|99.670815
2025-09-05|44|AIG|81.459999|81.570000|78.839996|79.209999|4665600|0.9766844515|77.363174
2025-09-05|45|AVY|167.250000|169.429993|166.509995|168.059998|636800|0.9833361967|165.259491
2025-09-05|46|BAC|50.439999|50.790001|49.230000|49.770000|40063300|0.9841245494|48.979881
2025-09-05|47|BALL|50.639999|51.240002|50.320000|50.939999|1549300|0.9893620930|50.398102
2025-09-05|48|BDX|190.999992|192.980000|190.830007|192.390000|1244200|0.7673361868|147.627808
2025-09-05|49|CLX|124.500000|128.149994|124.500000|127.029999|3231700|0.9554686115|121.373177
2025-09-05|50|CMI|403.559998|405.290009|397.149994|399.850006|864200|0.9855888256|394.087677
2025-09-05|51|CMS|71.720001|71.889999|71.129997|71.550003|1540800|0.9697049346|69.382393
2025-09-05|52|CVS|73.379997|74.489998|73.059998|73.779999|5075100|0.9692366143|71.510277
2025-09-05|53|ECL|276.350006|277.500000|272.959991|273.559998|1244000|0.9894532751|270.674835
2025-09-05|54|ES|63.570000|63.770000|62.950001|63.529999|1653300|0.9562137492|60.748253
2025-09-05|55|EVRG|71.779999|71.940002|71.300003|71.599998|2182800|0.9663059278|69.187508
2025-09-05|56|GWW|1026.670044|1029.680054|984.030029|993.469971|416000|0.9918044722|985.327942
2025-09-05|57|LNT|64.919998|64.989998|64.209999|64.620003|1609200|0.9698403407|62.671082
2025-09-05|58|MKC|70.269997|71.629997|70.199997|70.910004|2584000|0.9687082665|68.691109
2025-09-05|59|MRSH|205.770004|207.080002|203.169998|203.740005|1516900|0.9798864608|199.642075
2025-09-05|60|NEE|71.250000|71.730003|70.260002|70.900002|10067600|0.9793736752|68.919327
2025-09-05|61|NI|39.480000|40.590000|39.400002|40.330002|10085200|0.9739163964|39.278049
2025-09-05|62|PNW|89.529999|89.820000|88.699997|89.000000|567500|0.9627257278|85.682587
2025-09-05|63|RVTY|85.989998|88.120003|85.510002|86.639999|1193600|0.9972426702|86.401108
2025-09-05|64|SNA|330.410004|331.480011|327.059998|328.700012|157200|0.9736214558|320.029388
2025-09-05|65|SPGI|542.870013|543.190003|532.520006|538.059999|920300|0.9377344841|504.557373
2025-09-05|66|TER|120.059998|123.440002|119.370003|120.199997|3531600|0.9984501140|120.013695
2025-09-05|67|TGT|92.779999|93.949997|92.449997|93.169998|4894600|0.9610823572|89.544044
2025-09-05|68|TXT|81.300003|82.180000|80.820000|81.449997|1646800|0.9990950172|81.376282
2025-09-05|69|VMC|293.660004|295.260010|291.609985|294.809998|585200|0.9925854203|292.624146
2025-09-05|70|XEL|72.669998|72.889999|71.989998|72.680000|6225900|0.9700884656|70.506027
2025-09-05|71|ITW|266.690002|268.679993|264.519989|266.239990|583100|0.9753490955|259.676941
2025-09-05|72|CL|83.470001|85.760002|83.120003|85.129997|6165400|0.9756036244|83.053131
2025-09-05|73|EXC|43.630001|43.680000|43.160000|43.430000|4423000|0.9737696536|42.290821
2025-09-05|74|MDT|93.139999|93.940002|92.519997|92.900002|4856900|0.9685091881|89.974510
2025-09-05|75|BNY|105.650002|106.059998|102.900002|103.690002|2780500|0.9828746130|101.914276
2025-09-05|76|EIX|54.700001|54.950001|54.130001|54.450001|2054300|0.9477686299|51.606007
2025-09-05|77|FRT|101.459999|102.940002|101.430000|102.669998|638300|0.9585027133|98.409470
2025-09-05|78|PNR|111.089996|111.800003|109.790001|110.639999|1118600|0.9879062781|109.301949
2025-09-05|79|USB|49.349998|49.490002|48.360001|48.799999|8041000|0.9616675228|46.929379
2025-09-05|80|WY|25.760000|26.350000|25.690001|26.150000|3453200|0.9737086273|25.462479
2025-09-05|81|SYY|82.430000|83.169998|81.559998|82.449997|2675000|0.9724100270|80.175201
2025-09-05|82|WRB|72.830002|73.019997|71.650002|71.959999|1242700|0.9730521615|70.020828
2025-09-05|83|IFF|65.610001|67.239998|65.290001|66.029999|1872100|0.9763780056|64.470238
2025-09-05|84|TAP|49.480000|50.660000|49.419998|50.389999|1787900|0.9680101781|48.216022
2025-09-05|85|PNC|207.759995|208.800003|203.740005|204.399994|1273000|0.9681422743|197.888260
2025-09-05|86|TRV|279.040009|280.369995|273.959991|275.220001|970700|0.9843398564|270.910034
2025-09-05|87|C|97.370003|97.980003|94.150002|95.400002|17020800|0.9792834329|93.423645
2025-09-05|88|FDX|224.460005|229.660006|224.360003|227.719997|1665400|0.7904040486|179.990814
2025-09-05|89|WDC|92.489998|93.099998|91.430000|92.040001|20310400|0.9984583045|91.898102
2025-09-05|90|DHR|199.429993|203.880005|198.630005|200.210007|2837600|0.9926766998|198.743820
2025-09-05|91|APA|23.000000|23.480000|22.570000|22.750000|5994300|0.9662983352|21.983286
2025-09-05|92|LUV|31.230000|31.860001|30.990000|31.389999|8027900|0.9870678085|30.984058
2025-09-05|93|PEG|81.620003|81.849998|80.510002|81.120003|1798500|0.9680023678|78.524353
2025-09-05|94|UNP|222.169998|223.169998|218.869995|220.309998|4001800|0.9839040791|216.763901
2025-09-05|95|ABT|132.509995|134.320007|132.449997|132.940002|3286900|0.9774083434|129.936691
2025-09-05|96|ADI|246.220001|249.729996|245.380005|247.070007|2166100|0.9906566026|244.761536
2025-09-05|97|ADM|61.939999|63.029999|61.650002|62.939999|2656400|0.9716117081|61.153240
2025-09-05|98|ADP|301.190002|302.679993|293.950012|295.970001|1892500|0.9729614971|287.967438
2025-09-05|99|AFL|108.510002|108.949997|106.300003|106.930000|2547800|0.9795217260|104.740265
2025-09-05|100|AMAT|160.259995|162.850006|158.820007|162.750000|7046800|0.9944993487|161.854782
2025-09-05|101|AMD|157.119995|157.139999|150.179993|151.139999|78256000|1.0000000000|151.139999
2025-09-05|102|APD|290.959991|292.690002|287.970001|289.859985|544500|0.9740417964|282.335785
2025-09-05|103|BF-B|28.139999|28.990000|27.950001|28.910000|3472100|0.9746521115|28.177193
2025-09-05|104|CHD|94.949997|96.529999|94.889999|95.800003|2928400|0.9872146942|94.575165
2025-09-05|105|CINF|155.779999|155.970001|152.380005|153.360001|333300|0.9780901218|149.999924
2025-09-05|106|CMCSA|34.090000|34.379999|33.590000|33.909999|21116900|0.8939029736|30.312248
2025-09-05|107|D|58.290001|58.599998|57.779999|58.189999|4896000|0.9687101350|56.369240
2025-09-05|108|DOV|178.960007|180.479996|176.600006|177.750000|1047500|0.9924896872|176.415039
2025-09-05|109|DUK|121.309998|121.480003|120.040001|120.610001|1980700|0.9660947366|116.520683
2025-09-05|110|EFX|244.440002|254.380005|244.440002|249.669998|1381900|0.9915561793|247.561829
2025-09-05|111|EQT|51.570000|51.980000|50.509998|51.599998|4959600|0.9883492503|50.998814
2025-09-05|112|FITB|46.400002|46.599998|45.529999|45.619999|4223600|0.9671869264|44.123070
2025-09-05|113|GIS|49.560001|50.750000|49.430000|50.580002|5353100|0.9414262429|47.617340
2025-09-05|114|GPC|140.449997|142.160004|138.059998|139.500000|2049900|0.9724963604|135.663239
2025-09-05|115|HAS|80.620003|81.279999|79.290001|79.730003|1362100|0.9687474839|77.238243
2025-09-05|116|HBAN|17.910000|18.030001|17.430000|17.629999|34893500|0.9638541944|16.992750
2025-09-05|117|HRL|25.260000|25.770000|25.219999|25.660000|3326000|0.9501443377|24.380703
2025-09-05|118|HST|17.590000|17.870001|17.309999|17.430000|9785400|0.9239624647|16.104664
2025-09-05|119|HSY|185.589996|190.210007|185.119995|185.479996|1330100|0.9707271518|180.050476
2025-09-05|120|INTC|24.600000|24.709999|24.170000|24.490000|55975300|1.0000000000|24.490000
2025-09-05|121|J|144.229996|145.529999|143.059998|145.419998|655700|0.9894584622|143.887039
2025-09-05|122|JPM|303.649994|305.149994|294.309998|294.380005|9837700|0.9812283969|288.854034
2025-09-05|123|KMB|128.169998|130.600006|128.000000|129.889999|2187000|0.9627154389|125.047096
2025-09-05|124|L|97.470001|97.769997|96.089996|96.639999|770500|0.9977044368|96.418152
2025-09-05|125|LEN|141.690002|144.240005|140.500000|141.880005|4268800|0.9802617213|139.079544
2025-09-05|126|LOW|267.369995|270.679993|265.230011|269.970001|4488200|0.9798699778|264.535492
2025-09-05|127|MAS|75.089996|76.279999|74.930000|76.070000|2806500|0.9817399064|74.680954
2025-09-05|128|MTB|202.800003|203.960007|198.919998|199.570007|977400|0.9784172563|195.262741
2025-09-05|129|NEM|76.120003|77.300003|75.519997|76.169998|8678700|0.9927701446|75.619301
2025-09-05|130|NTRS|129.190002|129.710007|125.250000|127.269997|1221400|0.9838837164|125.218872
2025-09-05|131|NUE|146.529999|150.240005|145.279999|147.259995|1374700|0.9867766388|145.312714
2025-09-05|132|OMC|78.519997|80.220001|78.519997|79.430000|2729900|0.9700503706|77.051102
2025-09-05|133|PCAR|98.430000|100.120003|98.050003|99.050003|2084000|0.9759401745|96.666870
2025-09-05|134|PGR|248.740005|249.000000|242.869995|243.860001|1690800|0.9389929753|228.982834
2025-09-05|135|PH|760.809998|764.179993|748.590027|758.559998|520200|0.9937397742|753.811157
2025-09-05|136|PHM|140.440002|142.110001|139.119995|140.570007|2190500|0.9920919827|139.458374
2025-09-05|137|PPG|110.430000|112.010002|109.110001|109.980003|2222300|0.9744973374|107.175224
2025-09-05|138|PPL|36.619999|36.720001|35.869999|35.959999|4089000|0.9692324683|34.853600
2025-09-05|139|RF|27.389999|27.610001|26.840000|27.030001|17502300|0.9708879210|26.243103
2025-09-05|140|ROL|56.799999|56.930000|55.880001|56.520000|1184200|0.9856812639|55.710705
2025-09-05|141|SHW|368.850006|376.579987|366.500000|372.429993|3067000|0.9906031983|368.930420
2025-09-05|142|STT|115.199997|115.639999|111.919998|112.949997|2598800|0.9748965288|110.114548
2025-09-05|143|SWK|75.610001|78.430000|75.610001|78.419998|3181100|0.9672078260|75.848434
2025-09-05|144|SYK|394.000000|396.369995|389.640015|392.309998|1094100|0.9899211911|388.355957
2025-09-05|145|TMO|490.000000|502.000000|489.119995|492.600006|1442600|0.9963676862|490.810730
2025-09-05|146|TPL|915.549957|925.159973|889.050018|889.190002|137700|0.3318281124|295.058258
2025-09-05|147|TSN|56.110001|56.680000|55.700001|56.200001|2013500|0.9750492370|54.797768
2025-09-05|148|TT|414.920013|417.970001|406.489990|413.829987|1280500|0.9953350758|411.899506
2025-09-05|149|TYL|557.719971|561.020020|553.080017|559.960022|174400|1.0000000000|559.960022
2025-09-05|150|UDR|39.060001|39.549999|38.779999|39.090000|2475300|0.9573816019|37.424046
2025-09-05|151|VTRS|10.390000|10.560000|10.360000|10.500000|7289000|0.9657614708|10.140494
2025-09-05|152|WEC|107.449997|107.980003|107.040001|107.790001|1615400|0.9669333840|104.225739
2025-09-05|153|WST|247.110001|251.649994|247.110001|250.729996|408400|0.9968900108|249.950241
2025-09-05|154|NDSN|227.110001|229.020004|223.690002|225.029999|255800|0.9870385384|222.113297
2025-09-05|155|TFC|47.220001|47.459999|46.240002|46.520000|7854800|0.9589220174|44.609051
2025-09-05|156|WELL|168.360001|168.589996|164.330002|167.820007|2700800|0.9854911345|165.385132
2025-09-05|157|AON|372.910004|375.640015|368.040009|370.540009|789000|0.9951005240|368.724579
2025-09-05|158|GL|141.259995|141.500000|138.440002|139.809998|343700|0.9919590983|138.685791
2025-09-05|159|OKE|74.010002|74.139999|70.629997|72.629997|4956300|0.9485114183|68.890381
2025-09-05|160|KLAC|879.629974|906.259995|878.339996|905.090027|1155600|0.0994634319|90.023361
2025-09-05|161|CSX|32.610001|32.759998|32.169998|32.529999|9677400|0.9900119853|32.205086
2025-09-05|162|PSA|295.320007|299.250000|294.519989|297.799988|595000|0.9601550979|285.934174
2025-09-05|163|NKE|74.800003|75.410004|73.629997|73.910004|13758400|0.9783499344|72.309845
2025-09-05|164|AAPL|240.000000|241.320007|238.490005|239.690002|54870400|0.9963195807|238.807846
2025-09-05|165|BRO|95.459999|96.129997|94.150002|94.790001|1378800|0.9904200305|93.881920
2025-09-05|166|UHS|186.339996|190.820007|185.910004|190.119995|654900|0.9968342486|189.518097
2025-09-05|167|HD|416.589996|420.399994|414.019989|418.950012|5855600|0.9796274407|410.414886
2025-09-05|168|BAX|23.780001|24.590000|23.610001|24.420000|7373500|0.9984613291|24.373024
2025-09-05|169|COP|94.129997|94.870003|92.129997|92.949997|8510300|0.9694370271|90.109169
2025-09-05|170|GLW|70.279999|71.400002|70.059998|71.190002|9078100|0.9932214224|70.707436
2025-09-05|171|HUM|311.459991|315.350006|306.529999|307.920013|1504600|0.9857757655|303.540100
2025-09-05|172|LHX|272.299988|273.109985|269.019989|272.390015|1072000|0.9883920425|269.228119
2025-09-05|173|NOC|579.340027|581.169983|574.820007|580.799988|633600|0.9884333448|574.082092
2025-09-05|174|OXY|46.240002|46.240002|45.230000|45.910000|9840600|0.9797391121|44.979820
2025-09-05|175|ROK|343.500000|345.670013|337.390015|339.760010|539600|0.9867997940|335.275116
2025-09-05|176|SLB|35.610001|36.299999|35.430000|35.820000|13436400|0.9812007073|35.146606
2025-09-05|177|SO|91.980003|92.379997|91.550003|91.779999|3166400|0.9680357165|88.846313
2025-09-05|178|WMB|57.490002|57.830002|56.090000|57.200001|8344800|0.9692541802|55.441341
2025-09-05|179|VLO|154.360001|157.520004|153.199997|156.770004|2599300|0.9792382128|153.515182
2025-09-05|180|CI|303.630005|307.549988|303.279999|305.309998|1157700|0.9832673314|300.201355
2025-09-05|181|NSC|279.820007|280.239990|276.600006|277.750000|1302000|0.9826794519|272.939209
2025-09-05|182|COO|68.279999|69.760002|68.070000|68.089996|2761000|1.0000000000|68.089996
2025-09-05|183|AMGN|279.799988|285.290009|279.000000|283.640015|2299400|0.9730085280|275.984161
2025-09-05|184|RJF|171.000000|171.179993|163.210007|165.500000|1293500|0.9865274707|163.270309
2025-09-05|185|WSM|204.350006|206.399994|199.949997|202.419998|1122300|0.9861134039|199.609070
2025-09-05|186|CAH|149.020004|149.600006|148.119995|149.559998|1715400|0.9897070842|148.020584
2025-09-05|187|CTAS|207.059998|207.679993|203.250000|204.500000|1413700|0.9900452227|202.464249
2025-09-05|188|PAYX|137.720001|138.190002|133.720001|135.440002|1898300|0.9578135440|129.726273
2025-09-05|189|BEN|25.850000|25.850000|24.719999|24.969999|4708300|0.9494134464|23.706854
2025-09-05|190|AOS|73.040001|74.089996|72.940002|73.680000|1445100|0.9781906723|72.073090
2025-09-05|191|CASY|499.299988|506.700012|498.339996|505.640015|281300|0.9965302403|503.885529
2025-09-05|192|T|29.580000|29.790001|29.420000|29.590000|25105900|0.9549684422|28.257517
2025-09-05|193|VZ|44.099998|44.470001|44.020000|44.380001|13406700|0.9360588259|41.542294
2025-09-05|194|JBHT|142.869995|147.970001|142.750000|143.729996|891800|0.9918818614|142.563171
2025-09-05|195|ATO|165.210007|166.570007|164.830002|166.479996|847700|0.9773427979|162.708008
2025-09-05|196|LRCX|101.699997|103.010002|100.680000|102.949997|8142000|0.9944959804|102.383362
2025-09-05|197|MU|127.769997|131.410004|125.660004|131.369995|28416000|0.9983975840|131.159485
2025-09-05|198|AJG|299.239990|300.869995|296.429993|299.179993|1217200|0.9910126646|296.491150
2025-09-05|199|AME|188.970001|189.300003|185.729996|187.449997|1064300|0.9937443136|186.277374
2025-09-05|200|SWKS|74.879997|76.379997|74.580002|75.199997|2138400|0.9685989226|72.838638
2025-09-05|201|EXPD|121.919998|123.129997|120.480003|120.910004|1061600|0.9896583057|119.659592
2025-09-05|202|UNH|310.440002|317.940002|308.200012|315.390015|14126700|0.9739167289|307.163605
2025-09-05|203|BBY|76.959999|78.190002|76.099998|76.169998|2870900|0.9471666927|72.145683
2025-09-05|204|DOC|18.160000|18.420000|18.070000|18.389999|5903800|0.9354053519|17.202105
2025-09-05|205|ADSK|322.640015|326.850006|320.480011|326.369995|1632200|1.0000000000|326.369995
2025-09-05|206|DVN|35.040001|35.529999|34.340000|34.759998|8729200|0.9746853674|33.880058
2025-09-05|207|NVR|8499.759766|8618.280273|8442.110352|8502.000000|13300|1.0000000000|8502.000000
2025-09-05|208|ROST|152.770004|153.419998|150.460007|150.949997|2438400|0.9910080569|149.592682
2025-09-05|209|JKHY|161.289993|163.179993|160.449997|162.240005|595400|0.9886171552|160.393250
2025-09-05|210|MNST|63.529999|63.660000|62.130001|62.459999|3338600|0.5000000000|62.459999
2025-09-05|211|ORCL|232.550003|234.619995|225.889999|232.800003|15386100|0.9887307780|230.176514
2025-09-05|212|MSFT|509.070007|511.970001|492.369995|495.000000|31994800|0.9918394551|490.960541
2025-09-05|213|TROW|111.779999|112.010002|107.730003|108.160004|2070600|0.9502905192|102.783424
2025-09-05|214|COST|958.710022|969.549988|956.219971|963.479980|1928500|0.9941992924|957.891113
2025-09-05|215|ADBE|345.809998|354.670013|345.100006|348.970001|4662600|1.0000000000|348.970001
2025-09-05|216|FISV|136.369995|138.619995|134.250000|135.050003|3575200|1.0000000000|135.050003
2025-09-05|217|BKR|46.009998|46.240002|44.939999|45.580002|4978800|0.9846041741|44.878262
2025-09-05|218|CDNS|353.029999|355.309998|345.880005|351.010010|1115800|1.0000000000|351.010010
2025-09-05|219|TJX|141.419998|141.500000|138.929993|139.259995|6735800|0.9879468300|137.581467
2025-09-05|220|FICO|1537.959961|1559.369995|1520.000000|1531.989990|194700|1.0000000000|1531.989990
2025-09-05|221|CCL|32.000000|32.240002|31.360001|31.570000|12091700|0.9841845235|31.070704
2025-09-05|222|FAST|49.099998|49.360001|47.380001|47.990002|9383100|0.9787399757|46.969734
2025-09-05|223|SCHW|97.230003|97.599998|91.519997|92.050003|18240700|0.9873800864|90.888336
2025-09-05|224|JCI|107.260002|107.690002|104.029999|106.230003|4278900|0.9941759575|105.611313
2025-09-05|225|COHR|98.220001|100.820000|94.550003|97.839996|7214700|1.0000000000|97.839996
2025-09-05|226|KEY|19.260000|19.320000|18.730000|18.940001|32355900|0.9696888308|18.365906
2025-09-05|227|MOS|32.880001|33.060001|32.209999|32.450001|4273300|0.9661429579|31.351339
2025-09-05|228|MGM|37.220001|38.180000|36.330002|36.680000|4910000|1.0000000000|36.680000
2025-09-05|229|WM|224.539993|224.850006|218.660004|220.059998|2113100|0.9842255613|216.588669
2025-09-05|230|TECH|53.040001|54.480000|52.770000|54.410000|1745300|0.9943671322|54.103516
2025-09-05|231|IEX|165.610001|167.000000|163.990005|164.929993|647500|0.9853525022|162.514175
2025-09-05|232|GEN|29.730000|29.820000|29.280001|29.500000|2497100|0.9804358251|28.922857
2025-09-05|233|CRH|112.139999|112.779999|110.699997|112.360001|3599700|0.9889154582|111.114540
2025-09-05|234|EOG|119.910004|120.570000|117.040001|117.930000|3711200|0.9664053429|113.968170
2025-09-05|235|PTC|213.500000|215.490005|211.419998|213.899994|632600|1.0000000000|213.899994
2025-09-05|236|CSCO|67.720001|68.099998|66.480003|66.900002|21050800|0.9797136141|65.542847
2025-09-05|237|LH|275.230011|279.029999|273.940002|278.670013|279700|0.9921089357|275.879547
2025-09-05|238|TRMB|80.019997|80.959999|79.510002|80.739998|1332300|1.0000000000|80.739998
2025-09-05|239|AZO|4237.049805|4248.140137|4200.000000|4219.410156|92400|1.0000000000|4219.410156
2025-09-05|240|REGN|565.150024|577.750000|565.000000|573.380005|960400|0.9948983635|570.454834
2025-09-05|241|IDXX|640.000000|649.159973|630.869995|642.989990|370400|1.0000000000|642.989990
2025-09-05|242|AES|12.880000|13.100000|12.670000|12.930000|12318500|0.9525797478|12.316857
2025-09-05|243|VRTX|397.869995|402.739990|393.429993|396.119995|1171100|1.0000000000|396.119995
2025-09-05|244|ZBRA|315.269989|315.350006|307.420013|313.799988|454900|1.0000000000|313.799988
2025-09-05|245|BIIB|140.130005|144.199997|139.960007|140.669998|1561800|1.0000000000|140.669998
2025-09-05|246|ODFL|149.270004|154.149994|148.789993|150.710007|1891900|0.9953671039|150.011780
2025-09-05|247|APH|113.000000|113.690002|108.680000|110.449997|12409800|0.9932298743|109.702232
2025-09-05|248|KIM|22.700001|22.969999|22.570000|22.760000|3581800|0.9657396580|21.980236
2025-09-05|249|QCOM|160.080002|163.490005|159.149994|159.839996|7954200|0.9849314898|157.431442
2025-09-05|250|GILD|112.410004|115.809998|112.250000|115.050003|6953900|0.9746107539|112.128967
2025-09-05|251|ROP|530.000000|530.000000|516.780029|518.440002|700600|0.9912816468|513.920105
2025-09-05|252|SNPS|609.770020|615.750000|594.609985|598.140015|1388900|1.0000000000|598.140015
2025-09-05|253|STZ|146.229996|150.729996|145.529999|148.429993|3046600|0.9716065224|144.215530
2025-09-05|254|BSX|107.110001|108.250000|106.720001|107.220001|4063400|1.0000000000|107.220001
2025-09-05|255|STE|243.649994|246.990005|242.580002|245.300003|331200|0.9945039836|243.951828
2025-09-05|256|DHI|180.449997|183.619995|179.610001|181.800003|3750400|0.9881394354|179.643738
2025-09-05|257|LIN|471.149994|475.049988|466.589996|469.519989|1066200|0.9898650243|464.761414
2025-09-05|258|SBUX|86.860001|87.349998|85.059998|85.430000|9047200|0.9751160265|83.304161
2025-09-05|259|MS|151.119995|151.860001|146.289993|148.089996|5697300|0.9778330741|144.807297
2025-09-05|260|INTU|672.219971|677.000000|667.250000|672.820007|1614100|0.9888907264|665.345520
2025-09-05|261|MCHP|64.739998|67.089996|64.360001|65.919998|7765200|0.9744763190|64.237473
2025-09-05|262|CB|279.170013|280.200012|276.220001|277.380005|2523200|0.9939554166|275.703339
2025-09-05|263|ORLY|105.320000|105.320000|103.599998|104.839996|4202500|1.0000000000|104.839996
2025-09-05|264|RCL|361.200012|362.790009|349.339996|352.269989|1455900|0.9831897671|346.348267
2025-09-05|265|JBL|208.229996|212.580002|206.000000|210.100006|1116900|0.9988481715|209.858002
2025-09-05|266|ALL|207.940002|208.149994|200.800003|201.529999|1405000|0.9851043015|198.528061
2025-09-05|267|CPT|111.000000|112.269997|110.760002|111.360001|995300|0.9608575952|107.001099
2025-09-05|268|VMRK|66.000000|67.070000|65.849998|66.809998|2171200|0.9568407274|63.926525
2025-09-05|269|IT|237.880005|246.070007|237.470001|245.910004|1304600|1.0000000000|245.910004
2025-09-05|270|DECK|122.930000|124.879997|120.300003|120.400002|2193600|1.0000000000|120.400002
2025-09-05|271|REG|73.699997|74.440002|72.709999|73.680000|848800|0.9606550738|70.781067
2025-09-05|272|INCY|85.480003|86.690002|85.059998|86.639999|1387700|1.0000000000|86.639999
2025-09-05|273|SPG|182.800003|184.779999|180.809998|182.250000|1829500|0.9546037782|173.976532
2025-09-05|274|MAA|144.729996|146.410004|144.119995|145.399994|620300|0.9546815481|138.810699
2025-09-05|275|MLM|621.679993|623.830017|616.119995|622.640015|311200|0.9960197565|620.161743
2025-09-05|276|TSCO|60.779999|60.869999|60.060001|60.520000|3211800|0.9764906296|59.097210
2025-09-05|277|ALB|82.209999|84.889999|80.860001|81.540001|4805500|0.9866416503|80.450768
2025-09-05|278|CPRT|48.759998|48.880001|46.139999|48.570000|17584700|1.0000000000|48.570000
2025-09-05|279|FLEX|55.520000|56.580002|54.849998|55.660000|3408800|1.0000000000|55.660000
2025-09-05|280|ESS|265.890015|269.890015|264.750000|268.119995|418300|0.9616604752|257.840424
2025-09-05|281|O|58.450001|59.290001|58.430000|59.290001|5321100|0.9523910542|56.467266
2025-09-05|282|MCO|502.220001|503.769989|492.970001|499.029999|565200|0.9914008639|494.738831
2025-09-05|283|SJM|112.680000|114.110001|112.000000|112.510002|1426200|0.9604551346|108.060806
2025-09-05|284|MCK|689.799988|690.710022|682.349976|687.400024|472800|0.9971371280|685.432129
2025-09-05|285|COF|226.250000|227.479996|220.130005|221.529999|3841400|0.9846948620|218.139465
2025-09-05|286|EME|640.590027|640.590027|612.500000|625.400024|429800|0.9980200530|624.161804
2025-09-05|287|DLTR|100.180000|101.239998|99.120003|101.120003|5825500|1.0000000000|101.120003
2025-09-05|288|COR|290.850006|293.790009|290.049988|292.500000|1012900|0.9924371875|290.287872
2025-09-05|289|DRI|209.630005|211.389999|208.100006|210.139999|739800|0.9692558966|203.679413
2025-09-05|290|RMD|274.269989|278.059998|274.049988|277.049988|944000|0.9895309167|274.149506
2025-09-05|291|WAB|194.539993|195.649994|191.470001|193.179993|1355900|0.9953491745|192.281555
2025-09-05|292|FCX|46.720001|47.020000|45.740002|46.340000|8069200|0.9893641669|45.847134
2025-09-05|293|IVZ|22.100000|22.250000|21.590000|21.990000|2834000|0.9692003654|21.312716
2025-09-05|294|ACGL|92.129997|92.489998|91.089996|91.290001|1403700|1.0000000000|91.290001
2025-09-05|295|ERIE|335.440002|337.750000|334.260010|335.070007|104300|0.9792544909|328.118774
2025-09-05|296|EG|343.600006|345.269989|339.390015|340.000000|195400|0.9878843207|335.880676
2025-09-05|297|DVA|135.500000|138.369995|135.500000|137.869995|660000|1.0000000000|137.869995
2025-09-05|298|HSIC|67.790001|69.589996|67.510002|69.430000|1360700|1.0000000000|69.430000
2025-09-05|299|EL|87.459999|89.879997|86.870003|89.199997|3698900|0.9893232983|88.247627
2025-09-05|300|WAT|300.600006|309.299988|299.179993|306.320007|504600|1.0000000000|306.320007
2025-09-05|301|NTAP|119.000000|120.459999|117.540001|118.750000|1412900|0.9828001938|116.707512
2025-09-05|302|HIG|134.809998|135.009995|130.750000|131.669998|1975100|0.9867007020|129.918869
2025-09-05|303|IRM|92.269997|93.529999|91.309998|92.180000|1071100|0.9670499740|89.142677
2025-09-05|304|BRK-B|506.000000|507.660004|497.750000|499.769989|4222900|1.0000000000|499.769989
2025-09-05|305|FDS|370.390015|373.100006|368.549988|371.010010|313600|0.9861098905|365.856659
2025-09-05|306|STLD|131.699997|136.100006|131.429993|134.630005|1290100|0.9881804292|133.038742
2025-09-05|307|DGX|180.199997|183.779999|180.199997|183.490005|556200|0.9827524115|180.325241
2025-09-05|308|CIEN|115.860001|117.059998|113.660004|116.690002|4410300|1.0000000000|116.690002
2025-09-05|309|TTWO|242.000000|242.690002|236.940002|239.679993|979400|1.0000000000|239.679993
2025-09-05|310|VTR|68.000000|68.269997|66.379997|67.910004|2688700|0.9750191622|66.213554
2025-09-05|311|AMZN|235.190002|236.000000|231.929993|232.330002|36721800|1.0000000000|232.330002
2025-09-05|312|ARE|83.769997|85.550003|83.500000|84.699997|1008000|0.9425806495|79.836578
2025-09-05|313|RL|321.170013|321.769989|309.920013|312.019989|628700|0.9893282798|308.690186
2025-09-05|314|BXP|76.040001|77.419998|75.680000|76.830002|2049900|0.9573561810|73.553673
2025-09-05|315|FIX|721.340027|727.000000|682.000000|706.309998|523800|0.9979565203|704.866638
2025-09-05|316|YUM|143.740005|146.110001|143.740005|144.580002|1455800|0.9858960568|142.540848
2025-09-05|317|CHRW|126.970001|127.800003|124.150002|126.129997|1448000|0.9892308245|124.771690
2025-09-05|318|FE|43.580002|43.720001|43.230000|43.480000|2504100|0.9613759059|41.800625
2025-09-05|319|MTD|1291.089966|1313.709961|1291.089966|1305.709961|95000|1.0000000000|1305.709961
2025-09-05|320|PLD|113.589996|114.949997|112.980003|113.650002|2595800|0.9686204655|110.083717
2025-09-05|321|URI|965.809998|980.530029|955.390015|975.229980|440200|0.9918999023|967.330505
2025-09-05|322|AEE|100.930000|101.169998|99.720001|100.629997|1481600|0.9722966120|97.842201
2025-09-05|323|VRSN|277.279999|280.239990|277.279999|280.089996|682600|0.9876930267|276.642914
2025-09-05|324|PWR|378.470001|379.089996|363.010010|372.500000|1128900|0.9991491848|372.183075
2025-09-05|325|AMT|197.070007|199.399994|196.279999|198.320007|4126100|0.9628069961|190.943909
2025-09-05|326|MAR|270.690002|271.670013|262.000000|264.700012|1378600|0.9917417055|262.514038
2025-09-05|327|CTSH|71.589996|72.910004|70.660004|71.820000|3981900|0.9779331176|70.235153
2025-09-05|328|SRE|82.070000|82.370003|80.459999|81.110001|4311500|0.9718725927|78.828590
2025-09-05|329|CSGP|89.769997|91.889999|89.150002|89.459999|1666500|1.0000000000|89.459999
2025-09-05|330|RSG|233.630005|233.770004|228.300003|229.729996|1088300|0.9886066709|227.112625
2025-09-05|331|CCI|96.570000|96.930000|95.559998|96.150002|5239400|0.9541022922|91.736938
2025-09-05|332|EBAY|93.220001|94.199997|91.550003|92.660004|5657400|0.9904184858|91.494003
2025-09-05|333|NVDA|168.029999|169.029999|164.070007|167.020004|224441400|0.9986698626|166.797867
2025-09-05|334|BKNG|5594.070053|5652.510071|5454.999924|5505.799866|202400|0.0397328628|218.761169
2025-09-05|335|GS|752.190002|757.349976|727.150024|738.210022|1822800|0.9855142723|727.516418
2025-09-05|336|FFIV|314.350006|317.029999|311.869995|315.890015|311000|1.0000000000|315.890015
2025-09-05|337|SBAC|198.279999|199.639999|196.509995|197.740005|1863200|0.9751039390|192.817062
2025-09-05|338|LII|566.299988|580.580017|565.919983|578.049988|437900|0.9895934539|572.034485
2025-09-05|339|BLK|1107.709961|1110.180054|1088.569946|1099.150024|487600|0.9841011192|1081.674683
2025-09-05|340|TKO|190.600006|195.630005|190.600006|194.000000|713100|0.9846983529|191.031479
2025-09-05|341|AKAM|77.349998|79.209999|77.300003|78.559998|1786700|1.0000000000|78.559998
2025-09-05|342|UPS|84.610001|86.339996|84.190002|85.040001|8585400|0.9383630641|79.798401
2025-09-05|343|A|128.720001|131.000000|128.389999|128.750000|1633200|0.9920393505|127.725052
2025-09-05|344|TDY|549.099976|549.979980|542.989990|549.030029|266600|1.0000000000|549.030029
2025-09-05|345|PKG|217.320007|220.309998|217.020004|220.250000|873500|0.9759029480|214.942642
2025-09-05|346|EW|80.779999|81.639999|80.480003|80.940002|2283300|1.0000000000|80.940002
2025-09-05|347|MET|81.620003|82.309998|78.290001|79.510002|4830100|0.9722454281|77.303230
2025-09-05|348|ON|48.340000|50.080002|47.939999|49.110001|7221000|1.0000000000|49.110001
2025-09-05|349|ISRG|454.829987|467.989990|454.779999|466.859985|2623800|1.0000000000|466.859985
2025-09-05|350|CRL|162.610001|166.619995|162.289993|163.990005|599000|1.0000000000|163.990005
2025-09-05|351|MRVL|63.980000|64.589996|62.470001|63.330002|25793100|0.9978740377|63.195358
2025-09-05|352|EQIX|769.000000|777.969971|766.940002|773.679993|322000|0.9790491812|757.470764
2025-09-05|353|TPR|105.730003|106.000000|102.970001|104.180000|2489400|0.9910289553|103.245392
2025-09-05|354|GRMN|238.479996|239.910004|235.710007|237.389999|871900|0.9838691932|233.560699
2025-09-05|355|GPN|87.389999|89.050003|86.470001|87.779999|1398800|0.9870347930|86.641914
2025-09-05|356|ALGN|135.110001|139.179993|135.110001|139.119995|1059200|1.0000000000|139.119995
2025-09-05|357|WTW|329.489990|331.440002|323.609985|329.269989|557200|0.9876703786|325.210236
2025-09-05|358|MDLZ|61.029999|62.509998|60.950001|61.740002|6149600|0.9664286986|59.667313
2025-09-05|359|AXON|731.000000|738.770020|708.760010|728.409973|398100|1.0000000000|728.409973
2025-09-05|360|FIS|68.919998|69.889999|68.260002|68.739998|3308800|0.9686518407|66.585129
2025-09-05|361|ACN|252.929993|258.649994|250.190002|254.949997|4235900|0.9798095806|249.802444
2025-09-05|362|ZBH|104.769997|106.199997|104.489998|105.730003|1168400|0.9895894440|104.629288
2025-09-05|363|BG|80.959999|84.379997|80.959999|84.330002|1981900|0.9749906568|82.220970
2025-09-05|364|PFG|81.360001|82.000000|79.029999|79.980003|1125400|0.9740293311|77.902863
2025-09-05|365|ELV|308.500000|315.269989|304.160004|313.640015|1862300|0.9794257777|307.187134
2025-09-05|366|CNC|28.590000|29.129999|28.240000|28.980000|14113700|1.0000000000|28.980000
2025-09-05|367|PRU|109.250000|109.370003|104.750000|105.709999|1633100|0.9496925157|100.391991
2025-09-05|368|NFLX|1260.000000|1267.099991|1239.020004|1243.820038|2379700|0.1000000000|124.382004
2025-09-05|369|NDAQ|94.519997|94.800003|92.120003|93.480003|3771400|0.9875215911|92.313522
2025-09-05|370|WYNN|123.519997|124.000000|119.989998|120.900002|2441400|0.9907231274|119.778435
2025-09-05|371|CME|265.709991|266.040009|260.579987|261.940002|1633900|0.9625521451|252.130890
2025-09-05|372|STX|186.000000|189.229996|183.020004|188.160004|3761500|0.9918108479|186.619125
2025-09-05|373|NRG|148.949997|150.250000|142.869995|147.660004|1672700|0.9877934975|145.857590
2025-09-05|374|AIZ|216.369995|217.509995|210.630005|211.169998|417200|0.9887198190|208.787949
2025-09-05|375|CBRE|163.660004|165.089996|162.070007|164.380005|1285100|1.0000000000|164.380005
2025-09-05|376|CRM|244.830002|251.130005|244.360001|250.759995|13029400|0.9916072498|248.655426
2025-09-05|377|DPZ|463.059998|466.600006|458.760010|463.829987|329300|0.9810848008|455.056580
2025-09-05|378|EXR|144.979996|148.000000|144.690002|147.279999|1229000|0.9554904856|140.724640
2025-09-05|379|GOOG|232.660004|236.130005|232.380005|235.169998|26127700|0.9971525818|234.500366
2025-09-05|380|GOOGL|232.199997|235.759995|231.899994|235.000000|46588900|0.9971553051|234.331512
2025-09-05|381|DLR|164.270004|165.589996|162.919998|163.240005|1352700|0.9719407992|158.659622
2025-09-05|382|MPWR|853.650024|867.219971|846.340027|865.859985|491500|0.9930512692|859.843445
2025-09-05|383|LVS|55.099998|55.299999|53.610001|53.700001|5133700|0.9787990268|52.561508
2025-09-05|384|DXCM|80.879997|81.599998|79.480003|80.510002|2718200|1.0000000000|80.510002
2025-09-05|385|BLDR|147.500000|151.029999|145.800003|149.210007|2472300|1.0000000000|149.210007
2025-09-05|386|WBD|11.770000|12.180000|11.770000|12.110000|63866900|1.0000000000|12.110000
2025-09-05|387|EXPE|215.919998|219.100006|211.529999|214.949997|1353200|0.9926306212|213.365967
2025-09-05|388|CF|84.000000|84.680000|83.279999|84.480003|2333000|0.9797238699|82.767075
2025-09-05|389|AMP|511.500000|511.880005|487.640015|489.279999|678100|0.9868973539|482.869110
2025-09-05|390|ICE|175.139999|175.139999|172.889999|174.270004|3104200|0.9873787050|172.070496
2025-09-05|391|PSKY|14.480000|15.180000|14.480000|15.000000|7422200|0.9837013539|14.755520
2025-09-05|392|LYV|162.979996|163.570007|162.070007|163.419998|1244600|1.0000000000|163.419998
2025-09-05|393|CMG|41.490002|41.980000|40.730000|41.060001|22015500|1.0000000000|41.060001
2025-09-05|394|UAL|106.440002|107.610001|105.290001|106.589996|3634100|1.0000000000|106.589996
2025-09-05|395|TDG|1284.430054|1285.099976|1260.390015|1271.040039|490000|1.0000000000|1271.040039
2025-09-05|396|MA|595.469971|598.580017|579.030029|584.219971|2432100|0.9938070309|580.601929
2025-09-05|397|LDOS|179.490005|180.169998|177.419998|179.000000|697500|0.9896050149|177.139297
2025-09-05|398|FSLR|206.270004|213.250000|199.300003|205.139999|3066300|1.0000000000|205.139999
2025-09-05|399|BR|252.440002|253.929993|249.240005|251.020004|542000|0.9798433665|245.960281
2025-09-05|400|SMCI|40.990002|41.180000|39.740002|40.410000|21771700|1.0000000000|40.410000
2025-09-05|401|TMUS|252.830002|255.740005|251.610001|252.759995|3294200|0.9849640725|247.530899
2025-09-05|402|DAL|60.860001|62.389999|60.439999|61.180000|6398500|0.9891783114|60.517933
2025-09-05|403|IBKR|64.099998|64.220001|59.939999|60.160000|11597800|0.9966884542|59.960777
2025-09-05|404|PODD|345.269989|348.720001|345.269989|348.429993|498500|1.0000000000|348.429993
2025-09-05|405|TEL|209.380005|209.919998|206.710007|208.740005|1047900|0.9892434805|206.494675
2025-09-05|406|BX|172.970001|173.460007|167.750000|169.990005|3110400|0.9610163599|163.363190
2025-09-05|407|LULU|165.139999|176.179993|163.979996|167.800003|36788900|1.0000000000|167.800003
2025-09-05|408|ULTA|529.869995|529.869995|514.289978|514.859985|880600|1.0000000000|514.859985
2025-09-05|409|MSCI|558.359985|561.590027|554.000000|555.150024|626800|0.9858483453|547.293762
2025-09-05|410|ECHO|67.129997|70.190002|66.180000|67.239998|7061500|1.0000000000|67.239998
2025-09-05|411|PM|161.470001|162.059998|160.070007|161.550003|4056700|0.9650495005|155.903748
2025-09-05|412|V|351.380005|352.619995|340.200012|343.220001|5448300|0.9920658607|340.496857
2025-09-05|413|AWK|141.990005|143.600006|141.580002|143.600006|782200|0.9734433274|139.786469
2025-09-05|414|KDP|29.250000|29.370001|28.610001|28.650000|21098400|0.9674331941|27.716959
2025-09-05|415|SW|46.330002|47.264999|46.189999|46.910000|2339700|0.9711821711|45.558155
2025-09-05|416|AVGO|355.779999|356.339996|331.420013|334.890015|78401600|0.9927261709|332.454102
2025-09-05|417|VRSK|271.040009|273.720001|268.109985|270.309998|1005000|0.9909965186|267.876251
2025-09-05|418|DG|108.959999|109.839996|108.410004|109.279999|1913100|0.9800962717|107.104912
2025-09-05|419|FTNT|76.910004|79.489998|76.879997|78.830002|10495900|1.0000000000|78.830002
2025-09-05|420|CHTR|259.339996|266.570007|259.049988|261.500000|2245900|1.0000000000|261.500000
2025-09-05|421|FERG|240.320007|243.399994|236.619995|238.339996|1861100|0.9811984638|233.858841
2025-09-05|422|GNRC|179.240005|181.610001|176.660004|181.300003|642700|1.0000000000|181.300003
2025-09-05|423|LYB|54.279999|56.299999|53.889999|55.080002|4226100|0.9407211657|51.814922
2025-09-05|424|CBOE|233.839996|233.880005|230.899994|232.580002|666400|0.9954503651|231.521851
2025-09-05|425|TSLA|348.000000|355.869995|344.679993|350.839996|108989800|1.0000000000|350.839996
2025-09-05|426|KKR|138.630005|138.979996|132.979996|135.529999|3413000|0.9928030964|134.554626
2025-09-05|427|NXPI|227.210007|230.880005|224.600006|226.740005|2006500|0.9825362696|222.780273
2025-09-05|428|GM|58.080002|58.810001|57.759998|58.270000|7378100|0.9934966717|57.891056
2025-09-05|429|TRGP|165.600006|165.839996|157.800003|162.350006|1636800|0.9789495349|158.932449
2025-09-05|430|CPAY|322.089996|327.109985|314.869995|316.649994|259700|1.0000000000|316.649994
2025-09-05|431|KMI|26.760000|26.850000|26.219999|26.590000|11509200|0.9613533449|25.562386
2025-09-05|432|HCA|411.980011|420.980011|409.160004|420.769989|1059800|0.9932605867|417.934235
2025-09-05|433|HII|270.140015|271.329987|266.000000|271.130005|362700|0.9882397967|266.697693
2025-09-05|434|APO|134.929993|135.139999|128.979996|131.550003|4520500|0.9837214596|129.408585
2025-09-05|435|MPC|178.500000|180.479996|177.050003|180.279999|1696300|0.9835714275|177.318253
2025-09-05|436|XYL|142.649994|143.130005|139.509995|140.559998|1170900|0.9861759388|138.616882
2025-09-05|437|APTV|81.400002|82.050003|79.690002|80.440002|2586500|1.0000000000|80.440002
2025-09-05|438|PSX|130.789993|132.250000|129.850006|131.550003|1828500|0.9712393490|127.766556
2025-09-05|439|AMCR|8.260000|8.340000|8.230000|8.300000|20276600|4.8543684849|40.291260
2025-09-05|440|META|752.619995|757.950012|745.030029|752.450012|9663400|0.9967331772|749.991882
2025-09-05|441|NOW|904.150009|916.200027|901.350021|913.799973|1283900|0.2000000000|182.759995
2025-09-05|442|PANW|193.600006|196.339996|191.850006|194.460007|5670400|1.0000000000|194.460007
2025-09-05|443|FANG|140.779999|142.050003|137.070007|138.710007|1995100|0.9764795206|135.447479
2025-09-05|444|WDAY|233.000000|237.500000|230.000000|231.080002|3526200|1.0000000000|231.080002
2025-09-05|445|ABBV|212.550003|214.339996|211.000000|212.559998|4465400|0.9699105539|206.164185
2025-09-05|446|NCLH|25.709999|26.280001|25.459999|25.660000|14682600|1.0000000000|25.660000
2025-09-05|447|ZTS|152.899994|155.149994|152.399994|153.320007|1895900|0.9811560666|150.430862
2025-09-05|448|IQV|184.399994|188.679993|184.300003|187.679993|1263200|1.0000000000|187.679993
2025-09-05|449|NWS|33.070000|33.709999|32.669998|33.400002|378800|0.9932558879|33.174747
2025-09-05|450|NWSA|29.330000|29.760000|29.190001|29.440001|3321300|0.9924536320|29.217833
2025-09-05|451|CDW|166.960007|170.729996|165.639999|169.729996|1439000|0.9800438553|166.342834
2025-09-05|452|VEEV|271.589996|274.010010|270.380005|272.929993|1440200|1.0000000000|272.929993
2025-09-05|453|ALLE|171.360001|173.250000|170.820007|171.860001|596800|0.9921390873|170.509018
2025-09-05|454|HLT|278.200012|279.809998|270.230011|272.299988|1578800|0.9980421657|271.766846
2025-09-05|455|ARES|181.360001|181.860001|174.529999|177.309998|1638800|0.9643870365|170.995453
2025-09-05|456|ANET|144.130005|145.460007|140.250000|142.850006|9567500|1.0000000000|142.850006
2025-09-05|457|SYF|77.010002|77.410004|74.959999|75.610001|2149000|0.9836138777|74.371048
2025-09-05|458|CFG|52.610001|52.849998|51.250000|51.709999|2997600|0.9707955381|50.199837
2025-09-05|459|KEYS|168.000000|169.910004|165.820007|167.899994|957200|1.0000000000|167.899994
2025-09-05|460|GDDY|145.240005|147.179993|143.910004|145.240005|1280200|1.0000000000|145.240005
2025-09-05|461|KHC|26.945000|27.510000|26.920000|27.290001|14754300|0.9508904028|25.949800
2025-09-05|462|PYPL|68.879997|69.940002|68.169998|68.260002|7794300|0.9914138539|67.673920
2025-09-05|463|LITE|149.500000|152.270004|144.199997|149.460007|6409700|1.0000000000|149.460007
2025-09-05|464|HPE|23.160000|23.559999|22.700001|23.520000|24237500|0.9795953482|23.040083
2025-09-05|465|XYZ|76.300003|77.074997|73.690002|74.940002|4785800|1.0000000000|74.940002
2025-09-05|466|FTV|47.770000|48.395000|47.410000|47.869999|3314800|0.9955934752|47.659058
2025-09-05|467|DELL|127.250000|128.419998|123.279999|124.830002|6413100|0.9874173534|123.259308
2025-09-05|468|TTD|52.000000|52.570000|51.009998|52.070000|11342800|1.0000000000|52.070000
2025-09-05|469|VST|190.250000|191.432999|178.429993|188.000000|5199600|0.9947817288|187.018951
2025-09-05|470|HWM|180.250000|181.389999|173.380005|178.199997|2016700|0.9979223317|177.829758
2025-09-05|471|INVH|30.520000|30.709999|30.115000|30.250000|5423800|0.9576139206|28.967821
2025-09-05|472|CVNA|375.190010|377.500000|356.479988|368.880005|2445300|0.2000000000|73.776001
2025-09-05|473|IR|79.930000|81.500000|79.523003|80.949997|3149700|0.9990084054|80.869720
2025-09-05|474|VICI|33.549999|33.820000|33.480000|33.599998|5766400|0.9391962861|31.556997
2025-09-05|475|VRT|127.809998|128.576996|118.699997|124.000000|7719600|0.9988996720|123.863564
2025-09-05|476|MRNA|24.660000|25.480000|24.605000|25.139999|13040600|1.0000000000|25.139999
2025-09-05|477|FOXA|60.549999|61.514999|60.485001|61.500000|2103700|0.9951185496|61.199791
2025-09-05|478|FOX|55.290001|55.974998|55.110001|55.970001|842200|0.9946544484|55.670811
2025-09-05|479|DOW|23.900000|24.920000|23.775000|24.500000|18476700|0.9640247460|23.618607
2025-09-05|480|UBER|92.529999|92.529999|88.839996|90.989998|20384500|1.0000000000|90.989998
2025-09-05|481|CTVA|72.529999|72.730003|71.389999|72.300003|3173200|0.9928033602|71.779686
2025-09-05|482|CRWD|414.070007|418.112000|407.059998|417.630005|2169300|0.2500000000|104.407501
2025-09-05|483|DDOG|132.740005|136.250000|132.395004|136.080002|4851100|1.0000000000|136.080002
2025-09-05|484|CARR|64.349998|65.633003|64.184998|65.510002|5021900|0.9848525765|64.517700
2025-09-05|485|OTIS|87.190002|87.748001|86.559998|87.000000|3034900|0.9789066234|85.164886
2025-09-05|486|PLTR|157.820007|158.970001|148.039993|153.110001|81855900|1.0000000000|153.110001
2025-09-05|487|DASH|249.714996|251.490005|243.550003|246.850006|2195800|1.0000000000|246.850006
2025-09-05|488|ABNB|125.370003|127.385002|122.820000|123.809998|4327200|1.0000000000|123.809998
2025-09-05|489|EXE|95.860001|96.754997|94.459999|95.510002|2375600|0.9779564541|93.404625
2025-09-05|490|COIN|313.850006|315.739990|292.559998|299.070007|11367000|1.0000000000|299.070007
2025-09-05|491|APP|506.000000|507.869995|469.799988|490.239990|8290500|1.0000000000|490.239990
2025-09-05|492|HOOD|104.980003|106.029999|95.660004|101.250000|62538400|1.0000000000|101.250000
2025-09-05|493|CEG|311.049988|312.989990|293.154999|301.579987|2821200|0.9944409722|299.903534
2025-09-05|494|GEHC|74.250000|75.750000|74.209999|75.730003|3010700|0.9981004727|75.586151
2025-09-05|495|KVUE|20.510000|20.690001|17.145000|18.620001|135445400|0.9540880845|17.765120
2025-09-05|496|VLTO|106.779999|107.019997|105.459999|105.709999|965200|0.9946977565|105.149498
2025-09-05|497|RDDT|234.000000|241.179993|230.240005|240.000000|5567600|1.0000000000|240.000000
2025-09-05|498|SOLV|72.570000|73.489998|72.430000|72.720001|682800|1.0000000000|72.720001
2025-09-05|499|GEV|599.960022|604.500000|565.500000|582.080017|3477700|0.9977344385|580.761292
2025-09-05|500|SNDK|65.519997|68.669998|63.740002|68.550003|9050000|1.0000000000|68.550003
