date|security_id|ticker|open|high|low|close|volume|adj_factor|adj_close_vendor
2025-09-17|1|AEP|107.510002|107.930000|107.110001|107.519997|2540200|0.9699113042|104.284851
2025-09-17|2|BA|215.589996|218.050003|213.130005|214.630005|6019500|1.0000000000|214.630005
2025-09-17|3|CAT|445.000000|452.339996|443.000000|450.660004|4512200|0.9910786923|446.639557
2025-09-17|4|CNP|37.860001|38.279999|37.730000|38.049999|4726300|0.9777626474|37.203869
2025-09-17|5|CVX|159.199997|160.669998|158.610001|160.089996|5736800|0.9620890936|154.020859
2025-09-17|6|DIS|115.239998|116.660004|115.220001|116.099998|7333900|0.9857264957|114.442841
2025-09-17|7|DTE|134.770004|136.149994|134.490005|135.110001|1130500|0.9755422782|131.805511
2025-09-17|8|ED|96.290001|97.300003|96.150002|96.400002|1879800|0.9678975191|93.305321
2025-09-17|9|GD|326.779999|328.470001|324.540009|325.279999|1343800|0.9826639145|319.640961
2025-09-17|10|GE|292.089996|292.709991|286.500000|289.500000|4149600|0.9949472243|288.037231
2025-09-17|11|HON|211.669995|213.650006|210.249998|211.679998|5412300|0.9694785487|205.219238
2025-09-17|12|HPQ|27.770000|28.500000|27.690001|27.900000|12909300|0.9607551428|26.805067
2025-09-17|13|IBM|257.500000|260.959991|257.010010|259.079987|3974800|0.9746618623|252.515381
2025-09-17|14|IP|46.410000|47.779999|46.389999|46.939999|4793600|0.9527969504|44.724285
2025-09-17|15|JNJ|176.710007|178.509995|176.589996|177.199997|6714900|0.9779609434|173.294678
2025-09-17|16|KO|66.410004|67.129997|66.410004|67.040001|17372300|0.9799171123|65.693642
2025-09-17|17|KR|67.809998|68.019997|66.610001|66.959999|9126300|0.9778352350|65.475845
2025-09-17|18|LMT|474.929993|477.190002|472.640015|473.119995|1016500|0.9808408602|464.055420
2025-09-17|19|MMM|156.500000|158.539993|153.539993|155.160004|2757300|0.9818750293|152.347717
2025-09-17|20|MO|65.180000|65.599998|64.930000|65.510002|7261100|0.9516126626|62.340145
2025-09-17|21|MRK|80.980003|82.250000|80.800003|81.139999|12642100|0.9772081263|79.290672
2025-09-17|22|MSI|477.820007|479.790009|475.779999|477.850006|721100|0.9910852927|473.590149
2025-09-17|23|PG|158.429993|161.669998|158.429993|160.330002|6764200|0.9714333836|155.749908
2025-09-17|24|XOM|114.529999|115.489998|114.050003|115.290001|13302000|0.9718336400|112.042709
2025-09-17|25|RTX|158.570007|159.320007|157.619995|158.309998|3999200|0.9853742397|155.994598
2025-09-17|26|MCD|304.899994|306.579987|303.910004|304.970001|2681600|0.9818538696|299.435974
2025-09-17|27|AXP|328.899994|337.500000|328.399994|336.000000|3586500|0.9894167649|332.444031
2025-09-17|28|BMY|46.240002|46.799999|46.009998|46.150002|14352600|0.9541997897|44.036324
2025-09-17|29|DD|77.309999|78.879998|76.510001|76.780002|3779800|1.2389568992|95.127113
2025-09-17|30|DE|471.579987|475.250000|464.329987|469.119995|1522500|0.9876285285|463.316315
2025-09-17|31|EMR|129.520004|132.520004|129.210007|131.000000|5107000|0.9845366681|128.974304
2025-09-17|32|ETN|370.589996|371.459991|359.279999|363.350006|3481400|0.9889737586|359.343597
2025-09-17|33|ETR|88.449997|88.849998|87.930000|88.180000|2936800|0.9756994696|86.037178
2025-09-17|34|F|11.630000|11.880000|11.550000|11.660000|68585900|0.9554534458|11.140586
2025-09-17|35|HAL|22.250000|22.850000|21.969999|22.250000|8858000|0.9847026012|21.909634
2025-09-17|36|LLY|761.489990|776.960022|756.340027|760.130005|3471200|0.9937326373|755.366028
2025-09-17|37|PCG|15.130000|15.280000|15.020000|15.090000|22404200|0.9895107403|14.931716
2025-09-17|38|PEP|140.169998|142.039993|140.149994|141.229996|6092900|0.9713251717|137.180252
2025-09-17|39|PFE|23.980000|24.389999|23.900000|24.049999|46351600|0.9344639716|22.473858
2025-09-17|40|TXN|177.839996|182.570007|177.610001|180.300003|7209700|0.9747566992|175.748627
2025-09-17|41|WFC|81.220001|82.720001|80.540001|82.480003|14746100|0.9786587178|80.719780
2025-09-17|42|HUBB|435.279999|440.660004|429.570007|433.260010|440614|0.9910077151|429.363983
2025-09-17|43|WMT|103.730003|106.110001|103.730003|104.269997|25382000|0.9916508097|103.399414
2025-09-17|44|AIG|76.389999|77.470001|76.290001|76.800003|6869700|0.9824236525|75.450134
2025-09-17|45|AVY|166.669998|169.470001|164.369995|164.940002|723600|0.9833361967|162.191467
2025-09-17|46|BAC|50.860001|51.630001|50.790001|51.400002|38337900|0.9841245494|50.584003
2025-09-17|47|BALL|49.889999|50.650002|48.959999|49.040001|2770500|0.9893620930|48.518322
2025-09-17|48|BDX|186.809997|190.020003|186.719996|187.570002|1060900|0.7715067098|144.711517
2025-09-17|49|CLX|124.989998|127.169998|124.930000|125.400002|1301500|0.9554686115|119.815765
2025-09-17|50|CMI|417.299988|420.750000|407.959991|411.779999|1047800|0.9855888256|405.845734
2025-09-17|51|CMS|70.320000|71.139999|70.260002|70.379997|1941000|0.9697049346|68.247833
2025-09-17|52|CVS|73.669998|74.839996|73.510002|74.000000|4301300|0.9692366143|71.723495
2025-09-17|53|ECL|265.000000|268.000000|264.290009|265.359985|1338900|0.9918356453|263.193481
2025-09-17|54|ES|63.959999|64.180000|63.230000|63.299999|2604100|0.9562137492|60.528324
2025-09-17|55|EVRG|71.610001|72.120003|71.519997|71.760002|2133400|0.9663059278|69.342117
2025-09-17|56|GWW|999.059998|1009.469971|988.869995|997.929993|278000|0.9918044722|989.751404
2025-09-17|57|LNT|63.990002|64.430000|63.779999|63.860001|1944700|0.9698403407|61.934002
2025-09-17|58|MKC|67.050003|67.699997|66.589996|66.809998|1538400|0.9687082665|64.719391
2025-09-17|59|MRSH|197.399994|199.869995|197.070007|197.399994|1734300|0.9798864608|193.429581
2025-09-17|60|NEE|70.279999|71.010002|70.099998|70.309998|10799600|0.9793736752|68.345810
2025-09-17|61|NI|39.580002|40.080002|39.439999|39.610001|4378200|0.9739163964|38.576828
2025-09-17|62|PNW|86.320000|86.849998|85.860001|86.110001|874200|0.9627257278|82.900307
2025-09-17|63|RVTY|86.000000|88.489998|84.839996|85.389999|1523600|0.9972426702|85.154549
2025-09-17|64|SNA|334.279999|338.570007|330.579987|331.369995|292100|0.9736214558|322.628937
2025-09-17|65|SPGI|544.159974|547.450002|540.509988|544.099976|875700|0.9377344841|510.221252
2025-09-17|66|TER|113.750000|116.339996|112.809998|114.320000|2569300|0.9984501140|114.142815
2025-09-17|67|TGT|89.839996|90.809998|88.739998|88.930000|9399000|0.9610823572|85.469055
2025-09-17|68|TXT|83.480003|84.720001|82.680000|82.709999|2065800|0.9993380469|82.655243
2025-09-17|69|VMC|292.200012|297.100006|290.000000|292.250000|679700|0.9925854203|290.083069
2025-09-17|70|XEL|72.290001|72.900002|71.949997|72.050003|5337600|0.9776860259|70.442276
2025-09-17|71|ITW|262.709991|268.000000|261.799988|262.480011|963800|0.9753490955|256.009644
2025-09-17|72|CL|81.790001|82.970001|81.510002|82.220001|3951900|0.9756036244|80.214127
2025-09-17|73|EXC|42.959999|43.330002|42.840000|43.230000|6037100|0.9737696536|42.096062
2025-09-17|74|MDT|94.419998|95.120003|93.809998|94.580002|8145800|0.9685091881|91.601608
2025-09-17|75|BNY|105.830002|107.209999|105.809998|107.010002|2935700|0.9828746130|105.177429
2025-09-17|76|EIX|55.599998|56.619999|55.500000|55.560001|2417600|0.9477686299|52.658031
2025-09-17|77|FRT|100.120003|101.180000|99.110001|99.290001|767300|0.9585027133|95.169739
2025-09-17|78|PNR|111.150002|112.339996|108.830002|109.459999|1628300|0.9879062781|108.136223
2025-09-17|79|USB|48.599998|50.169998|48.570000|49.610001|12828100|0.9616675228|47.708332
2025-09-17|80|WY|24.820000|25.620001|24.469999|24.490000|4855800|0.9737086273|23.846123
2025-09-17|81|SYY|81.800003|82.849998|81.459999|82.459999|3524900|0.9724100270|80.184937
2025-09-17|82|WRB|71.599998|73.320000|71.419998|73.110001|1815800|0.9730521615|71.139854
2025-09-17|83|IFF|64.480003|65.260002|63.250000|63.340000|2601600|0.9763780056|61.843784
2025-09-17|84|TAP|47.549999|48.000000|46.770000|46.860001|2404000|0.9680101781|44.838314
2025-09-17|85|PNC|201.460007|205.839996|201.100006|203.770004|1387600|0.9681422743|197.278351
2025-09-17|86|TRV|272.529999|276.799988|272.130005|275.029999|982300|0.9883140678|271.816010
2025-09-17|87|C|100.489998|102.209999|100.410004|101.760002|14371600|0.9792834329|99.651878
2025-09-17|88|FDX|225.519994|232.870007|224.370001|225.780006|3123300|0.7954691757|179.601028
2025-09-17|89|WDC|102.230003|102.400002|99.720001|100.940002|8787600|0.9984583045|100.784370
2025-09-17|90|DHR|191.210007|196.330002|190.729996|192.940002|4419300|0.9926766998|191.527039
2025-09-17|91|APA|24.309999|24.990000|24.129999|24.160000|8494900|0.9662983352|23.345766
2025-09-17|92|LUV|31.740000|32.630001|31.559999|32.119999|10892500|0.9870678085|31.704617
2025-09-17|93|PEG|81.599998|81.980003|80.220001|80.430000|3405500|0.9756675447|78.472939
2025-09-17|94|UNP|216.309998|219.669998|216.130005|217.169998|4797500|0.9839040791|213.674438
2025-09-17|95|ABT|132.710007|134.220001|132.710007|134.169998|5113300|0.9774083434|131.138870
2025-09-17|96|ADI|244.110001|250.199997|244.110001|246.320007|2617600|0.9906566026|244.018555
2025-09-17|97|ADM|62.150002|62.630001|61.060001|61.090000|3084000|0.9716117081|59.355759
2025-09-17|98|ADP|289.130005|291.320007|287.739990|288.750000|2275800|0.9780151607|282.401855
2025-09-17|99|AFL|107.989998|109.989998|107.099998|109.230003|2354400|0.9795217260|106.993164
2025-09-17|100|AMAT|174.250000|179.550003|173.970001|178.130005|9588300|0.9944993487|177.150192
2025-09-17|101|AMD|159.279999|161.630005|155.759995|159.160004|41823800|1.0000000000|159.160004
2025-09-17|102|APD|286.480011|294.709991|284.369995|290.630005|957100|0.9740417964|283.085785
2025-09-17|103|BF-B|27.430000|28.110001|27.389999|27.430000|3298100|0.9746521115|26.734707
2025-09-17|104|CHD|91.870003|92.940002|91.620003|92.000000|1754800|0.9872146942|90.823746
2025-09-17|105|CINF|153.050003|156.360001|152.979996|154.479996|405900|0.9780901218|151.095367
2025-09-17|106|CMCSA|32.340000|32.800001|32.199999|32.430000|16186100|0.8939029736|28.989273
2025-09-17|107|D|59.630001|59.980000|59.450001|59.599998|3492100|0.9687101350|57.735123
2025-09-17|108|DOV|173.240005|175.809998|170.380005|171.449997|720400|0.9924896872|170.162338
2025-09-17|109|DUK|120.739998|121.500000|120.269997|121.099998|2437700|0.9660947366|116.994072
2025-09-17|110|EFX|260.820007|271.839996|259.549988|262.329987|1686200|0.9915561793|260.114929
2025-09-17|111|EQT|50.009998|50.990002|49.759998|49.990002|8570300|0.9883492503|49.407574
2025-09-17|112|FITB|45.090000|46.290001|45.090000|45.910000|4946000|0.9671869264|44.403549
2025-09-17|113|GIS|48.709999|49.619999|48.419998|49.180000|15178800|0.9414262429|46.299339
2025-09-17|114|GPC|140.119995|142.110001|139.050003|139.229996|1693600|0.9724963604|135.400650
2025-09-17|115|HAS|75.099998|75.849998|73.739998|73.919998|1589000|0.9687474839|71.609810
2025-09-17|116|HBAN|17.309999|17.799999|17.270000|17.540001|27999600|0.9725023795|17.057693
2025-09-17|117|HRL|24.959999|25.219999|24.870001|24.889999|4216600|0.9501443377|23.649092
2025-09-17|118|HST|17.660000|17.900000|17.400000|17.520000|10552200|0.9239624647|16.187820
2025-09-17|119|HSY|193.089996|194.910004|189.949997|191.089996|1189300|0.9707271518|185.496246
2025-09-17|120|INTC|25.080000|25.260000|24.450001|24.900000|63093700|1.0000000000|24.900000
2025-09-17|121|J|146.750000|149.529999|145.649994|147.300003|614100|0.9894584622|145.747253
2025-09-17|122|JPM|310.390015|312.910004|308.769989|311.750000|8657800|0.9812283969|305.897919
2025-09-17|123|KMB|125.320000|126.980003|125.320000|125.589996|2304400|0.9627154389|120.907425
2025-09-17|124|L|96.120003|97.230003|96.120003|96.790001|798900|0.9977044368|96.567818
2025-09-17|125|LEN|134.630005|139.440002|131.789993|132.970001|5872100|0.9802617213|130.345398
2025-09-17|126|LOW|272.600006|274.980011|266.859985|267.950012|2854600|0.9798699778|262.556152
2025-09-17|127|MAS|73.709999|75.540001|71.779999|72.470001|2772000|0.9817399064|71.146698
2025-09-17|128|MTB|195.839996|201.110001|195.190002|198.600006|1020100|0.9784172563|194.313660
2025-09-17|129|NEM|78.180000|79.599998|77.510002|78.690002|10380300|0.9927701446|78.121086
2025-09-17|130|NTRS|129.860001|131.389999|128.429993|129.460007|1290200|0.9838837164|127.373589
2025-09-17|131|NUE|141.990005|146.419998|141.000000|142.800003|1485600|0.9867766388|140.911697
2025-09-17|132|OMC|76.750000|78.449997|76.300003|76.599998|2893000|0.9700503706|74.305855
2025-09-17|133|PCAR|103.169998|103.849998|100.260002|100.860001|3991100|0.9759401745|98.433327
2025-09-17|134|PGR|241.000000|243.899994|239.199997|243.610001|3363100|0.9389929753|228.748062
2025-09-17|135|PH|754.559998|758.039978|730.250000|738.500000|1083500|0.9937397742|733.876831
2025-09-17|136|PHM|134.979996|139.050003|132.179993|134.100006|2323700|0.9937132889|133.256958
2025-09-17|137|PPG|108.879997|111.580002|107.620003|108.099998|1492800|0.9744973374|105.343163
2025-09-17|138|PPL|35.660000|35.880001|35.490002|35.610001|4142500|0.9766950417|34.780109
2025-09-17|139|RF|26.629999|27.379999|26.570000|26.930000|20749900|0.9708879210|26.146013
2025-09-17|140|ROL|55.410000|56.410000|55.410000|56.139999|2913500|0.9856812639|55.336147
2025-09-17|141|SHW|354.399994|359.209991|348.500000|350.209991|2165900|0.9906031983|346.919159
2025-09-17|142|STT|111.050003|112.540001|110.589996|111.699997|1407900|0.9748965288|108.895935
2025-09-17|143|SWK|78.290001|81.440002|77.519997|78.180000|2280000|0.9672078260|75.616310
2025-09-17|144|SYK|376.600006|381.190002|374.769989|376.880005|949400|0.9899211911|373.081543
2025-09-17|145|TMO|482.959991|486.570007|469.140015|472.640015|1947500|0.9972620730|471.345978
2025-09-17|146|TPL|930.380035|943.329987|913.000031|913.000031|150300|0.3318281124|302.959076
2025-09-17|147|TSN|54.349998|54.810001|54.060001|54.119999|2303200|0.9750492370|52.769661
2025-09-17|148|TT|400.000000|402.850006|394.390015|398.959991|1229300|0.9953350758|397.098846
2025-09-17|149|TYL|537.320007|543.299988|532.190002|536.380005|296000|1.0000000000|536.380005
2025-09-17|150|UDR|37.299999|38.060001|37.220001|37.310001|2179300|0.9573816019|35.719910
2025-09-17|151|VTRS|9.540000|9.860000|9.520000|9.620000|11937700|0.9657614708|9.290625
2025-09-17|152|WEC|109.260002|110.000000|108.849998|109.260002|1835600|0.9669333840|105.647133
2025-09-17|153|WST|258.649994|262.230011|256.350006|256.640015|515000|0.9968900108|255.841888
2025-09-17|154|NDSN|226.130005|231.000000|223.240005|223.639999|341300|0.9906696357|221.553360
2025-09-17|155|TFC|44.599998|45.900002|44.509998|45.380001|9131600|0.9589220174|43.515884
2025-09-17|156|WELL|165.330002|167.000000|164.330002|165.910004|3769200|0.9854911345|163.502838
2025-09-17|157|AON|357.970001|361.239990|355.220001|358.000000|1426900|0.9951005240|356.246033
2025-09-17|158|GL|141.100006|143.820007|140.750000|142.800003|454800|0.9919590983|141.651779
2025-09-17|159|OKE|72.410004|73.769997|72.309998|72.860001|2723600|0.9485114183|69.108536
2025-09-17|160|KLAC|990.380020|1000.000000|976.269989|989.869995|723900|0.0994634319|98.455864
2025-09-17|161|CSX|32.540001|33.070000|32.480000|32.770000|11842700|0.9900119853|32.442688
2025-09-17|162|PSA|286.049988|289.769989|284.089996|284.130005|1083100|0.9701110817|275.637665
2025-09-17|163|NKE|73.070000|73.320000|71.610001|72.309998|11108700|0.9783499344|70.744484
2025-09-17|164|AAPL|238.970001|240.100006|237.729996|238.990005|46508000|0.9963195807|238.110443
2025-09-17|165|BRO|91.570000|93.300003|91.570000|92.209999|3282800|0.9904200305|91.326637
2025-09-17|166|UHS|186.880005|191.169998|185.000000|187.389999|518400|0.9968342486|186.796768
2025-09-17|167|HD|424.440002|426.750000|415.809998|417.000000|4771700|0.9796274407|408.504639
2025-09-17|168|BAX|23.930000|24.110001|23.100000|23.200001|5187500|0.9984613291|23.155371
2025-09-17|169|COP|94.019997|95.199997|93.139999|93.820000|7072700|0.9694370271|90.952583
2025-09-17|170|GLW|78.419998|78.680000|76.150002|76.879997|10590700|0.9932214224|76.358864
2025-09-17|171|HUM|273.000000|273.850006|267.660004|269.390015|1491900|0.9857757655|265.558136
2025-09-17|172|LHX|284.160004|286.010010|281.309998|281.859985|732500|0.9883920425|278.588165
2025-09-17|173|NOC|579.099976|585.000000|576.390015|577.080017|790200|0.9884333448|570.405151
2025-09-17|174|OXY|47.340000|47.990002|46.950001|47.189999|8920100|0.9849760250|46.481014
2025-09-17|175|ROK|342.500000|348.019989|340.209991|344.660004|892100|0.9867997940|340.110413
2025-09-17|176|SLB|35.020000|35.669998|34.480000|34.790001|20414600|0.9812007073|34.135971
2025-09-17|177|SO|91.589996|92.059998|91.400002|91.629997|5065100|0.9680357165|88.701111
2025-09-17|178|WMB|58.060001|59.180000|58.049999|59.020000|6084800|0.9774919343|57.691574
2025-09-17|179|VLO|162.020004|165.649994|161.699997|163.669998|2892200|0.9792382128|160.271912
2025-09-17|180|CI|294.970001|299.700012|294.839996|296.589996|1256600|0.9832673314|291.627258
2025-09-17|181|NSC|278.950012|280.109985|276.549988|278.000000|2854900|0.9826794519|273.184875
2025-09-17|182|COO|65.160004|65.959999|64.190002|64.320000|1955600|1.0000000000|64.320000
2025-09-17|183|AMGN|274.140015|277.799988|273.000000|274.709991|1748800|0.9730085280|267.295166
2025-09-17|184|RJF|169.009995|171.800003|168.449997|170.070007|1017400|0.9865274707|167.778732
2025-09-17|185|WSM|197.399994|203.100006|195.949997|196.610001|918600|0.9861134039|193.879776
2025-09-17|186|CAH|149.350006|149.750000|147.479996|148.679993|2011600|0.9897070842|147.149628
2025-09-17|187|CTAS|199.759995|202.899994|199.570007|199.979996|2053800|0.9900452227|197.989243
2025-09-17|188|PAYX|132.279999|134.139999|132.149994|132.460007|3784600|0.9578135440|126.871986
2025-09-17|189|BEN|24.260000|24.639999|23.980000|24.209999|3025500|0.9494134464|22.985298
2025-09-17|190|AOS|73.980003|75.199997|72.650002|73.120003|1083200|0.9781906723|71.525299
2025-09-17|191|CASY|565.719971|571.570007|554.650024|555.309998|601700|0.9965302403|553.383240
2025-09-17|192|T|29.330000|29.580000|29.250000|29.540001|25967200|0.9549684422|28.209766
2025-09-17|193|VZ|43.869999|44.410000|43.860001|44.209999|14414000|0.9360588259|41.383163
2025-09-17|194|JBHT|137.979996|141.029999|134.250000|134.520004|1799600|0.9918818614|133.427963
2025-09-17|195|ATO|163.570007|164.869995|162.529999|163.449997|1052400|0.9773427979|159.746674
2025-09-17|196|LRCX|120.820000|123.279999|119.510002|121.900002|10996100|0.9944959804|121.229057
2025-09-17|197|MU|157.410004|160.589996|155.259995|159.990005|18843600|0.9983975840|159.733643
2025-09-17|198|AJG|293.049988|295.209991|291.989990|292.660004|1248100|0.9910126646|290.029755
2025-09-17|199|AME|188.169998|188.940002|185.559998|186.250000|1400300|0.9953689352|185.387466
2025-09-17|200|SWKS|74.330002|75.419998|73.059998|74.489998|2413700|0.9685989226|72.150932
2025-09-17|201|EXPD|124.900002|127.160004|124.080002|124.949997|1121500|0.9896583057|123.657814
2025-09-17|202|UNH|337.690002|343.000000|337.690002|341.609985|8467700|0.9800610506|334.798645
2025-09-17|203|BBY|74.709999|76.930000|74.059998|74.519997|4525600|0.9471666927|70.582863
2025-09-17|204|DOC|18.299999|18.559999|18.200001|18.209999|6730100|0.9354053519|17.033728
2025-09-17|205|ADSK|319.559998|322.679993|317.399994|319.279999|1758400|1.0000000000|319.279999
2025-09-17|206|DVN|34.720001|35.889999|34.340000|35.410000|7499500|0.9814598964|34.753494
2025-09-17|207|NVR|8240.009766|8429.990234|8090.000000|8137.310059|19500|1.0000000000|8137.310059
2025-09-17|208|ROST|146.949997|148.149994|146.229996|146.660004|3285600|0.9936631572|145.730637
2025-09-17|209|JKHY|160.000000|161.919998|159.460007|159.779999|696200|0.9886171552|157.961243
2025-09-17|210|MNST|66.379997|67.129997|65.839996|66.519997|6551700|0.5000000000|66.519997
2025-09-17|211|ORCL|307.690002|308.660004|295.029999|301.410004|27707900|0.9887307780|298.013367
2025-09-17|212|MSFT|510.619995|511.290009|505.929993|510.019989|15816600|0.9918394551|505.857941
2025-09-17|213|TROW|103.889999|106.400002|103.739998|104.860001|1565500|0.9618549978|100.860115
2025-09-17|214|COST|953.489990|963.979980|953.489990|963.030029|1556800|0.9941992924|957.443787
2025-09-17|215|ADBE|353.179993|365.000000|353.179993|362.070007|6449900|1.0000000000|362.070007
2025-09-17|216|FISV|133.320007|135.589996|133.240005|134.179993|3042900|1.0000000000|134.179993
2025-09-17|217|BKR|47.150002|47.380001|46.090000|46.480000|4612900|0.9846041741|45.764400
2025-09-17|218|CDNS|349.880005|349.880005|341.200012|347.269989|1671600|1.0000000000|347.269989
2025-09-17|219|TJX|139.990005|140.889999|139.220001|140.039993|4617100|0.9879468300|138.352051
2025-09-17|220|FICO|1559.560059|1602.920044|1551.520020|1551.829956|360900|1.0000000000|1551.829956
2025-09-17|221|CCL|31.389999|31.580000|30.760000|31.190001|18048300|0.9841845235|30.696714
2025-09-17|222|FAST|47.439999|47.759998|46.990002|47.119999|5126900|0.9787399757|46.118225
2025-09-17|223|SCHW|91.070000|92.190002|90.550003|92.089996|14497000|0.9873800864|90.927826
2025-09-17|224|JCI|106.940002|108.370003|106.419998|107.410004|3196100|0.9941759575|106.784439
2025-09-17|225|COHR|104.330002|104.400002|100.629997|103.410004|3901100|1.0000000000|103.410004
2025-09-17|226|KEY|18.670000|19.020000|18.480000|18.709999|29317400|0.9696888308|18.142878
2025-09-17|227|MOS|34.049999|34.509998|33.820000|34.160000|3969800|0.9727377902|33.228725
2025-09-17|228|MGM|35.500000|36.040001|34.700001|35.290001|3626000|1.0000000000|35.290001
2025-09-17|229|WM|214.500000|217.149994|214.000000|215.660004|1375500|0.9879218676|213.055222
2025-09-17|230|TECH|51.840000|53.750000|51.099998|51.520000|1819900|0.9943671322|51.229801
2025-09-17|231|IEX|164.190002|165.910004|159.179993|159.589996|1033300|0.9853525022|157.252411
2025-09-17|232|GEN|28.730000|28.990000|28.540001|28.660000|3018900|0.9804358251|28.099289
2025-09-17|233|CRH|112.739998|114.040001|110.680000|111.250000|2877300|0.9889154582|110.016846
2025-09-17|234|EOG|119.940002|121.209999|118.739998|119.839996|2851200|0.9664053429|115.814003
2025-09-17|235|PTC|206.020004|206.639999|202.550003|203.979996|738200|1.0000000000|203.979996
2025-09-17|236|CSCO|67.000000|67.879997|66.379997|67.720001|18652100|0.9797136141|66.346214
2025-09-17|237|LH|274.089996|278.440002|273.529999|276.070007|399600|0.9921089357|273.305573
2025-09-17|238|TRMB|80.989998|81.290001|78.769997|79.639999|1146100|1.0000000000|79.639999
2025-09-17|239|AZO|4234.990234|4236.620117|4194.279785|4232.569824|106800|1.0000000000|4232.569824
2025-09-17|240|REGN|576.309998|587.669983|576.309998|585.500000|921500|0.9948983635|582.513000
2025-09-17|241|IDXX|644.590027|651.049988|637.000000|640.859985|444500|1.0000000000|640.859985
2025-09-17|242|AES|12.720000|12.850000|12.330000|12.510000|12631800|0.9525797478|11.916773
2025-09-17|243|VRTX|392.940002|396.309998|386.440002|387.149994|2041400|1.0000000000|387.149994
2025-09-17|244|ZBRA|318.390015|322.279999|312.809998|317.320007|539100|1.0000000000|317.320007
2025-09-17|245|BIIB|143.479996|146.679993|143.389999|144.869995|1501900|1.0000000000|144.869995
2025-09-17|246|ODFL|146.669998|149.880005|141.539993|141.789993|1977500|0.9953671039|141.133087
2025-09-17|247|APH|119.110001|119.500000|117.339996|118.410004|11958900|0.9946061744|117.771309
2025-09-17|248|KIM|22.129999|22.379999|21.920000|21.950001|5236900|0.9657396580|21.197987
2025-09-17|249|QCOM|164.679993|166.369995|163.229996|165.259995|6057800|0.9849314898|162.769775
2025-09-17|250|GILD|111.370003|112.459999|111.209999|112.260002|6539600|0.9813788839|110.169594
2025-09-17|251|ROP|504.380005|517.440002|503.739990|509.649994|940800|0.9912816468|505.206726
2025-09-17|252|SNPS|425.000000|429.250000|417.510010|425.399994|3082100|1.0000000000|425.399994
2025-09-17|253|STZ|135.130005|135.990005|132.820007|133.039993|2754700|0.9716065224|129.262527
2025-09-17|254|BSX|98.980003|99.339996|97.470001|98.500000|12061900|1.0000000000|98.500000
2025-09-17|255|STE|248.729996|251.839996|247.100006|248.789993|462400|0.9945039836|247.422653
2025-09-17|256|DHI|172.580002|177.580002|168.559998|169.979996|3540000|0.9881394354|167.963928
2025-09-17|257|LIN|473.899994|481.380005|472.010010|479.859985|1698800|0.9898650243|474.996643
2025-09-17|258|SBUX|84.480003|84.860001|82.959999|83.220001|6632200|0.9751160265|81.149155
2025-09-17|259|MS|156.639999|157.970001|155.649994|157.410004|4604200|0.9778330741|153.920715
2025-09-17|260|INTU|653.679993|666.030029|652.500000|662.679993|1861000|0.9888907264|655.318115
2025-09-17|261|MCHP|64.389999|67.620003|63.990002|65.779999|7381600|0.9744763190|64.101051
2025-09-17|262|CB|272.790009|274.200012|271.989990|272.250000|3390800|0.9939554166|270.604340
2025-09-17|263|ORLY|105.449997|106.080002|103.739998|104.550003|6557600|1.0000000000|104.550003
2025-09-17|264|RCL|323.359985|324.500000|316.339996|323.070007|2042700|0.9831897671|317.639130
2025-09-17|265|JBL|212.940002|214.000000|208.410004|213.639999|1289000|0.9988481715|213.393906
2025-09-17|266|ALL|196.710007|199.119995|196.199997|197.250000|1628100|0.9851043015|194.311813
2025-09-17|267|CPT|106.459999|108.580002|106.180000|106.470001|1182100|0.9608575952|102.302505
2025-09-17|268|VMRK|64.540001|65.720001|64.540001|64.629997|2283000|0.9568407274|61.840614
2025-09-17|269|IT|251.729996|256.600006|251.149994|253.919998|1430900|1.0000000000|253.919998
2025-09-17|270|DECK|118.629997|121.190002|117.680000|118.680000|2170000|1.0000000000|118.680000
2025-09-17|271|REG|70.370003|71.139999|69.629997|69.760002|986500|0.9701425273|67.677147
2025-09-17|272|INCY|83.910004|85.980003|83.510002|84.800003|1582400|1.0000000000|84.800003
2025-09-17|273|SPG|181.539993|184.149994|180.669998|181.559998|1706300|0.9659807077|175.383453
2025-09-17|274|MAA|139.470001|141.889999|139.199997|139.550003|519300|0.9546815481|133.225830
2025-09-17|275|MLM|609.760010|624.609985|608.200012|609.690002|463100|0.9960197565|607.263245
2025-09-17|276|TSCO|59.189999|60.009998|58.889999|59.099998|3551300|0.9764906296|57.710590
2025-09-17|277|ALB|80.889999|82.449997|78.910004|80.160004|2616700|0.9919948535|79.518311
2025-09-17|278|CPRT|47.209999|47.560001|46.529999|46.619999|6038400|1.0000000000|46.619999
2025-09-17|279|FLEX|57.200001|57.200001|55.349998|56.459999|3436600|1.0000000000|56.459999
2025-09-17|280|ESS|265.630005|270.839996|265.279999|266.230011|379300|0.9616604752|256.022919
2025-09-17|281|O|60.250000|60.490002|59.700001|59.709999|5236300|0.9523910542|56.867275
2025-09-17|282|MCO|512.609985|517.130005|509.130005|511.769989|553300|0.9914008639|507.369202
2025-09-17|283|SJM|104.580002|106.400002|104.580002|105.190002|3498200|0.9604551346|101.030273
2025-09-17|284|MCK|696.200012|700.000000|691.340027|692.239990|434100|0.9971371280|690.258179
2025-09-17|285|COF|224.860001|229.210007|223.500000|225.610001|2850600|0.9846948620|222.156998
2025-09-17|286|EME|621.609985|626.099976|611.239990|616.719971|381600|0.9980200530|615.498901
2025-09-17|287|DLTR|95.699997|98.709999|95.470001|97.779999|5325700|1.0000000000|97.779999
2025-09-17|288|COR|292.170013|293.029999|287.630005|289.079987|1761600|0.9924371875|286.893707
2025-09-17|289|DRI|210.460007|211.899994|208.539993|208.789993|1376000|0.9692558966|202.370926
2025-09-17|290|RMD|274.510010|275.750000|270.019989|271.709991|847500|0.9895309167|268.865448
2025-09-17|291|WAB|187.679993|189.149994|184.259995|185.649994|1209700|0.9953491745|184.786575
2025-09-17|292|FCX|45.099998|46.290001|44.779999|45.090000|8951800|0.9893641669|44.610432
2025-09-17|293|IVZ|22.120001|22.590000|21.950001|22.170000|3153100|0.9692003654|21.487173
2025-09-17|294|ACGL|87.309998|88.029999|87.110001|87.349998|2533500|1.0000000000|87.349998
2025-09-17|295|ERIE|322.019989|328.529999|319.480011|320.369995|203000|0.9792544909|313.723724
2025-09-17|296|EG|331.279999|338.769989|330.000000|333.649994|397000|0.9878843207|329.607605
2025-09-17|297|DVA|130.699997|131.339996|127.550003|128.000000|1387400|1.0000000000|128.000000
2025-09-17|298|HSIC|68.440002|69.000000|67.099998|67.370003|1569100|1.0000000000|67.370003
2025-09-17|299|EL|88.080002|90.599998|87.430000|88.169998|2099100|0.9893232983|87.228638
2025-09-17|300|WAT|303.679993|311.440002|300.929993|303.679993|1052800|1.0000000000|303.679993
2025-09-17|301|NTAP|123.199997|124.760002|122.209999|123.919998|1770500|0.9828001938|121.788597
2025-09-17|302|HIG|129.880005|131.279999|129.880005|130.649994|1168600|0.9867007020|128.912430
2025-09-17|303|IRM|100.629997|101.639999|99.389999|99.480003|1489200|0.9749654551|96.989571
2025-09-17|304|BRK-B|490.940002|495.989990|490.299988|492.329987|5060700|1.0000000000|492.329987
2025-09-17|305|FDS|345.940002|348.390015|332.799988|336.040009|1082500|0.9861098905|331.372406
2025-09-17|306|STLD|139.500000|140.990005|135.910004|136.850006|1546900|0.9881804292|135.232498
2025-09-17|307|DGX|181.149994|183.460007|180.520004|182.250000|662900|0.9827524115|179.106628
2025-09-17|308|CIEN|139.550003|139.550003|132.929993|136.380005|3196700|1.0000000000|136.380005
2025-09-17|309|TTWO|248.000000|251.199997|245.699997|250.520004|1690900|1.0000000000|250.520004
2025-09-17|310|VTR|68.099998|68.709999|67.269997|67.339996|2890600|0.9750191622|65.657784
2025-09-17|311|AMZN|233.770004|234.300003|228.710007|231.619995|42815200|1.0000000000|231.619995
2025-09-17|312|ARE|86.080002|88.000000|85.139999|85.139999|1144100|0.9425806495|80.251320
2025-09-17|313|RL|317.649994|318.239990|301.769989|306.119995|921000|0.9893282798|302.853149
2025-09-17|314|BXP|78.940002|79.330002|76.339996|76.430000|1667700|0.9573561810|73.170731
2025-09-17|315|FIX|781.099976|782.700012|757.880005|762.909973|533000|0.9979565203|761.350891
2025-09-17|316|YUM|148.339996|150.070007|147.889999|148.259995|2042600|0.9858960568|146.168930
2025-09-17|317|CHRW|133.789993|137.029999|133.250000|135.089996|2151900|0.9892308245|133.635193
2025-09-17|318|FE|43.320000|43.599998|43.209999|43.439999|2693300|0.9613759059|41.762169
2025-09-17|319|MTD|1282.000000|1295.219971|1260.630005|1273.959961|177200|1.0000000000|1273.959961
2025-09-17|320|PLD|114.980003|116.410004|113.379997|113.889999|2869800|0.9772581725|111.299934
2025-09-17|321|URI|961.210022|967.400024|925.650024|931.010010|760200|0.9918999023|923.468750
2025-09-17|322|AEE|99.169998|99.809998|98.779999|98.970001|1053600|0.9792499824|96.916374
2025-09-17|323|VRSN|287.459991|290.619995|286.709991|287.769989|521500|0.9876930267|284.228424
2025-09-17|324|PWR|378.500000|382.559998|373.399994|376.010010|887900|0.9991491848|375.690063
2025-09-17|325|AMT|194.960007|199.130005|194.429993|197.220001|3041900|0.9628069961|189.884796
2025-09-17|326|MAR|267.390015|268.309998|260.149994|262.049988|1941600|0.9917417055|259.885925
2025-09-17|327|CTSH|69.480003|70.989998|69.309998|70.029999|4076100|0.9779331176|68.484650
2025-09-17|328|SRE|83.269997|84.000000|82.570000|82.650002|6866000|0.9718725927|80.325272
2025-09-17|329|CSGP|88.720001|90.720001|87.779999|87.870003|3011600|1.0000000000|87.870003
2025-09-17|330|RSG|225.279999|228.309998|225.270004|226.270004|1326200|0.9886066709|223.692047
2025-09-17|331|CCI|93.610001|96.379997|93.519997|94.800003|3476700|0.9648543647|91.468193
2025-09-17|332|EBAY|89.309998|90.379997|88.699997|89.959999|4784200|0.9904184858|88.827972
2025-09-17|333|NVDA|172.639999|173.199997|168.410004|170.289993|211843800|0.9987261828|170.073074
2025-09-17|334|BKNG|5493.840027|5557.400131|5454.959869|5553.699875|211500|0.0397328628|220.664398
2025-09-17|335|GS|788.859985|798.570007|785.229980|794.219971|1945300|0.9855142723|782.715149
2025-09-17|336|FFIV|324.790009|326.000000|320.540009|323.809998|258000|1.0000000000|323.809998
2025-09-17|337|SBAC|198.100006|203.690002|198.100006|199.380005|1458500|0.9751039390|194.416229
2025-09-17|338|LII|552.650024|559.729980|537.719971|545.929993|493600|0.9895934539|540.248718
2025-09-17|339|BLK|1121.000000|1133.449951|1117.000000|1131.780029|508000|0.9841011192|1113.786011
2025-09-17|340|TKO|203.660004|204.100006|200.399994|201.380005|1933700|0.9884090368|199.045822
2025-09-17|341|AKAM|76.570000|77.220001|74.889999|75.839996|1941000|1.0000000000|75.839996
2025-09-17|342|UPS|85.070000|86.370003|83.730003|84.180000|9007000|0.9383630641|78.991402
2025-09-17|343|A|127.720001|130.080002|126.379997|126.720001|1921700|0.9920393505|125.711227
2025-09-17|344|TDY|556.700012|558.820007|546.570007|550.869995|237600|1.0000000000|550.869995
2025-09-17|345|PKG|213.940002|217.009995|211.839996|212.080002|577200|0.9816059808|208.179016
2025-09-17|346|EW|75.419998|76.430000|74.790001|75.199997|4845300|1.0000000000|75.199997
2025-09-17|347|MET|78.870003|79.709999|78.309998|78.680000|5561500|0.9722454281|76.496269
2025-09-17|348|ON|49.590000|51.599998|49.029999|49.799999|6154700|1.0000000000|49.799999
2025-09-17|349|ISRG|434.600006|438.790009|430.589996|433.660004|1638200|1.0000000000|433.660004
2025-09-17|350|CRL|151.600006|157.009995|151.270004|152.720001|1379200|1.0000000000|152.720001
2025-09-17|351|MRVL|68.860001|72.410004|68.360001|70.980003|29593100|0.9978740377|70.829094
2025-09-17|352|EQIX|784.210022|793.849976|778.630005|778.780029|372300|0.9790491812|762.463928
2025-09-17|353|TPR|110.070000|111.019997|108.730003|109.879997|3127100|0.9910289553|108.894257
2025-09-17|354|GRMN|238.000000|238.330002|233.020004|234.179993|622700|0.9875544034|231.265488
2025-09-17|355|GPN|84.300003|86.919998|84.300003|85.349998|1785100|0.9898898052|84.487099
2025-09-17|356|ALGN|131.509995|134.820007|128.520004|129.440002|1453100|1.0000000000|129.440002
2025-09-17|357|WTW|332.049988|336.269989|329.519989|332.329987|477200|0.9876703786|328.232452
2025-09-17|358|MDLZ|62.689999|63.599998|62.619999|62.830002|7039900|0.9664286986|60.720722
2025-09-17|359|AXON|750.669983|762.179993|748.299988|751.809998|504200|1.0000000000|751.809998
2025-09-17|360|FIS|66.540001|68.150002|66.320000|67.150002|4000800|0.9743297530|65.426247
2025-09-17|361|ACN|237.729996|245.199997|236.990005|241.240005|5248200|0.9798095806|236.369263
2025-09-17|362|ZBH|99.449997|101.650002|99.139999|99.919998|1647900|0.9895894440|98.879768
2025-09-17|363|BG|83.430000|83.830002|80.349998|80.410004|1880400|0.9749906568|78.399010
2025-09-17|364|PFG|80.230003|82.209999|80.230003|80.860001|1249400|0.9740293311|78.760010
2025-09-17|365|ELV|311.500000|315.790009|307.179993|308.480011|1621200|0.9847701459|303.781891
2025-09-17|366|CNC|32.080002|32.630001|31.730000|32.020000|8889500|1.0000000000|32.020000
2025-09-17|367|PRU|102.180000|104.339996|102.080002|103.010002|2052900|0.9496925157|97.827827
2025-09-17|368|NFLX|1221.019974|1233.929977|1206.610031|1228.499985|3459800|0.1000000000|122.849998
2025-09-17|369|NDAQ|92.800003|94.050003|92.550003|93.099998|3168500|0.9903103249|92.197891
2025-09-17|370|WYNN|121.120003|124.239998|120.970001|123.279999|1897100|0.9907231274|122.136353
2025-09-17|371|CME|260.950012|263.019989|260.350006|262.399994|1554000|0.9671562481|253.781784
2025-09-17|372|STX|210.399994|214.210007|206.259995|213.360001|4268800|0.9918108479|211.612762
2025-09-17|373|NRG|165.380005|167.080002|162.309998|164.580002|2373100|0.9877934975|162.571075
2025-09-17|374|AIZ|205.559998|211.350006|205.289993|209.500000|439500|0.9887198190|207.136810
2025-09-17|375|CBRE|164.130005|166.320007|163.639999|164.330002|1584700|1.0000000000|164.330002
2025-09-17|376|CRM|239.970001|243.000000|239.380005|242.210007|10124000|0.9933339931|240.595413
2025-09-17|377|DPZ|443.940002|446.489990|436.980011|438.209991|611100|0.9848757173|431.582397
2025-09-17|378|EXR|144.009995|145.839996|142.660004|143.179993|738100|0.9661267437|138.330017
2025-09-17|379|GOOG|251.460007|251.949997|246.580002|249.850006|20491300|0.9980438060|249.361252
2025-09-17|380|GOOGL|251.220001|251.600006|246.279999|249.529999|34108000|0.9980471771|249.042709
2025-09-17|381|DLR|174.100006|174.949997|170.880005|171.149994|1730600|0.9788235933|167.525665
2025-09-17|382|MPWR|856.419983|884.460022|850.000000|877.659973|408400|0.9930512692|871.561340
2025-09-17|383|LVS|52.150002|53.139999|51.680000|52.709999|5051100|0.9787990268|51.592495
2025-09-17|384|DXCM|76.989998|77.839996|75.550003|76.440002|7422200|1.0000000000|76.440002
2025-09-17|385|BLDR|137.470001|141.320007|129.160004|129.279999|2731000|1.0000000000|129.279999
2025-09-17|386|WBD|18.080000|18.360001|17.570000|17.990000|50370700|1.0000000000|17.990000
2025-09-17|387|EXPE|224.979996|228.179993|222.970001|225.179993|1186800|0.9926306212|223.520569
2025-09-17|388|CF|84.809998|85.400002|84.080002|84.190002|2269700|0.9797238699|82.482956
2025-09-17|389|AMP|486.910004|493.429993|482.410004|486.170013|771200|0.9868973539|479.799866
2025-09-17|390|ICE|171.830002|173.100006|171.050003|172.250000|2443000|0.9901381914|170.551300
2025-09-17|391|PSKY|17.639999|18.309999|17.570000|17.920000|7332400|0.9863259572|17.674961
2025-09-17|392|LYV|171.000000|171.369995|167.839996|169.369995|3168000|1.0000000000|169.369995
2025-09-17|393|CMG|39.490002|40.250000|39.369999|39.669998|22953000|1.0000000000|39.669998
2025-09-17|394|UAL|104.580002|108.150002|104.190002|105.510002|4918200|1.0000000000|105.510002
2025-09-17|395|TDG|1273.000000|1292.520020|1265.489990|1275.959961|259400|1.0000000000|1275.959961
2025-09-17|396|MA|587.710022|598.890015|587.440002|598.630005|2930800|0.9938070309|594.922791
2025-09-17|397|LDOS|182.589996|185.000000|181.080002|183.800003|710600|0.9917626624|182.285980
2025-09-17|398|FSLR|205.970001|215.250000|204.250000|210.710007|2656800|1.0000000000|210.710007
2025-09-17|399|BR|246.000000|250.259995|244.919998|245.119995|931500|0.9836780236|241.119156
2025-09-17|400|SMCI|44.599998|45.400002|43.689999|44.900002|22589200|1.0000000000|44.900002
2025-09-17|401|TMUS|238.899994|240.820007|238.330002|239.449997|3422300|0.9849640725|234.496246
2025-09-17|402|DAL|58.430000|60.139999|58.160000|58.820000|8361000|0.9891783114|58.183475
2025-09-17|403|IBKR|62.560001|63.090000|61.259998|62.340000|5261700|0.9966884542|62.133556
2025-09-17|404|PODD|332.130005|333.100006|313.239990|322.220001|1109000|1.0000000000|322.220001
2025-09-17|405|TEL|212.710007|215.169998|211.339996|213.830002|2380100|0.9892434805|211.529938
2025-09-17|406|BX|184.070007|187.559998|182.500000|183.619995|4719200|0.9610163599|176.461823
2025-09-17|407|LULU|162.339996|165.690002|162.220001|163.479996|4339900|1.0000000000|163.479996
2025-09-17|408|ULTA|527.440002|534.080017|525.289978|528.799988|460000|1.0000000000|528.799988
2025-09-17|409|MSCI|568.809998|585.400024|568.809998|578.640015|875400|0.9858483453|570.451355
2025-09-17|410|ECHO|69.389999|73.580002|68.919998|71.809998|7567900|1.0000000000|71.809998
2025-09-17|411|PM|163.789993|167.080002|163.339996|166.300003|5590800|0.9650495005|160.487717
2025-09-17|412|V|339.940002|346.200012|339.519989|346.200012|5763500|0.9920658607|343.453217
2025-09-17|413|AWK|136.839996|137.940002|135.880005|136.089996|1024100|0.9734433274|132.475906
2025-09-17|414|KDP|27.020000|27.469999|26.959999|27.260000|23760600|0.9674331941|26.372229
2025-09-17|415|SW|44.349998|45.270000|43.930000|44.040001|3334200|0.9711821711|42.770866
2025-09-17|416|AVGO|358.850006|359.929993|341.500000|346.170013|45197100|0.9927261709|343.652069
2025-09-17|417|VRSK|250.679993|255.229996|248.979996|249.690002|1515400|0.9927002374|247.867325
2025-09-17|418|DG|104.660004|106.239998|104.489998|106.139999|2592100|0.9800962717|104.027420
2025-09-17|419|FTNT|79.849998|80.870003|79.720001|80.290001|4978200|1.0000000000|80.290001
2025-09-17|420|CHTR|261.570007|274.640015|261.399994|268.019989|2258800|1.0000000000|268.019989
2025-09-17|421|FERG|232.389999|232.690002|224.419998|224.479996|2827600|0.9811984638|220.259399
2025-09-17|422|GNRC|183.990005|184.929993|179.550003|181.289993|692000|1.0000000000|181.289993
2025-09-17|423|LYB|52.680000|55.169998|52.299999|53.520000|7335600|0.9407211657|50.347393
2025-09-17|424|CBOE|233.860001|237.119995|232.580002|236.960007|606100|0.9954503651|235.881927
2025-09-17|425|TSLA|415.750000|428.309998|409.670013|425.859985|106133500|1.0000000000|425.859985
2025-09-17|426|KKR|144.429993|147.220001|143.130005|144.399994|2932200|0.9928030964|143.360764
2025-09-17|427|NXPI|220.679993|226.649994|218.539993|221.889999|2337200|0.9870653625|219.019928
2025-09-17|428|GM|58.270000|59.570000|58.220001|58.730000|6252600|0.9934966717|58.348057
2025-09-17|429|TRGP|162.729996|168.210007|162.729996|166.520004|1856000|0.9789495349|163.014679
2025-09-17|430|CPAY|306.690002|315.380005|306.690002|310.630005|461500|1.0000000000|310.630005
2025-09-17|431|KMI|27.290001|27.660000|27.270000|27.570000|9974300|0.9613533449|26.504511
2025-09-17|432|HCA|401.730011|405.160004|390.339996|399.390015|1250000|0.9950375716|397.408051
2025-09-17|433|HII|272.859985|274.869995|271.429993|272.459991|353700|0.9882397967|268.005920
2025-09-17|434|APO|140.839996|143.750000|136.369995|138.820007|5066500|0.9837214596|136.560211
2025-09-17|435|MPC|182.820007|186.080002|182.059998|184.679993|1885800|0.9835714275|181.645966
2025-09-17|436|XYL|141.580002|143.399994|140.309998|140.990005|1200500|0.9861759388|139.040939
2025-09-17|437|APTV|83.000000|84.650002|81.900002|82.879997|1788600|1.0000000000|82.879997
2025-09-17|438|PSX|132.320007|134.759995|132.000000|133.139999|3287600|0.9712393490|129.310822
2025-09-17|439|AMCR|8.380000|8.480000|8.250000|8.280000|21750600|4.8543684849|40.194172
2025-09-17|440|META|779.989990|783.289978|766.309998|775.719971|9400900|0.9967331772|773.185852
2025-09-17|441|NOW|936.750031|953.769989|933.249969|950.370026|1284600|0.2000000000|190.074005
2025-09-17|442|PANW|203.000000|204.509995|200.330002|203.119995|4916100|1.0000000000|203.119995
2025-09-17|443|FANG|137.729996|142.330002|136.500000|140.470001|2225200|0.9764795206|137.166092
2025-09-17|444|WDAY|235.389999|240.630005|231.940002|234.880005|11662900|1.0000000000|234.880005
2025-09-17|445|ABBV|219.100006|221.550003|217.300003|220.809998|5258400|0.9699105539|214.165970
2025-09-17|446|NCLH|25.600000|25.969999|25.110001|25.379999|16355400|1.0000000000|25.379999
2025-09-17|447|ZTS|147.500000|149.539993|146.559998|146.929993|1958300|0.9811560666|144.161270
2025-09-17|448|IQV|186.949997|191.710007|185.490005|186.690002|955200|1.0000000000|186.690002
2025-09-17|449|NWS|32.790001|33.380001|32.599998|33.150002|2510500|0.9963262306|33.028214
2025-09-17|450|NWSA|29.809999|30.510000|29.770000|30.230000|5312000|0.9958385353|30.104198
2025-09-17|451|CDW|166.220001|169.199997|164.600006|167.289993|1244100|0.9800438553|163.951523
2025-09-17|452|VEEV|274.279999|275.589996|272.200012|274.579987|1248700|1.0000000000|274.579987
2025-09-17|453|ALLE|177.880005|179.600006|175.619995|176.610001|967400|0.9921390873|175.221680
2025-09-17|454|HLT|274.429993|274.429993|263.899994|266.410004|2551500|0.9980421657|265.888428
2025-09-17|455|ARES|178.460007|182.115005|177.639999|178.889999|1175500|0.9704279397|173.599854
2025-09-17|456|ANET|142.634995|143.425003|138.500000|142.839996|8295400|1.0000000000|142.839996
2025-09-17|457|SYF|74.769997|76.599998|73.860001|74.820000|4332700|0.9836138777|73.593994
2025-09-17|458|CFG|51.150002|53.000000|51.150002|52.270000|6756000|0.9707955381|50.743488
2025-09-17|459|KEYS|172.660004|175.100006|171.270004|172.910004|869900|1.0000000000|172.910004
2025-09-17|460|GDDY|144.589996|146.134995|143.615005|144.089996|1230900|1.0000000000|144.089996
2025-09-17|461|KHC|25.920000|26.250000|25.670000|25.730000|13239200|0.9508904028|24.466410
2025-09-17|462|PYPL|67.139999|69.269997|67.000000|68.620003|18607800|0.9914138539|68.030823
2025-09-17|463|LITE|168.710007|169.578003|160.845001|163.339996|4947600|1.0000000000|163.339996
2025-09-17|464|HPE|24.549999|24.959000|24.250000|24.730000|25280500|0.9795953482|24.225393
2025-09-17|465|XYZ|75.879997|77.250000|74.529999|75.709999|5296900|1.0000000000|75.709999
2025-09-17|466|FTV|48.939999|49.744999|47.849998|48.029999|4800200|0.9968000114|47.876305
2025-09-17|467|DELL|128.100006|133.000000|127.900002|130.339996|8237000|0.9874173534|128.699966
2025-09-17|468|TTD|44.900002|46.279999|44.349998|45.369999|17544200|1.0000000000|45.369999
2025-09-17|469|VST|211.294998|213.800003|204.669998|208.309998|3468100|0.9947817288|207.222992
2025-09-17|470|HWM|187.580002|188.250000|183.240005|185.389999|2227600|0.9979223317|185.004807
2025-09-17|471|INVH|29.420000|30.020000|29.379999|29.639999|6400200|0.9576139206|28.383677
2025-09-17|472|CVNA|369.000015|379.749985|368.559990|378.059998|3491000|0.2000000000|75.612000
2025-09-17|473|IR|78.230003|80.199997|77.849998|79.000000|5521200|0.9990084054|78.921661
2025-09-17|474|VICI|32.700001|33.090000|32.525002|32.599998|11692300|0.9391962861|30.617798
2025-09-17|475|VRT|135.639999|137.565002|132.684998|136.830002|5123300|0.9991812568|136.717972
2025-09-17|476|MRNA|24.850000|25.780001|23.910000|25.000000|13337100|1.0000000000|25.000000
2025-09-17|477|FOXA|57.639999|59.740002|57.639999|59.220001|4669000|0.9951185496|58.930923
2025-09-17|478|FOX|52.020000|53.849998|52.000000|53.570000|2289300|0.9946544484|53.283642
2025-09-17|479|DOW|24.600000|25.770000|24.184999|24.540001|14775200|0.9640247460|23.657167
2025-09-17|480|UBER|96.070000|97.239998|92.120003|92.949997|44094000|1.0000000000|92.949997
2025-09-17|481|CTVA|70.080002|71.099998|69.769997|70.639999|3470100|0.9928033602|70.131630
2025-09-17|482|CRWD|445.000000|454.000000|434.339996|445.500000|3872800|0.2500000000|111.375000
2025-09-17|483|DDOG|134.759995|136.539993|132.279999|134.229996|3558500|1.0000000000|134.229996
2025-09-17|484|CARR|61.209999|62.380001|60.230000|60.720001|7077800|0.9848525765|59.800255
2025-09-17|485|OTIS|89.680000|91.360001|89.000000|89.639999|3800500|0.9789066234|87.749191
2025-09-17|486|PLTR|169.020004|169.679993|161.270004|168.330002|69255500|1.0000000000|168.330002
2025-09-17|487|DASH|263.070007|266.369995|253.860001|259.250000|3197300|1.0000000000|259.250000
2025-09-17|488|ABNB|121.980003|124.449997|121.519997|123.199997|4973300|1.0000000000|123.199997
2025-09-17|489|EXE|97.695000|100.320000|97.519997|99.680000|3647200|0.9779564541|97.482704
2025-09-17|490|COIN|325.959991|328.489990|311.299988|320.559998|8921200|1.0000000000|320.559998
2025-09-17|491|APP|603.570007|613.690002|587.229980|606.659973|8915200|1.0000000000|606.659973
2025-09-17|492|HOOD|117.089996|119.129997|114.889999|118.639999|34516600|1.0000000000|118.639999
2025-09-17|493|CEG|322.529999|326.200012|316.183990|321.274994|2171800|0.9944409722|319.489014
2025-09-17|494|GEHC|77.500000|78.680000|76.110001|76.629997|2925300|0.9981004727|76.484428
2025-09-17|495|KVUE|18.129999|18.615000|18.020000|18.340000|17820400|0.9540880845|17.497974
2025-09-17|496|VLTO|106.980003|108.589996|106.260002|106.739998|2808400|0.9946977565|106.174034
2025-09-17|497|RDDT|263.100006|270.359985|249.220001|266.470001|10028700|1.0000000000|266.470001
2025-09-17|498|SOLV|74.230003|75.500000|73.800003|74.070000|1712900|1.0000000000|74.070000
2025-09-17|499|GEV|616.400024|619.114014|601.119995|614.789978|2058400|0.9977344385|613.397156
2025-09-17|500|SNDK|90.775002|94.809998|90.220001|93.970001|7031000|1.0000000000|93.970001
