date|security_id|ticker|open|high|low|close|volume|adj_factor|adj_close_vendor
2026-02-13|1|AEP|127.320000|130.070007|126.610001|129.940002|4671900|0.9852885257|128.028397
2026-02-13|2|BA|241.240005|246.509995|240.720001|242.960007|6835400|1.0000000000|242.960007
2026-02-13|3|CAT|765.000000|784.000000|747.419983|774.200012|3232800|0.9962516275|771.298035
2026-02-13|4|CNP|41.650002|42.570000|41.560001|42.520000|6558400|0.9832236217|41.806667
2026-02-13|5|CVX|182.539993|184.839996|181.720001|183.740005|9034700|0.9728341284|178.748550
2026-02-13|6|DIS|101.400002|105.519997|101.199997|105.449997|12845300|0.9923958226|104.648132
2026-02-13|7|DTE|141.080002|145.419998|141.050003|144.940002|2008300|0.9843774065|142.675659
2026-02-13|8|ED|111.769997|114.019997|110.980003|113.720001|2275100|0.9759585897|110.986015
2026-02-13|9|GD|341.970001|349.440002|341.660004|347.640015|1533600|0.9910149667|344.516479
2026-02-13|10|GE|315.220001|326.679993|313.529999|315.410004|4393400|0.9973022307|314.559113
2026-02-13|11|HON|239.640000|243.220004|238.959996|241.380003|5330200|1.0347776740|249.774643
2026-02-13|12|HPQ|19.110001|19.740000|19.059999|19.260000|20576900|0.9721972446|18.724518
2026-02-13|13|IBM|260.000000|264.660004|256.640015|262.380005|6842600|0.9856234381|258.607880
2026-02-13|14|IP|49.130001|49.580002|48.599998|49.099998|3958700|0.9645837619|47.361061
2026-02-13|15|JNJ|244.589996|244.949997|242.610001|243.449997|13268500|0.9841702191|239.596222
2026-02-13|16|KO|78.449997|79.400002|78.129997|78.680000|16711900|0.9867998793|77.641418
2026-02-13|17|KR|69.790001|71.250000|69.500000|71.250000|6440800|0.9879807975|70.393631
2026-02-13|18|LMT|639.000000|656.340027|639.000000|652.580017|1490800|0.9882876617|644.936768
2026-02-13|19|MMM|174.500000|174.699997|170.580002|171.820007|3178200|0.9905187908|170.190948
2026-02-13|20|MO|66.820000|67.769997|66.410004|67.250000|8578400|0.9690282260|65.167145
2026-02-13|21|MRK|121.500000|123.330002|121.029999|121.410004|10102300|0.9855603323|119.656891
2026-02-13|22|MSI|453.429993|462.799988|448.320007|461.760010|1489300|0.9943844568|459.166962
2026-02-13|23|PG|161.740005|162.570007|159.710007|160.070007|13998900|0.9851719538|157.696487
2026-02-13|24|XOM|150.550003|151.660004|147.979996|148.449997|20166000|0.9868681737|146.500580
2026-02-13|25|RTX|201.139999|203.699997|198.529999|200.059998|4939000|0.9892687733|197.913116
2026-02-13|26|MCD|332.500000|335.670013|326.529999|327.579987|3587900|0.9877457529|323.565735
2026-02-13|27|AXP|342.600006|344.869995|336.209991|337.500000|3814400|0.9941272834|335.517975
2026-02-13|28|BMY|60.110001|60.950001|60.020000|60.740002|10819600|0.9787458882|59.449028
2026-02-13|29|DD|49.419998|50.299998|48.899999|50.220001|4265100|2.9761992776|149.464737
2026-02-13|30|DE|598.859985|610.960022|597.200012|602.919983|1565100|0.9945059901|599.607544
2026-02-13|31|EMR|145.699997|148.990005|144.100006|148.130005|5181300|0.9926085470|147.035110
2026-02-13|32|ETN|392.209991|394.500000|385.250000|389.250000|2253500|0.9917042798|386.020874
2026-02-13|33|ETR|102.440002|105.690002|102.010002|105.070000|6208300|0.9886701734|103.879570
2026-02-13|34|F|13.880000|14.340000|13.850000|14.120000|87400200|0.9769709546|13.794829
2026-02-13|35|HAL|34.139999|34.540001|33.820000|33.959999|11533900|0.9909628646|33.653099
2026-02-13|36|LLY|1039.979980|1064.339966|1033.689941|1040.000000|2698700|0.9968530383|1036.727173
2026-02-13|37|PCG|17.850000|18.200001|17.690001|18.160000|30417200|0.9942476518|18.055538
2026-02-13|38|PEP|167.199997|167.880005|165.000000|165.940002|9286100|0.9808256472|162.758209
2026-02-13|39|PFE|27.600000|27.940001|27.549999|27.580000|36986700|0.9668473999|26.665651
2026-02-13|40|TXN|221.669998|226.889999|221.539993|226.160004|5011900|0.9898764050|223.870453
2026-02-13|41|WFC|85.680000|87.449997|85.089996|86.980003|12425000|0.9886393471|85.991859
2026-02-13|42|HUBB|514.059998|526.059998|509.100891|524.119995|708403|0.9943029521|521.134094
2026-02-13|43|WMT|132.699997|134.649994|131.750000|133.889999|24131200|0.9936722171|133.042770
2026-02-13|44|AIG|78.500000|79.260002|76.879997|78.269997|4036600|0.9875732230|77.297356
2026-02-13|45|AVY|195.190002|196.899994|193.759995|195.800003|518700|0.9887328339|193.593903
2026-02-13|46|BAC|51.910000|52.820000|51.439999|52.549999|31772100|0.9892387825|51.984497
2026-02-13|47|BALL|66.750000|67.699997|65.820000|67.290001|1853000|0.9933732915|66.844086
2026-02-13|48|BDX|178.479996|180.229996|175.720001|175.889999|3167500|0.9866980137|173.550323
2026-02-13|49|CLX|125.000000|126.010002|123.620003|125.940002|1525200|0.9761478543|122.936066
2026-02-13|50|CMI|589.950012|608.989990|585.919983|601.010010|992600|0.9898444823|594.906433
2026-02-13|51|CMS|74.660004|76.779999|74.529999|76.739998|4166300|0.9770377822|74.977875
2026-02-13|52|CVS|77.750000|79.089996|77.650002|78.480003|6720700|0.9851999130|77.318489
2026-02-13|53|ECL|300.649994|303.920013|298.119995|299.170013|1067900|0.9946163507|297.559387
2026-02-13|54|ES|71.400002|74.129997|70.589996|73.360001|4279000|0.9779292778|71.740891
2026-02-13|55|EVRG|80.000000|82.730003|79.639999|82.690002|2187500|0.9752573788|80.644035
2026-02-13|56|GWW|1117.500000|1142.530029|1111.069946|1131.420044|319500|0.9960365882|1126.935669
2026-02-13|57|LNT|69.660004|71.379997|69.660004|71.190002|2761800|0.9850786184|70.127754
2026-02-13|58|MKC|71.629997|72.410004|70.809998|71.489998|4075300|0.9822640876|70.222054
2026-02-13|59|MRSH|172.250000|174.770004|172.250000|174.059998|2757000|0.9892843147|172.194824
2026-02-13|60|NEE|91.519997|94.940002|91.080002|93.800003|10402800|0.9860055271|91.797020
2026-02-13|61|NI|45.090000|46.400002|44.910000|46.360001|6190600|0.9871584841|45.764668
2026-02-13|62|PNW|97.019997|99.690002|97.010002|99.389999|1625000|0.9822795276|97.628761
2026-02-13|63|RVTY|96.330002|97.980003|95.389999|96.029999|1471200|0.9985919505|95.894783
2026-02-13|64|SNA|381.000000|386.799988|377.690002|384.609985|288800|0.9808470667|377.243591
2026-02-13|65|SPGI|399.150012|410.399991|399.150012|409.539985|4739100|0.9395781501|384.794800
2026-02-13|66|TER|308.579987|318.170013|302.489990|314.660004|2600600|0.9996224662|314.541199
2026-02-13|67|TGT|113.410004|116.150002|112.620003|115.760002|6597100|0.9830946401|113.803040
2026-02-13|68|TXT|99.360001|99.860001|97.550003|98.089996|1727800|0.9995682296|98.047646
2026-02-13|69|VMC|322.220001|328.790009|320.359985|327.649994|1394500|0.9942812010|325.776245
2026-02-13|70|XEL|79.540001|81.930000|79.370003|81.589996|5398200|0.9852321471|80.385086
2026-02-13|71|ITW|298.010010|302.230011|295.190002|299.600006|1310800|0.9877340632|295.925110
2026-02-13|72|CL|96.050003|97.300003|95.400002|96.669998|5326300|0.9881586198|95.525291
2026-02-13|73|EXC|47.470001|48.720001|47.400002|48.480000|11557600|0.9822723358|47.620564
2026-02-13|74|MDT|100.919998|102.510002|99.120003|99.489998|10354800|0.9830319865|97.801849
2026-02-13|75|BNY|114.150002|117.839996|112.830002|117.739998|3676400|0.9920974180|116.809547
2026-02-13|76|EIX|68.290001|71.610001|68.099998|71.459999|4737900|0.9764773062|69.779068
2026-02-13|77|FRT|105.839996|107.620003|103.900002|104.800003|1447200|0.9803038504|102.735847
2026-02-13|78|PNR|100.000000|101.750000|99.879997|101.370003|1550400|0.9926207111|100.621964
2026-02-13|79|USB|57.450001|58.139999|56.840000|57.689999|9284400|0.9813809589|56.615868
2026-02-13|80|WY|27.379999|27.549999|26.629999|26.750000|6917500|0.9829820427|26.294769
2026-02-13|81|SYY|89.760002|91.370003|89.010002|90.559998|4028000|0.9859824728|89.290565
2026-02-13|82|WRB|70.949997|71.720001|69.309998|69.699997|2749200|0.9898085858|68.989662
2026-02-13|83|IFF|82.500000|83.150002|80.839996|83.000000|4068500|0.9889000540|82.078705
2026-02-13|84|TAP|53.889999|54.480000|52.950001|53.220001|3705500|0.9780980891|51.454620
2026-02-13|85|PNC|228.179993|231.740005|226.369995|229.320007|2546800|0.9845274632|225.771835
2026-02-13|86|TRV|296.250000|297.440002|292.000000|294.209991|1764500|0.9922238191|291.922180
2026-02-13|87|C|109.769997|111.430000|108.389999|110.860001|16665200|0.9902572054|109.779907
2026-02-13|88|FDX|370.000014|378.519997|364.629985|374.720003|1846800|0.7995464875|299.606079
2026-02-13|89|WDC|273.089996|289.660004|266.459991|281.579987|9901700|0.9992611044|281.371918
2026-02-13|90|DHR|216.050003|218.750000|210.789993|212.580002|5286400|0.9958070237|211.688660
2026-02-13|91|APA|26.870001|28.000000|26.830000|27.920000|5416000|0.9864084367|27.540522
2026-02-13|92|LUV|51.080002|51.720001|50.209999|51.110001|9161900|0.9913697990|50.668911
2026-02-13|93|PEG|84.540001|87.239998|84.370003|86.370003|3467500|0.9834778438|84.942986
2026-02-13|94|UNP|260.850006|263.040009|258.160004|260.679993|3976700|0.9896596115|257.984436
2026-02-13|95|ABT|111.769997|113.110001|111.400002|112.680000|7696700|0.9867277802|111.184486
2026-02-13|96|ADI|329.730011|337.959991|328.450012|337.100006|3443200|0.9941555324|335.129822
2026-02-13|97|ADM|69.129997|70.059998|68.370003|69.510002|3063800|0.9797994474|68.105865
2026-02-13|98|ADP|210.669998|213.360001|209.050003|212.110001|3840500|0.9843371720|208.787766
2026-02-13|99|AFL|115.190002|116.169998|114.500000|114.910004|2524500|0.9846316611|113.144035
2026-02-13|100|AMAT|364.950012|376.320007|353.260010|354.910004|15706000|0.9964487658|353.649628
2026-02-13|101|AMD|204.020004|210.050003|203.880005|207.320007|26123900|1.0000000000|207.320007
2026-02-13|102|APD|283.899994|286.839996|274.089996|279.739990|3299300|0.9876339339|276.280731
2026-02-13|103|BF-B|30.400000|30.580000|29.209999|29.950001|3844600|0.9822921615|29.419651
2026-02-13|104|CHD|100.190002|101.820000|99.180000|101.449997|2774200|0.9937159244|100.812477
2026-02-13|105|CINF|163.779999|164.899994|162.059998|162.770004|920200|0.9887134133|160.932877
2026-02-13|106|CMCSA|31.700001|31.879999|31.120001|31.570000|28487900|0.9752182964|30.787640
2026-02-13|107|D|65.000000|66.790001|65.000000|66.510002|4554200|0.9796460230|65.156258
2026-02-13|108|DOV|230.800003|233.910004|225.259995|231.630005|1780000|0.9952693212|230.534225
2026-02-13|109|DUK|125.110001|128.259995|124.980003|128.199997|5569400|0.9827918175|125.993912
2026-02-13|110|EFX|191.000000|195.869995|188.880005|192.800003|1313900|0.9938812654|191.620316
2026-02-13|111|EQT|56.669998|59.009998|56.419998|58.700001|8800900|0.9912778241|58.188007
2026-02-13|112|FITB|52.759998|53.349998|52.080002|52.860001|9164200|0.9840657827|52.017719
2026-02-13|113|GIS|48.560001|48.740002|47.580002|48.340000|5769800|0.9666684497|46.728752
2026-02-13|114|GPC|147.809998|149.289993|146.339996|147.160004|1203400|0.9802432378|144.252594
2026-02-13|115|HAS|101.779999|103.559998|100.959999|102.449997|2435300|0.9777483232|100.170311
2026-02-13|116|HBAN|17.209999|17.389999|17.070000|17.260000|21207900|0.9810694650|16.933260
2026-02-13|117|HRL|23.590000|23.980000|23.590000|23.780001|3657800|0.9742790885|23.168358
2026-02-13|118|HST|19.549999|20.010000|19.430000|19.889999|6500700|0.9529227702|18.953632
2026-02-13|119|HSY|227.050003|227.199997|221.360001|222.580002|2200300|0.9782056212|217.729004
2026-02-13|120|INTC|45.759998|47.689999|44.970001|46.790001|69740400|1.0000000000|46.790001
2026-02-13|121|J|132.050003|136.869995|131.119995|132.789993|1827300|0.9918477371|131.707458
2026-02-13|122|JPM|298.519989|304.290009|296.519989|302.549988|9114500|0.9904464778|299.659546
2026-02-13|123|KMB|108.690002|109.809998|107.970001|109.410004|5233700|0.9744151054|106.610764
2026-02-13|124|L|109.639999|109.940002|108.480003|108.779999|739700|0.9982870407|108.593666
2026-02-13|125|LEN|120.760002|124.160004|120.760002|122.279999|2571600|0.9888298730|120.914116
2026-02-13|126|LOW|285.420013|289.869995|282.149994|287.390015|2241800|0.9891098782|284.260315
2026-02-13|127|MAS|75.720001|76.629997|74.980003|76.190002|2651200|0.9866652888|75.174026
2026-02-13|128|MTB|229.440002|232.529999|226.570007|228.710007|1520600|0.9861939937|225.552444
2026-02-13|129|NEM|119.839996|126.389999|118.949997|125.800003|7623400|0.9956554334|125.253464
2026-02-13|130|NTRS|143.750000|146.419998|142.779999|146.380005|924800|0.9898281838|144.891052
2026-02-13|131|NUE|180.000000|185.309998|177.059998|183.229996|2453800|0.9941593298|182.159805
2026-02-13|132|OMC|67.559998|69.110001|67.269997|69.000000|4376100|0.9796477026|67.595695
2026-02-13|133|PCAR|124.800003|127.589996|124.400002|127.000000|3367600|0.9942707430|126.272385
2026-02-13|134|PGR|206.979996|208.830002|202.000000|204.529999|3489700|0.9990392069|204.333481
2026-02-13|135|PH|986.900024|1009.530029|983.020020|1001.750000|582400|0.9977448271|999.490845
2026-02-13|136|PHM|139.830002|143.660004|139.389999|142.559998|2159900|0.9957597479|141.955505
2026-02-13|137|PPG|131.179993|132.630005|130.729996|131.339996|1713700|0.9817392581|128.941620
2026-02-13|138|PPL|36.490002|37.889999|36.490002|37.820000|11521900|0.9846479678|37.239388
2026-02-13|139|RF|29.459999|29.920000|29.299999|29.740000|11073900|0.9811037357|29.178026
2026-02-13|140|ROL|58.270000|59.849998|57.980000|58.060001|7634600|0.9887685295|57.407902
2026-02-13|141|SHW|374.450012|377.769989|367.220001|368.890015|2162200|0.9929181711|366.277649
2026-02-13|142|STT|125.300003|128.679993|123.629997|127.970001|1666400|0.9884428745|126.491035
2026-02-13|143|SWK|89.040001|91.629997|89.040001|91.059998|1888000|0.9785642065|89.108047
2026-02-13|144|SYK|369.709991|378.089996|364.250000|366.049988|2339800|0.9946461548|364.090210
2026-02-13|145|TMO|514.450012|520.349976|504.250000|504.820007|3188300|0.9980119596|503.816376
2026-02-13|146|TPL|411.700012|436.119995|411.700012|432.309998|584700|0.9973306248|431.156006
2026-02-13|147|TSN|63.419998|64.129997|63.160000|63.939999|2122900|0.9836914879|62.897232
2026-02-13|148|TT|462.829987|469.760010|460.820007|465.269989|801700|0.9953350758|463.099548
2026-02-13|149|TYL|291.459991|309.119995|291.459991|303.940002|2141200|1.0000000000|303.940002
2026-02-13|150|UDR|38.330002|38.599998|37.869999|38.090000|4334700|0.9803230978|37.340508
2026-02-13|151|VTRS|15.890000|16.000000|15.700000|15.770000|7466100|0.9769695342|15.406811
2026-02-13|152|WEC|112.820000|115.809998|112.260002|115.790001|3962500|0.9829379991|113.814384
2026-02-13|153|WST|243.940002|250.529999|242.139999|250.490005|980300|0.9985945833|250.137970
2026-02-13|154|NDSN|294.179993|299.380005|293.779999|298.190002|460500|0.9941183690|296.436157
2026-02-13|155|TFC|51.279999|52.110001|50.950001|51.900002|7003000|0.9798350561|50.853439
2026-02-13|156|WELL|208.380005|211.860001|207.830002|210.720001|3587500|0.9893392873|208.473587
2026-02-13|157|AON|317.950012|322.390015|313.160004|321.700012|2220200|0.9951005240|320.123871
2026-02-13|158|GL|143.220001|145.949997|143.149994|144.250000|470500|0.9958260151|143.647903
2026-02-13|159|OKE|84.599998|86.550003|84.379997|86.110001|3988000|0.9765151605|84.087723
2026-02-13|160|KLAC|1451.000061|1494.470062|1435.010071|1464.129944|1012200|0.0996303139|145.871719
2026-02-13|161|CSX|40.220001|41.110001|40.020000|40.869999|10547500|0.9936713984|40.611347
2026-02-13|162|PSA|289.290009|300.670013|284.670013|300.350006|1856500|0.9808120164|294.586884
2026-02-13|163|NKE|61.590000|63.380001|61.590000|63.130001|20180900|0.9845960180|62.157547
2026-02-13|164|AAPL|262.010010|262.230011|255.449997|255.779999|56290700|0.9982185855|255.324356
2026-02-13|165|BRO|69.680000|70.620003|68.029999|68.470001|5035400|0.9947741799|68.112190
2026-02-13|166|UHS|233.270004|236.899994|228.949997|234.809998|630200|0.9976532391|234.258942
2026-02-13|167|HD|390.200012|394.000000|387.100006|391.049988|2875900|0.9859634354|385.560974
2026-02-13|168|BAX|18.670000|20.129999|18.610001|19.790001|15813300|0.9989896155|19.762383
2026-02-13|169|COP|110.389999|112.070000|110.389999|111.430000|6836400|0.9784321345|109.026688
2026-02-13|170|GLW|130.410004|133.610001|124.800003|133.460007|10952700|0.9966096046|133.007523
2026-02-13|171|HUM|178.839996|184.500000|178.419998|184.100006|2740700|0.9926050698|182.738586
2026-02-13|172|LHX|339.839996|349.399994|339.609985|345.500000|1029400|0.9925076273|342.911377
2026-02-13|173|NOC|696.799988|709.000000|696.260010|702.570007|676200|0.9924395226|697.258240
2026-02-13|174|OXY|45.299999|46.529999|45.270000|46.070000|8621500|0.9906984712|45.641476
2026-02-13|175|ROK|382.470001|398.250000|381.980011|394.369995|1354200|0.9904239689|390.593506
2026-02-13|176|SLB|50.290001|51.209999|49.930000|50.389999|19520600|0.9947843000|50.127178
2026-02-13|177|SO|92.440002|94.980003|92.370003|94.949997|9114300|0.9759995454|92.671143
2026-02-13|178|WMB|71.750000|72.629997|70.930000|72.279999|5874500|0.9855810767|71.237801
2026-02-13|179|VLO|196.949997|201.509995|195.990005|200.169998|2170700|0.9914397807|198.456512
2026-02-13|180|CI|287.630005|293.320007|287.630005|291.440002|1071500|0.9887906885|288.173157
2026-02-13|181|NSC|313.250000|316.890015|311.630005|314.940002|746500|0.9917671837|312.347137
2026-02-13|182|COO|82.019997|84.230003|82.019997|82.989998|2177000|1.0000000000|82.989998
2026-02-13|183|AMGN|362.660004|370.420013|361.709991|369.190002|2414200|0.9867386103|364.294037
2026-02-13|184|RJF|157.300003|159.470001|156.000000|158.679993|1271000|0.9927317770|157.526672
2026-02-13|185|WSM|211.139999|214.580002|204.419998|214.570007|1258300|0.9927167515|213.007248
2026-02-13|186|CAH|216.399994|221.720001|216.399994|220.789993|1116900|0.9954149217|219.777649
2026-02-13|187|CTAS|196.100006|197.490005|192.350006|193.440002|1913800|0.9947044338|192.415634
2026-02-13|188|PAYX|93.309998|94.760002|92.279999|94.379997|4773800|0.9771272923|92.221275
2026-02-13|189|BEN|27.120001|27.290001|26.780001|27.030001|3884800|0.9758021744|26.375935
2026-02-13|190|AOS|79.639999|80.589996|79.180000|80.459999|1077900|0.9883617008|79.523582
2026-02-13|191|CASY|665.039978|674.250000|659.280029|665.859985|329000|0.9985579358|664.899780
2026-02-13|192|T|28.680000|28.840000|28.410000|28.690001|42687500|0.9765662530|28.017687
2026-02-13|193|VZ|49.160000|49.430000|48.630001|49.009998|31998500|0.9686690897|47.474468
2026-02-13|194|JBHT|219.339996|224.679993|217.899994|221.759995|866300|0.9964612666|220.975235
2026-02-13|195|ATO|177.520004|179.940002|176.610001|179.250000|1184000|0.9829545502|176.194595
2026-02-13|196|LRCX|236.179993|242.779999|233.389999|235.529999|9905400|0.9981002163|235.082535
2026-02-13|197|MU|405.190002|420.880005|392.709991|411.660004|33807600|0.9994263974|411.423889
2026-02-13|198|AJG|206.139999|212.050003|202.080002|208.449997|4973200|0.9936444599|207.125183
2026-02-13|199|AME|227.679993|230.960007|225.970001|229.759995|1284000|0.9969202115|229.052383
2026-02-13|200|SWKS|60.590000|62.220001|60.200001|62.099998|2994100|0.9796110161|60.833843
2026-02-13|201|EXPD|140.520004|147.850006|139.020004|146.500000|3059400|0.9948730934|145.748917
2026-02-13|202|UNH|285.630005|293.459991|284.510010|293.190002|10281900|0.9866504480|289.276031
2026-02-13|203|BBY|64.680000|66.339996|64.250000|65.800003|4175200|0.9720666083|63.961990
2026-02-13|204|DOC|16.299999|16.799999|16.280001|16.700001|9436200|0.9689596923|16.181629
2026-02-13|205|ADSK|223.830002|233.630005|222.880005|231.220001|2752800|1.0000000000|231.220001
2026-02-13|206|DVN|43.570000|44.900002|43.570000|44.660000|7046200|0.9877783076|44.114182
2026-02-13|207|NVR|8125.129883|8125.129883|7498.419922|7507.430176|39500|1.0000000000|7507.430176
2026-02-13|208|ROST|194.529999|197.240005|193.320007|196.539993|1445700|0.9959267541|195.739426
2026-02-13|209|JKHY|158.160004|159.360001|156.410004|156.690002|1121100|0.9919197584|155.423904
2026-02-13|210|MNST|80.709999|82.320000|80.519997|81.480003|5176000|0.5000000000|81.480003
2026-02-13|211|ORCL|159.250000|162.300003|155.289993|160.139999|18597000|0.9930647011|159.029388
2026-02-13|212|MSFT|404.450012|405.540009|398.049988|401.320007|34091600|0.9936958009|398.790009
2026-02-13|213|TROW|93.160004|94.059998|92.180000|93.760002|2668500|0.9736426638|91.288734
2026-02-13|214|COST|1000.000000|1022.880005|993.760010|1018.479980|2661600|0.9969659831|1015.389893
2026-02-13|215|ADBE|262.170013|265.290009|257.500000|263.970001|6589700|1.0000000000|263.970001
2026-02-13|216|FISV|59.250000|60.080002|58.570000|59.360001|12085800|1.0000000000|59.360001
2026-02-13|217|BKR|61.150002|61.619999|60.250000|61.200001|8143600|0.9892821118|60.544064
2026-02-13|218|CDNS|287.440002|300.730011|287.440002|299.459991|2855600|1.0000000000|299.459991
2026-02-13|219|TJX|153.919998|155.820007|152.669998|154.460007|3754700|0.9936003560|153.471512
2026-02-13|220|FICO|1343.260010|1378.150024|1335.219971|1344.739990|191400|1.0000000000|1344.739990
2026-02-13|221|CCL|32.259998|32.380001|31.360001|31.770000|18274800|0.9887339129|31.412077
2026-02-13|222|FAST|45.709999|46.540001|45.029999|46.410000|9921100|0.9892709750|45.912067
2026-02-13|223|SCHW|94.059998|94.519997|93.010002|93.720001|12653700|0.9935274715|93.113396
2026-02-13|224|JCI|138.550003|139.979996|137.869995|139.240005|3844400|0.9941759575|138.429062
2026-02-13|225|COHR|222.009995|223.380005|211.000000|217.229996|4052200|1.0000000000|217.229996
2026-02-13|226|KEY|21.600000|21.820000|21.389999|21.700001|15379800|0.9804836286|21.276495
2026-02-13|227|MOS|29.370001|29.910000|29.120001|29.650000|4224000|0.9816582705|29.106169
2026-02-13|228|MGM|34.070000|34.980000|33.669998|34.139999|4018000|1.0000000000|34.139999
2026-02-13|229|WM|231.029999|236.509995|230.110001|234.520004|3085100|0.9917417797|232.583282
2026-02-13|230|TECH|59.610001|61.139999|59.070000|59.930000|3679200|0.9970482740|59.753101
2026-02-13|231|IEX|205.080002|211.149994|204.389999|210.410004|1164500|0.9931996195|208.979141
2026-02-13|232|GEN|23.480000|23.969999|23.440001|23.719999|7117900|0.9903038605|23.490005
2026-02-13|233|CRH|121.949997|126.300003|121.709999|125.970001|4190800|0.9889154582|124.573677
2026-02-13|234|EOG|117.940002|121.110001|117.940002|120.730003|4863900|0.9849854996|118.917305
2026-02-13|235|PTC|152.050003|157.000000|151.770004|156.770004|1518800|1.0000000000|156.770004
2026-02-13|236|CSCO|74.379997|77.300003|73.419998|76.849998|42886400|0.9909035959|76.150940
2026-02-13|237|LH|277.510010|282.899994|277.510010|282.630005|702500|0.9947633093|280.548492
2026-02-13|238|TRMB|66.250000|67.470001|65.879997|66.400002|2889700|1.0000000000|66.400002
2026-02-13|239|AZO|3812.250000|3887.030029|3811.229980|3858.159912|106300|1.0000000000|3858.159912
2026-02-13|240|REGN|788.919983|806.179993|785.000000|803.169983|974700|0.9961457605|800.074402
2026-02-13|241|IDXX|616.770020|636.049988|606.039978|629.349976|544000|1.0000000000|629.349976
2026-02-13|242|AES|16.040001|16.600000|15.980000|16.280001|10151700|0.9761125722|15.891114
2026-02-13|243|VRTX|471.649994|503.880005|471.649994|491.470001|2918300|1.0000000000|491.470001
2026-02-13|244|ZBRA|278.679993|280.320007|261.059998|264.619995|983000|1.0000000000|264.619995
2026-02-13|245|BIIB|196.270004|199.500000|195.520004|196.520004|1352800|1.0000000000|196.520004
2026-02-13|246|ODFL|187.990005|195.419998|187.240005|193.210007|2096800|0.9973411992|192.696289
2026-02-13|247|APH|143.649994|148.820007|141.020004|146.720001|9378800|0.9965240421|146.210007
2026-02-13|248|KIM|22.620001|22.809999|22.370001|22.709999|5516300|0.9782318124|22.215645
2026-02-13|249|QCOM|137.119995|141.479996|136.740005|140.699997|13134400|0.9899641514|139.287949
2026-02-13|250|GILD|151.889999|156.949997|151.460007|154.979996|6861900|0.9878606941|153.098633
2026-02-13|251|ROP|319.850006|325.609985|318.010010|321.410004|1640500|0.9949619600|319.790741
2026-02-13|252|SNPS|423.350006|441.440002|420.500000|437.089996|1738900|1.0000000000|437.089996
2026-02-13|253|STZ|156.380005|157.789993|148.830002|149.300003|6064800|0.9856055004|147.150909
2026-02-13|254|BSX|74.820000|76.370003|74.430000|74.730003|13452400|1.0000000000|74.730003
2026-02-13|255|STE|245.179993|249.789993|244.990005|248.350006|847700|0.9945039836|246.985077
2026-02-13|256|DHI|165.000000|168.889999|164.679993|167.779999|2635100|0.9940209933|166.776825
2026-02-13|257|LIN|474.170013|488.540009|473.350006|481.000000|4412900|0.9935105778|477.878601
2026-02-13|258|SBUX|95.860001|96.919998|93.599998|93.790001|8949000|0.9884945611|92.710899
2026-02-13|259|MS|167.119995|171.490005|163.589996|171.149994|9162400|0.9892093304|169.303177
2026-02-13|260|INTU|397.019989|407.390015|389.320007|399.399994|4888300|0.9925226498|396.413544
2026-02-13|261|MCHP|78.019997|79.169998|77.589996|78.559998|7888200|0.9832658267|77.245361
2026-02-13|262|CB|330.679993|334.000000|322.290009|324.950012|2019400|0.9939554166|322.985809
2026-02-13|263|ORLY|95.489998|97.349998|94.919998|96.660004|5952700|1.0000000000|96.660004
2026-02-13|264|RCL|329.399994|332.510010|319.000000|319.609985|2393000|0.9895699200|316.276428
2026-02-13|265|JBL|252.190002|257.130005|248.009995|254.580002|1033900|0.9992441666|254.387573
2026-02-13|266|ALL|206.440002|207.729996|204.160004|207.509995|1591700|0.9897514584|205.383316
2026-02-13|267|CPT|107.970001|109.349998|107.559998|108.529999|1388700|0.9801843508|106.379410
2026-02-13|268|VMRK|63.189999|64.250000|62.709999|63.860001|3251500|0.9778762777|62.447182
2026-02-13|269|IT|154.440002|158.839996|153.460007|158.580002|1616700|1.0000000000|158.580002
2026-02-13|270|DECK|116.019997|116.830002|113.400002|115.730003|1898400|1.0000000000|115.730003
2026-02-13|271|REG|75.870003|76.529999|75.589996|76.180000|1005100|0.9810739142|74.738213
2026-02-13|272|INCY|101.470001|103.180000|100.529999|101.099998|1384500|1.0000000000|101.099998
2026-02-13|273|SPG|194.000000|198.089996|191.190002|196.830002|1873500|0.9778630534|192.472794
2026-02-13|274|MAA|133.979996|135.990005|133.130005|135.550003|878300|0.9765831817|132.375854
2026-02-13|275|MLM|660.450012|685.150024|659.099976|678.859985|575700|0.9973479749|677.059631
2026-02-13|276|TSCO|54.360001|55.580002|54.020000|55.029999|4380100|0.9807531624|53.970840
2026-02-13|277|ALB|160.570007|167.880005|156.720001|166.350006|2594200|0.9949889134|165.516418
2026-02-13|278|CPRT|37.060001|37.910000|36.970001|37.490002|9365300|1.0000000000|37.490002
2026-02-13|279|FLEX|63.119999|64.800003|61.540001|64.239998|4208400|1.0000000000|64.239998
2026-02-13|280|ESS|252.139999|254.360001|250.009995|251.160004|510000|0.9806657936|246.304031
2026-02-13|281|O|65.019997|66.000000|64.750000|65.660004|5767300|0.9746072994|63.992718
2026-02-13|282|MCO|416.250000|430.799988|416.250000|426.440002|2273100|0.9933686768|423.612183
2026-02-13|283|SJM|109.980003|110.639999|108.230003|110.529999|2109900|0.9798392929|108.301628
2026-02-13|284|MCK|917.409973|938.030029|915.080017|934.750000|874000|0.9980659618|932.942139
2026-02-13|285|COF|206.199997|208.740005|202.240005|207.369995|5245500|0.9884398390|204.972763
2026-02-13|286|EME|784.679993|809.049988|777.520020|800.820007|309500|0.9989862194|800.008118
2026-02-13|287|DLTR|126.029999|127.930000|122.160004|126.059998|2907900|1.0000000000|126.059998
2026-02-13|288|COR|352.660004|364.670013|351.000000|360.829987|975000|0.9957711437|359.304077
2026-02-13|289|DRI|212.690002|215.029999|210.449997|211.500000|969100|0.9843985059|208.200272
2026-02-13|290|RMD|247.160004|254.210007|246.210007|252.550003|971000|0.9941821390|251.080688
2026-02-13|291|WAB|253.789993|257.690002|251.770004|256.059998|1067000|0.9965472933|255.175903
2026-02-13|292|FCX|61.150002|63.349998|60.160000|62.840000|14370600|0.9953868541|62.550110
2026-02-13|293|IVZ|26.230000|26.570000|25.709999|26.520000|3786600|0.9856541725|26.139549
2026-02-13|294|ACGL|99.849998|100.279999|97.389999|98.379997|1962300|1.0000000000|98.379997
2026-02-13|295|ERIE|282.779999|284.359985|276.459991|279.109985|163700|0.9885906317|275.925507
2026-02-13|296|EG|334.589996|338.040009|331.609985|338.029999|451200|0.9878843207|333.934540
2026-02-13|297|DVA|148.050003|149.949997|146.339996|148.949997|1125300|1.0000000000|148.949997
2026-02-13|298|HSIC|78.239998|79.580002|77.470001|78.190002|1482300|1.0000000000|78.190002
2026-02-13|299|EL|106.209999|109.239998|106.000000|108.239998|3413900|0.9930325985|107.485847
2026-02-13|300|WAT|322.220001|325.869995|314.089996|323.369995|2532400|1.0000000000|323.369995
2026-02-13|301|NTAP|98.629997|103.209999|98.629997|102.419998|2203300|0.9918913810|101.589508
2026-02-13|302|HIG|141.029999|142.279999|139.600006|141.250000|1247600|0.9910400733|139.984406
2026-02-13|303|IRM|107.000000|110.889999|106.089996|109.830002|4050300|0.9851777356|108.202065
2026-02-13|304|BRK-B|500.149994|502.380005|495.500000|497.549988|4685900|1.0000000000|497.549988
2026-02-13|305|FDS|203.820007|206.220001|198.619995|205.789993|920700|0.9900356292|203.739441
2026-02-13|306|STLD|189.000000|194.279999|185.000000|191.679993|2643700|0.9946588101|190.656189
2026-02-13|307|DGX|207.479996|209.389999|204.580002|206.869995|1354600|0.9916252453|205.137497
2026-02-13|308|CIEN|293.829987|304.179993|270.000000|303.920013|3088200|1.0000000000|303.920013
2026-02-13|309|TTWO|191.899994|194.679993|188.649994|193.669998|2575400|1.0000000000|193.669998
2026-02-13|310|VTR|84.820000|86.190002|84.059998|85.239998|4383400|0.9878430433|84.203743
2026-02-13|311|AMZN|198.880005|201.160004|197.279999|198.789993|66321600|1.0000000000|198.789993
2026-02-13|312|ARE|51.189999|53.360001|51.009998|52.490002|2009600|0.9716953716|51.004292
2026-02-13|313|RL|362.859985|372.500000|358.660004|369.179993|539600|0.9948318200|367.271973
2026-02-13|314|BXP|59.410000|61.990002|59.410000|61.490002|2517900|0.9761958291|60.026283
2026-02-13|315|FIX|1313.000000|1355.000000|1276.869995|1337.949951|297700|0.9985721755|1336.039551
2026-02-13|316|YUM|164.050003|165.320007|160.089996|160.570007|2237200|0.9905648102|159.054993
2026-02-13|317|CHRW|171.889999|180.179993|167.839996|176.009995|6397700|0.9931897587|174.811325
2026-02-13|318|FE|48.810001|50.139999|48.720001|50.099998|6336400|0.9800753088|49.101772
2026-02-13|319|MTD|1361.750000|1377.859985|1351.719971|1360.949951|156200|1.0000000000|1360.949951
2026-02-13|320|PLD|137.529999|140.470001|136.830002|138.970001|3096500|0.9848712132|136.867569
2026-02-13|321|URI|867.260010|883.969971|858.690002|869.570007|587100|0.9962197184|866.282837
2026-02-13|322|AEE|109.150002|111.250000|109.080002|110.970001|3059900|0.9863006617|109.449783
2026-02-13|323|VRSN|216.679993|220.479996|214.919998|219.029999|760800|0.9907421953|217.002258
2026-02-13|324|PWR|517.070007|529.000000|508.109985|524.080017|864800|0.9996508742|523.897034
2026-02-13|325|AMT|188.669998|192.210007|188.100006|192.100006|3413100|0.9807453674|188.401199
2026-02-13|326|MAR|353.350006|359.079987|350.179993|353.890015|1590900|0.9940852561|351.796844
2026-02-13|327|CTSH|65.889999|67.760002|65.489998|66.550003|13054800|0.9822114026|65.366173
2026-02-13|328|SRE|92.629997|95.739998|91.940002|94.779999|6225100|0.9860298575|93.455910
2026-02-13|329|CSGP|45.340000|45.900002|44.549999|44.990002|5526700|1.0000000000|44.990002
2026-02-13|330|RSG|220.970001|224.550003|220.570007|223.169998|1441600|0.9942648020|221.890076
2026-02-13|331|CCI|88.370003|90.989998|87.889999|90.379997|3292200|0.9762634240|88.234688
2026-02-13|332|EBAY|79.680000|82.459999|79.300003|82.379997|6153700|0.9939126631|81.630333
2026-02-13|333|NVDA|187.479996|187.500000|181.589996|182.809998|161888000|0.9987817973|182.587311
2026-02-13|334|BKNG|4154.000092|4191.999817|4071.599960|4140.599823|622500|0.0398088823|164.832642
2026-02-13|335|GS|894.409973|905.989990|869.000000|905.140015|2623000|0.9903999491|896.450623
2026-02-13|336|FFIV|265.369995|275.380005|262.890015|273.929993|586500|1.0000000000|273.929993
2026-02-13|337|SBAC|199.720001|202.000000|199.389999|200.770004|1015100|0.9805017315|196.855331
2026-02-13|338|LII|558.369995|567.179993|554.080017|566.650024|442800|0.9946881341|563.640015
2026-02-13|339|BLK|1057.199951|1072.199951|1047.000000|1071.510010|669100|0.9888912077|1059.606812
2026-02-13|340|TKO|200.470001|207.160004|199.199997|206.750000|783300|0.9921219970|205.121231
2026-02-13|341|AKAM|104.489998|113.500000|102.870003|111.760002|7333500|1.0000000000|111.760002
2026-02-13|342|UPS|118.169998|120.000000|117.059998|119.239998|4973500|0.9546755018|113.835503
2026-02-13|343|A|125.599998|127.769997|125.019997|125.809998|1527900|0.9958080410|125.282600
2026-02-13|344|TDY|647.030029|661.150024|643.099976|660.289978|286500|1.0000000000|660.289978
2026-02-13|345|PKG|244.630005|248.190002|243.570007|246.309998|1068900|0.9876260349|243.262177
2026-02-13|346|EW|76.620003|77.559998|75.510002|75.870003|5346300|1.0000000000|75.870003
2026-02-13|347|MET|76.739998|77.580002|76.139999|77.309998|3113700|0.9862851080|76.249695
2026-02-13|348|ON|70.279999|72.269997|69.489998|72.209999|9388100|1.0000000000|72.209999
2026-02-13|349|ISRG|480.500000|495.570007|479.609985|485.839996|1984300|1.0000000000|485.839996
2026-02-13|350|CRL|160.440002|163.330002|156.580002|161.350006|1102300|1.0000000000|161.350006
2026-02-13|351|MRVL|77.949997|79.970001|77.750000|78.610001|7615400|0.9992531920|78.551292
2026-02-13|352|EQIX|956.780029|967.030029|942.109985|956.190002|1063900|0.9849779860|941.826111
2026-02-13|353|TPR|154.490005|155.509995|150.000000|153.800003|2937900|0.9944862341|152.951981
2026-02-13|354|GRMN|205.020004|216.339996|204.429993|214.740005|1556700|0.9917889977|212.976776
2026-02-13|355|GPN|69.010002|69.480003|68.089996|68.480003|3709100|0.9929199565|67.995163
2026-02-13|356|ALGN|184.720001|188.630005|181.089996|186.770004|1272000|1.0000000000|186.770004
2026-02-13|357|WTW|283.000000|291.809998|281.440002|287.739990|1864300|0.9930717262|285.746460
2026-02-13|358|MDLZ|61.900002|62.799999|61.419998|62.590000|11915000|0.9831751096|61.536930
2026-02-13|359|AXON|440.130005|446.000000|420.609985|429.670013|953600|1.0000000000|429.670013
2026-02-13|360|FIS|47.119999|47.230000|46.380001|46.799999|5328700|0.9802816760|45.877186
2026-02-13|361|ACN|223.210007|227.309998|220.919998|224.229996|7644400|0.9798095806|219.702682
2026-02-13|362|ZBH|95.059998|97.000000|95.059998|96.449997|1956000|0.9946488082|95.933868
2026-02-13|363|BG|121.309998|124.779999|120.690002|122.529999|1669600|0.9821514316|120.343018
2026-02-13|364|PFG|90.510002|91.059998|89.239998|90.389999|1531500|0.9832413887|88.875191
2026-02-13|365|ELV|336.890015|346.850006|334.380005|346.799988|1427600|0.9898456688|343.278442
2026-02-13|366|CNC|38.849998|40.680000|38.849998|40.580002|4540600|1.0000000000|40.580002
2026-02-13|367|PRU|103.879997|105.290001|103.010002|104.610001|2151000|0.9622422893|100.660164
2026-02-13|368|NFLX|76.139999|77.180000|75.529999|76.870003|42292100|1.0000000000|76.870003
2026-02-13|369|NDAQ|79.029999|80.110001|78.599998|79.470001|5122700|0.9932805958|78.936012
2026-02-13|370|WYNN|104.160004|115.059998|104.059998|113.389999|3477800|0.9927789107|112.571205
2026-02-13|371|CME|303.760010|305.420013|302.029999|303.070007|2206200|0.9716146686|294.467285
2026-02-13|372|STX|416.059998|431.660004|402.510010|425.989990|3856100|0.9975473958|424.945190
2026-02-13|373|NRG|161.690002|172.679993|161.539993|172.350006|3348900|0.9934205862|171.216049
2026-02-13|374|AIZ|213.690002|218.410004|211.460007|217.479996|723400|0.9925480196|215.859344
2026-02-13|375|CBRE|139.639999|144.949997|132.229996|142.309998|7109200|1.0000000000|142.309998
2026-02-13|376|CRM|186.440002|193.449997|184.300003|189.720001|14822900|0.9949373630|188.759521
2026-02-13|377|DPZ|380.269989|385.369995|373.410004|375.500000|991600|0.9888611209|371.317352
2026-02-13|378|EXR|143.600006|146.429993|140.550003|146.360001|2160700|0.9779070040|143.126465
2026-02-13|379|GOOG|307.984985|308.890015|303.899994|306.019989|20236000|0.9986949468|305.620636
2026-02-13|380|GOOGL|307.730011|308.630005|303.709991|305.720001|38499700|0.9986999831|305.322571
2026-02-13|381|DLR|181.500000|182.000000|178.990005|180.970001|2374800|0.9866588059|178.555649
2026-02-13|382|MPWR|1149.060059|1173.380005|1136.089966|1171.469971|434200|0.9964842129|1167.351318
2026-02-13|383|LVS|56.570000|58.060001|56.000000|57.150002|4635700|0.9879067226|56.458874
2026-02-13|384|DXCM|64.449997|71.339996|62.860001|70.019997|11020600|1.0000000000|70.019997
2026-02-13|385|BLDR|121.419998|122.699997|114.610001|114.730003|5093300|1.0000000000|114.730003
2026-02-13|386|WBD|28.070000|28.180000|27.900000|27.990000|13200900|1.0000000000|27.990000
2026-02-13|387|EXPE|212.000000|218.919998|203.929993|212.669998|6149000|0.9942877675|211.455185
2026-02-13|388|CF|93.339996|95.260002|92.150002|94.660004|1232400|0.9908287958|93.791855
2026-02-13|389|AMP|468.559998|478.019989|464.320007|473.670013|677300|0.9932580907|470.476562
2026-02-13|390|ICE|151.300003|153.360001|150.970001|152.279999|4166300|0.9930916239|151.227997
2026-02-13|391|PSKY|10.270000|10.450000|10.190000|10.320000|8460500|0.9901049837|10.217883
2026-02-13|392|LYV|156.250000|159.800003|154.009995|158.270004|2539600|1.0000000000|158.270004
2026-02-13|393|CMG|36.189999|37.099998|36.130001|36.299999|18749100|1.0000000000|36.299999
2026-02-13|394|UAL|110.300003|111.739998|107.320000|109.290001|4749000|1.0000000000|109.290001
2026-02-13|395|TDG|1303.540039|1318.660034|1280.770020|1286.670044|311400|1.0000000000|1286.670044
2026-02-13|396|MA|529.059998|533.989990|516.020020|518.359985|4017700|0.9966137732|516.604736
2026-02-13|397|LDOS|172.339996|176.649994|171.639999|176.300003|1258600|0.9940154778|175.244934
2026-02-13|398|FSLR|218.699997|228.910004|216.729996|225.649994|2629500|1.0000000000|225.649994
2026-02-13|399|BR|171.190002|174.619995|169.779999|173.699997|1813000|0.9878384663|171.587540
2026-02-13|400|SMCI|30.639999|31.219999|30.260000|30.540001|21660700|1.0000000000|30.540001
2026-02-13|401|TMUS|216.270004|219.979996|214.589996|219.500000|8332900|0.9898439218|216.023972
2026-02-13|402|DAL|69.790001|70.540001|68.339996|69.000000|7381300|0.9922015511|68.461914
2026-02-13|403|IBKR|73.000000|75.260002|71.510002|74.750000|4385100|0.9979162811|74.594238
2026-02-13|404|PODD|241.630005|249.729996|241.630005|242.740005|776000|1.0000000000|242.740005
2026-02-13|405|TEL|226.130005|237.289993|224.550003|236.190002|3115000|0.9892434805|233.649414
2026-02-13|406|BX|130.960007|131.830002|128.910004|129.860001|5819200|0.9808140125|127.368500
2026-02-13|407|LULU|171.619995|176.669998|170.820007|176.419998|1934200|1.0000000000|176.419998
2026-02-13|408|ULTA|666.960022|690.000000|660.000000|683.400024|380600|1.0000000000|683.400024
2026-02-13|409|MSCI|524.320007|534.039978|520.190002|526.059998|984300|0.9928506457|522.299072
2026-02-13|410|ECHO|109.870003|116.610001|108.110001|113.150002|4233500|1.0000000000|113.150002
2026-02-13|411|PM|188.490005|190.250000|186.809998|187.509995|3770600|0.9830023955|184.322784
2026-02-13|412|V|323.829987|326.480011|312.820007|314.079987|11653900|0.9960807290|312.848999
2026-02-13|413|AWK|127.849998|133.679993|127.849998|133.500000|3176700|0.9863367160|131.675949
2026-02-13|414|KDP|29.860001|30.100000|29.360001|29.690001|9094700|0.9842341174|29.221912
2026-02-13|415|SW|51.349998|51.865002|50.389999|51.560001|8737000|0.9711821711|50.074154
2026-02-13|416|AVGO|329.850006|334.320007|324.690002|325.170013|18397200|0.9963298147|323.976562
2026-02-13|417|VRSK|179.880005|181.899994|176.250000|181.210007|2738400|0.9947617775|180.260788
2026-02-13|418|DG|148.679993|153.880005|146.520004|153.839996|2940400|0.9902299309|152.336975
2026-02-13|419|FTNT|84.550003|86.529999|83.599998|85.559998|8091300|1.0000000000|85.559998
2026-02-13|420|CHTR|238.979996|242.039993|236.550003|239.089996|1699700|1.0000000000|239.089996
2026-02-13|421|FERG|261.609985|264.720001|258.850006|261.359985|1549400|0.9887782143|258.427063
2026-02-13|422|GNRC|215.630005|227.190002|213.210007|224.449997|2861000|1.0000000000|224.449997
2026-02-13|423|LYB|57.230000|58.560001|56.730000|57.610001|3814600|0.9677851714|55.754101
2026-02-13|424|CBOE|272.140015|275.109985|270.920013|275.109985|850200|0.9954503651|273.858337
2026-02-13|425|TSLA|414.309998|424.059998|410.880005|417.440002|51434100|1.0000000000|417.440002
2026-02-13|426|KKR|101.309998|102.919998|100.769997|101.730003|4234500|0.9943370554|101.153915
2026-02-13|427|NXPI|239.949997|244.610001|237.699997|244.429993|2012800|0.9914738451|242.345947
2026-02-13|428|GM|80.489998|81.510002|80.050003|81.080002|6314100|0.9954799629|80.713524
2026-02-13|429|TRGP|219.270004|225.350006|218.339996|223.889999|1242500|0.9903678073|221.733444
2026-02-13|430|CPAY|321.750000|338.890015|319.839996|337.119995|1304000|1.0000000000|337.119995
2026-02-13|431|KMI|31.709999|32.340000|31.670000|32.320000|14026700|0.9816636474|31.727369
2026-02-13|432|HCA|535.000000|545.460022|531.169983|540.289978|1076700|0.9965176399|538.408508
2026-02-13|433|HII|406.750000|422.290009|406.059998|418.779999|643700|0.9925978670|413.750549
2026-02-13|434|APO|125.070000|126.080002|123.830002|125.070000|3707200|0.9875780044|123.516380
2026-02-13|435|MPC|196.380005|204.320007|195.750000|203.259995|1592700|0.9885237030|200.927322
2026-02-13|436|XYL|125.870003|129.850006|125.389999|128.089996|2420300|0.9889650951|126.676529
2026-02-13|437|APTV|83.129997|85.820000|82.970001|85.199997|2459000|1.0000000000|85.199997
2026-02-13|438|PSX|155.600006|159.809998|155.000000|159.770004|1806100|0.9794981865|156.494446
2026-02-13|439|AMCR|49.900002|50.580002|49.480000|50.090000|5652300|0.9708736970|48.631062
2026-02-13|440|META|645.099976|651.429993|634.570007|639.770020|12336400|0.9982193806|638.630798
2026-02-13|441|NOW|105.150002|107.690002|104.589996|107.080002|22771200|1.0000000000|107.080002
2026-02-13|442|PANW|165.029999|170.490005|163.100006|166.949997|12577000|1.0000000000|166.949997
2026-02-13|443|FANG|166.619995|170.300003|166.350006|169.139999|1405800|0.9832059760|166.299454
2026-02-13|444|WDAY|144.259995|147.380005|141.699997|144.419998|5648200|1.0000000000|144.419998
2026-02-13|445|ABBV|228.419998|234.740005|228.000000|231.500000|8252200|0.9847626719|227.972565
2026-02-13|446|NCLH|21.980000|22.330000|21.070000|21.490000|41396800|1.0000000000|21.490000
2026-02-13|447|ZTS|126.669998|130.649994|125.650002|126.650002|4499600|0.9887765322|125.228554
2026-02-13|448|IQV|169.979996|172.520004|165.600006|166.940002|4265600|1.0000000000|166.940002
2026-02-13|449|NWS|25.820000|26.049999|25.490000|26.000000|1194700|0.9963262306|25.904482
2026-02-13|450|NWSA|22.430000|22.770000|22.309999|22.719999|3415400|0.9958385353|22.625450
2026-02-13|451|CDW|127.739998|129.839996|126.489998|126.860001|2126600|0.9844137869|124.882729
2026-02-13|452|VEEV|173.949997|177.139999|173.009995|174.110001|2253600|1.0000000000|174.110001
2026-02-13|453|ALLE|178.000000|180.229996|177.179993|179.500000|1112700|0.9921390873|178.088974
2026-02-13|454|HLT|324.320007|324.970001|313.600006|314.619995|2403600|0.9986088702|314.182312
2026-02-13|455|ARES|134.679993|135.949997|132.660004|133.880005|2340300|0.9767290545|130.764496
2026-02-13|456|ANET|145.820007|148.770004|138.000000|141.589996|21823000|1.0000000000|141.589996
2026-02-13|457|SYF|71.360001|72.120003|70.309998|71.379997|4331000|0.9916769819|70.785904
2026-02-13|458|CFG|64.239998|65.300003|63.580002|65.099998|3632700|0.9864525111|64.218056
2026-02-13|459|KEYS|229.979996|235.800003|228.350006|233.509995|825800|1.0000000000|233.509995
2026-02-13|460|GDDY|88.449997|90.209999|88.110001|89.120003|1634600|1.0000000000|89.120003
2026-02-13|461|KHC|24.344000|24.924999|24.290001|24.799999|13890000|0.9659839010|23.956400
2026-02-13|462|PYPL|39.240002|40.369999|39.089001|40.290001|25092400|0.9937057617|40.036404
2026-02-13|463|LITE|581.539978|593.400024|539.179993|562.739990|4973000|1.0000000000|562.739990
2026-02-13|464|HPE|22.230000|23.000000|22.035000|22.690001|16791300|0.9906947030|22.478865
2026-02-13|465|XYZ|49.685001|50.410000|48.889999|49.799999|10012000|1.0000000000|49.799999
2026-02-13|466|FTV|56.099998|57.369999|56.029999|56.900002|5692000|0.9979248563|56.781925
2026-02-13|467|DELL|115.470001|120.830002|114.220001|117.489998|10480400|0.9952707496|116.934364
2026-02-13|468|TTD|26.415001|26.815001|25.639999|25.809999|13286200|1.0000000000|25.809999
2026-02-13|469|VST|162.399994|171.660004|161.500000|171.490005|5967900|0.9972411805|171.016907
2026-02-13|470|HWM|248.830002|255.899994|246.699997|250.210007|3423600|0.9990766853|249.978989
2026-02-13|471|INVH|26.969999|27.180000|26.799999|26.990000|4959000|0.9779475029|26.394804
2026-02-13|472|CVNA|344.269981|351.189995|336.105003|342.869987|2796200|0.2000000000|68.573997
2026-02-13|473|IR|96.459999|100.959999|94.709999|98.519997|6975400|0.9992655835|98.447632
2026-02-13|474|VICI|29.184999|29.410000|29.080000|29.299999|7497500|0.9677245240|28.354330
2026-02-13|475|VRT|238.220001|239.509995|227.050003|234.529999|6785200|0.9995540701|234.425415
2026-02-13|476|MRNA|41.849998|44.799999|41.200001|42.230000|16336600|1.0000000000|42.230000
2026-02-13|477|FOXA|56.610001|57.400002|56.090000|56.349998|6077400|0.9951185496|56.074928
2026-02-13|478|FOX|52.619999|52.619999|51.064999|51.560001|2001300|0.9946544484|51.284386
2026-02-13|479|DOW|32.619999|33.150002|32.320999|32.490002|10184100|0.9783459966|31.786463
2026-02-13|480|UBER|71.059998|71.419998|69.019997|69.989998|26526700|1.0000000000|69.989998
2026-02-13|481|CTVA|73.870003|75.419998|73.870003|75.029999|3500300|0.9954590981|74.689293
2026-02-13|482|CRWD|416.910004|432.850006|412.579987|429.640015|3536700|0.2500000000|107.410004
2026-02-13|483|DDOG|126.864998|129.470001|122.519997|125.199997|6395100|1.0000000000|125.199997
2026-02-13|484|CARR|64.970001|65.930000|64.519997|65.400002|6101100|0.9928803129|64.934380
2026-02-13|485|OTIS|91.160004|92.769997|89.470001|89.830002|6472100|0.9879889159|88.751053
2026-02-13|486|PLTR|127.900002|133.559998|126.233002|131.410004|49438100|1.0000000000|131.410004
2026-02-13|487|DASH|161.294998|166.792007|159.464996|160.339996|7292800|1.0000000000|160.339996
2026-02-13|488|ABNB|126.464996|127.010002|119.660004|121.349998|11008600|1.0000000000|121.349998
2026-02-13|489|EXE|102.730003|105.235001|102.000000|104.050003|3753400|0.9826864450|102.248528
2026-02-13|490|COIN|153.699997|167.649994|146.160004|164.320007|32410100|1.0000000000|164.320007
2026-02-13|491|APP|365.000000|391.850006|359.000000|390.549988|9094400|1.0000000000|390.549988
2026-02-13|492|HOOD|72.464996|77.074997|71.519997|75.970001|43506900|1.0000000000|75.970001
2026-02-13|493|CEG|275.989990|294.359985|272.000000|288.429993|5450300|0.9955820742|287.155731
2026-02-13|494|GEHC|78.650002|82.089996|78.477997|80.339996|5691900|0.9989494212|80.255592
2026-02-13|495|KVUE|18.639999|18.795000|18.530001|18.700001|45438800|0.9772015009|18.273668
2026-02-13|496|VLTO|92.260002|93.349998|92.242996|92.540001|1595000|0.9970188523|92.264122
2026-02-13|497|RDDT|141.850006|141.850006|135.369995|139.649994|7462400|1.0000000000|139.649994
2026-02-13|498|SOLV|76.519997|77.379997|75.440002|75.550003|1376300|1.0000000000|75.550003
2026-02-13|499|GEV|815.000000|823.099976|795.109985|802.130005|2020900|0.9988852954|801.235840
2026-02-13|500|SNDK|610.525024|661.500000|586.369995|626.559998|23640400|1.0000000000|626.559998
2026-02-13|501|Q|109.040001|113.879997|108.070000|111.690002|2743800|0.9988559230|111.562225
