date|security_id|ticker|open|high|low|close|volume|adj_factor|adj_close_vendor
2026-02-27|1|AEP|132.110001|134.600006|132.039993|133.820007|3332600|0.9852885257|131.851318
2026-02-27|2|BA|227.470001|228.800003|224.910004|227.529999|6278100|1.0000000000|227.529999
2026-02-27|3|CAT|745.219971|751.489990|731.039978|742.830017|3441900|0.9962516275|740.045654
2026-02-27|4|CNP|43.110001|43.509998|42.930000|43.500000|7499300|0.9886466776|43.006130
2026-02-27|5|CVX|186.000000|187.550003|183.770004|186.759995|12035500|0.9823507513|183.463837
2026-02-27|6|DIS|104.779999|106.339996|103.930000|106.040001|13954000|0.9923958226|105.233650
2026-02-27|7|DTE|146.770004|148.399994|146.000000|148.240005|1666500|0.9843774065|145.924118
2026-02-27|8|ED|111.680000|112.949997|111.019997|112.519997|5310700|0.9836258984|110.677582
2026-02-27|9|GD|351.119995|357.790009|348.880005|357.049988|1201700|0.9910149667|353.841888
2026-02-27|10|GE|340.619995|343.799988|337.670013|342.260010|7055100|0.9973022307|341.336700
2026-02-27|11|HON|241.380003|243.930008|240.260002|243.590006|3888100|1.0399150842|253.312927
2026-02-27|12|HPQ|18.600000|19.040001|18.410000|18.990000|23565400|0.9721972446|18.462025
2026-02-27|13|IBM|238.070007|240.210007|234.570007|240.210007|6642200|0.9856234381|236.756622
2026-02-27|14|IP|42.459999|43.770000|42.160000|43.549999|6097200|0.9742073595|42.426731
2026-02-27|15|JNJ|244.029999|248.940002|242.500000|248.429993|16428600|0.9894021702|245.797180
2026-02-27|16|KO|80.940002|82.000000|80.820000|81.559998|28483500|0.9867998793|80.483398
2026-02-27|17|KR|67.360001|68.660004|67.169998|68.239998|6773500|0.9879807975|67.419807
2026-02-27|18|LMT|648.090027|662.469971|647.099976|658.080017|2599900|0.9882876617|650.372314
2026-02-27|19|MMM|165.250000|166.050003|162.869995|165.320007|5367000|0.9905187908|163.752579
2026-02-27|20|MO|69.739998|70.510002|68.910004|69.040001|12272900|0.9690282260|66.901711
2026-02-27|21|MRK|119.680000|124.000000|119.680000|123.820000|17636400|0.9855603323|122.032082
2026-02-27|22|MSI|472.970001|482.390015|470.450012|482.260010|1461100|0.9943844568|479.551880
2026-02-27|23|PG|164.039993|167.250000|163.690002|167.199997|14878500|0.9851719538|164.720734
2026-02-27|24|XOM|151.000000|153.649994|149.250000|152.500000|30275100|0.9868681737|150.497391
2026-02-27|25|RTX|198.309998|202.619995|197.630005|202.619995|8982500|0.9925545778|201.111404
2026-02-27|26|MCD|335.570007|341.350006|335.570007|341.059998|4269100|0.9877457529|336.880554
2026-02-27|27|AXP|320.899994|321.510010|307.649994|308.899994|9817300|0.9941272834|307.085907
2026-02-27|28|BMY|61.180000|62.680000|61.180000|62.369999|20742600|0.9787458882|61.044380
2026-02-27|29|DD|49.860001|50.210002|49.539998|50.039998|3842301|2.9761992776|148.929016
2026-02-27|30|DE|615.000000|631.510010|613.489990|629.710022|2015300|0.9945059901|626.250427
2026-02-27|31|EMR|150.059998|151.559998|147.850006|150.750000|2904600|0.9926085470|149.635742
2026-02-27|32|ETN|366.779999|376.459991|365.299988|375.920013|2169000|0.9917042798|372.801483
2026-02-27|33|ETR|105.750000|107.209999|105.379997|107.110001|3008300|0.9886701734|105.896454
2026-02-27|34|F|14.320000|14.570000|14.030000|14.090000|73157000|0.9769709546|13.765521
2026-02-27|35|HAL|36.020000|36.189999|35.419998|36.000000|10172700|0.9909628646|35.674664
2026-02-27|36|LLY|1019.169983|1053.000000|1017.359985|1051.989990|4325900|0.9968530383|1048.679443
2026-02-27|37|PCG|18.879999|19.090000|18.780001|19.000000|26572900|0.9942476518|18.890705
2026-02-27|38|PEP|168.380005|170.279999|167.820007|169.740005|10585200|0.9808256472|166.485352
2026-02-27|39|PFE|27.160000|27.670000|27.090000|27.650000|41879700|0.9668473999|26.733330
2026-02-27|40|TXN|211.229996|212.630005|208.250000|212.110001|8275100|0.9898764050|209.962677
2026-02-27|41|WFC|84.669998|84.820000|80.449997|81.449997|29145000|0.9886393471|80.524673
2026-02-27|42|HUBB|517.039978|517.039978|504.480011|511.630005|651819|0.9970037769|510.097046
2026-02-27|43|WMT|125.519997|128.600006|125.150002|127.949997|29205500|0.9936722171|127.140350
2026-02-27|44|AIG|80.480003|81.029999|79.599998|80.489998|8279500|0.9875732230|79.489769
2026-02-27|45|AVY|193.059998|197.160004|192.399994|196.350006|646000|0.9887328339|194.137695
2026-02-27|46|BAC|51.080002|51.410000|49.320000|49.830002|77728700|0.9892387825|49.293770
2026-02-27|47|BALL|66.750000|67.260002|66.199997|67.129997|2660500|0.9933732915|66.685150
2026-02-27|48|BDX|175.320007|178.009995|174.029999|176.479996|4624900|0.9866980137|174.132462
2026-02-27|49|CLX|127.190002|128.679993|126.330002|127.160004|1879500|0.9761478543|124.126961
2026-02-27|50|CMI|578.539978|584.580017|575.260010|583.869995|1688300|0.9931721942|579.883484
2026-02-27|51|CMS|77.239998|78.309998|77.099998|78.070000|4608200|0.9843492113|76.848137
2026-02-27|52|CVS|78.019997|79.900002|77.500000|79.900002|14699300|0.9851999130|78.717476
2026-02-27|53|ECL|305.570007|308.359985|303.750000|308.350006|1832600|0.9946163507|306.689972
2026-02-27|54|ES|75.169998|76.410004|75.019997|76.209999|3171700|0.9779292778|74.527992
2026-02-27|55|EVRG|83.089996|84.080002|82.589996|83.660004|3150900|0.9752573788|81.590042
2026-02-27|56|GWW|1100.699951|1145.530029|1099.750000|1144.729980|485200|0.9960365882|1140.192871
2026-02-27|57|LNT|71.660004|72.400002|71.430000|72.339996|5649800|0.9850786184|71.260582
2026-02-27|58|MKC|69.309998|71.330002|69.220001|71.040001|3762000|0.9822640876|69.780045
2026-02-27|59|MRSH|185.449997|187.770004|184.589996|186.740005|3369500|0.9892843147|184.738953
2026-02-27|60|NEE|90.900002|94.139999|90.650002|93.769997|25138500|0.9927287582|92.393387
2026-02-27|61|NI|46.709999|47.349998|46.590000|47.299999|4282000|0.9871584841|46.692596
2026-02-27|62|PNW|99.639999|101.129997|98.940002|100.300003|1528000|0.9822795276|98.522644
2026-02-27|63|RVTY|97.419998|98.440002|95.949997|98.309998|1100600|0.9985919505|98.171577
2026-02-27|64|SNA|384.630005|385.920013|379.480011|385.220001|358300|0.9870969475|380.249481
2026-02-27|65|SPGI|434.869986|443.490014|433.569994|441.879998|3176400|0.9417621693|416.145874
2026-02-27|66|TER|324.000000|325.000000|310.000000|320.029999|4426300|0.9996224662|319.909180
2026-02-27|67|TGT|113.000000|113.879997|111.110001|113.790001|6417000|0.9830946401|111.866341
2026-02-27|68|TXT|97.730003|98.830002|97.279999|98.650002|1239700|0.9995682296|98.607407
2026-02-27|69|VMC|305.709991|311.769989|304.679993|310.000000|1792000|0.9942812010|308.227203
2026-02-27|70|XEL|83.540001|84.120003|83.190002|83.360001|5827600|0.9852321471|82.128952
2026-02-27|71|ITW|288.630005|291.679993|287.679993|290.630005|3075000|0.9877340632|287.065155
2026-02-27|72|CL|97.419998|99.330002|97.419998|99.139999|6096300|0.9881586198|97.966049
2026-02-27|73|EXC|48.990002|49.880001|48.830002|49.470001|15389300|0.9822723358|48.593018
2026-02-27|74|MDT|96.690002|98.059998|96.300003|97.660004|8290500|0.9830319865|96.002907
2026-02-27|75|BNY|119.720001|121.860001|116.760002|119.099998|5822400|0.9920974180|118.158798
2026-02-27|76|EIX|74.610001|75.330002|74.209999|74.739998|4914200|0.9764773062|72.981918
2026-02-27|77|FRT|107.739998|109.940002|107.739998|108.769997|1733500|0.9803038504|106.627647
2026-02-27|78|PNR|99.099998|99.730003|98.339996|99.190002|1931500|0.9926207111|98.458046
2026-02-27|79|USB|56.209999|56.500000|54.090000|54.660000|13058400|0.9813809589|53.642284
2026-02-27|80|WY|24.170000|24.549999|24.030001|24.530001|7837100|0.9829820427|24.112551
2026-02-27|81|SYY|89.139999|91.190002|89.010002|91.160004|3742300|0.9859824728|89.882164
2026-02-27|82|WRB|71.940002|71.940002|71.010002|71.699997|4799500|0.9910634494|71.059250
2026-02-27|83|IFF|80.750000|82.309998|80.040001|82.230003|1406300|0.9889000540|81.317261
2026-02-27|84|TAP|48.110001|49.340000|48.040001|48.990002|2403600|0.9780980891|47.364937
2026-02-27|85|PNC|219.960007|220.500000|210.350006|212.350006|3569400|0.9845274632|209.064423
2026-02-27|86|TRV|306.600006|309.809998|304.359985|308.640015|1868600|0.9922238191|306.239960
2026-02-27|87|C|113.180000|113.180000|108.660004|110.190002|29106900|0.9902572054|109.116447
2026-02-27|88|FDX|386.410012|392.860008|385.530011|386.999987|2749200|0.7995464875|309.424500
2026-02-27|89|WDC|275.799988|287.829987|274.100006|279.700012|9899000|0.9992611044|279.493347
2026-02-27|90|DHR|208.009995|210.679993|206.880005|210.639999|5242600|0.9958070237|209.756775
2026-02-27|91|APA|29.590000|30.420000|29.170000|30.370001|8707300|0.9864084367|29.957224
2026-02-27|92|LUV|50.730000|50.910000|48.709999|49.259998|9146300|0.9913697990|48.834873
2026-02-27|93|PEG|85.930000|86.459999|85.209999|86.070000|3866100|0.9834778438|84.647934
2026-02-27|94|UNP|262.790009|266.380005|261.540009|264.980011|3819800|0.9948314607|263.610443
2026-02-27|95|ABT|115.709999|116.820000|115.489998|116.349998|13233300|0.9867277802|114.805779
2026-02-27|96|ADI|351.290009|356.029999|346.570007|355.790009|6109500|0.9941555324|353.710602
2026-02-27|97|ADM|67.430000|69.099998|66.830002|69.040001|5021100|0.9871845133|68.155220
2026-02-27|98|ADP|214.910004|215.800003|208.919998|214.360001|4998700|0.9843371720|211.002518
2026-02-27|99|AFL|114.349998|114.529999|112.709999|112.930000|3772000|0.9898631333|111.785248
2026-02-27|100|AMAT|365.940002|378.579987|365.609985|372.299988|9041400|0.9976914901|371.440552
2026-02-27|101|AMD|200.110001|201.889999|197.740005|200.210007|31312400|1.0000000000|200.210007
2026-02-27|102|APD|276.230011|278.049988|273.130005|275.670013|2034000|0.9876339339|272.261047
2026-02-27|103|BF-B|28.600000|29.379999|28.580000|28.860001|17999400|0.9822921615|28.348953
2026-02-27|104|CHD|103.669998|105.300003|103.110001|104.860001|2271300|0.9937159244|104.201050
2026-02-27|105|CINF|165.279999|165.279999|161.570007|163.979996|1054600|0.9887134133|162.129227
2026-02-27|106|CMCSA|30.709999|31.180000|30.389999|30.959999|34865700|0.9752182964|30.192755
2026-02-27|107|D|62.669998|63.220001|62.520000|63.139999|14187500|0.9900860786|62.514034
2026-02-27|108|DOV|224.600006|225.600006|222.039993|225.500000|1555200|0.9975530563|224.948212
2026-02-27|109|DUK|129.869995|131.570007|129.300003|130.850006|4691400|0.9827918175|128.598328
2026-02-27|110|EFX|204.940002|209.699997|203.199997|208.960007|1258400|0.9938812654|207.681442
2026-02-27|111|EQT|60.419998|61.770000|60.250000|61.419998|12160100|0.9940720641|61.055904
2026-02-27|112|FITB|50.919998|51.250000|48.689999|49.470001|16710000|0.9840657827|48.681736
2026-02-27|113|GIS|45.150002|45.570000|44.919998|45.230000|7837100|0.9666684497|43.722416
2026-02-27|114|GPC|115.900002|119.570000|115.059998|119.260002|1468200|0.9802432378|116.903809
2026-02-27|115|HAS|99.339996|100.250000|98.800003|99.589996|2106200|0.9844894224|98.045303
2026-02-27|116|HBAN|17.270000|17.350000|16.500000|16.799999|39296100|0.9810694650|16.481966
2026-02-27|117|HRL|24.870001|25.860001|24.820000|25.600000|6207500|0.9742790885|24.941545
2026-02-27|118|HST|20.100000|20.139999|19.440001|19.590000|11340200|0.9529227702|18.667757
2026-02-27|119|HSY|232.169998|236.779999|232.169998|236.279999|2289800|0.9846288447|232.648087
2026-02-27|120|INTC|44.459999|46.560001|44.400002|45.610001|79327200|1.0000000000|45.610001
2026-02-27|121|J|137.199997|138.339996|135.720001|137.860001|1125700|0.9944174758|137.090393
2026-02-27|122|JPM|300.000000|302.950012|294.450012|300.299988|18620800|0.9904464778|297.431061
2026-02-27|123|KMB|110.500000|111.820000|110.010002|111.440002|4413000|0.9744151054|108.588814
2026-02-27|124|L|109.629997|110.500000|108.830002|110.019997|1119400|0.9988625697|109.894859
2026-02-27|125|LEN|111.370003|114.980003|111.010002|114.360001|2408900|0.9888298730|113.082588
2026-02-27|126|LOW|261.690002|265.500000|260.100006|264.570007|3252500|0.9891098782|261.688812
2026-02-27|127|MAS|71.470001|72.290001|70.830002|71.620003|2262700|0.9908891403|70.967484
2026-02-27|128|MTB|222.690002|222.690002|214.240005|216.979996|1988700|0.9861939937|213.984375
2026-02-27|129|NEM|129.070007|131.210007|128.899994|130.000000|15016600|0.9956554334|129.435211
2026-02-27|130|NTRS|145.809998|146.029999|140.460007|143.089996|1845400|0.9898281838|141.634506
2026-02-27|131|NUE|174.399994|176.960007|173.009995|176.880005|2367000|0.9941593298|175.846893
2026-02-27|132|OMC|81.620003|85.510002|81.209999|85.290001|6074300|0.9796477026|83.554153
2026-02-27|133|PCAR|123.089996|126.169998|122.669998|126.089996|5249500|0.9942707430|125.367592
2026-02-27|134|PGR|211.380005|214.369995|211.029999|213.660004|3364900|0.9990392069|213.454712
2026-02-27|135|PH|999.940002|1010.900024|993.440002|1009.179993|1065800|0.9977448271|1006.904114
2026-02-27|136|PHM|135.270004|138.250000|134.470001|137.199997|2184900|0.9957597479|136.618240
2026-02-27|137|PPG|121.750000|123.480003|120.370003|123.269997|1892400|0.9873814378|121.714508
2026-02-27|138|PPL|38.639999|39.040001|38.610001|38.980000|8689600|0.9846479678|38.381577
2026-02-27|139|RF|28.900000|28.990000|27.610001|27.830000|21072100|0.9811037357|27.304117
2026-02-27|140|ROL|60.000000|60.889999|59.619999|60.889999|3555600|0.9917679269|60.388748
2026-02-27|141|SHW|356.500000|363.059998|353.549988|362.589996|1936000|0.9929181711|360.022217
2026-02-27|142|STT|130.160004|131.229996|126.250000|128.619995|3839400|0.9884428745|127.133522
2026-02-27|143|SWK|86.059998|86.730003|85.070000|86.489998|2024500|0.9785642065|84.636017
2026-02-27|144|SYK|382.570007|388.670013|381.750000|387.459991|1790000|0.9946461548|385.385620
2026-02-27|145|TMO|515.729980|521.280029|509.480011|521.109985|2031100|0.9980119596|520.073975
2026-02-27|146|TPL|515.940002|528.150024|510.989990|524.289978|794900|0.9973306248|522.890503
2026-02-27|147|TSN|62.750000|64.989998|62.750000|64.989998|5717700|0.9916420846|64.446815
2026-02-27|148|TT|453.730011|462.399994|450.000000|462.320007|1995700|0.9953350758|460.163330
2026-02-27|149|TYL|344.029999|355.940002|340.940002|354.690002|831800|1.0000000000|354.690002
2026-02-27|150|UDR|37.840000|38.000000|37.040001|37.500000|3852800|0.9803230978|36.762119
2026-02-27|151|VTRS|15.160000|15.500000|14.850000|14.930000|22029300|0.9769695342|14.586155
2026-02-27|152|WEC|115.959999|117.330002|115.620003|116.959999|2392500|0.9829379991|114.964424
2026-02-27|153|WST|247.869995|254.399994|246.779999|254.339996|814400|0.9985945833|253.982544
2026-02-27|154|NDSN|290.049988|294.209991|286.290009|293.440002|682700|0.9941183690|291.714081
2026-02-27|155|TFC|50.689999|51.000000|48.869999|49.310001|11533800|0.9798350561|48.315670
2026-02-27|156|WELL|209.029999|211.139999|207.089996|207.119995|6204200|0.9928496012|205.639008
2026-02-27|157|AON|331.000000|337.970001|330.559998|335.470001|2126200|0.9951005240|333.826416
2026-02-27|158|GL|144.520004|147.179993|143.559998|145.259995|504900|0.9958260151|144.653671
2026-02-27|159|OKE|84.720001|84.860001|82.070000|82.769997|5880800|0.9765151605|80.826157
2026-02-27|160|KLAC|1497.010040|1537.389984|1490.520020|1524.550018|1106900|0.0997597720|152.088760
2026-02-27|161|CSX|42.119999|42.770000|42.070000|42.689999|17413300|0.9969438988|42.559532
2026-02-27|162|PSA|303.880005|310.190002|301.299988|307.059998|1667000|0.9808120164|301.168121
2026-02-27|163|NKE|62.720001|62.720001|61.520000|62.180000|18017400|0.9845960180|61.222179
2026-02-27|164|AAPL|272.809998|272.809998|262.890015|264.179993|72366500|0.9982185855|263.709381
2026-02-27|165|BRO|71.870003|72.230003|71.150002|71.820000|4191900|0.9947741799|71.444679
2026-02-27|166|UHS|204.000000|209.199997|203.500000|206.100006|1664300|0.9976532391|205.616333
2026-02-27|167|HD|373.859985|382.190002|372.339996|380.720001|4819500|0.9859634354|375.376007
2026-02-27|168|BAX|20.190001|20.490000|19.910000|20.370001|36636900|0.9994805195|20.351568
2026-02-27|169|COP|112.400002|113.790001|111.059998|113.459999|9009900|0.9860463925|111.876823
2026-02-27|170|GLW|148.990005|154.500000|146.610001|150.380005|14555400|0.9984696945|150.149887
2026-02-27|171|HUM|185.690002|192.000000|184.059998|190.539993|2346200|0.9926050698|189.130966
2026-02-27|172|LHX|357.420013|365.730011|355.769989|364.540009|1963500|0.9925076273|361.808746
2026-02-27|173|NOC|720.000000|727.289978|714.809998|724.380005|896400|0.9956180811|721.205872
2026-02-27|174|OXY|52.680000|53.240002|51.869999|53.080002|13123200|0.9906984712|52.586273
2026-02-27|175|ROK|406.089996|407.839996|400.119995|407.450012|1207300|0.9938632005|404.949585
2026-02-27|176|SLB|51.599998|52.000000|50.830002|51.340000|16691400|0.9947843000|51.072227
2026-02-27|177|SO|96.459999|97.970001|96.330002|97.379997|8010100|0.9836658196|95.789375
2026-02-27|178|WMB|75.129997|75.589996|74.339996|74.720001|10392900|0.9855810767|73.642616
2026-02-27|179|VLO|203.960007|205.029999|199.100006|204.639999|2993500|0.9914397807|202.888229
2026-02-27|180|CI|287.779999|290.380005|284.720001|289.820007|2245800|0.9887906885|286.571320
2026-02-27|181|NSC|311.869995|315.119995|311.029999|314.739990|2128600|0.9917671837|312.148773
2026-02-27|182|COO|83.110001|84.099998|82.769997|83.669998|1758900|1.0000000000|83.669998
2026-02-27|183|AMGN|379.290009|390.140015|378.750000|388.160004|3441000|0.9867386103|383.012451
2026-02-27|184|RJF|157.149994|157.710007|151.440002|153.080002|1918100|0.9927317770|151.967377
2026-02-27|185|WSM|207.300003|208.559998|202.679993|205.649994|1337500|0.9927167515|204.152206
2026-02-27|186|CAH|227.940002|230.199997|226.929993|229.229996|2066800|0.9954149217|228.178955
2026-02-27|187|CTAS|198.899994|203.000000|196.949997|201.130005|2116400|0.9947044338|200.064911
2026-02-27|188|PAYX|93.180000|94.250000|91.360001|93.650002|7012700|0.9771272923|91.507973
2026-02-27|189|BEN|26.950001|27.070000|26.260000|26.540001|5444800|0.9758021744|25.897793
2026-02-27|190|AOS|76.720001|78.129997|76.279999|78.000000|1491400|0.9883617008|77.092209
2026-02-27|191|CASY|681.919983|690.000000|680.479980|685.590027|2365200|0.9985579358|684.601318
2026-02-27|192|T|27.610001|28.010000|27.510000|28.010000|54509300|0.9765662530|27.353621
2026-02-27|193|VZ|49.360001|50.150002|49.230000|50.139999|34693500|0.9686690897|48.569069
2026-02-27|194|JBHT|226.440002|233.979996|224.000000|233.410004|1481100|0.9964612666|232.584030
2026-02-27|195|ATO|184.360001|187.820007|182.880005|186.789993|2836600|0.9884163190|184.626266
2026-02-27|196|LRCX|233.460007|240.100006|232.679993|233.889999|12988900|0.9981002163|233.445663
2026-02-27|197|MU|401.809998|417.959991|401.179993|412.369995|28653900|0.9994263974|412.133453
2026-02-27|198|AJG|228.410004|228.809998|223.509995|228.199997|2959700|0.9936444599|226.749649
2026-02-27|199|AME|235.320007|239.240005|233.880005|239.220001|1571700|0.9969202115|238.483246
2026-02-27|200|SWKS|58.720001|59.639999|57.380001|59.580002|3356300|0.9913855858|59.066753
2026-02-27|201|EXPD|143.160004|146.339996|140.149994|145.029999|2158200|0.9948730934|144.286438
2026-02-27|202|UNH|284.700012|294.130005|283.850006|293.269989|9723300|0.9866504480|289.354950
2026-02-27|203|BBY|62.000000|62.270000|61.009998|61.970001|5963200|0.9720666083|60.238972
2026-02-27|204|DOC|17.520000|17.950001|17.480000|17.680000|13324700|0.9689596923|17.131208
2026-02-27|205|ADSK|233.580002|248.699997|233.300003|245.869995|5370700|1.0000000000|245.869995
2026-02-27|206|DVN|43.310001|43.790001|42.700001|43.529999|9521400|0.9877783076|42.997990
2026-02-27|207|NVR|7412.700195|7568.259766|7369.410156|7517.790039|24000|1.0000000000|7517.790039
2026-02-27|208|ROST|202.649994|206.399994|201.279999|205.639999|4422700|0.9959267541|204.802368
2026-02-27|209|JKHY|159.440002|163.020004|158.000000|162.460007|1118300|0.9919197584|161.147278
2026-02-27|210|MNST|85.750000|87.379997|84.690002|85.300003|13561600|0.5000000000|85.300003
2026-02-27|211|ORCL|143.880005|146.080002|142.100006|145.399994|36425200|0.9930647011|144.391602
2026-02-27|212|MSFT|390.880005|396.820007|389.880005|392.739990|51367200|0.9959638868|391.154846
2026-02-27|213|TROW|95.110001|95.379997|93.440002|94.629997|3103400|0.9736426638|92.135803
2026-02-27|214|COST|990.530029|1014.190002|989.580017|1010.789978|3935000|0.9969659831|1007.723267
2026-02-27|215|ADBE|254.020004|262.750000|253.059998|262.410004|5098200|1.0000000000|262.410004
2026-02-27|216|FISV|61.090000|62.349998|60.110001|62.290001|10163000|1.0000000000|62.290001
2026-02-27|217|BKR|65.269997|65.779999|64.779999|65.260002|8773800|0.9930140272|64.804100
2026-02-27|218|CDNS|288.739990|301.899994|285.140015|301.399994|3535000|1.0000000000|301.399994
2026-02-27|219|TJX|158.429993|161.660004|158.399994|161.660004|7099900|0.9936003560|160.625427
2026-02-27|220|FICO|1361.810059|1415.890015|1361.040039|1409.359985|309400|1.0000000000|1409.359985
2026-02-27|221|CCL|31.379999|31.959999|31.219999|31.549999|19943500|0.9887339129|31.194553
2026-02-27|222|FAST|45.389999|46.310001|45.389999|46.040001|9926400|0.9892709750|45.546040
2026-02-27|223|SCHW|96.489998|96.989998|93.620003|95.199997|13146100|0.9935274715|94.583809
2026-02-27|224|JCI|142.800003|144.600006|142.250000|144.300003|7554100|0.9941759575|143.459595
2026-02-27|225|COHR|247.020004|260.910004|241.710007|258.929993|15226100|1.0000000000|258.929993
2026-02-27|226|KEY|21.430000|21.580000|20.480000|20.740000|27546900|0.9804836286|20.335230
2026-02-27|227|MOS|27.360001|27.910000|26.850000|27.840000|6439800|0.9816582705|27.329367
2026-02-27|228|MGM|36.860001|37.189999|36.349998|36.860001|6606700|1.0000000000|36.860001
2026-02-27|229|WM|235.889999|241.229996|235.190002|240.839996|2612800|0.9917417797|238.851089
2026-02-27|230|TECH|57.200001|59.060001|56.189999|59.000000|1820400|0.9970482740|58.825848
2026-02-27|231|IEX|205.130005|209.490005|204.470001|209.470001|742500|0.9931996195|208.045532
2026-02-27|232|GEN|22.370001|22.680000|22.080000|22.570000|6950600|0.9903038605|22.351156
2026-02-27|233|CRH|118.650002|120.440002|116.570000|119.980003|7275400|0.9889154582|118.650078
2026-02-27|234|EOG|122.510002|124.320000|120.480003|124.080002|6899700|0.9849854996|122.217003
2026-02-27|235|PTC|154.839996|156.779999|152.669998|156.589996|1409500|1.0000000000|156.589996
2026-02-27|236|CSCO|77.650002|79.529999|77.070000|79.459999|27498000|0.9909035959|78.737198
2026-02-27|237|LH|287.029999|290.649994|284.910004|289.119995|640400|0.9972597526|287.710907
2026-02-27|238|TRMB|67.019997|67.269997|65.150002|66.870003|2278000|1.0000000000|66.870003
2026-02-27|239|AZO|3681.500000|3765.379883|3655.159912|3755.580078|216400|1.0000000000|3755.580078
2026-02-27|240|REGN|760.909973|786.679993|760.909973|781.669983|726400|0.9973440317|779.593872
2026-02-27|241|IDXX|650.039978|661.280029|644.539978|656.729980|799000|1.0000000000|656.729980
2026-02-27|242|AES|17.059999|17.650000|16.900000|17.280001|26333000|0.9761125722|16.867228
2026-02-27|243|VRTX|480.309998|497.799988|479.750000|496.829987|1782900|1.0000000000|496.829987
2026-02-27|244|ZBRA|231.199997|232.690002|222.610001|223.960007|967900|1.0000000000|223.960007
2026-02-27|245|BIIB|187.509995|192.460007|186.619995|191.820007|1402100|1.0000000000|191.820007
2026-02-27|246|ODFL|196.339996|203.860001|195.210007|203.050003|3549200|0.9973411992|202.510132
2026-02-27|247|APH|145.479996|147.509995|143.539993|146.059998|9827500|0.9965240421|145.552307
2026-02-27|248|KIM|23.570000|23.910000|23.459999|23.549999|13790200|0.9782318124|23.037359
2026-02-27|249|QCOM|142.860001|143.910004|141.350006|142.360001|12439900|0.9899641514|140.931290
2026-02-27|250|GILD|143.559998|150.000000|143.369995|148.949997|11195500|0.9878606941|147.141846
2026-02-27|251|ROP|348.790009|349.959991|345.000000|349.730011|1344400|0.9949619600|347.968048
2026-02-27|252|SNPS|410.410004|417.149994|404.529999|414.000000|4647600|1.0000000000|414.000000
2026-02-27|253|STZ|155.419998|158.669998|155.190002|157.860001|2880000|0.9856055004|155.587677
2026-02-27|254|BSX|75.269997|76.870003|75.269997|76.849998|21487600|1.0000000000|76.849998
2026-02-27|255|STE|253.110001|254.419998|251.369995|252.350006|844500|0.9970332000|251.601334
2026-02-27|256|DHI|158.800003|163.179993|158.110001|160.389999|3264500|0.9940209933|159.431015
2026-02-27|257|LIN|498.269989|509.529999|498.269989|508.079987|3239500|0.9935105778|504.782867
2026-02-27|258|SBUX|96.400002|98.430000|96.110001|98.019997|7286900|0.9884945611|96.892235
2026-02-27|259|MS|174.000000|174.130005|164.399994|166.509995|12400400|0.9892093304|164.713242
2026-02-27|260|INTU|384.679993|409.630005|384.679993|409.029999|8184700|0.9925226498|405.971527
2026-02-27|261|MCHP|73.260002|74.739998|72.320000|74.639999|10302500|0.9890553567|73.823090
2026-02-27|262|CB|340.000000|342.690002|337.299988|340.859985|2218000|0.9939554166|338.799622
2026-02-27|263|ORLY|90.459999|94.000000|90.220001|93.879997|10004000|1.0000000000|93.879997
2026-02-27|264|RCL|309.410004|314.869995|306.859985|310.959991|2986500|0.9895699200|307.716644
2026-02-27|265|JBL|269.130005|269.450012|261.660004|264.989990|1834300|0.9995582709|264.872925
2026-02-27|266|ALL|210.869995|215.509995|210.869995|214.520004|2318500|0.9897514584|212.321487
2026-02-27|267|CPT|109.500000|110.000000|107.730003|108.339996|1098700|0.9801843508|106.193169
2026-02-27|268|VMRK|63.730000|63.900002|62.750000|63.209999|3378200|0.9778762777|61.811562
2026-02-27|269|IT|152.720001|157.330002|148.789993|157.199997|2141600|1.0000000000|157.199997
2026-02-27|270|DECK|117.199997|118.500000|115.599998|117.269997|2236200|1.0000000000|117.269997
2026-02-27|271|REG|78.050003|79.080002|78.050003|79.000000|2420500|0.9810739142|77.504837
2026-02-27|272|INCY|99.040001|101.769997|98.860001|101.269997|2315000|1.0000000000|101.269997
2026-02-27|273|SPG|203.229996|205.119995|202.449997|203.850006|2113500|0.9778630534|199.337402
2026-02-27|274|MAA|135.279999|135.509995|132.990005|133.860001|1207100|0.9765831817|130.725433
2026-02-27|275|MLM|672.520020|680.260010|667.200012|676.570007|521100|0.9973479749|674.775696
2026-02-27|276|TSCO|50.900002|52.060001|50.349998|51.840000|8176200|0.9851405019|51.069683
2026-02-27|277|ALB|183.539993|184.520004|177.279999|178.669998|2405600|0.9949889134|177.774689
2026-02-27|278|CPRT|36.959999|38.119999|36.560001|38.090000|10373800|1.0000000000|38.090000
2026-02-27|279|FLEX|62.160000|63.080002|61.580002|63.020000|4003900|1.0000000000|63.020000
2026-02-27|280|ESS|259.829987|260.589996|253.360001|255.110001|900800|0.9806657936|250.177658
2026-02-27|281|O|66.599998|67.940002|66.559998|67.000000|13326200|0.9785744934|65.564484
2026-02-27|282|MCO|475.059998|483.920013|473.059998|477.589996|1788400|0.9933686768|474.422974
2026-02-27|283|SJM|117.000000|117.000000|114.070000|115.949997|12228500|0.9798392929|113.612358
2026-02-27|284|MCK|977.280029|987.369995|974.000000|987.369995|1059700|0.9980659618|985.460388
2026-02-27|285|COF|200.350006|200.520004|193.610001|195.639999|9048700|0.9922218930|194.118301
2026-02-27|286|EME|745.000000|747.619995|712.909973|724.619995|642100|0.9989862194|723.885437
2026-02-27|287|DLTR|124.370003|126.629997|123.220001|126.480003|2394300|1.0000000000|126.480003
2026-02-27|288|COR|367.640015|374.049988|366.869995|372.140015|1406800|0.9957711437|370.566284
2026-02-27|289|DRI|212.960007|214.309998|209.940002|213.850006|1177300|0.9843985059|210.513626
2026-02-27|290|RMD|255.889999|257.500000|252.740005|256.260010|1069100|0.9941821390|254.769119
2026-02-27|291|WAB|261.700012|264.190002|259.589996|263.950012|1382400|0.9977552294|263.357513
2026-02-27|292|FCX|68.389999|68.930000|66.870003|68.080002|19425700|0.9953868541|67.765938
2026-02-27|293|IVZ|26.480000|26.549999|25.730000|26.260000|5292600|0.9856541725|25.883280
2026-02-27|294|ACGL|100.099998|100.449997|98.849998|100.150002|2222300|1.0000000000|100.150002
2026-02-27|295|ERIE|268.869995|269.660004|263.640015|269.440002|241600|0.9885906317|266.365845
2026-02-27|296|EG|339.019989|339.019989|331.859985|335.489990|369400|0.9878843207|331.425293
2026-02-27|297|DVA|152.029999|157.910004|151.869995|156.300003|1080900|1.0000000000|156.300003
2026-02-27|298|HSIC|81.230003|82.760002|80.669998|82.389999|1562500|1.0000000000|82.389999
2026-02-27|299|EL|109.580002|110.730003|107.279999|109.470001|5885200|0.9961483439|109.048363
2026-02-27|300|WAT|318.920013|322.100006|315.500000|319.380005|2117400|1.0000000000|319.380005
2026-02-27|301|NTAP|98.660004|99.610001|96.010002|99.029999|5113700|0.9918913810|98.227005
2026-02-27|302|HIG|141.639999|141.889999|139.130005|140.830002|3944600|0.9910400733|139.568176
2026-02-27|303|IRM|108.260002|110.730003|107.720001|108.330002|3133200|0.9851777356|106.724297
2026-02-27|304|BRK-B|502.940002|506.519989|501.160004|504.950012|6364900|1.0000000000|504.950012
2026-02-27|305|FDS|211.009995|217.679993|208.389999|216.809998|1208400|0.9951444118|215.757263
2026-02-27|306|STLD|191.139999|193.220001|188.050003|193.130005|1320900|0.9946588101|192.098465
2026-02-27|307|DGX|211.089996|213.500000|208.970001|211.910004|1058700|0.9916252453|210.135315
2026-02-27|308|CIEN|340.660004|353.570007|337.109985|348.700012|3083000|1.0000000000|348.700012
2026-02-27|309|TTWO|210.309998|213.679993|209.369995|211.479996|2234800|1.0000000000|211.479996
2026-02-27|310|VTR|86.739998|87.870003|85.930000|86.160004|7071000|0.9878430433|85.112564
2026-02-27|311|AMZN|206.830002|210.330002|205.199997|210.000000|57422800|1.0000000000|210.000000
2026-02-27|312|ARE|54.270000|54.590000|52.500000|54.040001|12587500|0.9716953716|52.510418
2026-02-27|313|RL|374.220001|375.570007|360.119995|362.600006|807400|0.9948318200|360.726013
2026-02-27|314|BXP|60.250000|60.709999|57.450001|57.580002|18749500|0.9761958291|56.209358
2026-02-27|315|FIX|1418.709961|1441.619995|1395.839966|1429.369995|489600|0.9985721755|1427.328979
2026-02-27|316|YUM|165.699997|169.250000|164.559998|168.160004|1902300|0.9951301862|167.341095
2026-02-27|317|CHRW|182.610001|185.619995|181.479996|185.250000|1944900|0.9931897587|183.988403
2026-02-27|318|FE|50.849998|51.340000|50.599998|51.160000|4262400|0.9800753088|50.140652
2026-02-27|319|MTD|1364.719971|1374.989990|1341.839966|1366.689941|252900|1.0000000000|1366.689941
2026-02-27|320|PLD|142.119995|143.949997|141.949997|142.570007|5263800|0.9848712132|140.413101
2026-02-27|321|URI|839.219971|845.890015|818.760010|840.000000|908700|0.9962197184|836.824585
2026-02-27|322|AEE|112.489998|113.440002|112.110001|113.279999|1748600|0.9863006617|111.728142
2026-02-27|323|VRSN|223.600006|228.259995|222.199997|227.940002|1161400|0.9944277890|226.669861
2026-02-27|324|PWR|558.780029|569.750000|551.000000|563.080017|1537400|0.9996508742|562.883423
2026-02-27|325|AMT|186.160004|191.970001|184.679993|191.860001|4964400|0.9807453674|188.165817
2026-02-27|326|MAR|346.809998|347.950012|339.510010|341.730011|1664600|0.9960059445|340.365112
2026-02-27|327|CTSH|64.379997|64.570000|62.750000|64.430000|14152300|0.9872095485|63.605911
2026-02-27|328|SRE|96.180000|96.449997|94.610001|96.269997|4816300|0.9860298575|94.925095
2026-02-27|329|CSGP|43.990002|45.410000|43.740002|44.630001|8059300|1.0000000000|44.630001
2026-02-27|330|RSG|225.220001|229.320007|225.039993|229.000000|1437700|0.9942648020|227.686646
2026-02-27|331|CCI|86.570000|89.650002|85.800003|89.540001|6837800|0.9762634240|87.414635
2026-02-27|332|EBAY|86.769997|90.889999|86.750000|90.860001|6450900|0.9939126631|90.033165
2026-02-27|333|NVDA|181.250000|182.589996|176.380005|177.190002|311636500|0.9987817973|176.974152
2026-02-27|334|BKNG|4193.700027|4242.750168|4159.999847|4239.350128|920400|0.0398088823|168.763794
2026-02-27|335|GS|912.000000|916.250000|854.150024|859.570007|5552300|0.9903999491|851.318054
2026-02-27|336|FFIV|273.950012|275.230011|266.679993|271.359985|1185400|1.0000000000|271.359985
2026-02-27|337|SBAC|193.369995|201.309998|192.500000|201.160004|2197700|0.9805017315|197.237717
2026-02-27|338|LII|546.340027|573.630005|543.409973|569.940002|928800|0.9946881341|566.912537
2026-02-27|339|BLK|1073.069946|1080.000000|1040.449951|1063.229980|1191600|0.9888912077|1051.418701
2026-02-27|340|TKO|218.270004|226.089996|212.570007|223.869995|1161200|0.9921219970|222.106339
2026-02-27|341|AKAM|98.750000|99.510002|96.919998|98.389999|4716100|1.0000000000|98.389999
2026-02-27|342|UPS|115.959999|116.919998|115.059998|115.959999|6239600|0.9679890039|112.248001
2026-02-27|343|A|119.610001|121.980003|119.050003|121.379997|4333600|0.9958080410|120.871170
2026-02-27|344|TDY|673.690002|682.950012|671.000000|681.099976|426000|1.0000000000|681.099976
2026-02-27|345|PKG|230.009995|232.199997|226.710007|232.139999|1037100|0.9876260349|229.267517
2026-02-27|346|EW|85.760002|86.949997|85.199997|86.470001|6172800|1.0000000000|86.470001
2026-02-27|347|MET|75.070000|75.209999|71.610001|72.070000|8908600|0.9862851080|71.081566
2026-02-27|348|ON|66.870003|67.320000|65.559998|66.480003|9310400|1.0000000000|66.480003
2026-02-27|349|ISRG|499.709991|504.950012|499.209991|503.510010|1634200|1.0000000000|503.510010
2026-02-27|350|CRL|172.080002|179.820007|170.000000|178.490005|1198300|1.0000000000|178.490005
2026-02-27|351|MRVL|80.029999|82.290001|78.660004|81.690002|20253800|0.9992531920|81.628990
2026-02-27|352|EQIX|948.020020|975.000000|943.650024|974.260010|1141200|0.9903463937|964.854919
2026-02-27|353|TPR|157.789993|158.199997|154.250000|155.470001|3056700|0.9944862341|154.612778
2026-02-27|354|GRMN|251.279999|255.000000|250.529999|252.830002|1704900|0.9917889977|250.754013
2026-02-27|355|GPN|77.669998|78.040001|75.830002|76.459999|4923500|0.9929199565|75.918655
2026-02-27|356|ALGN|185.550003|190.929993|185.070007|190.100006|1530600|1.0000000000|190.100006
2026-02-27|357|WTW|308.010010|310.019989|302.510010|305.170013|1175900|0.9930717262|303.055695
2026-02-27|358|MDLZ|60.080002|61.759998|59.910000|61.580002|12554900|0.9831751096|60.543926
2026-02-27|359|AXON|540.500000|545.020020|523.830017|542.400024|1676700|1.0000000000|542.400024
2026-02-27|360|FIS|50.580002|51.119999|49.669998|50.959999|6223500|0.9802816760|49.955154
2026-02-27|361|ACN|204.169998|208.860001|199.259995|208.720001|7929300|0.9798095806|204.505844
2026-02-27|362|ZBH|100.470001|101.309998|98.300003|98.440002|2827800|0.9946488082|97.913223
2026-02-27|363|BG|119.470001|121.199997|117.800003|120.650002|1725900|0.9877945902|119.177414
2026-02-27|364|PFG|96.730003|97.459999|93.230003|95.419998|3749100|0.9832413887|93.820892
2026-02-27|365|ELV|322.660004|324.079987|311.000000|320.000000|4354300|0.9898456688|316.750610
2026-02-27|366|CNC|42.880001|44.930000|42.529999|44.880001|5992500|1.0000000000|44.880001
2026-02-27|367|PRU|101.260002|101.970001|97.459999|98.379997|3912300|0.9752946989|95.949486
2026-02-27|368|NFLX|94.300003|96.750000|90.580002|96.239998|200767000|1.0000000000|96.239998
2026-02-27|369|NDAQ|87.500000|88.610001|86.879997|87.580002|5031500|0.9932805958|86.991516
2026-02-27|370|WYNN|107.500000|109.000000|105.940002|108.190002|1687900|0.9949442808|107.643028
2026-02-27|371|CME|319.390015|321.809998|316.640015|319.500000|2806000|0.9716146686|310.430908
2026-02-27|372|STX|400.000000|415.600006|396.220001|407.839996|3605500|0.9975473958|406.839691
2026-02-27|373|NRG|179.979996|181.089996|174.210007|178.960007|2614100|0.9934205862|177.782562
2026-02-27|374|AIZ|229.729996|230.289993|224.320007|229.589996|431600|0.9965805324|228.804916
2026-02-27|375|CBRE|147.960007|148.259995|144.009995|147.660004|3371200|1.0000000000|147.660004
2026-02-27|376|CRM|191.910004|195.919998|189.919998|194.789993|16346500|0.9949373630|193.803848
2026-02-27|377|DPZ|397.570007|405.119995|393.190002|402.510010|808700|0.9888611209|398.026520
2026-02-27|378|EXR|147.000000|151.589996|146.679993|151.029999|1793900|0.9779070040|147.693298
2026-02-27|379|GOOG|303.940002|312.079987|303.591003|311.429993|33389200|0.9986949468|311.023560
2026-02-27|380|GOOGL|304.140015|312.369995|303.799988|311.760010|44640600|0.9986999831|311.354736
2026-02-27|381|DLR|175.050003|177.869995|174.279999|177.199997|3258300|0.9866588059|174.835953
2026-02-27|382|MPWR|1156.069946|1163.380005|1128.599976|1142.739990|805300|0.9964842129|1138.722412
2026-02-27|383|LVS|55.009998|56.730000|54.849998|56.720001|5698800|0.9879067226|56.034073
2026-02-27|384|DXCM|73.580002|74.349998|73.029999|73.430000|5454000|1.0000000000|73.430000
2026-02-27|385|BLDR|103.199997|104.860001|101.250000|104.290001|2598900|1.0000000000|104.290001
2026-02-27|386|WBD|28.389999|28.400000|28.120001|28.170000|68764300|1.0000000000|28.170000
2026-02-27|387|EXPE|209.910004|217.619995|207.649994|215.690002|3820900|0.9942877675|214.457947
2026-02-27|388|CF|97.480003|100.010002|96.940002|99.540001|2700800|0.9908287958|98.627098
2026-02-27|389|AMP|475.839996|479.529999|465.049988|470.119995|750500|0.9932580907|466.950470
2026-02-27|390|ICE|161.830002|165.750000|161.000000|164.130005|4346800|0.9930916239|162.996124
2026-02-27|391|PSKY|11.210000|14.000000|10.980000|13.510000|91699600|0.9901049837|13.376319
2026-02-27|392|LYV|157.899994|164.330002|157.270004|162.139999|5352800|1.0000000000|162.139999
2026-02-27|393|CMG|37.500000|37.500000|36.290001|37.220001|20764600|1.0000000000|37.220001
2026-02-27|394|UAL|111.959999|111.959999|105.360001|106.300003|9630500|1.0000000000|106.300003
2026-02-27|395|TDG|1304.910034|1312.160034|1290.459961|1302.790039|545800|1.0000000000|1302.790039
2026-02-27|396|MA|509.470001|518.760010|506.750000|517.210022|5121100|0.9966137732|515.458679
2026-02-27|397|LDOS|174.770004|177.000000|173.619995|175.100006|1549300|0.9940154778|174.052124
2026-02-27|398|FSLR|195.970001|197.919998|191.860001|197.199997|3775800|1.0000000000|197.199997
2026-02-27|399|BR|181.800003|186.000000|180.289993|185.869995|1763600|0.9878384663|183.609528
2026-02-27|400|SMCI|31.860001|33.040001|31.379999|32.389999|27204800|1.0000000000|32.389999
2026-02-27|401|TMUS|213.429993|217.360001|212.669998|217.089996|6916400|0.9946034600|214.679443
2026-02-27|402|DAL|67.750000|67.750000|65.360001|65.699997|12371500|0.9948974393|65.364761
2026-02-27|403|IBKR|72.660004|73.050003|69.650002|71.190002|6182100|0.9989881568|71.117966
2026-02-27|404|PODD|248.619995|252.630005|245.660004|246.610001|983800|1.0000000000|246.610001
2026-02-27|405|TEL|232.250000|234.520004|227.059998|230.149994|2635400|0.9922749574|228.372070
2026-02-27|406|BX|115.879997|115.879997|112.150002|113.370003|10191100|0.9808140125|111.194885
2026-02-27|407|LULU|181.130005|186.649994|180.979996|185.169998|1810800|1.0000000000|185.169998
2026-02-27|408|ULTA|686.880005|702.530029|682.469971|684.789978|663000|1.0000000000|684.789978
2026-02-27|409|MSCI|564.349976|574.570007|563.679993|571.830017|883300|0.9928506457|567.741821
2026-02-27|410|ECHO|107.209999|119.500000|105.320000|115.529999|7897700|1.0000000000|115.529999
2026-02-27|411|PM|188.139999|190.110001|185.699997|186.830002|5024300|0.9830023955|183.654343
2026-02-27|412|V|314.459991|320.230011|311.950012|320.140015|12412900|0.9960807290|318.885284
2026-02-27|413|AWK|135.259995|137.720001|134.470001|136.029999|2565100|0.9863367160|134.171387
2026-02-27|414|KDP|30.320000|30.639999|30.209999|30.280001|13256600|0.9842341174|29.802610
2026-02-27|415|SW|45.965000|47.099998|45.500000|47.009998|7949000|0.9797713221|46.059048
2026-02-27|416|AVGO|310.700012|320.000000|310.000000|319.549988|28004200|0.9963298147|318.377197
2026-02-27|417|VRSK|201.889999|209.490005|200.380005|207.570007|3469200|0.9947617775|206.482712
2026-02-27|418|DG|153.520004|157.070007|153.520004|156.240005|3443100|0.9902299309|154.713531
2026-02-27|419|FTNT|77.300003|79.120003|76.639999|79.029999|7548200|1.0000000000|79.029999
2026-02-27|420|CHTR|228.330002|237.830002|225.690002|234.630005|2144300|1.0000000000|234.630005
2026-02-27|421|FERG|262.000000|263.690002|255.809998|260.760010|2167800|0.9887782143|257.833832
2026-02-27|422|GNRC|231.559998|233.220001|223.059998|225.369995|1125000|1.0000000000|225.369995
2026-02-27|423|LYB|55.900002|57.919998|55.840000|57.520000|6480700|0.9677851714|55.667000
2026-02-27|424|CBOE|291.600006|303.119995|291.600006|299.720001|1352900|0.9979084359|299.093109
2026-02-27|425|TSLA|402.940002|407.119995|398.109985|402.510010|56890100|1.0000000000|402.510010
2026-02-27|426|KKR|92.209999|92.209999|86.349998|87.680000|21851200|0.9961485906|87.342316
2026-02-27|427|NXPI|229.059998|229.929993|223.850006|227.009995|2951900|0.9914738451|225.074478
2026-02-27|428|GM|79.989998|80.080002|77.830002|78.709999|13351400|0.9954799629|78.354233
2026-02-27|429|TRGP|233.360001|237.500000|231.199997|235.800003|2369500|0.9903678073|233.528717
2026-02-27|430|CPAY|327.059998|331.529999|323.910004|325.100006|759600|1.0000000000|325.100006
2026-02-27|431|KMI|33.130001|33.349998|32.950001|33.270000|16322300|0.9816636474|32.659950
2026-02-27|432|HCA|525.729980|532.690002|523.099976|529.700012|2291500|0.9965176399|527.855408
2026-02-27|433|HII|441.679993|445.179993|436.000000|444.519989|411200|0.9956995948|440.553802
2026-02-27|434|APO|111.220001|111.339996|104.000000|104.599998|15136000|0.9916121637|103.722633
2026-02-27|435|MPC|200.000000|200.009995|190.320007|198.210007|4760400|0.9934777159|196.917221
2026-02-27|436|XYL|130.360001|131.039993|127.779999|129.559998|3362300|0.9923180477|128.564713
2026-02-27|437|APTV|75.760002|76.070000|73.309998|73.540001|3472200|1.0000000000|73.540001
2026-02-27|438|PSX|152.210007|154.330002|149.710007|154.330002|4251200|0.9875507674|152.408722
2026-02-27|439|AMCR|48.470001|48.810001|48.200001|48.430000|5734600|0.9836148215|47.636467
2026-02-27|440|META|643.450012|649.440002|638.119995|648.179993|15703000|0.9982193806|647.025818
2026-02-27|441|NOW|105.000000|108.699997|104.000000|108.010002|19085200|1.0000000000|108.010002
2026-02-27|442|PANW|147.169998|148.990005|143.669998|148.919998|9430600|1.0000000000|148.919998
2026-02-27|443|FANG|169.270004|174.460007|167.449997|174.080002|2459400|0.9832059760|171.156494
2026-02-27|444|WDAY|132.990005|134.100006|129.029999|133.759995|9230700|1.0000000000|133.759995
2026-02-27|445|ABBV|225.100006|232.270004|225.059998|232.080002|8018100|0.9847626719|228.543732
2026-02-27|446|NCLH|24.250000|25.100000|24.059999|24.790001|25518300|1.0000000000|24.790001
2026-02-27|447|ZTS|128.929993|132.300003|128.250000|131.100006|5546300|0.9887765322|129.628616
2026-02-27|448|IQV|168.080002|179.250000|167.119995|178.809998|5206400|1.0000000000|178.809998
2026-02-27|449|NWS|26.680000|26.980000|26.580000|26.780001|1825900|0.9963262306|26.681616
2026-02-27|450|NWSA|24.209999|24.440001|23.969999|24.290001|4757300|0.9958385353|24.188919
2026-02-27|451|CDW|121.519997|122.849998|118.440002|122.639999|1600800|0.9893792048|121.337463
2026-02-27|452|VEEV|179.000000|183.089996|177.000000|182.009995|2562100|1.0000000000|182.009995
2026-02-27|453|ALLE|159.350006|161.809998|157.720001|161.149994|784100|0.9921390873|159.883209
2026-02-27|454|HLT|314.029999|314.029999|307.690002|311.779999|2140100|0.9990803866|311.493286
2026-02-27|455|ARES|114.029999|114.250000|108.669998|112.010002|6042500|0.9767290545|109.403419
2026-02-27|456|ANET|127.519997|133.580002|127.500000|133.500000|9043300|1.0000000000|133.500000
2026-02-27|457|SYF|71.320000|71.879997|68.434998|69.110001|6615200|0.9916769819|68.534798
2026-02-27|458|CFG|62.764999|62.764999|59.470001|60.189999|9710000|0.9864525111|59.374577
2026-02-27|459|KEYS|304.269989|308.855011|298.350006|307.329987|2998000|1.0000000000|307.329987
2026-02-27|460|GDDY|85.260002|87.190002|82.449997|87.160004|3330400|1.0000000000|87.160004
2026-02-27|461|KHC|24.629999|25.010000|24.538000|24.610001|16535300|0.9659839010|23.772865
2026-02-27|462|PYPL|45.810001|46.419998|45.419998|46.209999|23641200|0.9937057617|45.919140
2026-02-27|463|LITE|679.950012|720.099976|672.010010|700.909973|8912200|1.0000000000|700.909973
2026-02-27|464|HPE|21.040001|21.799999|20.959999|21.469999|30874100|0.9906947030|21.270216
2026-02-27|465|XYZ|63.090000|66.120003|61.200001|63.700001|40658100|1.0000000000|63.700001
2026-02-27|466|FTV|59.119999|59.720001|58.349998|59.200001|4964100|0.9979248563|59.077152
2026-02-27|467|DELL|137.369995|148.860001|136.110001|148.080002|33475600|0.9952707496|147.379700
2026-02-27|468|TTD|23.510000|24.090000|22.469999|23.820000|23911200|1.0000000000|23.820000
2026-02-27|469|VST|175.000000|178.309998|170.889999|173.889999|5494900|0.9972411805|173.410278
2026-02-27|470|HWM|258.480011|262.630005|257.489990|262.529999|3401200|0.9990766853|262.287598
2026-02-27|471|INVH|25.930000|26.535000|25.850000|26.340000|8587500|0.9779475029|25.759138
2026-02-27|472|CVNA|343.824997|348.590012|320.639992|334.160004|4719700|0.2000000000|66.832001
2026-02-27|473|IR|93.209999|94.169998|92.290001|94.139999|3201000|0.9992655835|94.070862
2026-02-27|474|VICI|29.780001|30.485001|29.670000|30.209999|14681600|0.9677245240|29.234959
2026-02-27|475|VRT|251.500000|257.799988|245.669998|254.889999|6967900|0.9995540701|254.776337
2026-02-27|476|MRNA|51.270000|53.619999|50.730000|53.570000|9069700|1.0000000000|53.570000
2026-02-27|477|FOXA|55.970001|56.930000|55.549999|56.340000|4759300|0.9951185496|56.064980
2026-02-27|478|FOX|51.509998|52.050999|51.110001|51.730000|2265300|0.9946544484|51.453476
2026-02-27|479|DOW|29.240000|30.860001|29.204000|30.730000|13297800|0.9899338512|30.420668
2026-02-27|480|UBER|73.900002|75.779999|73.657997|75.419998|20427900|1.0000000000|75.419998
2026-02-27|481|CTVA|78.639999|80.224998|78.419998|80.120003|5332100|0.9954590981|79.756187
2026-02-27|482|CRWD|369.059998|373.500000|359.290009|371.980011|5125800|0.2500000000|92.995003
2026-02-27|483|DDOG|112.754997|113.472000|109.400002|111.959999|4953900|1.0000000000|111.959999
2026-02-27|484|CARR|62.139999|64.635002|61.980000|64.400002|7534300|0.9928803129|63.941502
2026-02-27|485|OTIS|91.040001|92.559998|90.570000|92.559998|3967100|0.9879889159|91.448257
2026-02-27|486|PLTR|134.070007|138.100006|133.979996|137.190002|59412400|1.0000000000|137.190002
2026-02-27|487|DASH|175.570007|179.500000|175.000000|176.470001|5323800|1.0000000000|176.470001
2026-02-27|488|ABNB|134.429993|136.970001|133.589996|135.110001|6498500|1.0000000000|135.110001
2026-02-27|489|EXE|107.300003|109.769997|106.750000|107.919998|4303400|0.9826864450|106.051521
2026-02-27|490|COIN|175.350006|179.059998|171.809998|175.850006|11427900|1.0000000000|175.850006
2026-02-27|491|APP|431.790009|447.528015|426.500000|434.769989|4889900|1.0000000000|434.769989
2026-02-27|492|HOOD|76.800003|77.790001|74.820000|75.849998|23485300|1.0000000000|75.849998
2026-02-27|493|CEG|320.000000|330.144989|318.600006|329.880005|3439500|0.9955820742|328.422638
2026-02-27|494|GEHC|83.220001|84.680000|82.500000|84.269997|3094000|0.9989494212|84.181458
2026-02-27|495|KVUE|19.040001|19.180000|18.930000|19.120001|24293100|0.9772015009|18.684092
2026-02-27|496|VLTO|97.139999|97.875000|96.150002|97.430000|2470500|0.9970188523|97.139542
2026-02-27|497|RDDT|149.509995|150.449997|143.050003|145.809998|4747700|1.0000000000|145.809998
2026-02-27|498|SOLV|73.000000|77.889999|73.000000|74.199997|2241800|1.0000000000|74.199997
2026-02-27|499|GEV|867.700012|876.354980|853.340027|873.599976|2456200|0.9988852954|872.626160
2026-02-27|500|SNDK|627.080017|661.200012|621.270020|635.359985|18208200|1.0000000000|635.359985
2026-02-27|501|Q|122.529999|127.180000|120.900002|126.760002|4738800|0.9994967288|126.696213
