date|security_id|ticker|open|high|low|close|volume|adj_factor|adj_close_vendor
2026-02-17|1|AEP|131.309998|132.779999|129.610001|130.240005|4034900|0.9852885257|128.323975
2026-02-17|2|BA|243.610001|245.419998|238.929993|244.039993|4864700|1.0000000000|244.039993
2026-02-17|3|CAT|765.000000|774.419983|750.000000|764.760010|3450300|0.9962516275|761.893433
2026-02-17|4|CNP|42.810001|43.090000|42.540001|42.650002|7529200|0.9832236217|41.934486
2026-02-17|5|CVX|183.300003|183.800003|178.740005|180.550003|9849000|0.9823507513|177.363434
2026-02-17|6|DIS|106.570000|107.279999|104.370003|105.440002|10467400|0.9923958226|104.638214
2026-02-17|7|DTE|150.050003|154.630005|143.809998|144.690002|2264900|0.9843774065|142.429565
2026-02-17|8|ED|114.610001|115.250000|113.059998|113.919998|2565500|0.9759585897|111.181206
2026-02-17|9|GD|346.970001|350.000000|340.089996|342.519989|1699800|0.9910149667|339.442444
2026-02-17|10|GE|315.000000|330.399994|314.500000|327.079987|5863600|0.9973022307|326.197601
2026-02-17|11|HON|239.670000|244.749989|239.670000|242.649993|3699800|1.0347776740|251.088791
2026-02-17|12|HPQ|19.170000|19.370001|18.490000|18.490000|20393600|0.9721972446|17.975927
2026-02-17|13|IBM|259.200012|260.700012|254.649994|258.309998|4929700|0.9856234381|254.596390
2026-02-17|14|IP|48.900002|49.389999|47.810001|49.049999|5012800|0.9645837619|47.312836
2026-02-17|15|JNJ|244.130005|244.490005|241.869995|243.330002|12703000|0.9841702191|239.478149
2026-02-17|16|KO|78.989998|79.639999|78.739998|79.559998|16260200|0.9867998793|78.509796
2026-02-17|17|KR|71.500000|72.199997|69.580002|69.660004|5271400|0.9879807975|68.822746
2026-02-17|18|LMT|653.000000|656.219971|642.000000|649.580017|1169600|0.9882876617|641.971863
2026-02-17|19|MMM|170.000000|171.500000|167.250000|167.619995|4748900|0.9905187908|166.030746
2026-02-17|20|MO|67.510002|67.760002|66.250000|66.540001|7807400|0.9690282260|64.479141
2026-02-17|21|MRK|122.360001|123.080002|120.800003|121.570000|9899800|0.9855603323|119.814568
2026-02-17|22|MSI|464.760010|468.100006|457.760010|457.760010|1480500|0.9943844568|455.189453
2026-02-17|23|PG|159.949997|162.169998|158.880005|159.550003|13319100|0.9851719538|157.184174
2026-02-17|24|XOM|148.199997|149.130005|145.149994|146.190002|19766600|0.9868681737|144.270264
2026-02-17|25|RTX|200.000000|205.639999|198.850006|203.500000|6057800|0.9892687733|201.316208
2026-02-17|26|MCD|330.000000|332.079987|325.000000|327.619995|3367200|0.9877457529|323.605255
2026-02-17|27|AXP|338.730011|346.630005|338.000000|344.529999|3186000|0.9941272834|342.506683
2026-02-17|28|BMY|60.849998|61.299999|59.480000|60.349998|12874400|0.9787458882|59.067314
2026-02-17|29|DD|49.990000|50.899999|49.880000|50.870000|4574400|2.9761992776|151.399261
2026-02-17|30|DE|593.049988|607.039978|593.049988|600.840027|1863200|0.9945059901|597.539062
2026-02-17|31|EMR|146.449997|150.169998|145.000000|148.850006|4608200|0.9926085470|147.749802
2026-02-17|32|ETN|386.779999|393.230011|384.359985|391.489990|2094500|0.9917042798|388.242279
2026-02-17|33|ETR|106.000000|106.709999|104.089996|104.440002|3062500|0.9886701734|103.256714
2026-02-17|34|F|14.090000|14.170000|13.930000|14.130000|57684800|0.9769709546|13.804600
2026-02-17|35|HAL|34.230000|34.459999|33.099998|33.709999|9323500|0.9909628646|33.405357
2026-02-17|36|LLY|1045.609985|1067.000000|1034.880005|1036.050049|2984600|0.9968530383|1032.789673
2026-02-17|37|PCG|18.299999|18.379999|17.910000|18.020000|25974700|0.9942476518|17.916342
2026-02-17|38|PEP|166.119995|167.539993|160.809998|161.919998|8749800|0.9808256472|158.815292
2026-02-17|39|PFE|27.840000|27.870001|27.200001|27.370001|32119900|0.9668473999|26.462614
2026-02-17|40|TXN|226.529999|228.449997|222.809998|225.690002|5454800|0.9898764050|223.405212
2026-02-17|41|WFC|87.830002|88.839996|87.309998|87.400002|12361900|0.9886393471|86.407082
2026-02-17|42|HUBB|519.460022|527.960022|517.849976|524.250000|376754|0.9943029521|521.263306
2026-02-17|43|WMT|133.110001|134.690002|128.160004|128.850006|37995900|0.9936722171|128.034668
2026-02-17|44|AIG|78.989998|79.680000|78.309998|79.400002|3324100|0.9875732230|78.413315
2026-02-17|45|AVY|195.710007|197.490005|192.600006|194.389999|374400|0.9887328339|192.199783
2026-02-17|46|BAC|53.040001|53.549999|52.619999|52.740002|35542400|0.9892387825|52.172455
2026-02-17|47|BALL|67.459999|67.820000|66.290001|66.550003|1680200|0.9933732915|66.108994
2026-02-17|48|BDX|176.160004|178.429993|175.509995|177.380005|2237900|0.9866980137|175.020508
2026-02-17|49|CLX|126.500000|127.500000|120.940002|122.959999|2885600|0.9761478543|120.027138
2026-02-17|50|CMI|602.590027|602.590027|585.750000|595.659973|772600|0.9898444823|589.610718
2026-02-17|51|CMS|76.580002|77.279999|75.930000|76.040001|3086800|0.9843492113|74.849915
2026-02-17|52|CVS|79.180000|79.750000|77.849998|78.199997|5795400|0.9851999130|77.042625
2026-02-17|53|ECL|300.630005|304.250000|298.510010|303.799988|1341200|0.9946163507|302.164459
2026-02-17|54|ES|75.000000|75.000000|72.250000|73.029999|4114800|0.9779292778|71.418167
2026-02-17|55|EVRG|83.000000|83.190002|81.160004|81.510002|2123400|0.9752573788|79.493240
2026-02-17|56|GWW|1128.900024|1140.329956|1120.050049|1132.219971|248300|0.9960365882|1127.732544
2026-02-17|57|LNT|71.830002|72.260002|70.970001|71.099998|2725600|0.9850786184|70.039093
2026-02-17|58|MKC|71.510002|71.830002|67.769997|69.190002|4156300|0.9822640876|67.962860
2026-02-17|59|MRSH|177.160004|178.309998|174.279999|175.830002|2703900|0.9892843147|173.945862
2026-02-17|60|NEE|94.910004|95.559998|92.279999|92.709999|9455400|0.9860055271|90.730293
2026-02-17|61|NI|46.779999|47.049999|46.549999|46.709999|4248700|0.9871584841|46.110172
2026-02-17|62|PNW|99.889999|100.550003|98.610001|98.889999|1821700|0.9822795276|97.137619
2026-02-17|63|RVTY|95.199997|96.610001|93.940002|95.050003|1616900|0.9985919505|94.916176
2026-02-17|64|SNA|381.829987|383.309998|378.390015|381.690002|365100|0.9808470667|374.379517
2026-02-17|65|SPGI|416.000014|422.420012|409.030001|410.449990|5131900|0.9395781501|385.649811
2026-02-17|66|TER|306.250000|315.989990|300.399994|305.529999|2383300|0.9996224662|305.414642
2026-02-17|67|TGT|116.900002|118.379997|114.190002|116.540001|6258900|0.9830946401|114.569847
2026-02-17|68|TXT|98.129997|100.550003|97.750000|99.699997|1658000|0.9995682296|99.656952
2026-02-17|69|VMC|295.950012|311.339996|294.720001|302.220001|2068200|0.9942812010|300.491699
2026-02-17|70|XEL|82.000000|82.300003|80.300003|80.750000|4466600|0.9852321471|79.557495
2026-02-17|71|ITW|299.440002|301.500000|295.730011|297.420013|1095700|0.9877340632|293.771881
2026-02-17|72|CL|96.970001|97.629997|95.290001|95.650002|8164300|0.9881586198|94.517372
2026-02-17|73|EXC|48.840000|49.110001|47.709999|48.040001|9356300|0.9822723358|47.188366
2026-02-17|74|MDT|95.879997|98.120003|95.500000|96.410004|17374800|0.9830319865|94.774124
2026-02-17|75|BNY|118.000000|120.199997|118.000000|118.800003|2960700|0.9920974180|117.861183
2026-02-17|76|EIX|72.339996|72.680000|71.260002|71.419998|4139800|0.9764773062|69.740013
2026-02-17|77|FRT|105.650002|106.529999|104.209999|106.209999|850400|0.9803038504|104.118065
2026-02-17|78|PNR|101.559998|101.839996|99.080002|99.760002|1621800|0.9926207111|99.023842
2026-02-17|79|USB|58.270000|58.900002|57.959999|58.169998|7253200|0.9813809589|57.086929
2026-02-17|80|WY|26.840000|27.110001|26.540001|26.879999|5061100|0.9829820427|26.422556
2026-02-17|81|SYY|91.430000|91.849998|88.910004|89.699997|4259500|0.9859824728|88.442627
2026-02-17|82|WRB|70.639999|71.639999|70.400002|71.040001|1998800|0.9898085858|70.316002
2026-02-17|83|IFF|84.000000|84.449997|82.040001|82.739998|1652300|0.9889000540|81.821587
2026-02-17|84|TAP|53.259998|53.759998|50.520000|50.900002|5348600|0.9780980891|49.211578
2026-02-17|85|PNC|229.320007|233.330002|229.320007|231.240005|2457300|0.9845274632|227.662125
2026-02-17|86|TRV|297.029999|300.519989|296.420013|299.230011|1437400|0.9922238191|296.903137
2026-02-17|87|C|112.300003|114.510002|111.989998|113.779999|12314600|0.9902572054|112.671455
2026-02-17|88|FDX|377.960017|381.990010|373.990014|375.300018|1165300|0.7995464875|300.069824
2026-02-17|89|WDC|277.359985|288.339996|272.000000|284.109985|5524200|0.9992611044|283.900055
2026-02-17|90|DHR|201.800003|208.500000|201.000000|206.360001|8709200|0.9958070237|205.494736
2026-02-17|91|APA|28.000000|28.500000|26.770000|27.340000|4805800|0.9864084367|26.968407
2026-02-17|92|LUV|52.669998|55.110001|52.639999|54.259998|12962200|0.9913697990|53.791725
2026-02-17|93|PEG|87.220001|87.529999|86.459999|86.949997|2798800|0.9834778438|85.513397
2026-02-17|94|UNP|260.989990|264.160004|260.489990|262.799988|3257800|0.9896596115|260.082520
2026-02-17|95|ABT|113.190002|113.589996|111.930000|112.260002|6568900|0.9867277802|110.770065
2026-02-17|96|ADI|335.600006|340.459991|330.329987|337.510010|4547600|0.9941555324|335.537445
2026-02-17|97|ADM|68.769997|69.150002|66.550003|68.570000|3993600|0.9871845133|67.691246
2026-02-17|98|ADP|212.429993|214.850006|210.220001|213.080002|4965200|0.9843371720|209.742569
2026-02-17|99|AFL|115.809998|116.669998|114.739998|115.419998|2021400|0.9846316611|113.646187
2026-02-17|100|AMAT|351.000000|362.630005|347.660004|359.130005|8791300|0.9964487658|357.854645
2026-02-17|101|AMD|202.149994|205.300003|194.830002|203.080002|33712100|1.0000000000|203.080002
2026-02-17|102|APD|281.750000|281.750000|275.730011|277.690002|1601600|0.9876339339|274.256104
2026-02-17|103|BF-B|29.930000|30.070000|28.959999|29.260000|3398000|0.9822921615|28.741869
2026-02-17|104|CHD|101.599998|102.489998|99.580002|99.889999|1705500|0.9937159244|99.262276
2026-02-17|105|CINF|164.080002|167.139999|163.330002|166.070007|761000|0.9887134133|164.195648
2026-02-17|106|CMCSA|31.670000|31.950001|31.459999|31.549999|28089700|0.9752182964|30.768135
2026-02-17|107|D|67.220001|67.570000|65.500000|65.650002|6672800|0.9796460230|64.313759
2026-02-17|108|DOV|229.429993|234.009995|229.429993|233.250000|1403800|0.9952693212|232.146561
2026-02-17|109|DUK|128.500000|129.000000|126.169998|126.709999|4252700|0.9827918175|124.529556
2026-02-17|110|EFX|195.339996|198.080002|191.380005|192.699997|1753400|0.9938812654|191.520920
2026-02-17|111|EQT|58.740002|58.889999|56.470001|57.750000|10209400|0.9940720641|57.407661
2026-02-17|112|FITB|53.369999|53.650002|52.689999|53.060001|8262800|0.9840657827|52.214531
2026-02-17|113|GIS|46.509998|46.709999|43.720001|44.959999|22123600|0.9666684497|43.461414
2026-02-17|114|GPC|137.380005|137.380005|125.540001|125.739998|4107600|0.9802432378|123.255783
2026-02-17|115|HAS|102.260002|103.180000|101.540001|102.230003|1977000|0.9777483232|99.955208
2026-02-17|116|HBAN|17.290001|17.510000|17.150000|17.469999|30405700|0.9810694650|17.139282
2026-02-17|117|HRL|23.740000|23.980000|23.090000|23.440001|5309000|0.9742790885|22.837103
2026-02-17|118|HST|20.020000|20.150000|19.709999|20.010000|9166500|0.9529227702|19.067984
2026-02-17|119|HSY|221.080002|222.059998|214.619995|219.399994|2696900|0.9846288447|216.027573
2026-02-17|120|INTC|45.930000|46.830002|45.459999|46.180000|65802200|1.0000000000|46.180000
2026-02-17|121|J|133.009995|136.789993|132.710007|136.460007|1515800|0.9918477371|135.347565
2026-02-17|122|JPM|302.760010|308.239990|302.500000|307.130005|8896800|0.9904464778|304.195801
2026-02-17|123|KMB|109.709999|110.120003|107.209999|107.519997|4213900|0.9744151054|104.769104
2026-02-17|124|L|109.620003|110.669998|109.250000|110.489998|770700|0.9982870407|110.300728
2026-02-17|125|LEN|122.260002|124.099998|118.610001|121.440002|1830100|0.9888298730|120.083504
2026-02-17|126|LOW|287.029999|289.859985|278.250000|281.160004|2305000|0.9891098782|278.098145
2026-02-17|127|MAS|76.250000|76.849998|75.029999|76.169998|2067600|0.9866652888|75.154289
2026-02-17|128|MTB|229.669998|232.130005|227.740005|228.360001|1152500|0.9861939937|225.207275
2026-02-17|129|NEM|121.699997|123.639999|118.099998|122.309998|8196400|0.9956554334|121.778618
2026-02-17|130|NTRS|147.000000|149.229996|145.259995|147.229996|1037300|0.9898281838|145.732391
2026-02-17|131|NUE|184.089996|184.660004|178.410004|183.639999|1391500|0.9941593298|182.567413
2026-02-17|132|OMC|69.410004|69.500000|67.250000|67.980003|4344400|0.9796477026|66.596451
2026-02-17|133|PCAR|126.809998|127.750000|125.980003|126.519997|2850200|0.9942707430|125.795128
2026-02-17|134|PGR|207.880005|210.100006|205.669998|207.899994|3074500|0.9990392069|207.700226
2026-02-17|135|PH|999.549988|1014.659973|990.330017|1009.929993|601400|0.9977448271|1007.652405
2026-02-17|136|PHM|142.350006|144.500000|139.029999|141.580002|1848200|0.9957597479|140.979660
2026-02-17|137|PPG|131.500000|132.059998|128.559998|129.179993|2089400|0.9817392581|126.821068
2026-02-17|138|PPL|38.000000|38.139999|37.509998|37.570000|8856300|0.9846479678|36.993225
2026-02-17|139|RF|29.969999|30.270000|29.639999|29.780001|10232600|0.9811037357|29.217272
2026-02-17|140|ROL|59.349998|60.610001|58.680000|60.080002|5611300|0.9887685295|59.405216
2026-02-17|141|SHW|370.200012|372.450012|364.720001|367.940002|1336000|0.9929181711|365.334351
2026-02-17|142|STT|128.000000|130.460007|127.339996|128.000000|1558500|0.9884428745|126.520691
2026-02-17|143|SWK|90.739998|91.330002|89.669998|90.900002|1318500|0.9785642065|88.951485
2026-02-17|144|SYK|369.649994|374.790009|367.940002|369.179993|2313500|0.9946461548|367.203461
2026-02-17|145|TMO|502.589996|507.149994|498.160004|501.589996|3775400|0.9980119596|500.592804
2026-02-17|146|TPL|433.079987|438.049988|415.899994|426.420013|839000|0.9973306248|425.281738
2026-02-17|147|TSN|64.070000|64.559998|62.180000|62.900002|2576600|0.9836914879|61.874195
2026-02-17|148|TT|465.609985|470.619995|460.549988|470.420013|1055200|0.9953350758|468.225555
2026-02-17|149|TYL|305.309998|316.700012|301.929993|312.480011|1207500|1.0000000000|312.480011
2026-02-17|150|UDR|38.299999|38.639999|37.630001|38.000000|6410400|0.9803230978|37.252277
2026-02-17|151|VTRS|15.800000|15.990000|15.590000|15.740000|8605000|0.9769695342|15.377500
2026-02-17|152|WEC|116.360001|117.349998|115.300003|115.449997|2662700|0.9829379991|113.480186
2026-02-17|153|WST|248.179993|251.809998|242.320007|243.190002|969900|0.9985945833|242.848221
2026-02-17|154|NDSN|296.720001|298.179993|293.540009|296.929993|461500|0.9941183690|295.183533
2026-02-17|155|TFC|53.000000|53.209999|52.029999|52.200001|7508700|0.9798350561|51.147388
2026-02-17|156|WELL|212.009995|216.429993|211.410004|215.479996|4838100|0.9893392873|213.182846
2026-02-17|157|AON|324.850006|329.570007|320.000000|325.959991|1862300|0.9951005240|324.362976
2026-02-17|158|GL|145.419998|146.649994|143.369995|145.910004|401100|0.9958260151|145.300980
2026-02-17|159|OKE|87.000000|87.470001|84.680000|85.610001|4795400|0.9765151605|83.599464
2026-02-17|160|KLAC|1445.500031|1486.950073|1427.669983|1470.189972|623100|0.0997597720|146.665817
2026-02-17|161|CSX|40.570000|41.090000|40.520000|41.029999|12159400|0.9936713984|40.770336
2026-02-17|162|PSA|303.260010|306.040009|297.209991|302.000000|1901500|0.9808120164|296.205231
2026-02-17|163|NKE|62.939999|64.820000|62.939999|64.820000|12347500|0.9845960180|63.821514
2026-02-17|164|AAPL|258.049988|266.290009|255.539993|263.880005|58469100|0.9982185855|263.409943
2026-02-17|165|BRO|68.940002|70.099998|68.459999|68.830002|5252600|0.9947741799|68.470306
2026-02-17|166|UHS|236.970001|240.929993|234.779999|235.119995|587500|0.9976532391|234.568222
2026-02-17|167|HD|392.230011|394.000000|380.500000|383.040009|3485300|0.9859634354|377.663452
2026-02-17|168|BAX|20.090000|20.920000|19.969999|20.740000|11817300|0.9989896155|20.711054
2026-02-17|169|COP|111.660004|112.970001|107.879997|108.779999|7619400|0.9784321345|106.433838
2026-02-17|170|GLW|131.869995|133.779999|128.410004|130.520004|12102600|0.9966096046|130.077484
2026-02-17|171|HUM|184.279999|187.649994|183.000000|184.990005|1987700|0.9926050698|183.622025
2026-02-17|172|LHX|345.869995|349.859985|343.040009|346.589996|1284100|0.9925076273|343.993225
2026-02-17|173|NOC|702.559998|708.000000|698.729980|701.119995|614500|0.9924395226|695.819214
2026-02-17|174|OXY|46.259998|46.759998|45.060001|45.939999|8315500|0.9906984712|45.512684
2026-02-17|175|ROK|383.019989|391.619995|375.720001|388.470001|1718100|0.9904239689|384.750000
2026-02-17|176|SLB|50.619999|51.029999|48.840000|49.840000|24436100|0.9947843000|49.580048
2026-02-17|177|SO|94.849998|95.120003|91.980003|92.000000|9286400|0.9836658196|90.497253
2026-02-17|178|WMB|72.930000|73.040001|71.419998|71.959999|6808600|0.9855810767|70.922409
2026-02-17|179|VLO|201.350006|204.250000|195.770004|197.339996|2203800|0.9914397807|195.650726
2026-02-17|180|CI|294.429993|297.250000|289.410004|290.709991|1048200|0.9887906885|287.451324
2026-02-17|181|NSC|315.660004|318.000000|314.660004|316.119995|1016000|0.9917671837|313.517426
2026-02-17|182|COO|83.129997|83.760002|81.220001|81.940002|1763100|1.0000000000|81.940002
2026-02-17|183|AMGN|370.880005|374.769989|369.000000|373.359985|2255400|0.9867386103|368.408722
2026-02-17|184|RJF|158.000000|160.000000|157.429993|158.029999|1409500|0.9927317770|156.881409
2026-02-17|185|WSM|216.149994|216.289993|206.779999|211.820007|1038300|0.9927167515|210.277283
2026-02-17|186|CAH|221.710007|225.910004|221.710007|225.580002|1696600|0.9954149217|224.545700
2026-02-17|187|CTAS|193.740005|197.270004|193.740005|194.919998|1392300|0.9947044338|193.887787
2026-02-17|188|PAYX|94.709999|95.989998|92.940002|93.269997|3632000|0.9771272923|91.136658
2026-02-17|189|BEN|27.180000|27.570000|26.780001|27.490000|4909700|0.9758021744|26.824802
2026-02-17|190|AOS|80.099998|80.900002|78.790001|79.470001|1249600|0.9883617008|78.545105
2026-02-17|191|CASY|665.919983|673.530029|655.710022|661.530029|229600|0.9985579358|660.576050
2026-02-17|192|T|28.760000|29.059999|28.629999|28.680000|29868900|0.9765662530|28.007921
2026-02-17|193|VZ|49.299999|49.500000|48.779999|48.930000|24327500|0.9686690897|47.396980
2026-02-17|194|JBHT|222.070007|224.289993|220.220001|223.509995|787300|0.9964612666|222.719040
2026-02-17|195|ATO|180.089996|181.009995|179.259995|180.240005|912400|0.9829545502|177.167725
2026-02-17|196|LRCX|231.449997|238.149994|228.880005|235.580002|7368500|0.9981002163|235.132446
2026-02-17|197|MU|400.950012|413.660004|395.299988|399.779999|28549500|0.9994263974|399.550659
2026-02-17|198|AJG|212.259995|216.039993|206.929993|214.000000|4648200|0.9936444599|212.639908
2026-02-17|199|AME|228.710007|234.190002|228.589996|233.330002|1035700|0.9969202115|232.611389
2026-02-17|200|SWKS|61.669998|62.820000|60.950001|62.160000|2782900|0.9796110161|60.892620
2026-02-17|201|EXPD|146.279999|148.300003|146.279999|147.160004|1284600|0.9948730934|146.405533
2026-02-17|202|UNH|294.000000|294.230011|288.339996|289.089996|6091700|0.9866504480|285.230774
2026-02-17|203|BBY|66.440002|66.709999|64.410004|66.099998|4102100|0.9720666083|64.253601
2026-02-17|204|DOC|16.820000|17.299999|16.709999|17.219999|10597000|0.9689596923|16.685486
2026-02-17|205|ADSK|228.100006|229.339996|221.089996|225.320007|2629300|1.0000000000|225.320007
2026-02-17|206|DVN|44.980000|45.290001|43.450001|44.040001|9195000|0.9877783076|43.501759
2026-02-17|207|NVR|7453.379883|7468.500000|7265.990234|7421.000000|30600|1.0000000000|7421.000000
2026-02-17|208|ROST|198.130005|198.979996|195.190002|198.210007|2528900|0.9959267541|197.402649
2026-02-17|209|JKHY|160.839996|161.690002|158.050003|158.589996|1467000|0.9919197584|157.308548
2026-02-17|210|MNST|81.830002|82.930000|81.489998|82.900002|7758100|0.5000000000|82.900002
2026-02-17|211|ORCL|157.979996|159.279999|152.880005|153.970001|19610800|0.9930647011|152.902176
2026-02-17|212|MSFT|399.220001|400.519989|394.529999|396.859985|32078800|0.9936958009|394.358124
2026-02-17|213|TROW|94.129997|94.550003|92.750000|93.809998|2237000|0.9736426638|91.337410
2026-02-17|214|COST|1022.340027|1028.439941|1010.479980|1012.049988|1732200|0.9969659831|1008.979431
2026-02-17|215|ADBE|265.239990|269.130005|255.839996|260.450012|5208300|1.0000000000|260.450012
2026-02-17|216|FISV|60.720001|63.779999|60.560001|63.450001|11408800|1.0000000000|63.450001
2026-02-17|217|BKR|60.669998|61.250000|58.970001|59.860001|8552000|0.9930140272|59.441822
2026-02-17|218|CDNS|294.779999|296.190002|282.959991|283.459991|5580200|1.0000000000|283.459991
2026-02-17|219|TJX|155.360001|156.990005|153.410004|156.970001|5506700|0.9936003560|155.965439
2026-02-17|220|FICO|1363.359985|1379.599976|1328.089966|1351.599976|210400|1.0000000000|1351.599976
2026-02-17|221|CCL|32.599998|33.209999|32.130001|32.680000|21158200|0.9887339129|32.311825
2026-02-17|222|FAST|46.369999|46.470001|45.650002|45.689999|5750700|0.9892709750|45.199791
2026-02-17|223|SCHW|94.230003|94.470001|92.300003|93.080002|11250900|0.9935274715|92.477539
2026-02-17|224|JCI|139.110001|142.770004|138.800003|142.210007|5043300|0.9941759575|141.381775
2026-02-17|225|COHR|212.399994|224.389999|204.570007|219.960007|4616600|1.0000000000|219.960007
2026-02-17|226|KEY|21.889999|22.080000|21.610001|21.690001|13212200|0.9804836286|21.266689
2026-02-17|227|MOS|29.580000|29.830000|28.760000|29.080000|4438100|0.9816582705|28.546621
2026-02-17|228|MGM|34.020000|34.660000|33.529999|34.270000|3741800|1.0000000000|34.270000
2026-02-17|229|WM|233.479996|238.559998|232.929993|235.220001|3053500|0.9917417797|233.277496
2026-02-17|230|TECH|59.820000|60.110001|58.349998|58.500000|2559400|0.9970482740|58.327324
2026-02-17|231|IEX|210.550003|212.679993|206.770004|209.210007|960700|0.9931996195|207.787292
2026-02-17|232|GEN|23.620001|23.870001|22.639999|22.809999|7050100|0.9903038605|22.588829
2026-02-17|233|CRH|122.489998|124.040001|120.290001|122.019997|6778800|0.9889154582|120.667465
2026-02-17|234|EOG|121.790001|122.389999|117.790001|119.750000|5219100|0.9849854996|117.952011
2026-02-17|235|PTC|154.509995|156.520004|150.750000|153.070007|2079700|1.0000000000|153.070007
2026-02-17|236|CSCO|76.949997|77.570000|76.480003|76.849998|24792700|0.9909035959|76.150940
2026-02-17|237|LH|277.890015|279.489990|260.570007|276.670013|1610200|0.9947633093|274.632355
2026-02-17|238|TRMB|65.559998|66.419998|64.500000|65.629997|2879700|1.0000000000|65.629997
2026-02-17|239|AZO|3859.860107|3879.989990|3714.060059|3742.000000|123200|1.0000000000|3742.000000
2026-02-17|240|REGN|803.479980|815.000000|783.619995|793.530029|747100|0.9961457605|790.471558
2026-02-17|241|IDXX|628.359985|632.700012|623.280029|626.169983|440500|1.0000000000|626.169983
2026-02-17|242|AES|16.290001|16.500000|16.160000|16.389999|8085600|0.9761125722|15.998485
2026-02-17|243|VRTX|489.459991|494.049988|473.450012|477.320007|1721400|1.0000000000|477.320007
2026-02-17|244|ZBRA|261.980011|265.190002|258.140015|260.760010|744800|1.0000000000|260.760010
2026-02-17|245|BIIB|197.460007|200.289993|193.369995|195.619995|986500|1.0000000000|195.619995
2026-02-17|246|ODFL|192.979996|196.880005|190.729996|193.320007|2237200|0.9973411992|192.806000
2026-02-17|247|APH|144.750000|149.309998|143.029999|148.570007|6844800|0.9965240421|148.053589
2026-02-17|248|KIM|23.000000|23.219999|22.650000|23.150000|6601300|0.9782318124|22.646069
2026-02-17|249|QCOM|141.000000|143.500000|140.009995|142.630005|10670700|0.9899641514|141.198578
2026-02-17|250|GILD|155.039993|155.750000|153.309998|155.270004|5884800|0.9878606941|153.385132
2026-02-17|251|ROP|321.720001|323.390015|313.070007|315.529999|1808500|0.9949619600|313.940338
2026-02-17|252|SNPS|425.600006|426.839996|412.339996|421.950012|2516900|1.0000000000|421.950012
2026-02-17|253|STZ|150.160004|155.360001|149.559998|152.699997|3372100|0.9856055004|150.501953
2026-02-17|254|BSX|75.029999|76.820000|75.000000|76.290001|14259300|1.0000000000|76.290001
2026-02-17|255|STE|248.350006|252.059998|245.360001|245.410004|942000|0.9970332000|244.681915
2026-02-17|256|DHI|168.000000|169.169998|162.740005|166.289993|2258000|0.9940209933|165.295746
2026-02-17|257|LIN|479.130005|483.769989|478.010010|482.220001|2249500|0.9935105778|479.090698
2026-02-17|258|SBUX|94.900002|95.510002|93.620003|95.389999|8660000|0.9884945611|94.292488
2026-02-17|259|MS|172.550003|174.199997|170.860001|171.539993|6376900|0.9892093304|169.688965
2026-02-17|260|INTU|393.079987|397.000000|375.399994|379.170013|5481300|0.9925226498|376.334808
2026-02-17|261|MCHP|78.500000|79.629997|77.110001|78.940002|6181700|0.9832658267|77.619011
2026-02-17|262|CB|328.019989|333.529999|326.630005|331.890015|1963500|0.9939554166|329.883881
2026-02-17|263|ORLY|97.029999|97.279999|92.419998|92.599998|5163600|1.0000000000|92.599998
2026-02-17|264|RCL|324.000000|330.640015|320.369995|323.730011|2282400|0.9895699200|320.353485
2026-02-17|265|JBL|253.429993|259.540009|250.729996|257.399994|643900|0.9995582709|257.286316
2026-02-17|266|ALL|210.130005|213.240005|208.250000|212.320007|2381500|0.9897514584|210.144028
2026-02-17|267|CPT|109.440002|109.639999|107.129997|108.370003|1127800|0.9801843508|106.222580
2026-02-17|268|VMRK|64.519997|65.110001|62.630001|63.480000|2948500|0.9778762777|62.075584
2026-02-17|269|IT|156.000000|159.529999|151.000000|156.300003|1776400|1.0000000000|156.300003
2026-02-17|270|DECK|116.370003|118.669998|115.199997|117.349998|2043000|1.0000000000|117.349998
2026-02-17|271|REG|76.720001|77.339996|75.730003|77.190002|1272800|0.9810739142|75.729103
2026-02-17|272|INCY|101.720001|103.900002|100.169998|101.160004|1905100|1.0000000000|101.160004
2026-02-17|273|SPG|197.100006|202.089996|196.809998|202.009995|1761200|0.9778630534|197.538116
2026-02-17|274|MAA|136.000000|137.050003|132.929993|134.410004|795800|0.9765831817|131.262558
2026-02-17|275|MLM|667.460022|674.739990|651.039978|666.530029|619000|0.9973479749|664.762390
2026-02-17|276|TSCO|54.430000|54.930000|51.779999|52.689999|8669000|0.9807531624|51.675877
2026-02-17|277|ALB|166.270004|170.990005|165.050003|168.919998|1809400|0.9949889134|168.073532
2026-02-17|278|CPRT|37.700001|37.959999|36.820000|37.520000|11541800|1.0000000000|37.520000
2026-02-17|279|FLEX|64.309998|65.519997|62.720001|64.419998|3273200|1.0000000000|64.419998
2026-02-17|280|ESS|252.699997|254.169998|249.990005|253.350006|432000|0.9806657936|248.451691
2026-02-17|281|O|65.750000|66.739998|65.750000|66.489998|6984500|0.9746072994|64.801636
2026-02-17|282|MCO|430.250000|433.529999|420.750000|423.220001|1933400|0.9933686768|420.413513
2026-02-17|283|SJM|110.449997|111.080002|105.370003|106.220001|2274700|0.9798392929|104.078529
2026-02-17|284|MCK|942.200012|950.000000|935.669983|946.469971|551600|0.9980659618|944.639465
2026-02-17|285|COF|207.500000|211.220001|205.330002|206.740005|3514100|0.9884398390|204.350052
2026-02-17|286|EME|798.000000|806.390015|788.059998|797.500000|364100|0.9989862194|796.691467
2026-02-17|287|DLTR|129.750000|130.940002|125.790001|128.520004|4162800|1.0000000000|128.520004
2026-02-17|288|COR|361.339996|364.239990|356.230011|359.970001|853800|0.9957711437|358.447754
2026-02-17|289|DRI|214.320007|219.139999|212.839996|218.660004|1313600|0.9843985059|215.248581
2026-02-17|290|RMD|251.050003|257.790009|248.990005|255.820007|1344100|0.9941821390|254.331680
2026-02-17|291|WAB|254.839996|261.480011|254.740005|259.690002|1072000|0.9977552294|259.107056
2026-02-17|292|FCX|61.240002|61.580002|59.200001|61.090000|12238400|0.9953868541|60.808182
2026-02-17|293|IVZ|26.600000|26.969999|26.230000|26.400000|5475800|0.9856541725|26.021271
2026-02-17|294|ACGL|99.389999|100.860001|98.779999|98.879997|2365300|1.0000000000|98.879997
2026-02-17|295|ERIE|282.899994|287.910004|282.440002|283.850006|323100|0.9885906317|280.611450
2026-02-17|296|EG|340.519989|348.220001|337.940002|346.029999|587500|0.9878843207|341.837616
2026-02-17|297|DVA|149.350006|152.669998|149.199997|150.410004|1035500|1.0000000000|150.410004
2026-02-17|298|HSIC|78.370003|78.870003|76.889999|77.209999|1182200|1.0000000000|77.209999
2026-02-17|299|EL|110.129997|112.349998|108.190002|112.139999|4393800|0.9930325985|111.358673
2026-02-17|300|WAT|322.989990|322.989990|308.880005|321.429993|2012500|1.0000000000|321.429993
2026-02-17|301|NTAP|101.839996|102.800003|100.180000|101.070000|1899100|0.9918913810|100.250458
2026-02-17|302|HIG|142.869995|143.979996|142.289993|143.529999|1281500|0.9910400733|142.243973
2026-02-17|303|IRM|110.980003|111.629997|108.019997|108.790001|2501200|0.9851777356|107.177483
2026-02-17|304|BRK-B|500.019989|506.089996|499.209991|503.410004|4263300|1.0000000000|503.410004
2026-02-17|305|FDS|201.070007|205.000000|185.000000|190.059998|1453500|0.9900356292|188.166168
2026-02-17|306|STLD|190.800003|192.550003|186.710007|191.919998|1119800|0.9946588101|190.894928
2026-02-17|307|DGX|207.990005|208.929993|202.830002|205.490005|971200|0.9916252453|203.769073
2026-02-17|308|CIEN|297.910004|307.630005|286.809998|302.329987|2182200|1.0000000000|302.329987
2026-02-17|309|TTWO|193.649994|196.830002|191.880005|193.869995|2160800|1.0000000000|193.869995
2026-02-17|310|VTR|85.139999|87.239998|85.110001|86.889999|3569100|0.9878430433|85.833679
2026-02-17|311|AMZN|198.130005|201.740005|196.000000|201.149994|69879200|1.0000000000|201.149994
2026-02-17|312|ARE|54.000000|55.009998|52.230000|54.410000|2271400|0.9716953716|52.869942
2026-02-17|313|RL|374.049988|375.500000|364.500000|370.500000|681000|0.9948318200|368.585175
2026-02-17|314|BXP|60.900002|62.049999|59.939999|60.660000|2657200|0.9761958291|59.216038
2026-02-17|315|FIX|1317.890015|1364.880005|1307.650024|1337.750000|425200|0.9985721755|1335.839966
2026-02-17|316|YUM|161.160004|162.029999|159.449997|161.190002|1678800|0.9905648102|159.669144
2026-02-17|317|CHRW|179.190002|182.869995|177.080002|177.380005|3558300|0.9931897587|176.171997
2026-02-17|318|FE|50.139999|50.439999|49.259998|49.349998|6094300|0.9800753088|48.366714
2026-02-17|319|MTD|1350.000000|1369.000000|1341.609985|1353.239990|146700|1.0000000000|1353.239990
2026-02-17|320|PLD|139.860001|141.949997|139.130005|141.770004|3079400|0.9848712132|139.625214
2026-02-17|321|URI|862.520020|877.059998|848.369995|863.280029|597500|0.9962197184|860.016602
2026-02-17|322|AEE|111.889999|112.660004|110.360001|110.540001|1435900|0.9863006617|109.025681
2026-02-17|323|VRSN|219.089996|221.929993|212.839996|216.250000|619400|0.9907421953|214.248001
2026-02-17|324|PWR|520.000000|534.780029|518.619995|525.130005|930500|0.9996508742|524.946716
2026-02-17|325|AMT|192.500000|193.619995|189.929993|193.089996|3166000|0.9807453674|189.372116
2026-02-17|326|MAR|354.950012|361.750000|354.839996|359.940002|2160000|0.9940852561|357.811035
2026-02-17|327|CTSH|66.750000|67.339996|64.610001|65.180000|11600700|0.9822114026|64.020538
2026-02-17|328|SRE|95.169998|95.500000|92.800003|92.940002|3342100|0.9860298575|91.641624
2026-02-17|329|CSGP|44.970001|45.820000|43.799999|45.740002|8854700|1.0000000000|45.740002
2026-02-17|330|RSG|224.080002|225.779999|220.839996|221.190002|2181200|0.9942648020|219.921432
2026-02-17|331|CCI|90.440002|91.949997|89.260002|91.860001|2970100|0.9762634240|89.679558
2026-02-17|332|EBAY|81.529999|82.050003|78.029999|79.949997|6254000|0.9939126631|79.222443
2026-02-17|333|NVDA|181.750000|187.149994|179.179993|184.970001|162276900|0.9987817973|184.744675
2026-02-17|334|BKNG|4131.190109|4168.109894|4020.539856|4140.150070|490300|0.0398088823|164.814743
2026-02-17|335|GS|907.729980|921.549988|905.679993|916.039978|2008500|0.9903999491|907.245911
2026-02-17|336|FFIV|273.329987|273.739990|268.470001|270.579987|513700|1.0000000000|270.579987
2026-02-17|337|SBAC|201.979996|204.710007|200.850006|203.119995|1293300|0.9805017315|199.159500
2026-02-17|338|LII|566.219971|574.289978|555.590027|565.500000|600800|0.9946881341|562.496094
2026-02-17|339|BLK|1074.609985|1087.900024|1059.229980|1072.670044|921900|0.9888912077|1060.753906
2026-02-17|340|TKO|208.009995|211.509995|206.979996|210.139999|733000|0.9921219970|208.484512
2026-02-17|341|AKAM|110.580002|111.459999|106.750000|108.419998|4698500|1.0000000000|108.419998
2026-02-17|342|UPS|117.440002|118.199997|115.419998|115.510002|5234300|0.9679890039|111.812408
2026-02-17|343|A|125.870003|125.910004|122.989998|123.870003|2110500|0.9958080410|123.350739
2026-02-17|344|TDY|656.219971|663.679993|646.059998|649.349976|344700|1.0000000000|649.349976
2026-02-17|345|PKG|245.770004|246.100006|240.240005|240.369995|1181300|0.9876260349|237.395676
2026-02-17|346|EW|77.209999|80.419998|76.330002|78.449997|6112300|1.0000000000|78.449997
2026-02-17|347|MET|78.059998|78.720001|76.790001|78.580002|2950300|0.9862851080|77.502281
2026-02-17|348|ON|72.110001|73.099998|70.750000|71.959999|6671700|1.0000000000|71.959999
2026-02-17|349|ISRG|481.220001|495.190002|481.220001|493.350006|1583200|1.0000000000|493.350006
2026-02-17|350|CRL|160.740005|164.360001|157.820007|158.529999|1936700|1.0000000000|158.529999
2026-02-17|351|MRVL|77.320000|80.320000|76.629997|79.010002|10568500|0.9992531920|78.950996
2026-02-17|352|EQIX|952.500000|958.289978|933.000000|951.969971|700200|0.9849779860|937.669434
2026-02-17|353|TPR|154.000000|156.800003|151.889999|153.850006|2065800|0.9944862341|153.001709
2026-02-17|354|GRMN|216.720001|220.949997|212.610001|216.979996|1849500|0.9917889977|215.198380
2026-02-17|355|GPN|68.870003|70.349998|68.120003|69.769997|5743600|0.9929199565|69.276024
2026-02-17|356|ALGN|185.910004|190.479996|185.509995|187.220001|1351500|1.0000000000|187.220001
2026-02-17|357|WTW|292.510010|297.369995|288.769989|295.500000|1174200|0.9930717262|293.452698
2026-02-17|358|MDLZ|62.560001|62.790001|59.250000|59.860001|8970700|0.9831751096|58.852863
2026-02-17|359|AXON|433.619995|444.829987|426.489990|431.940002|710600|1.0000000000|431.940002
2026-02-17|360|FIS|47.360001|48.320000|47.209999|47.520000|6690900|0.9802816760|46.582985
2026-02-17|361|ACN|225.619995|229.110001|217.330002|219.889999|7431600|0.9798095806|215.450317
2026-02-17|362|ZBH|96.529999|97.809998|96.309998|97.150002|2609900|0.9946488082|96.630127
2026-02-17|363|BG|122.000000|122.570000|118.820000|121.879997|1161700|0.9877945902|120.392403
2026-02-17|364|PFG|90.529999|92.379997|90.089996|91.980003|1555500|0.9832413887|90.438545
2026-02-17|365|ELV|347.220001|352.000000|342.049988|344.779999|1133700|0.9898456688|341.278992
2026-02-17|366|CNC|40.779999|41.930000|40.500000|41.230000|4437200|1.0000000000|41.230000
2026-02-17|367|PRU|103.760002|104.860001|102.040001|103.269997|1790000|0.9752946989|100.718681
2026-02-17|368|NFLX|76.919998|77.870003|75.300003|77.000000|35961500|1.0000000000|77.000000
2026-02-17|369|NDAQ|80.110001|81.120003|79.570000|80.239998|5039700|0.9932805958|79.700836
2026-02-17|370|WYNN|113.190002|117.879997|113.000000|114.400002|2850400|0.9927789107|113.573921
2026-02-17|371|CME|305.260010|308.200012|302.100006|303.230011|2127500|0.9716146686|294.622742
2026-02-17|372|STX|420.000000|429.230011|411.600006|415.940002|2839300|0.9975473958|414.919861
2026-02-17|373|NRG|173.119995|177.710007|170.860001|173.449997|2414500|0.9934205862|172.308807
2026-02-17|374|AIZ|218.949997|222.259995|218.070007|221.039993|614200|0.9965805324|220.284149
2026-02-17|375|CBRE|141.000000|143.169998|138.380005|141.240005|3578300|1.0000000000|141.240005
2026-02-17|376|CRM|190.970001|193.000000|183.169998|184.289993|13692900|0.9949373630|183.356995
2026-02-17|377|DPZ|375.769989|377.130005|370.700012|373.500000|838100|0.9888611209|369.339661
2026-02-17|378|EXR|147.149994|149.029999|145.919998|147.839996|1324500|0.9779070040|144.573776
2026-02-17|379|GOOG|300.640015|304.890015|296.899994|302.820007|23750800|0.9986949468|302.424805
2026-02-17|380|GOOGL|300.040009|304.440002|296.250000|302.019989|39247600|0.9986999831|301.627350
2026-02-17|381|DLR|180.889999|182.550003|178.490005|179.889999|2213600|0.9866588059|177.490051
2026-02-17|382|MPWR|1150.150024|1191.349976|1139.630005|1173.180054|446700|0.9964842129|1169.055420
2026-02-17|383|LVS|57.660000|57.790001|56.349998|57.520000|4878900|0.9879067226|56.824394
2026-02-17|384|DXCM|70.250000|72.190002|69.809998|70.430000|5909300|1.0000000000|70.430000
2026-02-17|385|BLDR|114.139999|115.779999|110.580002|114.629997|3810100|1.0000000000|114.629997
2026-02-17|386|WBD|28.690001|29.010000|28.570000|28.750000|31951400|1.0000000000|28.750000
2026-02-17|387|EXPE|212.009995|212.169998|198.330002|200.419998|5687600|0.9942877675|199.275146
2026-02-17|388|CF|93.919998|94.169998|92.860001|93.790001|1615300|0.9908287958|92.929832
2026-02-17|389|AMP|481.679993|482.000000|468.730011|468.779999|740300|0.9932580907|465.619507
2026-02-17|390|ICE|152.770004|154.529999|149.369995|153.440002|5868900|0.9930916239|152.379990
2026-02-17|391|PSKY|10.620000|11.330000|10.620000|10.830000|13681700|0.9901049837|10.722837
2026-02-17|392|LYV|156.220001|158.220001|152.729996|157.529999|2372700|1.0000000000|157.529999
2026-02-17|393|CMG|37.360001|37.980000|36.570000|37.880001|17175100|1.0000000000|37.880001
2026-02-17|394|UAL|109.529999|114.940002|109.269997|114.019997|3513700|1.0000000000|114.019997
2026-02-17|395|TDG|1298.829956|1306.339966|1278.810059|1302.109985|376800|1.0000000000|1302.109985
2026-02-17|396|MA|515.000000|525.859985|515.000000|521.929993|3178000|0.9966137732|520.162598
2026-02-17|397|LDOS|178.270004|179.199997|161.529999|161.529999|2595900|0.9940154778|160.563324
2026-02-17|398|FSLR|225.130005|228.020004|220.460007|226.050003|2160200|1.0000000000|226.050003
2026-02-17|399|BR|174.630005|176.539993|171.410004|174.130005|1598700|0.9878384663|172.012329
2026-02-17|400|SMCI|30.309999|30.750000|29.580000|30.110001|20377400|1.0000000000|30.110001
2026-02-17|401|TMUS|220.800003|224.289993|219.199997|219.610001|6489600|0.9898439218|216.132217
2026-02-17|402|DAL|69.500000|71.400002|69.449997|70.849998|6936100|0.9922015511|70.297485
2026-02-17|403|IBKR|73.849998|74.150002|71.550003|73.290001|5587200|0.9979162811|73.137283
2026-02-17|404|PODD|243.570007|249.649994|242.179993|246.339996|1229100|1.0000000000|246.339996
2026-02-17|405|TEL|235.009995|237.179993|229.240005|235.899994|2145200|0.9892434805|233.362518
2026-02-17|406|BX|130.729996|131.679993|126.669998|131.389999|6807200|0.9808140125|128.869156
2026-02-17|407|LULU|175.210007|178.809998|172.399994|177.720001|1636100|1.0000000000|177.720001
2026-02-17|408|ULTA|690.760010|707.250000|686.859985|706.820007|569800|1.0000000000|706.820007
2026-02-17|409|MSCI|529.130005|535.349976|512.750000|521.330017|791700|0.9928506457|517.602844
2026-02-17|410|ECHO|112.000000|115.029999|110.250000|113.000000|1851100|1.0000000000|113.000000
2026-02-17|411|PM|187.559998|187.559998|183.300003|183.649994|4809600|0.9830023955|180.528381
2026-02-17|412|V|314.410004|321.380005|314.410004|319.500000|8591700|0.9960807290|318.247803
2026-02-17|413|AWK|134.039993|135.000000|132.059998|133.509995|2177100|0.9863367160|131.685806
2026-02-17|414|KDP|29.750000|29.910000|28.879999|29.129999|10660300|0.9842341174|28.670740
2026-02-17|415|SW|50.270000|51.320000|49.880001|50.820000|9015700|0.9797713221|49.791981
2026-02-17|416|AVGO|319.679993|335.750000|316.309998|332.540009|23469700|0.9963298147|331.319519
2026-02-17|417|VRSK|180.020004|183.619995|176.960007|177.300003|2587900|0.9947617775|176.371277
2026-02-17|418|DG|153.789993|155.000000|147.570007|149.679993|2904800|0.9902299309|148.217606
2026-02-17|419|FTNT|85.169998|85.419998|81.050003|81.690002|6061100|1.0000000000|81.690002
2026-02-17|420|CHTR|238.539993|241.119995|234.270004|237.009995|1343900|1.0000000000|237.009995
2026-02-17|421|FERG|259.220001|261.029999|256.950012|259.670013|939100|0.9887782143|256.756042
2026-02-17|422|GNRC|224.770004|236.000000|223.009995|233.460007|1810700|1.0000000000|233.460007
2026-02-17|423|LYB|57.450001|58.009998|55.049999|55.980000|4694500|0.9677851714|54.176613
2026-02-17|424|CBOE|277.209991|285.799988|276.209991|284.200012|1356300|0.9954503651|282.907013
2026-02-17|425|TSLA|412.359985|413.720001|400.510010|410.630005|59678800|1.0000000000|410.630005
2026-02-17|426|KKR|102.000000|103.489998|99.709999|102.550003|6434000|0.9961485906|102.155045
2026-02-17|427|NXPI|244.059998|246.539993|237.919998|245.089996|1727900|0.9914738451|243.000336
2026-02-17|428|GM|80.940002|81.379997|79.599998|81.220001|7953300|0.9954799629|80.852882
2026-02-17|429|TRGP|224.110001|226.000000|220.600006|224.289993|1552400|0.9903678073|222.129593
2026-02-17|430|CPAY|337.750000|347.980011|337.500000|342.510010|949900|1.0000000000|342.510010
2026-02-17|431|KMI|32.330002|32.580002|31.809999|32.130001|12213900|0.9816636474|31.540855
2026-02-17|432|HCA|544.659973|549.450012|533.250000|534.780029|960200|0.9965176399|532.917725
2026-02-17|433|HII|416.459991|420.940002|406.700012|417.829987|519700|0.9925978670|412.811951
2026-02-17|434|APO|125.580002|126.309998|123.470001|125.150002|4219100|0.9875780044|123.595390
2026-02-17|435|MPC|204.750000|207.300003|197.630005|200.539993|2222300|0.9885237030|198.238541
2026-02-17|436|XYL|127.959999|130.250000|127.099998|128.179993|2674200|0.9889650951|126.765541
2026-02-17|437|APTV|84.989998|85.750000|81.660004|82.769997|1723100|1.0000000000|82.769997
2026-02-17|438|PSX|160.000000|162.259995|156.309998|158.160004|4098400|0.9794981865|154.917450
2026-02-17|439|AMCR|50.000000|50.020000|48.939999|49.560001|5065400|0.9708736970|48.116501
2026-02-17|440|META|639.500000|642.599976|628.799988|639.289978|12674700|0.9982193806|638.151672
2026-02-17|441|NOW|109.559998|110.849998|103.879997|105.910004|27343000|1.0000000000|105.910004
2026-02-17|442|PANW|165.679993|166.009995|160.080002|163.500000|16586500|1.0000000000|163.500000
2026-02-17|443|FANG|170.500000|172.800003|163.500000|168.589996|1704100|0.9832059760|165.758698
2026-02-17|444|WDAY|145.229996|146.270004|139.910004|143.119995|5237700|1.0000000000|143.119995
2026-02-17|445|ABBV|232.660004|235.250000|231.190002|232.860001|7336400|0.9847626719|229.311844
2026-02-17|446|NCLH|23.120001|24.459999|22.600000|24.100000|60454000|1.0000000000|24.100000
2026-02-17|447|ZTS|127.559998|128.000000|125.449997|125.559998|3766900|0.9887765322|124.150780
2026-02-17|448|IQV|166.210007|167.550003|162.820007|164.440002|2212500|1.0000000000|164.440002
2026-02-17|449|NWS|26.200001|26.500000|25.959999|26.320000|1540800|0.9963262306|26.223305
2026-02-17|450|NWSA|22.760000|23.290001|22.750000|23.190001|4235100|0.9958385353|23.093496
2026-02-17|451|CDW|127.489998|128.279999|123.580002|125.150002|1802600|0.9844137869|123.199387
2026-02-17|452|VEEV|178.300003|181.550003|172.419998|176.820007|2121400|1.0000000000|176.820007
2026-02-17|453|ALLE|170.000000|173.970001|161.070007|162.669998|2285500|0.9921390873|161.391266
2026-02-17|454|HLT|316.700012|320.980011|315.850006|317.820007|2235900|0.9986088702|317.377899
2026-02-17|455|ARES|133.839996|135.080002|128.104996|130.410004|3593500|0.9767290545|127.375237
2026-02-17|456|ANET|140.639999|145.000000|140.000000|142.580002|8724200|1.0000000000|142.580002
2026-02-17|457|SYF|70.599998|73.389999|70.540001|72.309998|5470900|0.9916769819|71.708153
2026-02-17|458|CFG|64.910004|66.290001|64.320000|64.389999|4405100|0.9864525111|63.517677
2026-02-17|459|KEYS|233.080002|236.380005|229.720001|234.389999|1121200|1.0000000000|234.389999
2026-02-17|460|GDDY|89.660004|91.529999|87.129997|91.199997|2948600|1.0000000000|91.199997
2026-02-17|461|KHC|24.735001|24.879999|23.445000|23.780001|20757700|0.9659839010|22.971098
2026-02-17|462|PYPL|40.500000|41.599998|40.369999|40.810001|20342500|0.9937057617|40.553131
2026-02-17|463|LITE|538.000000|616.520020|528.010010|600.419983|5625000|1.0000000000|600.419983
2026-02-17|464|HPE|22.280001|22.600000|21.905001|21.969999|13720900|0.9906947030|21.765562
2026-02-17|465|XYZ|50.216000|51.340000|49.580002|50.810001|9297000|1.0000000000|50.810001
2026-02-17|466|FTV|56.980000|57.650002|56.279999|56.810001|4194800|0.9979248563|56.692112
2026-02-17|467|DELL|116.250000|119.050003|114.970001|116.089996|5303700|0.9952707496|115.540977
2026-02-17|468|TTD|25.889999|26.260000|24.840000|25.260000|13547700|1.0000000000|25.260000
2026-02-17|469|VST|170.880005|176.649994|169.949997|173.679993|4655500|0.9972411805|173.200836
2026-02-17|470|HWM|247.190002|254.570007|246.020004|252.550003|3357700|0.9990766853|252.316818
2026-02-17|471|INVH|27.250000|27.334999|26.805000|27.139999|4661300|0.9779475029|26.541494
2026-02-17|472|CVNA|337.459984|352.179985|334.000015|350.940018|3485000|0.2000000000|70.188004
2026-02-17|473|IR|97.110001|99.739998|97.110001|98.760002|4708000|0.9992655835|98.687469
2026-02-17|474|VICI|29.570000|29.895000|29.184999|29.860001|7937000|0.9677245240|28.896257
2026-02-17|475|VRT|234.580002|245.404999|232.119995|243.529999|6449600|0.9995540701|243.421402
2026-02-17|476|MRNA|42.279999|45.073002|41.970001|43.930000|10454400|1.0000000000|43.930000
2026-02-17|477|FOXA|56.639999|57.830002|56.259998|56.430000|6399900|0.9951185496|56.154541
2026-02-17|478|FOX|51.639999|52.785000|51.419998|51.599998|2336700|0.9946544484|51.324169
2026-02-17|479|DOW|32.299999|32.689999|30.930000|31.420000|9911400|0.9783459966|30.739632
2026-02-17|480|UBER|70.660004|70.980003|69.699997|70.529999|20286100|1.0000000000|70.529999
2026-02-17|481|CTVA|75.190002|75.864998|74.860001|75.550003|3373500|0.9954590981|75.206940
2026-02-17|482|CRWD|423.592010|425.881989|400.019989|414.285004|4428100|0.2500000000|103.571251
2026-02-17|483|DDOG|126.440002|129.830002|120.129997|122.559998|5108500|1.0000000000|122.559998
2026-02-17|484|CARR|65.330002|66.800003|65.279999|66.430000|5073000|0.9928803129|65.957039
2026-02-17|485|OTIS|91.220001|92.910004|91.220001|92.440002|4416000|0.9879889159|91.329704
2026-02-17|486|PLTR|128.895004|134.320007|127.290001|133.020004|48407100|1.0000000000|133.020004
2026-02-17|487|DASH|160.750000|164.270004|158.000000|162.339996|7509400|1.0000000000|162.339996
2026-02-17|488|ABNB|122.080002|127.650002|122.080002|124.230003|6695400|1.0000000000|124.230003
2026-02-17|489|EXE|103.519997|104.275002|100.800003|102.750000|4703900|0.9826864450|100.971031
2026-02-17|490|COIN|162.479996|170.539993|158.399994|166.020004|16770600|1.0000000000|166.020004
2026-02-17|491|APP|384.000000|388.109985|368.179993|376.380005|5212100|1.0000000000|376.380005
2026-02-17|492|HOOD|74.339996|76.720001|72.870003|75.440002|31818500|1.0000000000|75.440002
2026-02-17|493|CEG|289.489990|307.529999|288.000000|303.010010|5259200|0.9955820742|301.671356
2026-02-17|494|GEHC|80.160004|82.650002|80.059998|81.610001|3898800|0.9989494212|81.524261
2026-02-17|495|KVUE|18.750000|18.840000|18.402000|18.410000|48334700|0.9772015009|17.990278
2026-02-17|496|VLTO|93.839996|94.720001|91.800003|92.199997|2490900|0.9970188523|91.925133
2026-02-17|497|RDDT|138.199997|143.919998|135.850006|139.229996|5470600|1.0000000000|139.229996
2026-02-17|498|SOLV|75.019997|75.489998|72.508003|73.730003|1738100|1.0000000000|73.730003
2026-02-17|499|GEV|794.239990|828.530029|790.619995|819.150024|2221600|0.9988852954|818.236877
2026-02-17|500|SNDK|612.000000|628.650024|588.945007|590.590027|19143200|1.0000000000|590.590027
2026-02-17|501|Q|110.930000|113.220001|108.080002|111.940002|1940500|0.9988559230|111.811935
