date|security_id|ticker|open|high|low|close|volume|adj_factor|adj_close_vendor
2026-02-18|1|AEP|129.839996|130.300003|126.849998|127.269997|3626100|0.9852885257|125.397667
2026-02-18|2|BA|244.550003|245.080002|238.600006|238.929993|4923000|1.0000000000|238.929993
2026-02-18|3|CAT|765.109985|772.700012|750.380005|751.969971|2563700|0.9962516275|749.151306
2026-02-18|4|CNP|42.650002|42.759998|41.900002|41.930000|7468400|0.9832236217|41.226566
2026-02-18|5|CVX|183.229996|183.919998|181.979996|183.869995|10313400|0.9823507513|180.624832
2026-02-18|6|DIS|105.959999|107.730003|105.809998|107.099998|8791600|0.9923958226|106.285591
2026-02-18|7|DTE|144.639999|144.869995|142.089996|142.619995|1115800|0.9843774065|140.391891
2026-02-18|8|ED|112.839996|113.260002|111.050003|111.610001|1844800|0.9836258984|109.782486
2026-02-18|9|GD|344.859985|349.549988|343.679993|349.489990|1232200|0.9910149667|346.349823
2026-02-18|10|GE|330.350006|331.790009|326.500000|329.579987|3988900|0.9973022307|328.690857
2026-02-18|11|HON|242.940003|243.139998|239.109999|241.139999|2853200|1.0347776740|249.526276
2026-02-18|12|HPQ|18.400000|18.719999|18.250000|18.350000|17989700|0.9721972446|17.839821
2026-02-18|13|IBM|258.640015|261.109985|256.250000|260.790009|3949200|0.9856234381|257.040741
2026-02-18|14|IP|49.020000|49.610001|48.450001|48.480000|4923900|0.9645837619|46.763020
2026-02-18|15|JNJ|243.240005|245.070007|242.820007|244.990005|8129700|0.9841702191|241.111862
2026-02-18|16|KO|79.500000|79.839996|78.919998|79.489998|16304900|0.9867998793|78.440720
2026-02-18|17|KR|69.540001|69.680000|68.250000|68.860001|5530400|0.9879807975|68.032356
2026-02-18|18|LMT|657.169983|660.549988|647.190002|649.809998|1350300|0.9882876617|642.199219
2026-02-18|19|MMM|166.839996|167.199997|162.509995|164.169998|4211100|0.9905187908|162.613464
2026-02-18|20|MO|66.650002|67.120003|66.410004|66.769997|7135100|0.9690282260|64.702011
2026-02-18|21|MRK|121.250000|121.809998|120.389999|121.660004|7803400|0.9855603323|119.903275
2026-02-18|22|MSI|455.809998|458.940002|448.480011|451.600006|1053200|0.9943844568|449.064026
2026-02-18|23|PG|158.979996|158.979996|155.770004|156.860001|14434300|0.9851719538|154.534073
2026-02-18|24|XOM|148.149994|150.979996|147.610001|150.679993|19849700|0.9868681737|148.701294
2026-02-18|25|RTX|205.509995|206.009995|202.809998|204.809998|6395700|0.9892687733|202.612137
2026-02-18|26|MCD|327.269989|328.799988|323.829987|327.890015|3661800|0.9877457529|323.871948
2026-02-18|27|AXP|346.089996|348.049988|345.000000|346.239990|1900600|0.9941272834|344.206635
2026-02-18|28|BMY|60.230000|60.410000|59.389999|59.730000|9436800|0.9787458882|58.460491
2026-02-18|29|DD|51.309998|51.990000|51.059998|51.350001|4500300|2.9761992776|152.827850
2026-02-18|30|DE|603.809998|603.809998|590.919983|593.270020|2558200|0.9945059901|590.010559
2026-02-18|31|EMR|150.210007|153.419998|149.330002|151.139999|3699400|0.9926085470|150.022842
2026-02-18|32|ETN|393.890015|397.000000|379.019989|380.380005|2740000|0.9917042798|377.224487
2026-02-18|33|ETR|104.470001|104.629997|102.050003|102.389999|1880400|0.9886701734|101.229935
2026-02-18|34|F|14.110000|14.140000|13.810000|13.850000|64199300|0.9769709546|13.531049
2026-02-18|35|HAL|34.340000|34.880001|34.189999|34.770000|9986500|0.9909628646|34.455780
2026-02-18|36|LLY|1032.359985|1037.540039|1011.309998|1020.559998|3236900|0.9968530383|1017.348389
2026-02-18|37|PCG|18.040001|18.070000|17.670000|17.879999|18459600|0.9942476518|17.777145
2026-02-18|38|PEP|161.789993|164.529999|160.630005|164.389999|7239800|0.9808256472|161.237915
2026-02-18|39|PFE|27.440001|27.480000|27.209999|27.370001|24779800|0.9668473999|26.462614
2026-02-18|40|TXN|229.880005|230.000000|221.360001|223.320007|6667800|0.9898764050|221.059204
2026-02-18|41|WFC|87.820000|89.400002|87.650002|88.559998|8250900|0.9886393471|87.553894
2026-02-18|42|HUBB|521.179993|528.529907|517.570007|522.299988|506473|0.9943029521|519.324463
2026-02-18|43|WMT|128.130005|128.869995|125.769997|126.620003|36485000|0.9936722171|125.818779
2026-02-18|44|AIG|79.570000|79.919998|79.010002|79.790001|2842700|0.9875732230|78.798470
2026-02-18|45|AVY|194.029999|195.929993|193.169998|195.410004|328500|0.9887328339|193.208298
2026-02-18|46|BAC|52.990002|53.610001|52.790001|53.360001|30698900|0.9892387825|52.785782
2026-02-18|47|BALL|66.589996|67.019997|66.160004|66.309998|2262600|0.9933732915|65.870583
2026-02-18|48|BDX|177.389999|182.880005|177.029999|182.679993|2696200|0.9866980137|180.250000
2026-02-18|49|CLX|122.779999|124.099998|121.889999|123.199997|1599300|0.9761478543|120.261414
2026-02-18|50|CMI|595.450012|602.559998|589.580017|593.000000|1053400|0.9898444823|586.977783
2026-02-18|51|CMS|76.279999|76.430000|74.989998|75.110001|3295600|0.9843492113|73.934471
2026-02-18|52|CVS|77.900002|78.080002|77.010002|77.750000|5217200|0.9851999130|76.599297
2026-02-18|53|ECL|303.609985|305.519989|300.779999|302.589996|1268300|0.9946163507|300.960968
2026-02-18|54|ES|73.199997|73.510002|71.589996|71.720001|2263800|0.9779292778|70.137085
2026-02-18|55|EVRG|81.349998|81.510002|80.239998|80.400002|2089000|0.9752573788|78.410690
2026-02-18|56|GWW|1131.750000|1143.579956|1128.160034|1134.040039|158500|0.9960365882|1129.545410
2026-02-18|57|LNT|71.099998|71.320000|69.500000|69.529999|2799400|0.9850786184|68.492516
2026-02-18|58|MKC|69.690002|70.260002|69.360001|70.019997|2941100|0.9822640876|68.778130
2026-02-18|59|MRSH|176.309998|178.190002|175.600006|178.110001|2642600|0.9892843147|176.201431
2026-02-18|60|NEE|93.000000|93.010002|90.589996|91.220001|9064800|0.9860055271|89.272110
2026-02-18|61|NI|46.630001|46.680000|45.230000|45.299999|3847800|0.9871584841|44.718281
2026-02-18|62|PNW|98.870003|98.870003|97.330002|97.550003|1435500|0.9822795276|95.821373
2026-02-18|63|RVTY|95.110001|98.099998|95.110001|97.739998|856500|0.9985919505|97.602379
2026-02-18|64|SNA|382.160004|386.459991|381.390015|384.359985|359200|0.9808470667|376.998352
2026-02-18|65|SPGI|414.000010|422.610006|413.170004|419.380008|3112800|0.9395781501|394.040283
2026-02-18|66|TER|306.920013|321.779999|304.649994|314.820007|2753700|0.9996224662|314.701141
2026-02-18|67|TGT|115.750000|116.830002|114.750000|115.660004|5608100|0.9830946401|113.704727
2026-02-18|68|TXT|100.260002|101.570000|99.309998|100.250000|1997200|0.9995682296|100.206718
2026-02-18|69|VMC|302.220001|304.329987|297.829987|299.359985|1584800|0.9942812010|297.648041
2026-02-18|70|XEL|80.750000|81.019997|79.379997|79.680000|4064100|0.9852321471|78.503296
2026-02-18|71|ITW|298.140015|298.640015|295.359985|296.160004|1082700|0.9877340632|292.527344
2026-02-18|72|CL|95.290001|95.930000|95.000000|95.580002|5617000|0.9881586198|94.448204
2026-02-18|73|EXC|47.950001|48.080002|47.029999|47.240002|7978700|0.9822723358|46.402550
2026-02-18|74|MDT|96.000000|98.550003|95.949997|98.489998|10367800|0.9830319865|96.818817
2026-02-18|75|BNY|119.059998|120.540001|118.669998|119.489998|4359600|0.9920974180|118.545723
2026-02-18|76|EIX|71.629997|71.849998|69.559998|69.699997|4722800|0.9764773062|68.060471
2026-02-18|77|FRT|106.459999|106.540001|105.029999|105.449997|727200|0.9803038504|103.373032
2026-02-18|78|PNR|99.660004|102.019997|99.660004|101.790001|1513900|0.9926207111|101.038864
2026-02-18|79|USB|58.180000|59.040001|58.090000|58.759998|7355400|0.9813809589|57.665947
2026-02-18|80|WY|26.760000|26.980000|26.110001|26.270000|4743400|0.9829820427|25.822937
2026-02-18|81|SYY|89.470001|90.360001|89.000000|89.279999|3430000|0.9859824728|88.028511
2026-02-18|82|WRB|71.040001|71.290001|69.900002|70.800003|1841800|0.9898085858|70.078453
2026-02-18|83|IFF|82.629997|83.320000|81.620003|82.959999|1450900|0.9889000540|82.039146
2026-02-18|84|TAP|50.560001|52.029999|50.439999|50.820000|4483100|0.9780980891|49.134228
2026-02-18|85|PNC|231.860001|235.300003|231.460007|232.740005|2362600|0.9845274632|229.138931
2026-02-18|86|TRV|299.690002|300.660004|295.109985|298.459991|1343300|0.9922238191|296.139099
2026-02-18|87|C|115.040001|117.040001|114.970001|116.269997|11678900|0.9902572054|115.137199
2026-02-18|88|FDX|375.019990|383.590002|375.019990|383.080013|1510300|0.7995464875|306.290314
2026-02-18|89|WDC|289.000000|309.899994|284.790009|296.559998|12173000|0.9992611044|296.340851
2026-02-18|90|DHR|205.850006|209.300003|204.220001|208.559998|4646900|0.9958070237|207.685501
2026-02-18|91|APA|27.850000|28.860001|27.799999|28.610001|8787500|0.9864084367|28.221144
2026-02-18|92|LUV|53.680000|54.889999|53.150002|54.799999|13316600|0.9913697990|54.327065
2026-02-18|93|PEG|86.830002|87.139999|84.260002|84.360001|2403400|0.9834778438|82.966187
2026-02-18|94|UNP|261.149994|265.070007|260.570007|265.000000|3266200|0.9896596115|262.259796
2026-02-18|95|ABT|111.919998|113.379997|111.629997|113.290001|7824400|0.9867277802|111.786392
2026-02-18|96|ADI|352.209991|355.359985|340.000000|346.369995|8474700|0.9941555324|344.345673
2026-02-18|97|ADM|68.230003|68.860001|67.199997|67.519997|3578600|0.9871845133|66.654694
2026-02-18|98|ADP|212.839996|217.830002|211.619995|217.210007|3363200|0.9843371720|213.807892
2026-02-18|99|AFL|114.790001|115.139999|113.110001|113.620003|1978600|0.9898631333|112.468254
2026-02-18|100|AMAT|361.630005|374.000000|359.260010|369.299988|8784300|0.9964487658|367.988525
2026-02-18|101|AMD|198.410004|203.199997|195.000000|200.119995|35664100|1.0000000000|200.119995
2026-02-18|102|APD|279.450012|282.820007|278.619995|282.390015|1896200|0.9876339339|278.897980
2026-02-18|103|BF-B|28.870001|29.440001|28.379999|29.420000|2905800|0.9822921615|28.899036
2026-02-18|104|CHD|99.430000|102.919998|99.430000|102.669998|2849000|0.9937159244|102.024811
2026-02-18|105|CINF|165.559998|166.009995|162.369995|163.250000|423800|0.9887134133|161.407471
2026-02-18|106|CMCSA|31.620001|31.820000|31.340000|31.600000|20768600|0.9752182964|30.816896
2026-02-18|107|D|65.739998|66.000000|64.570000|64.720001|6582700|0.9796460230|63.402687
2026-02-18|108|DOV|233.520004|234.729996|231.139999|232.080002|1392800|0.9952693212|230.982101
2026-02-18|109|DUK|126.900002|126.900002|124.779999|125.239998|4111700|0.9827918175|123.084846
2026-02-18|110|EFX|193.720001|195.740005|192.059998|192.589996|1055800|0.9938812654|191.411591
2026-02-18|111|EQT|56.279999|59.549999|55.810001|58.630001|12993600|0.9940720641|58.282448
2026-02-18|112|FITB|53.119999|54.130001|52.830002|53.669998|11271400|0.9840657827|52.814808
2026-02-18|113|GIS|44.340000|45.549999|43.930000|45.360001|8944800|0.9666684497|43.848080
2026-02-18|114|GPC|123.139999|124.320000|119.360001|120.910004|2668000|0.9802432378|118.521210
2026-02-18|115|HAS|101.690002|102.849998|100.830002|101.169998|1595400|0.9844894224|99.600800
2026-02-18|116|HBAN|17.510000|17.930000|17.480000|17.889999|27278200|0.9810694650|17.551332
2026-02-18|117|HRL|23.549999|24.520000|23.549999|24.480000|7272200|0.9742790885|23.850351
2026-02-18|118|HST|19.809999|20.370001|19.799999|20.260000|12313000|0.9529227702|19.306215
2026-02-18|119|HSY|219.660004|222.250000|215.610001|222.039993|2469000|0.9846288447|218.626984
2026-02-18|120|INTC|45.919998|46.770000|44.880001|45.459999|65306100|1.0000000000|45.459999
2026-02-18|121|J|136.270004|142.509995|136.270004|141.490005|907600|0.9918477371|140.336548
2026-02-18|122|JPM|308.459991|312.279999|307.220001|308.779999|7209600|0.9904464778|305.830048
2026-02-18|123|KMB|107.519997|110.699997|107.279999|109.900002|5742700|0.9744151054|107.088219
2026-02-18|124|L|110.379997|110.559998|108.480003|108.660004|781600|0.9982870407|108.473877
2026-02-18|125|LEN|121.459999|123.139999|120.620003|121.260002|1414500|0.9888298730|119.905518
2026-02-18|126|LOW|280.420013|283.869995|278.000000|282.130005|2018700|0.9891098782|279.057556
2026-02-18|127|MAS|76.430000|77.849998|75.889999|76.720001|2852200|0.9866652888|75.696953
2026-02-18|128|MTB|228.940002|232.089996|228.600006|231.750000|913100|0.9861939937|228.550461
2026-02-18|129|NEM|125.110001|127.339996|123.449997|124.690002|7851500|0.9956554334|124.148285
2026-02-18|130|NTRS|147.360001|149.190002|146.429993|147.520004|653900|0.9898281838|146.019455
2026-02-18|131|NUE|185.050003|187.279999|183.309998|184.539993|928300|0.9941593298|183.462158
2026-02-18|132|OMC|67.980003|70.510002|67.459999|70.160004|6431400|0.9796477026|68.732086
2026-02-18|133|PCAR|126.809998|127.169998|124.900002|125.169998|3285200|0.9942707430|124.452873
2026-02-18|134|PGR|208.399994|208.899994|201.240005|203.279999|4099300|0.9990392069|203.084686
2026-02-18|135|PH|1012.010010|1015.000000|993.080017|997.500000|578900|0.9977448271|995.250427
2026-02-18|136|PHM|141.240005|143.539993|140.110001|142.100006|1747600|0.9957597479|141.497467
2026-02-18|137|PPG|129.320007|129.720001|126.139999|128.250000|3311900|0.9817392581|125.908058
2026-02-18|138|PPL|37.570000|37.650002|36.669998|36.810001|8909400|0.9846479678|36.244892
2026-02-18|139|RF|29.870001|30.299999|29.750000|30.059999|11337500|0.9811037357|29.491980
2026-02-18|140|ROL|59.880001|60.439999|59.240002|60.250000|4982100|0.9887685295|59.573303
2026-02-18|141|SHW|368.000000|368.899994|364.750000|365.760010|1188700|0.9929181711|363.169800
2026-02-18|142|STT|128.649994|131.460007|128.350006|129.679993|1712400|0.9884428745|128.181274
2026-02-18|143|SWK|90.879997|92.449997|89.029999|89.830002|1727900|0.9785642065|87.904419
2026-02-18|144|SYK|367.649994|377.339996|366.100006|377.320007|2670000|0.9946461548|375.299896
2026-02-18|145|TMO|500.519989|514.159973|498.420013|513.559998|2662300|0.9980119596|512.539001
2026-02-18|146|TPL|430.000000|445.609985|425.049988|440.709991|935800|0.9973306248|439.533569
2026-02-18|147|TSN|62.930000|64.059998|62.619999|63.959999|2940700|0.9836914879|62.916904
2026-02-18|148|TT|469.040009|470.420013|458.160004|459.440002|1293100|0.9953350758|457.296722
2026-02-18|149|TYL|314.510010|325.000000|312.720001|317.239990|930100|1.0000000000|317.239990
2026-02-18|150|UDR|38.070000|38.340000|37.910000|38.250000|2920400|0.9803230978|37.497360
2026-02-18|151|VTRS|15.690000|16.070000|15.600000|16.049999|11019000|0.9769695342|15.680360
2026-02-18|152|WEC|115.589996|115.589996|113.339996|113.720001|2829400|0.9829379991|111.779709
2026-02-18|153|WST|243.899994|248.460007|243.889999|248.259995|813700|0.9985945833|247.911087
2026-02-18|154|NDSN|296.380005|302.209991|296.380005|299.290009|572000|0.9941183690|297.529663
2026-02-18|155|TFC|52.240002|53.009998|52.160000|52.689999|6804400|0.9798350561|51.627510
2026-02-18|156|WELL|214.839996|215.559998|208.220001|208.589996|4433500|0.9893392873|206.366287
2026-02-18|157|AON|322.929993|326.410004|321.029999|322.980011|1172300|0.9951005240|321.397583
2026-02-18|158|GL|145.929993|147.309998|142.410004|143.600006|411600|0.9958260151|143.000626
2026-02-18|159|OKE|86.610001|87.220001|85.879997|86.790001|6068000|0.9765151605|84.751755
2026-02-18|160|KLAC|1478.099976|1502.839966|1467.570038|1480.299988|651000|0.0997597720|147.674408
2026-02-18|161|CSX|40.990002|41.430000|40.840000|41.360001|10626500|0.9936713984|41.098251
2026-02-18|162|PSA|301.739990|302.049988|296.420013|299.000000|1483200|0.9808120164|293.262787
2026-02-18|163|NKE|64.309998|66.150002|64.309998|65.550003|11211500|0.9845960180|64.540276
2026-02-18|164|AAPL|263.600006|266.820007|262.450012|264.350006|34203300|0.9982185855|263.879120
2026-02-18|165|BRO|68.849998|69.860001|68.379997|69.690002|4371400|0.9947741799|69.325813
2026-02-18|166|UHS|234.160004|237.559998|232.639999|235.289993|686900|0.9976532391|234.737823
2026-02-18|167|HD|382.750000|385.119995|379.540009|383.519989|2982600|0.9859634354|378.136688
2026-02-18|168|BAX|20.580000|22.080000|20.530001|21.870001|14098100|0.9989896155|21.839479
2026-02-18|169|COP|109.919998|110.809998|108.839996|110.519997|9456200|0.9860463925|108.977837
2026-02-18|170|GLW|131.529999|135.910004|131.309998|132.009995|8257500|0.9966096046|131.562439
2026-02-18|171|HUM|185.279999|187.970001|183.050003|187.119995|1415800|0.9926050698|185.736252
2026-02-18|172|LHX|350.660004|353.420013|349.000000|352.119995|1042100|0.9925076273|349.481781
2026-02-18|173|NOC|709.969971|725.549988|702.489990|724.830017|1194600|0.9924395226|719.349976
2026-02-18|174|OXY|46.540001|47.430000|46.259998|47.110001|14138700|0.9906984712|46.671803
2026-02-18|175|ROK|388.470001|399.880005|387.179993|396.459991|1244500|0.9904239689|392.663483
2026-02-18|176|SLB|50.810001|51.639999|50.509998|51.590000|16436400|0.9947843000|51.320923
2026-02-18|177|SO|92.220001|92.410004|90.820000|91.040001|9786800|0.9836658196|89.552933
2026-02-18|178|WMB|72.669998|72.970001|71.820000|72.139999|7867000|0.9855810767|71.099823
2026-02-18|179|VLO|199.550003|200.440002|196.990005|199.460007|2052200|0.9914397807|197.752594
2026-02-18|180|CI|290.339996|292.130005|287.609985|290.119995|932700|0.9887906885|286.867950
2026-02-18|181|NSC|315.000000|317.130005|314.100006|316.760010|1337500|0.9917671837|314.152161
2026-02-18|182|COO|81.769997|83.559998|81.190002|83.400002|1580200|1.0000000000|83.400002
2026-02-18|183|AMGN|373.500000|380.579987|370.440002|379.730011|2731900|0.9867386103|374.694244
2026-02-18|184|RJF|158.779999|161.580002|158.020004|161.160004|1338300|0.9927317770|159.988663
2026-02-18|185|WSM|211.000000|216.610001|210.229996|213.960007|769000|0.9927167515|212.401688
2026-02-18|186|CAH|225.339996|225.899994|222.589996|224.990005|1050300|0.9954149217|223.958405
2026-02-18|187|CTAS|195.250000|196.529999|193.190002|196.410004|1032800|0.9947044338|195.369904
2026-02-18|188|PAYX|93.599998|94.769997|92.839996|94.290001|2775100|0.9771272923|92.133331
2026-02-18|189|BEN|27.480000|28.170000|27.450001|27.910000|4224200|0.9758021744|27.234638
2026-02-18|190|AOS|79.230003|79.900002|78.730003|78.959999|873400|0.9883617008|78.041039
2026-02-18|191|CASY|662.950012|671.159973|654.359985|657.679993|287200|0.9985579358|656.731567
2026-02-18|192|T|28.629999|28.719999|27.820000|27.879999|33179300|0.9765662530|27.226667
2026-02-18|193|VZ|48.639999|48.950001|47.830002|48.049999|29318100|0.9686690897|46.544552
2026-02-18|194|JBHT|222.789993|225.449997|221.179993|223.449997|493300|0.9964612666|222.659271
2026-02-18|195|ATO|179.949997|180.389999|177.630005|178.119995|1584100|0.9829545502|175.083847
2026-02-18|196|LRCX|236.380005|245.270004|234.100006|240.089996|10095400|0.9981002163|239.633881
2026-02-18|197|MU|399.500000|427.850006|394.600006|420.950012|32306600|0.9994263974|420.708557
2026-02-18|198|AJG|213.660004|215.229996|210.320007|214.490005|2387700|0.9936444599|213.126801
2026-02-18|199|AME|233.410004|235.509995|232.710007|234.309998|955500|0.9969202115|233.588364
2026-02-18|200|SWKS|62.400002|62.849998|61.509998|62.000000|2433200|0.9796110161|60.735882
2026-02-18|201|EXPD|147.000000|149.660004|146.759995|149.580002|1601400|0.9948730934|148.813126
2026-02-18|202|UNH|290.000000|290.130005|286.290009|288.200012|6632000|0.9866504480|284.352692
2026-02-18|203|BBY|66.370003|67.690002|65.279999|66.910004|3191000|0.9720666083|65.040977
2026-02-18|204|DOC|17.180000|17.309999|17.040001|17.120001|8566200|0.9689596923|16.588591
2026-02-18|205|ADSK|224.490005|230.089996|223.210007|229.740005|2009500|1.0000000000|229.740005
2026-02-18|206|DVN|44.500000|45.320000|43.549999|44.439999|14979200|0.9877783076|43.896866
2026-02-18|207|NVR|7394.379883|7544.790039|7360.379883|7523.120117|22500|1.0000000000|7523.120117
2026-02-18|208|ROST|197.690002|200.600006|197.160004|200.380005|2205100|0.9959267541|199.563797
2026-02-18|209|JKHY|159.000000|160.289993|157.309998|158.759995|1086700|0.9919197584|157.477173
2026-02-18|210|MNST|82.809998|83.910004|82.360001|83.180000|7181300|0.5000000000|83.180000
2026-02-18|211|ORCL|154.410004|157.300003|151.369995|156.169998|14801100|0.9930647011|155.086929
2026-02-18|212|MSFT|398.130005|402.559998|396.320007|399.600006|23223400|0.9936958009|397.080841
2026-02-18|213|TROW|94.269997|95.639999|93.709999|94.930000|1684000|0.9736426638|92.427902
2026-02-18|214|COST|1010.000000|1016.000000|993.500000|996.080017|1926800|0.9969659831|993.057861
2026-02-18|215|ADBE|260.450012|263.500000|257.140015|263.170013|5033200|1.0000000000|263.170013
2026-02-18|216|FISV|63.410000|64.400002|61.820000|63.009998|8728700|1.0000000000|63.009998
2026-02-18|217|BKR|61.130001|61.740002|60.599998|61.540001|5267500|0.9930140272|61.110085
2026-02-18|218|CDNS|302.959991|311.700012|299.179993|305.010010|3947300|1.0000000000|305.010010
2026-02-18|219|TJX|156.339996|157.320007|155.960007|157.229996|2944200|0.9936003560|156.223770
2026-02-18|220|FICO|1360.089966|1385.780029|1347.680054|1366.930054|205000|1.0000000000|1366.930054
2026-02-18|221|CCL|32.160000|33.169998|31.840000|32.540001|17421100|0.9887339129|32.173401
2026-02-18|222|FAST|45.610001|46.119999|45.290001|45.980000|5214600|0.9892709750|45.486683
2026-02-18|223|SCHW|93.910004|95.860001|93.500000|95.379997|16284800|0.9935274715|94.762642
2026-02-18|224|JCI|141.869995|143.000000|139.399994|139.479996|4417900|0.9941759575|138.667648
2026-02-18|225|COHR|220.720001|229.000000|219.160004|223.889999|3227100|1.0000000000|223.889999
2026-02-18|226|KEY|21.780001|22.150000|21.700001|21.940001|14429400|0.9804836286|21.511810
2026-02-18|227|MOS|29.080000|29.610001|28.840000|29.440001|4375500|0.9816582705|28.900021
2026-02-18|228|MGM|34.560001|37.299999|34.480000|37.189999|5581100|1.0000000000|37.189999
2026-02-18|229|WM|235.220001|235.240005|231.130005|234.059998|1694300|0.9917417797|232.127075
2026-02-18|230|TECH|58.549999|59.680000|57.919998|59.330002|1836400|0.9970482740|59.154877
2026-02-18|231|IEX|209.089996|211.639999|207.990005|208.979996|747600|0.9931996195|207.558853
2026-02-18|232|GEN|22.950001|23.290001|22.790001|23.100000|5337700|0.9903038605|22.876019
2026-02-18|233|CRH|123.480003|124.919998|121.639999|124.750000|5666300|0.9889154582|123.367195
2026-02-18|234|EOG|121.639999|122.629997|120.250000|122.269997|5583200|0.9849854996|120.434174
2026-02-18|235|PTC|153.830002|156.050003|152.809998|155.500000|986200|1.0000000000|155.500000
2026-02-18|236|CSCO|76.550003|78.599998|76.489998|78.180000|20648800|0.9909035959|77.468842
2026-02-18|237|LH|279.369995|280.769989|274.149994|278.760010|795100|0.9947633093|276.707001
2026-02-18|238|TRMB|65.639999|67.389999|65.620003|66.910004|1766600|1.0000000000|66.910004
2026-02-18|239|AZO|3728.979980|3756.110107|3680.639893|3744.639893|93900|1.0000000000|3744.639893
2026-02-18|240|REGN|793.530029|797.000000|786.789978|792.159973|675900|0.9961457605|789.106812
2026-02-18|241|IDXX|625.890015|639.190002|623.419983|634.900024|348200|1.0000000000|634.900024
2026-02-18|242|AES|16.420000|16.480000|16.219999|16.290001|6417300|0.9761125722|15.900874
2026-02-18|243|VRTX|473.679993|477.720001|466.450012|470.309998|1662600|1.0000000000|470.309998
2026-02-18|244|ZBRA|260.850006|263.410004|249.149994|252.520004|913900|1.0000000000|252.520004
2026-02-18|245|BIIB|195.320007|195.679993|193.110001|194.130005|1049000|1.0000000000|194.130005
2026-02-18|246|ODFL|192.089996|195.179993|192.089996|193.809998|1792600|0.9973411992|193.294693
2026-02-18|247|APH|150.000000|151.369995|147.080002|147.729996|7485200|0.9965240421|147.216492
2026-02-18|248|KIM|23.110001|23.160000|22.610001|22.660000|6702300|0.9782318124|22.166735
2026-02-18|249|QCOM|143.500000|144.479996|140.720001|143.240005|9944500|0.9899641514|141.802460
2026-02-18|250|GILD|156.009995|156.009995|152.369995|152.740005|5190900|0.9878606941|150.885849
2026-02-18|251|ROP|316.799988|328.799988|313.739990|327.600006|2136200|0.9949619600|325.949524
2026-02-18|252|SNPS|438.359985|446.910004|433.209991|442.309998|2147600|1.0000000000|442.309998
2026-02-18|253|STZ|150.320007|156.910004|149.789993|156.289993|2395700|0.9856055004|154.040283
2026-02-18|254|BSX|76.220001|76.360001|75.309998|76.279999|9344900|1.0000000000|76.279999
2026-02-18|255|STE|245.970001|250.860001|244.789993|249.350006|815600|0.9970332000|248.610229
2026-02-18|256|DHI|166.940002|168.559998|165.850006|167.250000|2808900|0.9940209933|166.250000
2026-02-18|257|LIN|482.829987|488.269989|482.600006|485.279999|2451000|0.9935105778|482.130829
2026-02-18|258|SBUX|95.040001|96.660004|94.260002|95.760002|6068100|0.9884945611|94.658241
2026-02-18|259|MS|173.490005|177.309998|173.449997|176.589996|6343300|0.9892093304|174.684479
2026-02-18|260|INTU|380.250000|398.130005|375.500000|389.570007|4526900|0.9925226498|386.657074
2026-02-18|261|MCHP|80.669998|81.000000|78.459999|79.110001|6953400|0.9832658267|77.786156
2026-02-18|262|CB|332.500000|333.489990|327.489990|329.290009|1558100|0.9939554166|327.299591
2026-02-18|263|ORLY|92.430000|93.629997|91.849998|92.750000|4102500|1.0000000000|92.750000
2026-02-18|264|RCL|320.700012|327.239990|316.579987|318.820007|1726900|0.9895699200|315.494720
2026-02-18|265|JBL|257.079987|265.000000|255.380005|260.540009|889300|0.9995582709|260.424896
2026-02-18|266|ALL|212.000000|213.639999|205.300003|209.429993|2234900|0.9897514584|207.283630
2026-02-18|267|CPT|108.580002|109.120003|108.000000|108.570000|611300|0.9801843508|106.418610
2026-02-18|268|VMRK|63.470001|63.930000|63.090000|63.590000|1872600|0.9778762777|62.183155
2026-02-18|269|IT|158.179993|162.259995|156.470001|161.250000|1413700|1.0000000000|161.250000
2026-02-18|270|DECK|116.339996|119.160004|115.599998|118.889999|1894200|1.0000000000|118.889999
2026-02-18|271|REG|76.720001|76.940002|75.529999|75.720001|1129700|0.9810739142|74.286919
2026-02-18|272|INCY|100.769997|103.690002|100.650002|102.989998|1607200|1.0000000000|102.989998
2026-02-18|273|SPG|201.710007|203.000000|198.750000|199.630005|1687900|0.9778630534|195.210815
2026-02-18|274|MAA|134.500000|135.360001|133.440002|135.119995|797400|0.9765831817|131.955917
2026-02-18|275|MLM|668.500000|672.599976|659.010010|661.729980|491100|0.9973479749|659.975037
2026-02-18|276|TSCO|52.509998|52.830002|51.750000|52.540001|4425400|0.9807531624|51.528767
2026-02-18|277|ALB|171.800003|175.210007|170.809998|171.220001|2196900|0.9949889134|170.362015
2026-02-18|278|CPRT|37.470001|37.939999|37.200001|37.750000|15726500|1.0000000000|37.750000
2026-02-18|279|FLEX|64.339996|66.930000|63.619999|65.820000|3819800|1.0000000000|65.820000
2026-02-18|280|ESS|253.300003|256.660004|251.759995|256.179993|383300|0.9806657936|251.226974
2026-02-18|281|O|66.400002|66.440002|65.019997|65.070000|7854600|0.9746072994|63.417698
2026-02-18|282|MCO|438.839996|451.989990|434.510010|450.760010|2360000|0.9933686768|447.770905
2026-02-18|283|SJM|106.050003|107.839996|104.269997|107.690002|2631200|0.9798392929|105.518890
2026-02-18|284|MCK|947.429993|950.419983|935.000000|946.969971|522400|0.9980659618|945.138489
2026-02-18|285|COF|207.320007|210.619995|206.410004|209.880005|4394100|0.9884398390|207.453766
2026-02-18|286|EME|797.500000|806.369995|780.640015|783.059998|415600|0.9989862194|782.266113
2026-02-18|287|DLTR|128.169998|133.559998|126.769997|132.539993|3364200|1.0000000000|132.539993
2026-02-18|288|COR|359.459991|362.600006|358.160004|360.230011|1032700|0.9957711437|358.706635
2026-02-18|289|DRI|216.520004|220.649994|216.369995|216.410004|1104400|0.9843985059|213.033676
2026-02-18|290|RMD|255.839996|262.170013|255.089996|258.910004|1226500|0.9941821390|257.403687
2026-02-18|291|WAB|260.079987|263.660004|258.279999|259.329987|1250500|0.9977552294|258.747864
2026-02-18|292|FCX|62.759998|63.180000|61.549999|62.549999|17244800|0.9953868541|62.261448
2026-02-18|293|IVZ|26.430000|27.020000|26.209999|26.740000|6258500|0.9856541725|26.356394
2026-02-18|294|ACGL|98.389999|98.550003|95.930000|98.059998|1758400|1.0000000000|98.059998
2026-02-18|295|ERIE|283.649994|285.179993|277.149994|277.399994|158200|0.9885906317|274.235046
2026-02-18|296|EG|345.630005|347.109985|341.440002|345.510010|396900|0.9878843207|341.323914
2026-02-18|297|DVA|149.710007|150.410004|146.080002|147.750000|719300|1.0000000000|147.750000
2026-02-18|298|HSIC|76.930000|79.150002|76.769997|78.029999|1044600|1.0000000000|78.029999
2026-02-18|299|EL|111.989998|113.839996|111.190002|111.599998|5347700|0.9930325985|110.822433
2026-02-18|300|WAT|320.109985|328.480011|317.149994|327.529999|1423100|1.0000000000|327.529999
2026-02-18|301|NTAP|100.349998|102.070000|98.650002|101.320000|1844100|0.9918913810|100.498436
2026-02-18|302|HIG|143.160004|143.740005|139.979996|141.259995|2456000|0.9910400733|139.994308
2026-02-18|303|IRM|108.589996|109.129997|105.139999|105.830002|2159400|0.9851777356|104.261360
2026-02-18|304|BRK-B|504.739990|505.269989|497.679993|499.070007|3732500|1.0000000000|499.070007
2026-02-18|305|FDS|191.410004|199.520004|191.410004|197.919998|1291300|0.9900356292|195.947861
2026-02-18|306|STLD|194.059998|195.660004|190.009995|192.740005|1137300|0.9946588101|191.710541
2026-02-18|307|DGX|205.270004|206.750000|203.169998|204.389999|871700|0.9916252453|202.678284
2026-02-18|308|CIEN|302.720001|317.279999|299.959991|310.959991|2223800|1.0000000000|310.959991
2026-02-18|309|TTWO|194.729996|200.089996|193.889999|199.130005|1931000|1.0000000000|199.130005
2026-02-18|310|VTR|86.680000|87.199997|85.709999|85.739998|2812800|0.9878430433|84.697662
2026-02-18|311|AMZN|202.070007|206.860001|201.509995|204.789993|51003300|1.0000000000|204.789993
2026-02-18|312|ARE|54.279999|55.020000|53.930000|54.160000|1471400|0.9716953716|52.627022
2026-02-18|313|RL|368.019989|380.859985|368.019989|378.079987|510800|0.9948318200|376.125977
2026-02-18|314|BXP|60.509998|61.830002|60.400002|61.549999|2366900|0.9761958291|60.084854
2026-02-18|315|FIX|1344.040039|1372.000000|1314.219971|1319.469971|458500|0.9985721755|1317.585938
2026-02-18|316|YUM|161.020004|164.399994|160.679993|162.910004|1723300|0.9905648102|161.372910
2026-02-18|317|CHRW|176.369995|186.259995|176.029999|185.860001|2970100|0.9931897587|184.594238
2026-02-18|318|FE|49.439999|50.090000|48.770000|48.939999|8848200|0.9800753088|47.964882
2026-02-18|319|MTD|1346.250000|1383.979980|1346.250000|1375.569946|119700|1.0000000000|1375.569946
2026-02-18|320|PLD|141.149994|141.580002|138.710007|139.630005|2751500|0.9848712132|137.517578
2026-02-18|321|URI|863.260010|881.520020|854.640015|880.179993|414200|0.9962197184|876.852661
2026-02-18|322|AEE|110.559998|110.940002|108.260002|108.309998|1848100|0.9863006617|106.826225
2026-02-18|323|VRSN|216.250000|219.419998|214.130005|218.550003|703900|0.9907421953|216.526703
2026-02-18|324|PWR|527.739990|535.650024|518.719971|519.309998|1439500|0.9996508742|519.128662
2026-02-18|325|AMT|192.070007|192.179993|185.630005|186.619995|2636100|0.9807453674|183.026703
2026-02-18|326|MAR|355.529999|360.170013|352.859985|356.000000|1917000|0.9940852561|353.894348
2026-02-18|327|CTSH|64.949997|67.139999|64.320000|66.809998|6098300|0.9872095485|65.955467
2026-02-18|328|SRE|93.019997|93.849998|91.580002|91.730003|3420700|0.9860298575|90.448524
2026-02-18|329|CSGP|46.369999|49.070000|46.369999|48.939999|7988300|1.0000000000|48.939999
2026-02-18|330|RSG|219.300003|219.300003|209.479996|216.839996|2974900|0.9942648020|215.596375
2026-02-18|331|CCI|91.570000|91.860001|87.230003|87.430000|4538900|0.9762634240|85.354721
2026-02-18|332|EBAY|79.870003|83.139999|79.400002|82.180000|11305000|0.9939126631|81.432152
2026-02-18|333|NVDA|188.750000|190.369995|186.759995|187.979996|164749100|0.9987817973|187.750992
2026-02-18|334|BKNG|4106.259918|4294.329834|4100.000000|4269.990158|676100|0.0398088823|169.983536
2026-02-18|335|GS|921.580017|947.700012|919.979980|933.729980|1864900|0.9903999491|924.766113
2026-02-18|336|FFIV|270.130005|278.720001|267.619995|277.690002|535400|1.0000000000|277.690002
2026-02-18|337|SBAC|202.809998|203.550003|195.550003|197.460007|1020300|0.9805017315|193.609863
2026-02-18|338|LII|561.780029|568.349976|547.409973|553.890015|569000|0.9946881341|550.947815
2026-02-18|339|BLK|1080.239990|1103.790039|1070.349976|1092.260010|700000|0.9888912077|1080.126343
2026-02-18|340|TKO|209.940002|214.600006|208.490005|213.279999|522200|0.9921219970|211.599792
2026-02-18|341|AKAM|108.250000|110.440002|106.080002|109.309998|3483400|1.0000000000|109.309998
2026-02-18|342|UPS|115.169998|116.360001|114.209999|116.120003|4359500|0.9679890039|112.402885
2026-02-18|343|A|123.639999|126.989998|123.050003|126.940002|1370400|0.9958080410|126.407867
2026-02-18|344|TDY|651.869995|664.580017|645.299988|662.659973|233200|1.0000000000|662.659973
2026-02-18|345|PKG|239.350006|242.259995|237.169998|239.029999|1527300|0.9876260349|236.072266
2026-02-18|346|EW|78.389999|79.080002|77.720001|78.980003|4116900|1.0000000000|78.980003
2026-02-18|347|MET|78.879997|79.680000|78.709999|79.220001|2891200|0.9862851080|78.133499
2026-02-18|348|ON|73.559998|73.760002|70.019997|70.660004|8957100|1.0000000000|70.660004
2026-02-18|349|ISRG|494.239990|502.880005|490.640015|500.760010|1464300|1.0000000000|500.760010
2026-02-18|350|CRL|146.820007|158.449997|146.330002|158.000000|2541200|1.0000000000|158.000000
2026-02-18|351|MRVL|79.150002|80.400002|78.489998|79.089996|8408200|0.9992531920|79.030922
2026-02-18|352|EQIX|948.299988|949.969971|918.200012|924.239990|837500|0.9849779860|910.356018
2026-02-18|353|TPR|152.490005|156.039993|151.600006|155.000000|1610800|0.9944862341|154.145355
2026-02-18|354|GRMN|251.190002|256.799988|236.190002|237.460007|3050200|0.9917889977|235.510223
2026-02-18|355|GPN|79.550003|81.669998|76.000000|81.260002|8577100|0.9929199565|80.684677
2026-02-18|356|ALGN|187.820007|191.479996|187.610001|190.820007|1031800|1.0000000000|190.820007
2026-02-18|357|WTW|295.950012|302.399994|295.950012|301.920013|1121200|0.9930717262|299.828217
2026-02-18|358|MDLZ|59.900002|60.320000|59.349998|60.080002|7887000|0.9831751096|59.069164
2026-02-18|359|AXON|433.989990|443.529999|427.010010|430.119995|691200|1.0000000000|430.119995
2026-02-18|360|FIS|47.779999|48.680000|47.549999|48.580002|5479600|0.9802816760|47.622086
2026-02-18|361|ACN|219.419998|224.259995|217.160004|223.610001|4968700|0.9798095806|219.095215
2026-02-18|362|ZBH|96.870003|98.570000|96.360001|98.250000|2437500|0.9946488082|97.724243
2026-02-18|363|BG|121.879997|123.779999|120.330002|121.769997|1343300|0.9877945902|120.283745
2026-02-18|364|PFG|91.980003|93.339996|91.269997|92.449997|1402400|0.9832413887|90.900665
2026-02-18|365|ELV|342.750000|346.869995|341.049988|346.239990|967400|0.9898456688|342.724152
2026-02-18|366|CNC|41.500000|43.139999|41.060001|43.070000|4578000|1.0000000000|43.070000
2026-02-18|367|PRU|103.489998|105.459999|103.489998|104.330002|1714800|0.9752946989|101.752495
2026-02-18|368|NFLX|77.320000|78.320000|76.279999|77.989998|29883100|1.0000000000|77.989998
2026-02-18|369|NDAQ|80.989998|82.360001|80.559998|82.129997|4812900|0.9932805958|81.578133
2026-02-18|370|WYNN|114.309998|118.790001|114.309998|116.309998|1604400|0.9927789107|115.470116
2026-02-18|371|CME|303.239990|304.940002|299.480011|302.549988|2046300|0.9716146686|293.962036
2026-02-18|372|STX|418.940002|434.950012|417.299988|424.140015|2865600|0.9975473958|423.099762
2026-02-18|373|NRG|174.500000|176.440002|170.550003|171.059998|1518100|0.9934205862|169.934525
2026-02-18|374|AIZ|220.509995|221.289993|217.080002|219.699997|527500|0.9965805324|218.948746
2026-02-18|375|CBRE|143.089996|153.130005|141.679993|152.009995|4949700|1.0000000000|152.009995
2026-02-18|376|CRM|183.880005|188.139999|181.860001|187.789993|9852900|0.9949373630|186.839279
2026-02-18|377|DPZ|374.799988|384.320007|372.040009|382.989990|841400|0.9888611209|378.723907
2026-02-18|378|EXR|147.529999|148.729996|144.779999|145.179993|1627900|0.9779070040|141.972519
2026-02-18|379|GOOG|302.432007|305.910004|301.980011|303.940002|15847700|0.9986949468|303.543365
2026-02-18|380|GOOGL|302.089996|305.380005|301.250000|303.329987|28482100|0.9986999831|302.935669
2026-02-18|381|DLR|179.699997|179.979996|175.220001|176.020004|2283600|0.9866588059|173.671692
2026-02-18|382|MPWR|1177.729980|1202.920044|1172.349976|1188.319946|357100|0.9964842129|1184.142090
2026-02-18|383|LVS|57.570000|59.270000|57.570000|58.840000|2790200|0.9879067226|58.128433
2026-02-18|384|DXCM|70.709999|73.239998|70.029999|72.800003|4450300|1.0000000000|72.800003
2026-02-18|385|BLDR|115.750000|117.339996|113.000000|113.900002|2052800|1.0000000000|113.900002
2026-02-18|386|WBD|28.860001|28.969999|28.590000|28.790001|19347600|1.0000000000|28.790001
2026-02-18|387|EXPE|199.009995|207.220001|197.990005|203.789993|4171600|0.9942877675|202.625900
2026-02-18|388|CF|94.050003|96.550003|93.080002|95.820000|2764200|0.9908287958|94.941216
2026-02-18|389|AMP|471.670013|483.450012|471.070007|477.790009|498100|0.9932580907|474.568787
2026-02-18|390|ICE|154.770004|155.929993|153.669998|155.190002|3086400|0.9930916239|154.117889
2026-02-18|391|PSKY|10.830000|11.250000|10.700000|11.120000|7349000|0.9901049837|11.009967
2026-02-18|392|LYV|159.929993|160.449997|154.240005|155.779999|3554500|1.0000000000|155.779999
2026-02-18|393|CMG|38.119999|39.200001|38.119999|38.720001|12122400|1.0000000000|38.720001
2026-02-18|394|UAL|111.000000|118.360001|108.309998|116.930000|8204000|1.0000000000|116.930000
2026-02-18|395|TDG|1313.319946|1324.989990|1297.680054|1315.329956|347800|1.0000000000|1315.329956
2026-02-18|396|MA|522.489990|530.760010|519.400024|527.979980|3575900|0.9966137732|526.192139
2026-02-18|397|LDOS|163.440002|172.020004|161.050003|171.529999|2092300|0.9940154778|170.503479
2026-02-18|398|FSLR|227.339996|239.119995|224.199997|238.570007|2557300|1.0000000000|238.570007
2026-02-18|399|BR|174.570007|178.240005|174.570007|178.119995|1408800|0.9878384663|175.953781
2026-02-18|400|SMCI|30.200001|30.420000|29.350000|29.709999|16814700|1.0000000000|29.709999
2026-02-18|401|TMUS|220.179993|220.600006|212.899994|213.250000|7436400|0.9898439218|209.872940
2026-02-18|402|DAL|69.180000|71.720001|68.000000|71.110001|7742200|0.9922015511|70.555450
2026-02-18|403|IBKR|73.470001|75.489998|73.290001|74.900002|4592200|0.9979162811|74.743927
2026-02-18|404|PODD|266.000000|275.100006|256.619995|258.070007|2073700|1.0000000000|258.070007
2026-02-18|405|TEL|236.500000|240.690002|233.949997|235.630005|1449100|0.9892434805|233.095444
2026-02-18|406|BX|131.789993|134.860001|130.570007|132.899994|5392800|0.9808140125|130.350174
2026-02-18|407|LULU|177.009995|182.580002|176.000000|182.130005|1751300|1.0000000000|182.130005
2026-02-18|408|ULTA|700.099976|714.969971|685.500000|689.419983|621000|1.0000000000|689.419983
2026-02-18|409|MSCI|534.169983|545.890015|530.349976|545.250000|798500|0.9928506457|541.351807
2026-02-18|410|ECHO|112.730003|116.480003|112.510002|114.459999|2726800|1.0000000000|114.459999
2026-02-18|411|PM|184.669998|185.000000|182.149994|182.669998|3549800|0.9830023955|179.565048
2026-02-18|412|V|319.500000|322.279999|316.720001|320.299988|7091900|0.9960807290|319.044647
2026-02-18|413|AWK|132.369995|134.600006|130.440002|131.160004|2357500|0.9863367160|129.367920
2026-02-18|414|KDP|29.129999|29.400000|28.840000|29.139999|6377900|0.9842341174|28.680582
2026-02-18|415|SW|50.330002|51.919998|50.049999|51.840000|8146000|0.9797713221|50.791348
2026-02-18|416|AVGO|329.519989|337.880005|327.230011|333.510010|13565300|0.9963298147|332.285950
2026-02-18|417|VRSK|194.419998|194.419998|178.289993|184.070007|3417800|0.9947617775|183.105804
2026-02-18|418|DG|149.399994|153.820007|149.119995|152.020004|2564400|0.9902299309|150.534775
2026-02-18|419|FTNT|80.900002|81.260002|79.339996|80.690002|5853300|1.0000000000|80.690002
2026-02-18|420|CHTR|236.479996|241.149994|236.029999|239.139999|1286100|1.0000000000|239.139999
2026-02-18|421|FERG|257.440002|263.100006|255.330002|260.000000|1041700|0.9887782143|257.082336
2026-02-18|422|GNRC|232.660004|233.050003|224.380005|228.350006|1577000|1.0000000000|228.350006
2026-02-18|423|LYB|56.430000|57.020000|55.720001|55.970001|4402900|0.9677851714|54.166935
2026-02-18|424|CBOE|285.000000|286.700012|282.510010|285.390015|781300|0.9954503651|284.091583
2026-02-18|425|TSLA|411.109985|416.899994|409.579987|411.320007|45921400|1.0000000000|411.320007
2026-02-18|426|KKR|102.389999|105.410004|101.500000|103.599998|5660100|0.9961485906|103.200996
2026-02-18|427|NXPI|248.080002|249.229996|235.460007|237.330002|2885500|0.9914738451|235.306488
2026-02-18|428|GM|81.949997|83.930000|81.699997|83.669998|8426900|0.9954799629|83.291809
2026-02-18|429|TRGP|229.479996|230.000000|226.169998|227.619995|1946000|0.9903678073|225.427505
2026-02-18|430|CPAY|342.929993|350.119995|342.309998|349.190002|771900|1.0000000000|349.190002
2026-02-18|431|KMI|32.500000|32.560001|32.139999|32.290001|11952700|0.9816636474|31.697920
2026-02-18|432|HCA|533.000000|535.799988|530.000000|535.020020|802600|0.9965176399|533.156860
2026-02-18|433|HII|422.179993|426.970001|417.720001|424.890015|350300|0.9925978670|419.787201
2026-02-18|434|APO|124.500000|126.730003|123.800003|125.360001|3322700|0.9875780044|123.802788
2026-02-18|435|MPC|201.399994|202.000000|198.389999|199.570007|1561600|0.9934777159|198.268356
2026-02-18|436|XYL|127.900002|130.470001|127.430000|129.240005|1864300|0.9889650951|127.813850
2026-02-18|437|APTV|82.690002|84.330002|82.379997|83.809998|1315700|1.0000000000|83.809998
2026-02-18|438|PSX|159.720001|160.429993|156.850006|157.399994|2608600|0.9794981865|154.173035
2026-02-18|439|AMCR|49.470001|49.950001|49.330002|49.590000|4199800|0.9708736970|48.145626
2026-02-18|440|META|633.799988|645.000000|628.150024|643.219971|14649200|0.9982193806|642.074646
2026-02-18|441|NOW|105.930000|108.260002|103.400002|107.809998|18138700|1.0000000000|107.809998
2026-02-18|442|PANW|149.550003|155.279999|147.149994|152.350006|26756800|1.0000000000|152.350006
2026-02-18|443|FANG|171.050003|174.169998|169.479996|174.009995|2497700|0.9832059760|171.087677
2026-02-18|444|WDAY|141.580002|144.479996|139.380005|142.630005|5234100|1.0000000000|142.630005
2026-02-18|445|ABBV|234.000000|234.000000|226.070007|228.720001|5495100|0.9847626719|225.234940
2026-02-18|446|NCLH|23.820000|24.840000|23.309999|24.350000|26767400|1.0000000000|24.350000
2026-02-18|447|ZTS|125.900002|129.199997|124.500000|129.130005|4494900|0.9887765322|127.680725
2026-02-18|448|IQV|164.729996|171.139999|163.350006|171.059998|2597800|1.0000000000|171.059998
2026-02-18|449|NWS|26.450001|26.559999|26.080000|26.280001|1460100|0.9963262306|26.183453
2026-02-18|450|NWSA|23.219999|23.459999|22.950001|23.350000|3299000|0.9958385353|23.252831
2026-02-18|451|CDW|124.959999|126.059998|123.010002|124.290001|2245100|0.9844137869|122.352791
2026-02-18|452|VEEV|176.570007|181.539993|174.800003|181.250000|1748800|1.0000000000|181.250000
2026-02-18|453|ALLE|162.300003|164.669998|161.929993|162.589996|1322500|0.9921390873|161.311890
2026-02-18|454|HLT|316.239990|319.690002|313.779999|315.880005|1929900|0.9986088702|315.440582
2026-02-18|455|ARES|130.979996|134.535004|130.979996|133.970001|1930700|0.9767290545|130.852386
2026-02-18|456|ANET|140.460007|142.500000|136.690002|139.539993|9955700|1.0000000000|139.539993
2026-02-18|457|SYF|72.769997|73.000000|71.970001|72.849998|3458400|0.9916769819|72.243660
2026-02-18|458|CFG|64.500000|65.639999|64.400002|65.040001|5148600|0.9864525111|64.158875
2026-02-18|459|KEYS|237.449997|243.000000|236.529999|239.830002|1033900|1.0000000000|239.830002
2026-02-18|460|GDDY|91.110001|91.110001|89.010002|90.559998|1840000|1.0000000000|90.559998
2026-02-18|461|KHC|23.795000|24.139999|23.440001|23.950001|15717100|0.9659839010|23.135315
2026-02-18|462|PYPL|40.770000|41.759998|40.590000|41.450001|17925500|0.9937057617|41.189106
2026-02-18|463|LITE|602.090027|610.299988|587.000000|594.260010|2995100|1.0000000000|594.260010
2026-02-18|464|HPE|21.780001|22.020000|21.465000|21.549999|17104600|0.9906947030|21.349472
2026-02-18|465|XYZ|52.009998|54.230000|51.619999|53.599998|8434300|1.0000000000|53.599998
2026-02-18|466|FTV|56.990002|58.790001|56.790001|58.330002|3760900|0.9979248563|58.208961
2026-02-18|467|DELL|114.849998|117.459999|112.860001|116.779999|5783400|0.9952707496|116.227715
2026-02-18|468|TTD|25.129999|25.840000|24.940001|25.500000|17331300|1.0000000000|25.500000
2026-02-18|469|VST|174.009995|175.500000|169.610001|170.570007|3622700|0.9972411805|170.099442
2026-02-18|470|HWM|254.029999|254.279999|247.100006|249.350006|3187200|0.9990766853|249.119781
2026-02-18|471|INVH|27.110001|27.240000|26.680000|26.840000|7363400|0.9779475029|26.248112
2026-02-18|472|CVNA|339.150009|366.259995|339.150009|361.529999|9595400|0.2000000000|72.306000
2026-02-18|473|IR|99.639999|100.000000|96.940002|97.199997|2957600|0.9992655835|97.128609
2026-02-18|474|VICI|29.799999|29.840000|29.530001|29.719999|11609900|0.9677245240|28.760775
2026-02-18|475|VRT|247.000000|254.050003|240.380005|243.210007|5350700|0.9995540701|243.101547
2026-02-18|476|MRNA|46.689999|47.680000|45.654999|46.599998|13099100|1.0000000000|46.599998
2026-02-18|477|FOXA|56.505001|57.439999|55.455002|57.169998|5018100|0.9951185496|56.890926
2026-02-18|478|FOX|51.130001|52.450001|50.750000|52.259998|2188000|0.9946544484|51.980640
2026-02-18|479|DOW|31.650000|32.480000|31.440001|31.580000|10918600|0.9783459966|30.896168
2026-02-18|480|UBER|70.260002|73.269997|70.114998|72.769997|18235600|1.0000000000|72.769997
2026-02-18|481|CTVA|75.949997|76.620003|75.665001|76.589996|3040400|0.9954590981|76.242210
2026-02-18|482|CRWD|409.750000|421.760010|402.000000|415.760010|2752700|0.2500000000|103.940002
2026-02-18|483|DDOG|116.985001|122.288002|115.599998|121.779999|7061600|1.0000000000|121.779999
2026-02-18|484|CARR|66.419998|66.550003|64.260002|64.330002|5748300|0.9928803129|63.871998
2026-02-18|485|OTIS|91.980003|92.790001|90.550003|92.769997|3270900|0.9879889159|91.655731
2026-02-18|486|PLTR|135.889999|140.962997|134.869995|135.380005|59677100|1.0000000000|135.380005
2026-02-18|487|DASH|162.589996|175.169998|162.070007|173.380005|14407100|1.0000000000|173.380005
2026-02-18|488|ABNB|124.180000|126.019997|122.500000|124.269997|4518500|1.0000000000|124.269997
2026-02-18|489|EXE|104.169998|104.930000|98.349998|99.519997|8271900|0.9826864450|97.796951
2026-02-18|490|COIN|165.399994|173.880005|163.149994|164.050003|13792200|1.0000000000|164.050003
2026-02-18|491|APP|379.994995|407.179993|372.500000|404.390015|5754200|1.0000000000|404.390015
2026-02-18|492|HOOD|74.790001|78.264999|74.059998|75.209999|25655400|1.0000000000|75.209999
2026-02-18|493|CEG|305.709991|310.654999|290.687988|294.049988|3794400|0.9955820742|292.750916
2026-02-18|494|GEHC|81.620003|83.180000|80.889999|82.949997|2263300|0.9989494212|82.862846
2026-02-18|495|KVUE|18.540001|18.965000|18.389999|18.879999|49139100|0.9772015009|18.449562
2026-02-18|496|VLTO|92.279999|94.419998|91.610001|94.279999|2603300|0.9970188523|93.998932
2026-02-18|497|RDDT|140.899994|148.179993|139.259995|147.460007|5965900|1.0000000000|147.460007
2026-02-18|498|SOLV|73.309998|75.379997|73.309998|74.910004|1188900|1.0000000000|74.910004
2026-02-18|499|GEV|820.000000|832.900024|811.000000|817.549988|1808900|0.9988852954|816.638672
2026-02-18|500|SNDK|582.489990|616.979980|574.500000|600.400024|25097600|1.0000000000|600.400024
2026-02-18|501|Q|111.839996|117.150002|111.650002|115.250000|3416700|0.9988559230|115.118149
