date|security_id|ticker|open|high|low|close|volume|adj_factor|adj_close_vendor
2026-02-09|1|AEP|120.540001|121.480003|119.919998|121.099998|2654000|0.9775591772|118.382416
2026-02-09|2|BA|242.000000|245.839996|240.500000|244.710007|4707200|1.0000000000|244.710007
2026-02-09|3|CAT|724.500000|743.500000|721.609985|742.119995|2496800|0.9962516275|739.338257
2026-02-09|4|CNP|40.029999|40.259998|39.720001|40.250000|7248500|0.9832236217|39.574749
2026-02-09|5|CVX|181.009995|182.820007|179.949997|182.600006|12021300|0.9728341284|177.639542
2026-02-09|6|DIS|108.690002|108.919998|106.769997|107.129997|10515400|0.9923958226|106.315361
2026-02-09|7|DTE|134.529999|135.479996|134.029999|135.039993|1024400|0.9843774065|132.930313
2026-02-09|8|ED|107.290001|108.000000|106.099998|106.680000|1294300|0.9759585897|104.115265
2026-02-09|9|GD|360.399994|363.369995|359.600006|360.100006|807400|0.9910149667|356.864502
2026-02-09|10|GE|321.040009|324.489990|316.390015|316.739990|4706400|0.9973022307|315.885529
2026-02-09|11|HON|237.399996|240.950000|236.999994|239.839994|3006700|1.0347776740|248.181076
2026-02-09|12|HPQ|19.389999|19.620001|19.139999|19.430000|16673100|0.9721972446|18.889791
2026-02-09|13|IBM|295.910004|297.720001|291.420013|296.339996|4627800|0.9800357773|290.423767
2026-02-09|14|IP|46.240002|47.840000|45.480000|47.500000|8733600|0.9645837619|45.817730
2026-02-09|15|JNJ|240.250000|240.740005|237.039993|238.639999|9378500|0.9841702191|234.862381
2026-02-09|16|KO|78.669998|79.110001|77.540001|77.970001|23415600|0.9867998793|76.940796
2026-02-09|17|KR|71.250000|73.180000|69.669998|70.099998|16069700|0.9830507535|68.911858
2026-02-09|18|LMT|625.280029|638.969971|625.010010|638.289978|1589800|0.9882876617|630.814087
2026-02-09|19|MMM|171.639999|172.600006|168.750000|170.279999|4694500|0.9860940463|167.912094
2026-02-09|20|MO|65.300003|65.430000|64.000000|64.400002|8081200|0.9690282260|62.405418
2026-02-09|21|MRK|121.410004|121.879997|116.980003|117.650002|16158700|0.9855603323|115.951172
2026-02-09|22|MSI|420.750000|423.410004|418.119995|422.589996|1153400|0.9943844568|420.216949
2026-02-09|23|PG|158.759995|159.279999|156.020004|157.330002|11439900|0.9851719538|154.997101
2026-02-09|24|XOM|149.259995|151.550003|148.630005|151.210007|21297300|0.9803338832|148.236298
2026-02-09|25|RTX|198.500000|200.000000|195.990005|196.190002|4615200|0.9892687733|194.084641
2026-02-09|26|MCD|325.940002|327.320007|323.179993|325.600006|2673900|0.9877457529|321.610016
2026-02-09|27|AXP|359.000000|361.739990|355.679993|359.660004|2219700|0.9941272834|357.547821
2026-02-09|28|BMY|61.369999|61.630001|60.360001|60.770000|14013500|0.9787458882|59.478386
2026-02-09|29|DD|46.470001|47.220001|46.330002|47.100001|4317699|2.9761992776|140.178986
2026-02-09|30|DE|580.000000|587.739990|574.299988|585.669983|1101800|0.9945059901|582.452332
2026-02-09|31|EMR|157.529999|161.029999|157.089996|160.009995|3058200|0.9888087280|158.219284
2026-02-09|32|ETN|373.000000|380.519989|370.760010|377.059998|2809400|0.9917042798|373.932007
2026-02-09|33|ETR|97.180000|98.459999|96.959999|98.150002|1912700|0.9886701734|97.037971
2026-02-09|34|F|13.750000|13.780000|13.530000|13.590000|59778000|0.9665034086|13.134781
2026-02-09|35|HAL|34.939999|35.130001|34.580002|34.900002|7481200|0.9909628646|34.584610
2026-02-09|36|LLY|1077.089966|1106.939941|1042.920044|1044.670044|3423800|0.9951920486|1039.647339
2026-02-09|37|PCG|16.290001|16.370001|16.070000|16.350000|13487800|0.9942476518|16.255949
2026-02-09|38|PEP|169.500000|169.929993|164.940002|166.470001|10316200|0.9808256472|163.278046
2026-02-09|39|PFE|27.180000|27.370001|26.790001|27.049999|49288200|0.9668473999|26.153221
2026-02-09|40|TXN|221.259995|222.160004|218.240005|218.770004|9246700|0.9898764050|216.555267
2026-02-09|41|WFC|93.750000|95.089996|89.000000|94.610001|20544800|0.9886393471|93.535172
2026-02-09|42|HUBB|500.160004|508.304993|496.690002|506.140015|610244|0.9943029521|503.256531
2026-02-09|43|WMT|131.419998|131.789993|128.089996|129.020004|27197300|0.9936722171|128.203598
2026-02-09|44|AIG|76.570000|77.120003|74.629997|74.900002|4007900|0.9875732230|73.969238
2026-02-09|45|AVY|190.729996|191.740005|189.179993|189.460007|636300|0.9887328339|187.325333
2026-02-09|46|BAC|56.389999|56.720001|56.180000|56.410000|31968400|0.9892387825|55.802956
2026-02-09|47|BALL|66.019997|66.680000|65.339996|66.650002|2279100|0.9933732915|66.208328
2026-02-09|48|BDX|204.000008|211.470000|200.370007|207.389996|3676300|0.7757059857|160.873672
2026-02-09|49|CLX|118.160004|120.500000|118.160004|119.589996|2090200|0.9761478543|116.737518
2026-02-09|50|CMI|580.150024|603.080017|575.890015|601.380005|1355800|0.9898444823|595.272705
2026-02-09|51|CMS|72.440002|72.949997|71.699997|72.820000|2810900|0.9770377822|71.147888
2026-02-09|52|CVS|77.540001|78.669998|75.510002|75.769997|10729400|0.9851999130|74.648598
2026-02-09|53|ECL|288.950012|289.190002|284.820007|288.160004|1965700|0.9946163507|286.608673
2026-02-09|54|ES|67.739998|67.769997|66.599998|67.629997|2612300|0.9779292778|66.137352
2026-02-09|55|EVRG|76.620003|77.250000|76.320000|77.150002|1409500|0.9752573788|75.241112
2026-02-09|56|GWW|1187.319946|1197.650024|1174.839966|1190.150024|250000|0.9960365882|1185.432861
2026-02-09|57|LNT|66.529999|66.980003|66.150002|66.900002|1707400|0.9850786184|65.901756
2026-02-09|58|MKC|67.489998|68.239998|66.660004|67.830002|2420200|0.9822640876|66.626976
2026-02-09|59|MRSH|184.179993|184.970001|170.779999|171.139999|5435500|0.9892843147|169.306137
2026-02-09|60|NEE|89.339996|89.779999|88.750000|89.480003|6528800|0.9860055271|87.569275
2026-02-09|61|NI|44.040001|44.500000|43.680000|44.450001|4887700|0.9871584841|43.879196
2026-02-09|62|PNW|93.639999|93.970001|92.559998|93.110001|786200|0.9822795276|91.460045
2026-02-09|63|RVTY|101.169998|102.889999|100.500000|102.820000|1028200|0.9985919505|102.675224
2026-02-09|64|SNA|369.339996|371.459991|364.779999|368.119995|448300|0.9808470667|361.069397
2026-02-09|65|SPGI|437.979988|445.640013|436.090014|444.189992|3915600|0.9395781501|417.351196
2026-02-09|66|TER|297.779999|316.540009|296.500000|310.010010|5345100|0.9992046578|309.763428
2026-02-09|67|TGT|115.269997|116.199997|113.730003|115.519997|4507500|0.9731968404|112.423698
2026-02-09|68|TXT|95.099998|95.739998|94.480003|95.470001|1605200|0.9995682296|95.428780
2026-02-09|69|VMC|322.070007|327.890015|321.519989|327.320007|1093600|0.9942812010|325.448120
2026-02-09|70|XEL|75.599998|76.570000|74.940002|76.430000|4240300|0.9852321471|75.301292
2026-02-09|71|ITW|291.339996|294.179993|289.529999|290.579987|1888000|0.9877340632|287.015747
2026-02-09|72|CL|94.000000|94.449997|93.370003|94.160004|5679800|0.9881586198|93.045013
2026-02-09|73|EXC|44.090000|44.200001|43.669998|43.970001|7165300|0.9822723358|43.190521
2026-02-09|74|MDT|103.589996|103.629997|101.430000|101.650002|8888500|0.9830319865|99.925201
2026-02-09|75|BNY|124.230003|128.000000|123.790001|127.610001|3614600|0.9920974180|126.601555
2026-02-09|76|EIX|63.709999|64.129997|63.130001|63.790001|2185100|0.9764773062|62.289490
2026-02-09|77|FRT|105.589996|106.209999|105.019997|106.110001|736200|0.9803038504|104.020042
2026-02-09|78|PNR|96.900002|98.750000|96.629997|97.519997|1849400|0.9926207111|96.800369
2026-02-09|79|USB|60.459999|60.869999|60.259998|60.349998|7112700|0.9813809589|59.226341
2026-02-09|80|WY|26.639999|26.850000|26.370001|26.660000|4863200|0.9829820427|26.206301
2026-02-09|81|SYY|86.550003|87.349998|86.080002|86.470001|3888700|0.9859824728|85.257904
2026-02-09|82|WRB|70.489998|71.040001|68.989998|69.250000|2044700|0.9898085858|68.544243
2026-02-09|83|IFF|74.970001|75.260002|73.699997|75.180000|1265300|0.9889000540|74.345505
2026-02-09|84|TAP|51.919998|52.360001|50.650002|50.869999|2810900|0.9780980891|49.182571
2026-02-09|85|PNC|241.750000|243.649994|240.710007|240.949997|2272800|0.9845274632|237.221878
2026-02-09|86|TRV|300.750000|303.450012|291.540009|292.820007|1650900|0.9922238191|290.542999
2026-02-09|87|C|122.190002|125.160004|121.690002|123.769997|12887500|0.9902572054|122.564133
2026-02-09|88|FDX|367.949986|369.679993|363.140013|364.599990|1484500|0.7995464875|291.514679
2026-02-09|89|WDC|279.790009|295.429993|271.529999|285.989990|8044900|0.9992611044|285.778656
2026-02-09|90|DHR|214.639999|217.830002|212.839996|216.660004|3559600|0.9958070237|215.751541
2026-02-09|91|APA|27.459999|27.920000|27.270000|27.490000|4847800|0.9864084367|27.116365
2026-02-09|92|LUV|53.820000|54.250000|53.099998|53.360001|8403300|0.9913697990|52.899498
2026-02-09|93|PEG|80.449997|81.290001|80.050003|81.180000|1635100|0.9834778438|79.838730
2026-02-09|94|UNP|251.710007|254.940002|249.070007|254.339996|3412100|0.9896596115|251.710007
2026-02-09|95|ABT|110.230003|111.269997|109.500000|111.070000|11719900|0.9867277802|109.595856
2026-02-09|96|ADI|319.329987|323.890015|317.890015|322.970001|3163100|0.9941555324|321.082397
2026-02-09|97|ADM|66.339996|67.570000|65.500000|67.349998|3274900|0.9797994474|65.989494
2026-02-09|98|ADP|231.360001|231.360001|224.929993|226.619995|3376600|0.9843371720|223.070480
2026-02-09|99|AFL|116.629997|117.199997|113.080002|113.199997|2346900|0.9846316611|111.460304
2026-02-09|100|AMAT|317.559998|332.399994|316.100006|330.570007|7458900|0.9964487658|329.396088
2026-02-09|101|AMD|206.899994|217.600006|204.149994|216.000000|38810800|1.0000000000|216.000000
2026-02-09|102|APD|282.070007|286.839996|280.660004|286.369995|1032600|0.9876339339|282.828735
2026-02-09|103|BF-B|29.250000|29.670000|28.940001|29.480000|3069700|0.9822921615|28.957972
2026-02-09|104|CHD|100.379997|100.589996|98.209999|98.419998|2061400|0.9906552793|97.500282
2026-02-09|105|CINF|173.740005|174.000000|167.820007|168.699997|797400|0.9887134133|166.795944
2026-02-09|106|CMCSA|31.100000|31.680000|30.760000|31.610001|24316900|0.9752182964|30.826651
2026-02-09|107|D|62.270000|62.419998|61.619999|62.360001|3375600|0.9796460230|61.090725
2026-02-09|108|DOV|222.949997|225.229996|222.100006|224.990005|1283800|0.9952693212|223.925644
2026-02-09|109|DUK|121.489998|122.059998|120.779999|121.720001|4288500|0.9744921325|118.615181
2026-02-09|110|EFX|194.520004|200.979996|192.089996|199.589996|2077200|0.9938812654|198.368759
2026-02-09|111|EQT|55.560001|56.740002|55.119999|56.130001|9427400|0.9912778241|55.640423
2026-02-09|112|FITB|55.020000|55.029999|54.169998|54.330002|7886100|0.9840657827|53.464294
2026-02-09|113|GIS|47.939999|48.279999|47.230000|48.099998|4602400|0.9666684497|46.496754
2026-02-09|114|GPC|147.869995|149.279999|145.729996|146.020004|1203200|0.9802432378|143.135117
2026-02-09|115|HAS|93.970001|96.769997|93.279999|96.760002|4688700|0.9777483232|94.606934
2026-02-09|116|HBAN|19.150000|19.260000|19.000000|19.000000|17333400|0.9810694650|18.640320
2026-02-09|117|HRL|24.900000|24.959999|24.309999|24.410000|4422200|0.9742790885|23.782152
2026-02-09|118|HST|19.330000|19.580000|19.209999|19.540001|4522900|0.9529227702|18.620111
2026-02-09|119|HSY|232.179993|234.869995|230.039993|230.539993|2482400|0.9782056212|225.515518
2026-02-09|120|INTC|49.590000|51.220001|47.590000|50.240002|94841400|1.0000000000|50.240002
2026-02-09|121|J|147.910004|151.100006|147.509995|150.960007|798900|0.9918477371|149.729340
2026-02-09|122|JPM|321.339996|326.399994|320.109985|322.100006|11477500|0.9904464778|319.022827
2026-02-09|123|KMB|104.199997|104.980003|103.620003|104.699997|3899500|0.9744151054|102.021255
2026-02-09|124|L|112.800003|114.900002|109.989998|110.900002|1247100|0.9982870407|110.710030
2026-02-09|125|LEN|114.239998|115.489998|112.309998|114.080002|1845600|0.9888298730|112.805710
2026-02-09|126|LOW|278.329987|279.000000|274.450012|276.890015|2471100|0.9891098782|273.874664
2026-02-09|127|MAS|72.959999|73.709999|71.339996|71.610001|4762600|0.9866652888|70.655106
2026-02-09|128|MTB|236.789993|238.550003|233.339996|236.250000|1150800|0.9861939937|232.988342
2026-02-09|129|NEM|116.660004|121.110001|116.239998|120.730003|7439100|0.9956554334|120.205490
2026-02-09|130|NTRS|151.639999|155.309998|151.639999|154.800003|854300|0.9898281838|153.225388
2026-02-09|131|NUE|191.669998|193.500000|189.100006|193.080002|1365600|0.9941593298|191.952286
2026-02-09|132|OMC|69.730003|70.860001|68.879997|70.750000|4701500|0.9796477026|69.310074
2026-02-09|133|PCAR|126.730003|127.739998|125.309998|127.260002|3069300|0.9916886281|126.202309
2026-02-09|134|PGR|201.570007|202.619995|199.940002|201.529999|3459300|0.9990392069|201.336365
2026-02-09|135|PH|971.710022|987.349976|971.500000|978.869995|490900|0.9977448271|976.662476
2026-02-09|136|PHM|135.000000|136.339996|132.000000|132.369995|1465700|0.9957597479|131.808716
2026-02-09|137|PPG|126.239998|128.050003|125.029999|127.589996|1475000|0.9817392581|125.260109
2026-02-09|138|PPL|35.889999|35.889999|35.299999|35.680000|8768700|0.9846479678|35.132240
2026-02-09|139|RF|30.809999|31.129999|30.549999|30.760000|8745000|0.9811037357|30.178751
2026-02-09|140|ROL|64.820000|64.900002|64.239998|64.309998|1881700|0.9887685295|63.587704
2026-02-09|141|SHW|362.220001|362.739990|357.670013|360.600006|1761500|0.9929181711|358.046295
2026-02-09|142|STT|132.000000|134.979996|131.809998|134.279999|1711700|0.9884428745|132.728104
2026-02-09|143|SWK|88.800003|90.500000|88.400002|89.849998|1663800|0.9785642065|87.923988
2026-02-09|144|SYK|354.450012|357.220001|349.369995|356.079987|2336500|0.9946461548|354.173584
2026-02-09|145|TMO|541.200012|548.799988|537.010010|546.760010|2107600|0.9980119596|545.673035
2026-02-09|146|TPL|367.109985|378.260010|365.980011|374.510010|542100|0.9973306248|373.510284
2026-02-09|147|TSN|65.370003|65.550003|64.750000|65.400002|2357900|0.9836914879|64.333420
2026-02-09|148|TT|453.709991|462.820007|452.119995|459.790009|1351100|0.9953350758|457.645111
2026-02-09|149|TYL|346.799988|358.000000|343.109985|355.239990|761200|1.0000000000|355.239990
2026-02-09|150|UDR|37.610001|38.040001|37.250000|37.750000|5193200|0.9803230978|37.007195
2026-02-09|151|VTRS|14.760000|15.600000|14.660000|15.560000|19837000|0.9769695342|15.201647
2026-02-09|152|WEC|111.019997|111.550003|110.440002|111.320000|1744200|0.9747231440|108.506172
2026-02-09|153|WST|245.970001|251.330002|245.970001|248.929993|1048700|0.9985945833|248.580139
2026-02-09|154|NDSN|290.540009|291.390015|288.899994|291.260010|335300|0.9941183690|289.546936
2026-02-09|155|TFC|55.540001|55.750000|54.740002|54.779999|11305000|0.9700498779|53.139328
2026-02-09|156|WELL|196.350006|198.850006|196.029999|197.250000|2933800|0.9893392873|195.147186
2026-02-09|157|AON|340.760010|343.920013|309.130005|310.339996|3885900|0.9951005240|308.819489
2026-02-09|158|GL|145.149994|146.250000|140.770004|141.419998|563900|0.9958260151|140.829712
2026-02-09|159|OKE|81.559998|83.400002|81.139999|83.129997|4037300|0.9765151605|81.177696
2026-02-09|160|KLAC|1440.000000|1456.999969|1424.530029|1440.160065|1639200|0.0996303139|143.483612
2026-02-09|161|CSX|40.209999|40.889999|39.939999|40.720001|11659200|0.9936713984|40.462299
2026-02-09|162|PSA|286.989990|290.019989|285.540009|288.890015|983600|0.9808120164|283.346802
2026-02-09|163|NKE|63.570000|63.910000|62.369999|62.410000|12920800|0.9845960180|61.448635
2026-02-09|164|AAPL|277.910004|278.200012|271.700012|274.619995|44623400|0.9982185855|274.130798
2026-02-09|165|BRO|73.510002|73.989998|68.459999|68.669998|5035400|0.9947741799|68.311142
2026-02-09|166|UHS|217.940002|220.419998|211.990005|212.940002|398700|0.9976532391|212.440277
2026-02-09|167|HD|384.359985|385.779999|378.200012|381.000000|3639300|0.9859634354|375.652069
2026-02-09|168|BAX|21.490000|21.750000|21.100000|21.730000|8335800|0.9989896155|21.699675
2026-02-09|169|COP|107.599998|108.889999|107.059998|108.699997|6337800|0.9784321345|106.355568
2026-02-09|170|GLW|124.000000|132.320007|123.800003|131.389999|15696600|0.9966096046|130.944534
2026-02-09|171|HUM|192.979996|195.199997|188.669998|189.490005|2228200|0.9926050698|188.088730
2026-02-09|172|LHX|349.660004|352.000000|347.500000|350.600006|811300|0.9925076273|347.973206
2026-02-09|173|NOC|712.150024|715.609985|698.000000|698.020020|693900|0.9924395226|692.742676
2026-02-09|174|OXY|46.250000|46.810001|45.970001|46.660000|6827800|0.9906984712|46.225986
2026-02-09|175|ROK|411.459991|416.869995|410.010010|410.660004|1161300|0.9904239689|406.727478
2026-02-09|176|SLB|50.480000|50.930000|50.090000|50.540001|13581400|0.9889523968|49.981655
2026-02-09|177|SO|89.660004|90.000000|88.839996|89.379997|4422900|0.9759995454|87.234833
2026-02-09|178|WMB|67.160004|68.449997|66.949997|67.849998|9728400|0.9855810767|66.871674
2026-02-09|179|VLO|202.919998|204.139999|199.899994|201.380005|1949000|0.9914397807|199.656158
2026-02-09|180|CI|295.000000|297.000000|288.700012|294.399994|1730900|0.9887906885|291.099976
2026-02-09|181|NSC|305.489990|306.950012|302.010010|305.720001|1228200|0.9917671837|303.203064
2026-02-09|182|COO|81.500000|81.739998|80.339996|81.480003|1515200|1.0000000000|81.480003
2026-02-09|183|AMGN|380.700012|384.619995|372.339996|375.820007|2843700|0.9799483831|368.284210
2026-02-09|184|RJF|171.630005|174.009995|170.479996|173.669998|972600|0.9927317770|172.407730
2026-02-09|185|WSM|218.699997|221.679993|217.529999|217.570007|884700|0.9927167515|215.985397
2026-02-09|186|CAH|226.559998|228.169998|225.279999|225.759995|1420000|0.9954149217|224.724869
2026-02-09|187|CTAS|196.050003|196.800003|194.619995|194.759995|1540800|0.9924218382|193.284073
2026-02-09|188|PAYX|98.519997|98.750000|96.510002|98.089996|4298800|0.9771272923|95.846413
2026-02-09|189|BEN|27.020000|27.799999|27.020000|27.680000|3855000|0.9758021744|27.010204
2026-02-09|190|AOS|78.669998|79.790001|78.389999|79.080002|1125100|0.9883617008|78.159645
2026-02-09|191|CASY|663.330017|666.280029|652.520020|658.960022|290500|0.9985579358|658.009705
2026-02-09|192|T|27.100000|27.200001|26.830000|27.110001|33057800|0.9765662530|26.474712
2026-02-09|193|VZ|46.160000|47.070000|45.820000|47.020000|26954800|0.9686690897|45.546822
2026-02-09|194|JBHT|227.699997|227.740005|222.880005|226.270004|945200|0.9964612666|225.469284
2026-02-09|195|ATO|171.279999|171.720001|169.820007|171.460007|1271600|0.9829545502|168.537384
2026-02-09|196|LRCX|229.009995|231.320007|223.389999|229.279999|9976700|0.9981002163|228.844421
2026-02-09|197|MU|380.690002|391.809998|370.679993|383.500000|31009600|0.9994263974|383.280029
2026-02-09|198|AJG|240.119995|242.000000|217.369995|217.789993|3456400|0.9936444599|216.405823
2026-02-09|199|AME|231.169998|234.460007|230.850006|233.410004|834100|0.9969202115|232.691162
2026-02-09|200|SWKS|62.000000|62.700001|61.380001|61.549999|2957500|0.9796110161|60.295055
2026-02-09|201|EXPD|165.360001|166.000000|163.089996|163.639999|994900|0.9948730934|162.801041
2026-02-09|202|UNH|274.149994|280.179993|273.320007|275.700012|10371600|0.9866504480|272.019562
2026-02-09|203|BBY|69.370003|69.610001|66.940002|67.080002|4914000|0.9720666083|65.206230
2026-02-09|204|DOC|16.820000|16.900000|16.600000|16.840000|5709200|0.9628888149|16.215050
2026-02-09|205|ADSK|238.860001|243.089996|236.429993|242.529999|1524400|1.0000000000|242.529999
2026-02-09|206|DVN|43.660000|44.020000|43.369999|43.480000|7810800|0.9877783076|42.948601
2026-02-09|207|NVR|8034.779785|8049.779785|7876.450195|7882.250000|19200|1.0000000000|7882.250000
2026-02-09|208|ROST|190.660004|194.759995|190.009995|194.500000|1902200|0.9959267541|193.707748
2026-02-09|209|JKHY|173.830002|176.860001|170.119995|171.559998|1511800|0.9919197584|170.173752
2026-02-09|210|MNST|82.489998|82.639999|80.349998|80.900002|6099400|0.5000000000|80.900002
2026-02-09|211|ORCL|148.490005|159.750000|147.000000|156.589996|49936500|0.9930647011|155.503998
2026-02-09|212|MSFT|404.850006|414.890015|400.869995|413.600006|45480500|0.9936958009|410.992615
2026-02-09|213|TROW|94.339996|96.639999|94.000000|95.809998|2587900|0.9736426638|93.284698
2026-02-09|214|COST|1001.320007|1009.619995|992.679993|997.590027|1861700|0.9969659831|994.563354
2026-02-09|215|ADBE|267.049988|269.200012|262.950012|266.899994|6576300|1.0000000000|266.899994
2026-02-09|216|FISV|60.000000|60.950001|59.779999|60.139999|12542000|1.0000000000|60.139999
2026-02-09|217|BKR|59.139999|59.840000|58.750000|59.549999|8813300|0.9892821118|58.911751
2026-02-09|218|CDNS|283.489990|291.760010|279.559998|291.000000|2723900|1.0000000000|291.000000
2026-02-09|219|TJX|155.399994|156.330002|154.020004|156.240005|4337600|0.9907991610|154.802460
2026-02-09|220|FICO|1383.420044|1397.739990|1360.880005|1372.760010|261500|1.0000000000|1372.760010
2026-02-09|221|CCL|33.470001|33.619999|32.779999|32.810001|18347600|0.9841845235|32.291092
2026-02-09|222|FAST|47.720001|47.720001|46.400002|46.520000|9493600|0.9892709750|46.020885
2026-02-09|223|SCHW|104.839996|107.269997|104.779999|107.209999|10177800|0.9901836685|106.157585
2026-02-09|224|JCI|136.000000|139.429993|136.000000|139.000000|5142700|0.9941759575|138.190460
2026-02-09|225|COHR|227.000000|247.149994|219.679993|242.460007|5940600|1.0000000000|242.460007
2026-02-09|226|KEY|22.980000|23.350000|22.980000|23.010000|11993700|0.9804836286|22.560928
2026-02-09|227|MOS|28.580000|29.700001|28.530001|29.559999|5069400|0.9816582705|29.017818
2026-02-09|228|MGM|37.669998|38.099998|37.169998|38.060001|4227200|1.0000000000|38.060001
2026-02-09|229|WM|226.000000|230.690002|225.360001|230.500000|2276400|0.9917417797|228.596481
2026-02-09|230|TECH|66.070000|66.510002|64.519997|65.480003|1702700|0.9957086055|65.199005
2026-02-09|231|IEX|211.960007|214.169998|209.699997|210.750000|1237200|0.9931996195|209.316818
2026-02-09|232|GEN|24.150000|24.870001|24.000000|24.600000|10438700|0.9850474704|24.232168
2026-02-09|233|CRH|126.500000|127.620003|126.150002|126.839996|3088400|0.9889154582|125.434036
2026-02-09|234|EOG|113.379997|114.639999|113.260002|113.870003|3372200|0.9849854996|112.160301
2026-02-09|235|PTC|155.229996|160.320007|154.240005|159.740005|1291900|1.0000000000|159.740005
2026-02-09|236|CSCO|84.730003|87.250000|84.309998|86.779999|22908400|0.9909035959|85.990616
2026-02-09|237|LH|275.529999|276.029999|272.480011|274.010010|720900|0.9947633093|271.991943
2026-02-09|238|TRMB|65.779999|67.500000|65.370003|66.930000|2177700|1.0000000000|66.930000
2026-02-09|239|AZO|3658.250000|3681.000000|3616.820068|3634.290039|116000|1.0000000000|3634.290039
2026-02-09|240|REGN|783.169983|790.000000|775.500000|780.280029|586800|0.9961457605|777.272583
2026-02-09|241|IDXX|647.719971|647.719971|629.729980|639.789978|518200|1.0000000000|639.789978
2026-02-09|242|AES|15.980000|16.270000|15.850000|16.059999|7516200|0.9761125722|15.676368
2026-02-09|243|VRTX|476.970001|478.540009|467.980011|470.869995|1794700|1.0000000000|470.869995
2026-02-09|244|ZBRA|251.210007|258.640015|250.800003|257.790009|701900|1.0000000000|257.790009
2026-02-09|245|BIIB|199.830002|201.000000|191.880005|193.809998|2096200|1.0000000000|193.809998
2026-02-09|246|ODFL|201.429993|202.820007|194.880005|196.110001|2303100|0.9973411992|195.588593
2026-02-09|247|APH|137.169998|145.270004|136.610001|144.199997|9321200|0.9965240421|143.698761
2026-02-09|248|KIM|21.780001|21.879999|21.650000|21.760000|3230400|0.9782318124|21.286325
2026-02-09|249|QCOM|137.100006|139.940002|136.500000|138.929993|11022700|0.9899641514|137.535706
2026-02-09|250|GILD|151.850006|153.000000|150.179993|151.679993|7431200|0.9878606941|149.838684
2026-02-09|251|ROP|357.209991|358.480011|349.029999|351.709991|1966100|0.9949619600|349.938049
2026-02-09|252|SNPS|427.880005|442.950012|424.000000|438.899994|2044700|1.0000000000|438.899994
2026-02-09|253|STZ|163.820007|165.300003|161.559998|163.610001|1591100|0.9856055004|161.254913
2026-02-09|254|BSX|75.610001|75.790001|74.080002|74.120003|21133700|1.0000000000|74.120003
2026-02-09|255|STE|250.270004|250.309998|245.220001|245.399994|933000|0.9945039836|244.051270
2026-02-09|256|DHI|156.800003|158.000000|153.300003|153.500000|3053200|0.9940209933|152.582230
2026-02-09|257|LIN|448.170013|457.500000|444.019989|456.339996|3610600|0.9935105778|453.378632
2026-02-09|258|SBUX|99.029999|99.980003|98.260002|98.980003|7150600|0.9821606772|97.214256
2026-02-09|259|MS|179.990005|183.820007|179.460007|182.350006|6625900|0.9892093304|180.382339
2026-02-09|260|INTU|438.670013|441.160004|430.940002|437.500000|3720500|0.9925226498|434.228668
2026-02-09|261|MCHP|74.309998|75.550003|73.500000|74.410004|11656400|0.9832658267|73.164818
2026-02-09|262|CB|330.890015|335.589996|324.070007|326.170013|2205800|0.9939554166|324.198456
2026-02-09|263|ORLY|94.000000|94.379997|91.879997|92.720001|6279200|1.0000000000|92.720001
2026-02-09|264|RCL|345.000000|349.260010|341.549988|348.029999|1972000|0.9895699200|344.400024
2026-02-09|265|JBL|256.959991|266.559998|256.079987|265.959991|937700|0.9992441666|265.758972
2026-02-09|266|ALL|207.000000|208.589996|199.169998|199.940002|2159000|0.9897514584|197.890915
2026-02-09|267|CPT|106.720001|108.129997|106.169998|107.879997|1817800|0.9801843508|105.742279
2026-02-09|268|VMRK|64.139999|64.750000|63.660000|64.669998|3375000|0.9778762777|63.239262
2026-02-09|269|IT|155.610001|161.199997|155.119995|159.750000|1795600|1.0000000000|159.750000
2026-02-09|270|DECK|115.779999|116.419998|114.230003|114.500000|1898700|1.0000000000|114.500000
2026-02-09|271|REG|75.150002|76.250000|74.680000|76.059998|1398400|0.9810739142|74.620483
2026-02-09|272|INCY|108.500000|109.480003|106.580002|109.029999|2700700|1.0000000000|109.029999
2026-02-09|273|SPG|199.630005|200.000000|196.509995|196.570007|1384700|0.9778630534|192.218552
2026-02-09|274|MAA|132.050003|133.690002|131.389999|133.580002|746700|0.9765831817|130.451981
2026-02-09|275|MLM|688.849976|703.440002|688.440002|695.729980|445300|0.9973479749|693.884888
2026-02-09|276|TSCO|54.889999|55.209999|53.639999|53.779999|6093000|0.9807531624|52.744900
2026-02-09|277|ALB|162.500000|166.300003|159.199997|165.759995|2341600|0.9949889134|164.929352
2026-02-09|278|CPRT|40.320000|40.410000|39.939999|40.299999|5432000|1.0000000000|40.299999
2026-02-09|279|FLEX|63.849998|66.779999|63.029999|66.070000|3250300|1.0000000000|66.070000
2026-02-09|280|ESS|256.769989|259.230011|255.559998|257.799988|419200|0.9806657936|252.815643
2026-02-09|281|O|63.180000|63.230000|62.560001|63.090000|4743300|0.9746072994|61.487972
2026-02-09|282|MCO|452.040009|456.339996|446.100006|449.470001|1887900|0.9933686768|446.489441
2026-02-09|283|SJM|109.279999|109.620003|106.040001|107.459999|1627100|0.9701300487|104.250168
2026-02-09|284|MCK|950.000000|967.109985|939.530029|962.320007|785300|0.9980659618|960.458862
2026-02-09|285|COF|221.460007|223.889999|220.020004|222.759995|3039600|0.9884398390|220.184845
2026-02-09|286|EME|761.429993|787.900024|761.429993|776.239990|404300|0.9989862194|775.453064
2026-02-09|287|DLTR|123.769997|124.480003|122.519997|123.169998|2109700|1.0000000000|123.169998
2026-02-09|288|COR|359.269989|367.279999|358.910004|363.269989|1155100|0.9940692618|361.115540
2026-02-09|289|DRI|216.300003|219.979996|214.240005|218.009995|1239000|0.9843985059|214.608719
2026-02-09|290|RMD|272.000000|276.429993|269.619995|275.959991|1479200|0.9918845144|273.720459
2026-02-09|291|WAB|245.600006|248.779999|244.500000|244.740005|1023300|0.9965472933|243.894989
2026-02-09|292|FCX|61.360001|64.169998|61.279999|63.610001|14752000|0.9953868541|63.316559
2026-02-09|293|IVZ|26.650000|27.270000|26.650000|26.889999|5154200|0.9777629266|26.292044
2026-02-09|294|ACGL|100.610001|101.180000|96.000000|96.059998|2925300|1.0000000000|96.059998
2026-02-09|295|ERIE|286.320007|288.980011|269.299988|269.570007|246400|0.9885906317|266.494385
2026-02-09|296|EG|326.609985|330.589996|320.010010|322.119995|407400|0.9878843207|318.217316
2026-02-09|297|DVA|140.000000|141.500000|136.190002|137.639999|1488200|1.0000000000|137.639999
2026-02-09|298|HSIC|79.360001|80.169998|78.029999|80.099998|1105300|1.0000000000|80.099998
2026-02-09|299|EL|99.330002|100.699997|97.040001|99.010002|4715400|0.9930325985|98.320160
2026-02-09|300|WAT|332.290009|344.970001|326.239990|328.140015|2554200|1.0000000000|328.140015
2026-02-09|301|NTAP|102.550003|104.690002|101.750000|103.680000|1723100|0.9918913810|102.839294
2026-02-09|302|HIG|142.289993|143.570007|138.979996|139.380005|1377000|0.9910400733|138.131165
2026-02-09|303|IRM|95.669998|97.669998|95.019997|97.080002|1745300|0.9851777356|95.641052
2026-02-09|304|BRK-B|507.320007|507.609985|497.290009|498.079987|4573000|1.0000000000|498.079987
2026-02-09|305|FDS|205.270004|207.080002|201.500000|203.220001|1276100|0.9900356292|201.195038
2026-02-09|306|STLD|200.889999|203.979996|197.029999|202.750000|1190800|0.9946588101|201.667084
2026-02-09|307|DGX|190.000000|191.779999|187.580002|191.250000|1925500|0.9916252453|189.648331
2026-02-09|308|CIEN|270.700012|297.010010|266.609985|289.679993|4303800|1.0000000000|289.679993
2026-02-09|309|TTWO|197.500000|205.660004|196.330002|205.029999|4129000|1.0000000000|205.029999
2026-02-09|310|VTR|83.410004|84.099998|82.379997|82.750000|4304000|0.9878430433|81.744011
2026-02-09|311|AMZN|208.970001|212.809998|203.350006|208.720001|91178400|1.0000000000|208.720001
2026-02-09|312|ARE|55.599998|56.320000|54.369999|56.200001|1325900|0.9716953716|54.609280
2026-02-09|313|RL|342.910004|350.690002|336.880005|348.149994|717600|0.9948318200|346.350708
2026-02-09|314|BXP|64.349998|65.150002|64.010002|65.010002|2032100|0.9761958291|63.462494
2026-02-09|315|FIX|1228.849976|1299.939941|1219.050049|1283.650024|356100|0.9985721755|1281.817139
2026-02-09|316|YUM|161.770004|162.320007|157.830002|158.899994|2068300|0.9905648102|157.400742
2026-02-09|317|CHRW|201.300003|203.240005|199.369995|200.309998|1681500|0.9931897587|198.945831
2026-02-09|318|FE|46.500000|47.020000|46.340000|46.820000|4198100|0.9800753088|45.887127
2026-02-09|319|MTD|1370.479980|1390.930054|1345.670044|1380.880005|251400|1.0000000000|1380.880005
2026-02-09|320|PLD|136.369995|137.490005|135.139999|137.279999|2047300|0.9848712132|135.203125
2026-02-09|321|URI|896.450012|908.190002|874.169983|876.520020|663300|0.9939808437|871.244080
2026-02-09|322|AEE|104.930000|104.930000|103.949997|104.260002|2888500|0.9863006617|102.831711
2026-02-09|323|VRSN|222.850006|223.779999|217.350006|219.869995|1203900|0.9907421953|217.834473
2026-02-09|324|PWR|508.470001|520.419983|503.200012|514.559998|1084800|0.9996508742|514.380371
2026-02-09|325|AMT|171.050003|174.259995|169.320007|173.710007|2507800|0.9807453674|170.365280
2026-02-09|326|MAR|331.250000|332.070007|326.130005|331.209991|2357500|0.9940852561|329.250946
2026-02-09|327|CTSH|75.690002|76.129997|74.059998|74.599998|5499600|0.9822114026|73.272972
2026-02-09|328|SRE|87.470001|88.040001|86.180000|87.480003|3696300|0.9860298575|86.257896
2026-02-09|329|CSGP|49.639999|51.360001|48.560001|50.959999|8650100|1.0000000000|50.959999
2026-02-09|330|RSG|220.000000|224.250000|219.279999|224.080002|1562900|0.9942648020|222.794846
2026-02-09|331|CCI|81.040001|83.239998|79.800003|83.080002|3556100|0.9762634240|81.107971
2026-02-09|332|EBAY|86.300003|87.580002|85.919998|87.360001|4815000|0.9939126631|86.565018
2026-02-09|333|NVDA|184.259995|193.660004|183.949997|190.039993|196387400|0.9987817973|189.808487
2026-02-09|334|BKNG|4418.690109|4438.779831|4219.229889|4237.049866|677600|0.0398088823|168.672211
2026-02-09|335|GS|929.000000|949.000000|927.109985|943.619995|2322600|0.9903999491|934.561218
2026-02-09|336|FFIV|276.570007|279.010010|274.980011|278.739990|578400|1.0000000000|278.739990
2026-02-09|337|SBAC|180.639999|185.059998|178.000000|184.630005|520800|0.9805017315|181.030045
2026-02-09|338|LII|530.229980|534.960022|520.390015|529.289978|473800|0.9946881341|526.478455
2026-02-09|339|BLK|1045.089966|1084.689941|1044.010010|1079.900024|799400|0.9888912077|1067.903564
2026-02-09|340|TKO|211.539993|212.110001|208.179993|209.389999|790700|0.9921219970|207.740433
2026-02-09|341|AKAM|95.010002|95.550003|92.309998|94.720001|2268200|1.0000000000|94.720001
2026-02-09|342|UPS|117.169998|118.000000|116.000000|117.919998|5221000|0.9546755018|112.575340
2026-02-09|343|A|127.790001|128.000000|125.680000|127.500000|2233500|0.9958080410|126.965523
2026-02-09|344|TDY|645.679993|658.179993|643.099976|656.380005|366700|1.0000000000|656.380005
2026-02-09|345|PKG|237.419998|240.789993|235.949997|238.710007|786400|0.9876260349|235.756226
2026-02-09|346|EW|78.129997|78.379997|76.519997|76.800003|6110900|1.0000000000|76.800003
2026-02-09|347|MET|75.949997|77.370003|75.949997|76.279999|3109900|0.9862851080|75.233826
2026-02-09|348|ON|64.820000|65.919998|64.620003|65.099998|13056100|1.0000000000|65.099998
2026-02-09|349|ISRG|486.049988|493.540009|483.899994|492.839996|2207800|1.0000000000|492.839996
2026-02-09|350|CRL|187.339996|188.699997|183.940002|185.699997|853400|1.0000000000|185.699997
2026-02-09|351|MRVL|79.610001|83.059998|78.669998|82.349998|13775400|0.9992531920|82.288498
2026-02-09|352|EQIX|846.570007|859.669983|840.599976|857.739990|436700|0.9849779860|844.854980
2026-02-09|353|TPR|151.490005|155.229996|149.440002|154.649994|2904300|0.9944862341|153.797287
2026-02-09|354|GRMN|201.740005|206.139999|201.740005|206.029999|634200|0.9917889977|204.338287
2026-02-09|355|GPN|72.000000|73.059998|71.660004|71.760002|4783900|0.9929199565|71.251938
2026-02-09|356|ALGN|188.000000|193.830002|185.979996|192.500000|1872100|1.0000000000|192.500000
2026-02-09|357|WTW|327.609985|330.670013|283.600006|290.089996|2082200|0.9930717262|288.080170
2026-02-09|358|MDLZ|59.980000|60.799999|58.919998|60.730000|12254600|0.9831751096|59.708229
2026-02-09|359|AXON|418.220001|434.609985|412.000000|433.769989|1507800|1.0000000000|433.769989
2026-02-09|360|FIS|51.189999|51.580002|50.220001|50.590000|7095600|0.9802816760|49.592453
2026-02-09|361|ACN|235.589996|239.000000|231.860001|236.759995|4770300|0.9798095806|231.979691
2026-02-09|362|ZBH|88.900002|90.059998|87.370003|89.730003|4256500|0.9946488082|89.249840
2026-02-09|363|BG|116.110001|118.870003|115.000000|118.650002|1514300|0.9821514316|116.532272
2026-02-09|364|PFG|96.839996|97.709999|95.730003|95.930000|2162100|0.9832413887|94.322342
2026-02-09|365|ELV|334.399994|339.570007|324.670013|327.500000|1966500|0.9898456688|324.174438
2026-02-09|366|CNC|38.430000|38.880001|37.709999|38.040001|7871500|1.0000000000|38.040001
2026-02-09|367|PRU|102.110001|103.750000|102.110001|102.199997|1884400|0.9622422893|98.341156
2026-02-09|368|NFLX|82.180000|82.209999|79.870003|81.470001|42200200|1.0000000000|81.470001
2026-02-09|369|NDAQ|84.669998|86.639999|84.500000|86.300003|7114200|0.9932805958|85.720123
2026-02-09|370|WYNN|117.900002|119.190002|116.610001|116.940002|2126700|0.9927789107|116.095573
2026-02-09|371|CME|302.269989|307.839996|301.679993|307.239990|2350600|0.9716146686|298.518890
2026-02-09|372|STX|424.040009|438.549988|415.000000|425.000000|3188600|0.9975473958|423.957642
2026-02-09|373|NRG|154.169998|158.350006|152.789993|155.720001|1744300|0.9934205862|154.695465
2026-02-09|374|AIZ|242.229996|244.429993|234.179993|235.320007|382900|0.9925480196|233.566406
2026-02-09|375|CBRE|168.960007|171.539993|167.690002|170.979996|1005500|1.0000000000|170.979996
2026-02-09|376|CRM|189.300003|195.199997|185.729996|194.029999|12112000|0.9949373630|193.047699
2026-02-09|377|DPZ|395.000000|395.940002|389.000000|392.160004|837700|0.9888611209|387.791809
2026-02-09|378|EXR|140.589996|141.020004|139.050003|140.360001|912800|0.9779070040|137.259018
2026-02-09|379|GOOG|321.239990|327.739990|317.700012|324.399994|26103300|0.9986949468|323.976654
2026-02-09|380|GOOGL|320.929993|327.700012|317.260010|324.320007|39640100|0.9986999831|323.898407
2026-02-09|381|DLR|170.449997|173.130005|167.789993|172.130005|2249100|0.9866588059|169.833588
2026-02-09|382|MPWR|1216.000000|1240.900024|1180.219971|1206.180054|660900|0.9964842129|1201.939331
2026-02-09|383|LVS|57.410000|58.070000|55.730000|57.180000|4678000|0.9879067226|56.488506
2026-02-09|384|DXCM|69.010002|70.209999|67.870003|70.160004|4031500|1.0000000000|70.160004
2026-02-09|385|BLDR|125.180000|125.910004|122.959999|124.300003|1365900|1.0000000000|124.300003
2026-02-09|386|WBD|27.340000|27.420000|27.049999|27.209999|16493500|1.0000000000|27.209999
2026-02-09|387|EXPE|235.250000|241.479996|234.570007|236.449997|2957200|0.9942877675|235.099365
2026-02-09|388|CF|92.800003|95.180000|92.720001|94.940002|1727000|0.9855673857|93.569771
2026-02-09|389|AMP|539.950012|545.349976|537.599976|539.109985|679800|0.9932580907|535.475342
2026-02-09|390|ICE|168.460007|170.869995|168.270004|169.479996|3332300|0.9930916239|168.309158
2026-02-09|391|PSKY|10.500000|10.690000|10.310000|10.680000|7458900|0.9901049837|10.574322
2026-02-09|392|LYV|140.960007|148.210007|140.449997|147.910004|2938000|1.0000000000|147.910004
2026-02-09|393|CMG|39.230000|39.750000|38.660000|39.590000|17172700|1.0000000000|39.590000
2026-02-09|394|UAL|115.459999|116.610001|114.459999|116.199997|4825700|1.0000000000|116.199997
2026-02-09|395|TDG|1279.369995|1305.849976|1276.109985|1300.099976|432800|1.0000000000|1300.099976
2026-02-09|396|MA|543.710022|546.559998|534.200012|535.330017|4110300|0.9966137732|533.517273
2026-02-09|397|LDOS|194.320007|195.940002|193.220001|194.580002|659800|0.9940154778|193.415543
2026-02-09|398|FSLR|221.300003|224.460007|217.320007|222.130005|2650900|1.0000000000|222.130005
2026-02-09|399|BR|181.350006|182.929993|175.860001|181.050003|2401200|0.9878384663|178.848160
2026-02-09|400|SMCI|33.209999|33.910000|32.650002|33.529999|32251900|1.0000000000|33.529999
2026-02-09|401|TMUS|196.710007|198.240005|195.119995|197.660004|4728500|0.9898439218|194.529831
2026-02-09|402|DAL|75.199997|75.720001|74.500000|75.000000|7613200|0.9922015511|74.415123
2026-02-09|403|IBKR|74.720001|78.620003|74.349998|78.419998|3909300|0.9979162811|78.256599
2026-02-09|404|PODD|243.259995|247.250000|240.330002|245.570007|686400|1.0000000000|245.570007
2026-02-09|405|TEL|216.199997|226.919998|214.699997|226.460007|2821100|0.9892434805|224.024078
2026-02-09|406|BX|128.110001|131.800003|127.019997|131.419998|8577100|0.9808140125|128.898575
2026-02-09|407|LULU|173.000000|175.889999|170.270004|175.679993|1664900|1.0000000000|175.679993
2026-02-09|408|ULTA|690.000000|700.809998|689.000000|696.250000|560100|1.0000000000|696.250000
2026-02-09|409|MSCI|557.000000|568.479980|550.340027|559.390015|937600|0.9889531620|553.210571
2026-02-09|410|ECHO|113.500000|115.519997|111.019997|115.190002|3301800|1.0000000000|115.190002
2026-02-09|411|PM|182.169998|183.850006|178.580002|181.830002|5384300|0.9830023955|178.739319
2026-02-09|412|V|330.760010|332.820007|323.619995|325.579987|8513400|0.9940309283|323.636597
2026-02-09|413|AWK|124.330002|124.540001|121.279999|122.949997|1828400|0.9796942856|120.453415
2026-02-09|414|KDP|28.330000|28.540001|27.850000|28.510000|12899900|0.9842341174|28.060516
2026-02-09|415|SW|44.139999|44.400002|43.389999|44.049999|6131500|0.9711821711|42.780575
2026-02-09|416|AVGO|330.769989|352.339996|330.649994|343.940002|30091000|0.9963298147|342.677673
2026-02-09|417|VRSK|178.649994|180.000000|174.649994|178.199997|3526100|0.9947617775|177.266541
2026-02-09|418|DG|146.979996|149.880005|146.869995|147.369995|2247000|0.9902299309|145.930191
2026-02-09|419|FTNT|82.269997|86.169998|81.370003|85.930000|9897000|1.0000000000|85.930000
2026-02-09|420|CHTR|231.139999|238.649994|227.000000|238.250000|2145300|1.0000000000|238.250000
2026-02-09|421|FERG|263.100006|265.000000|260.019989|261.609985|841800|0.9887782143|258.674225
2026-02-09|422|GNRC|183.600006|186.000000|180.869995|185.830002|930000|1.0000000000|185.830002
2026-02-09|423|LYB|54.730000|55.869999|53.700001|55.470001|3447200|0.9677851714|53.683044
2026-02-09|424|CBOE|274.750000|280.890015|271.720001|280.880005|1015500|0.9954503651|279.602112
2026-02-09|425|TSLA|409.910004|421.250000|407.290009|417.320007|54484300|1.0000000000|417.320007
2026-02-09|426|KKR|103.230003|108.410004|102.650002|107.290001|11737700|0.9943370554|106.682426
2026-02-09|427|NXPI|221.410004|229.270004|221.300003|228.910004|2606800|0.9914738451|226.958282
2026-02-09|428|GM|82.269997|82.400002|80.580002|80.680000|9766800|0.9954799629|80.315323
2026-02-09|429|TRGP|211.169998|218.070007|209.600006|217.699997|1469800|0.9903678073|215.603073
2026-02-09|430|CPAY|355.000000|361.230011|351.220001|355.910004|630500|1.0000000000|355.910004
2026-02-09|431|KMI|30.480000|31.120001|30.459999|30.990000|11713100|0.9816636474|30.421757
2026-02-09|432|HCA|500.440002|505.000000|495.929993|497.540009|597700|0.9965176399|495.807404
2026-02-09|433|HII|401.000000|414.459991|398.059998|405.820007|610700|0.9925978670|400.946228
2026-02-09|434|APO|134.339996|140.169998|133.649994|133.949997|6152100|0.9875780044|132.286072
2026-02-09|435|MPC|204.050003|206.449997|202.309998|204.259995|2004800|0.9885237030|201.915848
2026-02-09|436|XYL|141.160004|142.970001|139.940002|140.190002|2956300|0.9889650951|138.643021
2026-02-09|437|APTV|82.379997|84.269997|82.120003|83.370003|1819400|1.0000000000|83.370003
2026-02-09|438|PSX|159.000000|159.050003|156.139999|157.500000|2118500|0.9794981865|154.270981
2026-02-09|439|AMCR|47.730000|48.660000|47.099998|48.410000|5383200|0.9708736970|46.999996
2026-02-09|440|META|663.179993|683.309998|658.780029|677.219971|14837500|0.9982193806|676.014099
2026-02-09|441|NOW|100.000000|104.250000|98.000000|103.870003|23127400|1.0000000000|103.870003
2026-02-09|442|PANW|159.800003|166.750000|156.369995|166.000000|20917700|1.0000000000|166.000000
2026-02-09|443|FANG|165.910004|167.479996|164.919998|165.960007|1738400|0.9832059760|163.172867
2026-02-09|444|WDAY|149.710007|154.800003|147.350006|154.559998|9167400|1.0000000000|154.559998
2026-02-09|445|ABBV|223.419998|223.960007|220.119995|223.259995|6767700|0.9847626719|219.858124
2026-02-09|446|NCLH|22.900000|23.219999|22.620001|22.850000|13582100|1.0000000000|22.850000
2026-02-09|447|ZTS|127.089996|128.220001|126.339996|127.300003|3176000|0.9887765322|125.871262
2026-02-09|448|IQV|187.259995|193.259995|185.149994|192.669998|2045100|1.0000000000|192.669998
2026-02-09|449|NWS|25.820000|26.430000|25.570000|26.270000|1931400|0.9963262306|26.173491
2026-02-09|450|NWSA|22.450001|22.910000|22.200001|22.740000|7581200|0.9958385353|22.645369
2026-02-09|451|CDW|141.160004|144.009995|140.600006|143.440002|1298800|0.9844137869|141.204315
2026-02-09|452|VEEV|183.889999|185.899994|180.320007|184.610001|2179100|1.0000000000|184.610001
2026-02-09|453|ALLE|179.399994|180.669998|177.690002|177.940002|797600|0.9921390873|176.541229
2026-02-09|454|HLT|312.880005|314.690002|311.250000|314.029999|2086400|0.9986088702|313.593140
2026-02-09|455|ARES|132.860001|137.669998|131.020004|137.250000|3820900|0.9767290545|134.056061
2026-02-09|456|ANET|138.279999|142.270004|136.054993|141.740005|6801400|1.0000000000|141.740005
2026-02-09|457|SYF|74.709999|75.430000|73.864998|73.949997|7628300|0.9916769819|73.334503
2026-02-09|458|CFG|67.599998|68.660004|67.599998|67.699997|4987100|0.9864525111|66.782829
2026-02-09|459|KEYS|229.649994|237.009995|229.544998|235.929993|1371900|1.0000000000|235.929993
2026-02-09|460|GDDY|96.550003|98.699997|95.650002|98.070000|1663100|1.0000000000|98.070000
2026-02-09|461|KHC|24.575001|24.688999|24.355000|24.580000|13291300|0.9659839010|23.743885
2026-02-09|462|PYPL|40.209999|41.270000|39.810001|41.150002|26034300|0.9937057617|40.890995
2026-02-09|463|LITE|556.719971|599.500000|555.349976|577.150024|5903800|1.0000000000|577.150024
2026-02-09|464|HPE|23.410000|24.070000|23.299999|23.910000|14122000|0.9906947030|23.687511
2026-02-09|465|XYZ|56.049999|57.509998|55.540001|56.779999|7350200|1.0000000000|56.779999
2026-02-09|466|FTV|60.139999|60.715000|59.689999|60.700001|3345500|0.9979248563|60.574043
2026-02-09|467|DELL|120.300003|122.000000|117.860001|120.910004|5016800|0.9952707496|120.338188
2026-02-09|468|TTD|27.120001|27.260000|26.670000|27.040001|8224900|1.0000000000|27.040001
2026-02-09|469|VST|150.000000|155.779999|147.779999|152.970001|5097000|0.9972411805|152.547989
2026-02-09|470|HWM|222.479996|226.119995|220.380005|225.149994|3054200|0.9990766853|224.942108
2026-02-09|471|INVH|26.280001|26.535000|26.120001|26.440001|5683800|0.9779475029|25.856932
2026-02-09|472|CVNA|400.600014|413.680000|392.999992|411.609993|1658100|0.2000000000|82.321999
2026-02-09|473|IR|97.910004|99.535004|97.650002|98.389999|4794500|0.9992655835|98.317734
2026-02-09|474|VICI|28.680000|29.160000|28.590000|29.059999|8764300|0.9677245240|28.122076
2026-02-09|475|VRT|196.779999|208.429993|195.835007|202.000000|7638400|0.9995540701|201.909927
2026-02-09|476|MRNA|41.070000|41.999001|40.169998|41.950001|7378800|1.0000000000|41.950001
2026-02-09|477|FOXA|64.930000|65.610001|62.349998|62.849998|5490700|0.9951185496|62.543201
2026-02-09|478|FOX|58.299999|59.279999|56.610001|56.750000|1988400|0.9946544484|56.446640
2026-02-09|479|DOW|31.500000|32.540001|31.020000|32.080002|10275400|0.9783459966|31.385342
2026-02-09|480|UBER|74.760002|74.815002|73.510002|73.910004|17959100|1.0000000000|73.910004
2026-02-09|481|CTVA|71.919998|73.860001|71.839996|73.620003|4262400|0.9954590981|73.285698
2026-02-09|482|CRWD|396.184998|410.750000|386.253998|408.040009|2825900|0.2500000000|102.010002
2026-02-09|483|DDOG|115.050003|115.849998|111.480003|114.010002|10282900|1.0000000000|114.010002
2026-02-09|484|CARR|63.709999|65.385002|63.290001|65.320000|8375700|0.9928803129|64.854950
2026-02-09|485|OTIS|89.760002|90.690002|89.238998|89.300003|2915700|0.9834662418|87.823540
2026-02-09|486|PLTR|136.580002|145.869995|134.776001|142.910004|58042500|1.0000000000|142.910004
2026-02-09|487|DASH|181.279999|186.324997|178.139999|186.240005|6403600|1.0000000000|186.240005
2026-02-09|488|ABNB|121.809998|122.489998|120.250000|121.309998|4915200|1.0000000000|121.309998
2026-02-09|489|EXE|104.510002|106.500000|100.570000|103.239998|6714100|0.9826864450|101.452545
2026-02-09|490|COIN|160.100006|167.570007|159.009995|167.250000|10618500|1.0000000000|167.250000
2026-02-09|491|APP|421.339996|471.730011|419.519989|460.380005|10320500|1.0000000000|460.380005
2026-02-09|492|HOOD|84.879997|88.599998|82.830002|86.559998|41278100|1.0000000000|86.559998
2026-02-09|493|CEG|263.125000|272.920013|260.690002|272.149994|4182000|0.9955820742|270.947662
2026-02-09|494|GEHC|80.001999|80.500000|78.589996|79.080002|3171000|0.9989494212|78.996918
2026-02-09|495|KVUE|18.100000|18.209999|17.982000|18.180000|91503300|0.9661066365|17.563818
2026-02-09|496|VLTO|90.800003|93.407997|90.589996|92.690002|3589200|0.9970188523|92.413673
2026-02-09|497|RDDT|139.389999|145.938004|136.610001|141.740005|8487300|1.0000000000|141.740005
2026-02-09|498|SOLV|77.489998|78.360001|76.900002|78.070000|820100|1.0000000000|78.070000
2026-02-09|499|GEV|776.210022|814.859985|771.010010|801.539978|3105800|0.9988852954|800.646484
2026-02-09|500|SNDK|592.164978|603.979980|551.510010|583.400024|15290700|1.0000000000|583.400024
2026-02-09|501|Q|98.510002|106.290001|97.629997|105.199997|2784200|0.9988559230|105.079643
