date|security_id|ticker|open|high|low|close|volume|adj_factor|adj_close_vendor
2026-02-24|1|AEP|131.460007|132.559998|130.270004|132.389999|3209200|0.9852885257|130.442352
2026-02-24|2|BA|229.270004|236.130005|228.389999|233.389999|4408900|1.0000000000|233.389999
2026-02-24|3|CAT|755.000000|773.940002|751.690002|768.229980|2615300|0.9962516275|765.350403
2026-02-24|4|CNP|42.849998|42.880001|42.310001|42.799999|8864700|0.9886466776|42.314079
2026-02-24|5|CVX|185.289993|185.960007|183.850006|185.339996|7451800|0.9823507513|182.068893
2026-02-24|6|DIS|104.449997|107.230003|103.980003|106.050003|13594800|0.9923958226|105.243576
2026-02-24|7|DTE|145.660004|146.300003|143.800003|146.089996|1066100|0.9843774065|143.807693
2026-02-24|8|ED|110.260002|111.440002|110.000000|111.010002|6871300|0.9836258984|109.192322
2026-02-24|9|GD|347.980011|353.040009|346.000000|351.179993|682100|0.9910149667|348.024628
2026-02-24|10|GE|337.980011|346.799988|330.720001|345.640015|6171900|0.9973022307|344.707581
2026-02-24|11|HON|243.060006|245.410001|243.060006|243.609997|2575500|1.0347776740|252.082199
2026-02-24|12|HPQ|18.389999|18.809999|18.000000|18.200001|27599400|0.9721972446|17.693991
2026-02-24|13|IBM|227.800003|236.589996|223.630005|229.320007|13379800|0.9856234381|226.023178
2026-02-24|14|IP|44.080002|45.160000|43.950001|44.020000|5571700|0.9742073595|42.884609
2026-02-24|15|JNJ|245.350006|247.250000|244.539993|246.279999|7246300|0.9894021702|243.669968
2026-02-24|16|KO|80.540001|81.089996|79.849998|80.720001|16448500|0.9867998793|79.654488
2026-02-24|17|KR|68.309998|69.809998|68.300003|69.760002|5711000|0.9879807975|68.921547
2026-02-24|18|LMT|658.289978|669.099976|652.570007|664.429993|1361500|0.9882876617|656.647949
2026-02-24|19|MMM|165.509995|168.289993|165.500000|166.460007|2468500|0.9905187908|164.881760
2026-02-24|20|MO|68.790001|69.279999|68.180000|69.250000|7049600|0.9690282260|67.105209
2026-02-24|21|MRK|123.410004|124.839996|122.629997|123.930000|8460300|0.9855603323|122.140495
2026-02-24|22|MSI|465.839996|471.670013|460.700012|470.850006|878600|0.9943844568|468.205933
2026-02-24|23|PG|164.899994|166.869995|163.940002|165.279999|9709500|0.9851719538|162.829224
2026-02-24|24|XOM|150.419998|150.720001|148.029999|149.259995|14185500|0.9868681737|147.299942
2026-02-24|25|RTX|200.000000|200.710007|197.000000|198.460007|10157300|0.9925545778|196.982391
2026-02-24|26|MCD|335.309998|336.000000|332.329987|333.049988|2756900|0.9877457529|328.968689
2026-02-24|27|AXP|320.489990|323.589996|316.070007|320.480011|7925900|0.9941272834|318.597931
2026-02-24|28|BMY|61.110001|61.910000|61.009998|61.599998|13237900|0.9787458882|60.290745
2026-02-24|29|DD|50.320002|51.200002|50.320002|51.070002|2532300|2.9761992776|151.994507
2026-02-24|30|DE|643.299988|647.809998|634.760010|644.539978|1399200|0.9945059901|640.998901
2026-02-24|31|EMR|146.009995|151.429993|145.470001|150.880005|2927800|0.9926085470|149.764786
2026-02-24|32|ETN|364.000000|377.750000|363.170013|374.559998|2387200|0.9917042798|371.452728
2026-02-24|33|ETR|105.010002|105.650002|104.010002|105.199997|2857100|0.9886701734|104.008095
2026-02-24|34|F|13.770000|14.330000|13.730000|14.200000|73560800|0.9769709546|13.872987
2026-02-24|35|HAL|35.360001|35.970001|34.889999|35.790001|10966800|0.9909628646|35.466564
2026-02-24|36|LLY|1042.949951|1058.900024|1024.079956|1042.150024|2803100|0.9968530383|1038.870483
2026-02-24|37|PCG|18.520000|18.709999|18.389999|18.660000|11934700|0.9942476518|18.552660
2026-02-24|38|PEP|168.229996|169.789993|167.770004|169.539993|6319800|0.9808256472|166.289169
2026-02-24|39|PFE|27.139999|27.420000|27.080000|27.139999|34686100|0.9668473999|26.240238
2026-02-24|40|TXN|220.720001|224.169998|209.589996|213.350006|9494300|0.9898764050|211.190125
2026-02-24|41|WFC|84.400002|85.190002|82.470001|84.570000|18817700|0.9886393471|83.609230
2026-02-24|42|HUBB|518.159973|533.000000|518.159973|526.750000|30|0.9943029521|523.749084
2026-02-24|43|WMT|125.900002|128.039993|124.910004|126.750000|20161200|0.9936722171|125.947945
2026-02-24|44|AIG|79.669998|80.190002|78.839996|79.839996|3253300|0.9875732230|78.847847
2026-02-24|45|AVY|197.449997|199.539993|196.009995|197.449997|432800|0.9887328339|195.225296
2026-02-24|46|BAC|50.740002|50.880001|49.470001|50.410000|53062700|0.9892387825|49.867523
2026-02-24|47|BALL|67.260002|67.699997|66.339996|66.519997|2212500|0.9933732915|66.079193
2026-02-24|48|BDX|185.000000|187.350006|182.320007|182.490005|2986900|0.9866980137|180.062531
2026-02-24|49|CLX|127.139999|128.070007|125.910004|126.650002|1131900|0.9761478543|123.629128
2026-02-24|50|CMI|587.000000|600.690002|587.000000|600.479980|677600|0.9931721942|596.380066
2026-02-24|51|CMS|76.220001|76.779999|75.610001|76.779999|3848600|0.9843492113|75.578331
2026-02-24|52|CVS|76.959999|76.959999|72.919998|74.180000|12199400|0.9851999130|73.082130
2026-02-24|53|ECL|308.190002|309.269989|305.670013|308.160004|1100100|0.9946163507|306.500977
2026-02-24|54|ES|74.830002|75.279999|73.959999|75.129997|2336800|0.9779292778|73.471825
2026-02-24|55|EVRG|82.180000|82.690002|80.980003|82.500000|2194800|0.9752573788|80.458733
2026-02-24|56|GWW|1117.930054|1130.969971|1112.640015|1126.680054|129100|0.9960365882|1122.214478
2026-02-24|57|LNT|71.949997|72.099998|70.669998|71.629997|2911200|0.9850786184|70.561180
2026-02-24|58|MKC|69.610001|70.480003|69.370003|70.000000|1506500|0.9822640876|68.758484
2026-02-24|59|MRSH|175.360001|178.539993|174.149994|178.429993|3973900|0.9892843147|176.518005
2026-02-24|60|NEE|94.400002|95.839996|93.919998|95.680000|11597600|0.9860055271|93.636871
2026-02-24|61|NI|46.099998|46.700001|45.700001|46.419998|5336800|0.9871584841|45.823895
2026-02-24|62|PNW|99.580002|100.650002|98.400002|100.050003|1980200|0.9822795276|98.277069
2026-02-24|63|RVTY|97.129997|99.480003|97.129997|97.620003|705500|0.9985919505|97.482552
2026-02-24|64|SNA|383.980011|387.510010|383.410004|387.040009|254700|0.9870969475|382.046021
2026-02-24|65|SPGI|402.300013|419.659999|400.520003|418.270009|3305600|0.9395781501|392.997314
2026-02-24|66|TER|323.019989|332.420013|316.589996|329.089996|2271300|0.9996224662|328.965759
2026-02-24|67|TGT|113.400002|115.580002|113.400002|115.519997|4977600|0.9830946401|113.567085
2026-02-24|68|TXT|98.739998|99.709999|97.919998|98.989998|1147800|0.9995682296|98.947258
2026-02-24|69|VMC|311.809998|318.100006|309.519989|317.890015|1347600|0.9942812010|316.072083
2026-02-24|70|XEL|83.320000|84.000000|83.070000|83.910004|4825300|0.9852321471|82.670830
2026-02-24|71|ITW|293.850006|296.500000|293.470001|294.559998|1189400|0.9877340632|290.946930
2026-02-24|72|CL|97.300003|98.199997|96.400002|98.110001|5419700|0.9881586198|96.948250
2026-02-24|73|EXC|48.200001|48.630001|47.650002|48.590000|6444100|0.9822723358|47.728615
2026-02-24|74|MDT|98.540001|98.730003|96.570000|96.750000|7614100|0.9830319865|95.108345
2026-02-24|75|BNY|114.919998|117.440002|114.110001|116.550003|4149100|0.9920974180|115.628960
2026-02-24|76|EIX|74.699997|75.500000|74.050003|75.239998|3602000|0.9764773062|73.470154
2026-02-24|77|FRT|108.639999|109.400002|107.650002|107.699997|716700|0.9803038504|105.578720
2026-02-24|78|PNR|102.000000|103.150002|101.309998|102.930000|1494800|0.9926207111|102.170448
2026-02-24|79|USB|55.369999|55.820000|54.549999|55.029999|9373600|0.9813809589|54.005394
2026-02-24|80|WY|25.049999|25.150000|24.600000|24.889999|5142700|0.9829820427|24.466423
2026-02-24|81|SYY|89.500000|90.169998|88.919998|89.870003|2442600|0.9859824728|88.610245
2026-02-24|82|WRB|70.760002|71.730003|69.949997|71.629997|2037600|0.9910634494|70.989876
2026-02-24|83|IFF|82.589996|83.750000|82.070000|82.110001|1205000|0.9889000540|81.198586
2026-02-24|84|TAP|49.540001|50.160000|49.299999|49.889999|2673800|0.9780980891|48.235081
2026-02-24|85|PNC|219.279999|220.570007|216.229996|217.910004|2579800|0.9845274632|214.538376
2026-02-24|86|TRV|304.440002|308.059998|302.100006|305.429993|1146700|0.9922238191|303.054901
2026-02-24|87|C|109.449997|111.400002|107.500000|109.559998|14981000|0.9902572054|108.492569
2026-02-24|88|FDX|383.709982|389.580001|382.630015|386.559987|898500|0.7995464875|309.072693
2026-02-24|89|WDC|281.940002|284.000000|267.850006|270.570007|8679700|0.9992611044|270.370087
2026-02-24|90|DHR|210.380005|212.500000|209.050003|209.190002|3176000|0.9958070237|208.312866
2026-02-24|91|APA|28.799999|28.799999|28.160000|28.620001|3973100|0.9864084367|28.231009
2026-02-24|92|LUV|50.680000|51.430000|50.169998|50.639999|9321300|0.9913697990|50.202965
2026-02-24|93|PEG|86.260002|86.470001|84.989998|86.239998|1773000|0.9834778438|84.815125
2026-02-24|94|UNP|263.790009|267.250000|263.790009|266.660004|2385400|0.9896596115|263.902649
2026-02-24|95|ABT|115.059998|115.370003|113.820000|114.580002|9017200|0.9867277802|113.059280
2026-02-24|96|ADI|359.000000|362.489990|355.640015|356.089996|4541300|0.9941555324|354.008820
2026-02-24|97|ADM|67.650002|68.720001|66.879997|68.019997|2350700|0.9871845133|67.148293
2026-02-24|98|ADP|205.729996|207.779999|203.259995|205.679993|5808000|0.9843371720|202.458466
2026-02-24|99|AFL|112.160004|113.029999|111.309998|112.459999|1678000|0.9898631333|111.320007
2026-02-24|100|AMAT|376.589996|380.510010|368.000000|377.929993|5711800|0.9976914901|377.057556
2026-02-24|101|AMD|211.630005|216.710007|206.500000|213.839996|81367000|1.0000000000|213.839996
2026-02-24|102|APD|284.549988|284.829987|278.799988|279.470001|1226400|0.9876339339|276.014069
2026-02-24|103|BF-B|30.350000|30.459999|29.959999|30.420000|3235200|0.9822921615|29.881327
2026-02-24|104|CHD|105.360001|106.040001|104.300003|105.080002|1472900|0.9937159244|104.419662
2026-02-24|105|CINF|160.490005|161.699997|159.270004|160.729996|1182400|0.9887134133|158.915909
2026-02-24|106|CMCSA|31.480000|31.850000|31.360001|31.610001|20735400|0.9752182964|30.826651
2026-02-24|107|D|64.169998|64.339996|63.049999|63.740002|6820800|0.9796460230|62.442638
2026-02-24|108|DOV|231.330002|233.850006|229.910004|231.350006|1048600|0.9952693212|230.255554
2026-02-24|109|DUK|127.860001|128.570007|126.519997|128.460007|4231900|0.9827918175|126.249451
2026-02-24|110|EFX|188.080002|197.850006|187.220001|194.320007|1525000|0.9938812654|193.131027
2026-02-24|111|EQT|58.950001|59.110001|57.630001|58.410000|8558100|0.9940720641|58.063747
2026-02-24|112|FITB|50.500000|50.889999|49.599998|50.200001|8494700|0.9840657827|49.400105
2026-02-24|113|GIS|45.560001|46.000000|44.910000|45.419998|5792700|0.9666684497|43.906078
2026-02-24|114|GPC|118.190002|121.010002|117.839996|118.820000|2379000|0.9802432378|116.472504
2026-02-24|115|HAS|98.980003|100.470001|98.809998|99.800003|1153500|0.9844894224|98.252052
2026-02-24|116|HBAN|17.100000|17.209999|16.840000|17.020000|27065700|0.9810694650|16.697803
2026-02-24|117|HRL|25.330000|25.840000|25.309999|25.799999|5280200|0.9742790885|25.136400
2026-02-24|118|HST|19.770000|19.930000|19.490000|19.889999|8462100|0.9529227702|18.953632
2026-02-24|119|HSY|225.830002|230.479996|225.830002|230.210007|1618900|0.9846288447|226.671417
2026-02-24|120|INTC|44.099998|46.599998|43.540001|46.119999|98872300|1.0000000000|46.119999
2026-02-24|121|J|132.190002|135.539993|131.740005|134.529999|1048700|0.9944174758|133.778976
2026-02-24|122|JPM|296.820007|299.750000|291.380005|297.299988|13554100|0.9904464778|294.459717
2026-02-24|123|KMB|110.449997|111.410004|109.930000|111.110001|3907300|0.9744151054|108.267258
2026-02-24|124|L|108.410004|109.430000|107.879997|109.339996|757100|0.9982870407|109.152702
2026-02-24|125|LEN|116.000000|118.099998|115.629997|116.400002|1316600|0.9888298730|115.099800
2026-02-24|126|LOW|278.109985|281.170013|277.089996|278.589996|3284700|0.9891098782|275.556122
2026-02-24|127|MAS|74.180000|75.400002|73.779999|73.879997|2330300|0.9908891403|73.206886
2026-02-24|128|MTB|221.300003|222.210007|218.039993|218.520004|1249100|0.9861939937|215.503128
2026-02-24|129|NEM|120.519997|124.760002|119.120003|124.089996|9641800|0.9956554334|123.550888
2026-02-24|130|NTRS|139.720001|142.559998|138.830002|141.410004|929200|0.9898281838|139.971603
2026-02-24|131|NUE|178.500000|178.559998|174.929993|175.149994|1696700|0.9941593298|174.126999
2026-02-24|132|OMC|80.760002|83.860001|80.500000|82.459999|5218400|0.9796477026|80.781754
2026-02-24|133|PCAR|125.930000|127.169998|125.529999|126.250000|3375700|0.9942707430|125.526688
2026-02-24|134|PGR|203.020004|206.330002|201.050003|206.080002|2916900|0.9990392069|205.881989
2026-02-24|135|PH|1013.000000|1026.290039|1006.590027|1023.020020|432900|0.9977448271|1020.712891
2026-02-24|136|PHM|140.339996|142.740005|140.220001|140.899994|1112200|0.9957597479|140.302551
2026-02-24|137|PPG|125.709999|126.860001|125.160004|125.550003|1545100|0.9873814378|123.965744
2026-02-24|138|PPL|37.389999|38.130001|37.060001|38.119999|25234000|0.9846479678|37.534779
2026-02-24|139|RF|28.629999|28.850000|28.280001|28.440001|15307100|0.9811037357|27.902592
2026-02-24|140|ROL|60.360001|60.610001|59.709999|60.509998|2961500|0.9887685295|59.830383
2026-02-24|141|SHW|367.209991|368.820007|363.220001|364.730011|1759700|0.9929181711|362.147064
2026-02-24|142|STT|124.470001|128.000000|123.410004|127.230003|1567900|0.9884428745|125.759590
2026-02-24|143|SWK|87.389999|90.500000|87.389999|89.250000|1108000|0.9785642065|87.336853
2026-02-24|144|SYK|384.269989|385.959991|379.130005|381.329987|1325900|0.9946461548|379.288422
2026-02-24|145|TMO|516.010010|521.630005|513.210022|515.599976|1314400|0.9980119596|514.574951
2026-02-24|146|TPL|503.700012|533.840027|494.519989|531.950012|877200|0.9973306248|530.530029
2026-02-24|147|TSN|62.840000|63.549999|62.790001|63.419998|2412400|0.9836914879|62.385712
2026-02-24|148|TT|460.500000|464.790009|457.049988|463.730011|1551600|0.9953350758|461.566742
2026-02-24|149|TYL|317.329987|330.339996|316.670013|323.779999|737800|1.0000000000|323.779999
2026-02-24|150|UDR|37.259998|37.639999|37.130001|37.540001|2645100|0.9803230978|36.801331
2026-02-24|151|VTRS|16.040001|16.430000|15.980000|16.070000|14806800|0.9769695342|15.699901
2026-02-24|152|WEC|115.160004|116.080002|114.099998|115.900002|1528400|0.9829379991|113.922508
2026-02-24|153|WST|243.839996|248.630005|241.580002|245.380005|675500|0.9985945833|245.035141
2026-02-24|154|NDSN|289.950012|295.660004|289.950012|294.820007|532200|0.9941183690|293.085968
2026-02-24|155|TFC|49.930000|50.380001|49.189999|49.660000|6752900|0.9798350561|48.658607
2026-02-24|156|WELL|209.729996|210.149994|206.320007|209.300003|2511700|0.9893392873|207.068741
2026-02-24|157|AON|316.959991|321.299988|312.579987|319.329987|1471200|0.9951005240|317.765442
2026-02-24|158|GL|143.729996|143.970001|141.440002|142.289993|389000|0.9958260151|141.696075
2026-02-24|159|OKE|86.989998|87.449997|81.309998|82.889999|8610200|0.9765151605|80.943344
2026-02-24|160|KLAC|1507.769928|1530.000000|1475.549927|1506.649933|666900|0.0997597720|150.303070
2026-02-24|161|CSX|41.869999|42.590000|41.799999|42.470001|10184400|0.9936713984|42.201225
2026-02-24|162|PSA|304.570007|307.290009|301.429993|304.109985|865500|0.9808120164|298.274719
2026-02-24|163|NKE|63.279999|64.699997|62.599998|64.089996|14296100|0.9845960180|63.102753
2026-02-24|164|AAPL|267.859985|274.890015|267.709991|272.140015|47014600|0.9982185855|271.655243
2026-02-24|165|BRO|69.019997|70.489998|68.620003|69.839996|3141600|0.9947741799|69.475029
2026-02-24|166|UHS|232.220001|232.490005|227.449997|229.979996|525300|0.9976532391|229.440277
2026-02-24|167|HD|389.109985|394.350006|382.209991|384.480011|5675800|0.9859634354|379.083252
2026-02-24|168|BAX|21.200001|21.410000|20.580000|20.629999|7121100|0.9989896155|20.601208
2026-02-24|169|COP|110.239998|110.900002|108.400002|110.589996|5152200|0.9860463925|109.046867
2026-02-24|170|GLW|148.000000|152.910004|145.750000|151.589996|15041600|0.9966096046|151.076050
2026-02-24|171|HUM|180.500000|180.889999|173.270004|174.639999|2041800|0.9926050698|173.348541
2026-02-24|172|LHX|353.790009|356.299988|348.899994|354.269989|810800|0.9925076273|351.615662
2026-02-24|173|NOC|726.559998|734.580017|710.469971|727.729980|735000|0.9956180811|724.541138
2026-02-24|174|OXY|52.340000|52.490002|51.070000|51.950001|9470800|0.9906984712|51.466782
2026-02-24|175|ROK|387.760010|407.170013|387.600006|405.299988|1245200|0.9938632005|402.812744
2026-02-24|176|SLB|51.470001|52.330002|51.209999|51.849998|12787500|0.9947843000|51.579563
2026-02-24|177|SO|95.150002|95.980003|94.139999|95.809998|5087100|0.9836658196|94.245018
2026-02-24|178|WMB|72.989998|73.620003|71.839996|73.500000|5778000|0.9855810767|72.440208
2026-02-24|179|VLO|197.410004|199.500000|194.580002|199.330002|1896700|0.9914397807|197.623688
2026-02-24|180|CI|283.510010|284.720001|277.170013|281.000000|2287500|0.9887906885|277.850159
2026-02-24|181|NSC|313.940002|316.299988|312.950012|316.089996|2378200|0.9917671837|313.487671
2026-02-24|182|COO|82.839996|83.720001|82.559998|83.559998|1634600|1.0000000000|83.559998
2026-02-24|183|AMGN|380.019989|383.200012|378.820007|382.869995|2454700|0.9867386103|377.792603
2026-02-24|184|RJF|152.570007|156.589996|152.199997|155.479996|1128600|0.9927317770|154.349930
2026-02-24|185|WSM|202.779999|209.929993|201.350006|208.970001|680300|0.9927167515|207.448029
2026-02-24|186|CAH|224.520004|226.050003|220.889999|225.970001|1434800|0.9954149217|224.933914
2026-02-24|187|CTAS|197.899994|199.720001|197.199997|198.550003|1858500|0.9947044338|197.498550
2026-02-24|188|PAYX|87.360001|90.330002|86.889999|88.480003|4120900|0.9771272923|86.456230
2026-02-24|189|BEN|26.940001|27.309999|26.690001|27.120001|5211800|0.9758021744|26.463757
2026-02-24|190|AOS|77.010002|77.949997|76.949997|77.199997|681900|0.9883617008|76.301521
2026-02-24|191|CASY|674.989990|684.609985|669.549988|681.479980|269100|0.9985579358|680.497253
2026-02-24|192|T|28.520000|28.799999|28.190001|28.350000|34541700|0.9765662530|27.685654
2026-02-24|193|VZ|49.779999|50.080002|49.389999|49.860001|23816700|0.9686690897|48.297844
2026-02-24|194|JBHT|223.119995|226.550003|220.850006|222.899994|675800|0.9964612666|222.111206
2026-02-24|195|ATO|181.779999|182.389999|180.410004|182.020004|720500|0.9884163190|179.911530
2026-02-24|196|LRCX|243.449997|247.759995|238.979996|244.250000|9087100|0.9981002163|243.785980
2026-02-24|197|MU|429.220001|436.269989|411.279999|418.010010|33389200|0.9994263974|417.770233
2026-02-24|198|AJG|213.449997|216.229996|209.440002|215.979996|2985000|0.9936444599|214.607315
2026-02-24|199|AME|231.929993|236.880005|231.919998|236.839996|965100|0.9969202115|236.110580
2026-02-24|200|SWKS|59.279999|61.459999|59.279999|59.900002|1814600|0.9913855858|59.383999
2026-02-24|201|EXPD|143.229996|147.119995|135.419998|138.830002|3193300|0.9948730934|138.118240
2026-02-24|202|UNH|282.200012|282.399994|271.799988|273.950012|9684500|0.9866504480|270.292908
2026-02-24|203|BBY|62.770000|64.230003|62.509998|62.730000|4101200|0.9720666083|60.977737
2026-02-24|204|DOC|17.309999|17.500000|17.190001|17.250000|6295000|0.9689596923|16.714554
2026-02-24|205|ADSK|217.539993|225.300003|215.009995|220.910004|2204300|1.0000000000|220.910004
2026-02-24|206|DVN|43.830002|43.840000|42.720001|43.279999|9065300|0.9877783076|42.751045
2026-02-24|207|NVR|7465.100098|7561.370117|7440.930176|7504.790039|26500|1.0000000000|7504.790039
2026-02-24|208|ROST|202.100006|202.309998|199.070007|200.550003|1883500|0.9959267541|199.733093
2026-02-24|209|JKHY|155.000000|158.580002|154.860001|156.179993|1085100|0.9919197584|154.918015
2026-02-24|210|MNST|84.580002|85.589996|84.260002|85.540001|5038000|0.5000000000|85.540001
2026-02-24|211|ORCL|140.839996|146.759995|138.729996|146.139999|21336600|0.9930647011|145.126480
2026-02-24|212|MSFT|384.140015|389.359985|381.709991|389.000000|33884700|0.9959638868|387.429932
2026-02-24|213|TROW|92.940002|95.000000|92.400002|94.800003|2059000|0.9736426638|92.301331
2026-02-24|214|COST|986.380005|998.880005|985.039978|998.429993|1671100|0.9969659831|995.400757
2026-02-24|215|ADBE|245.570007|258.250000|244.279999|255.169998|5529100|1.0000000000|255.169998
2026-02-24|216|FISV|58.320000|59.450001|57.900002|59.130001|6889400|1.0000000000|59.130001
2026-02-24|217|BKR|63.939999|65.199997|63.099998|64.720001|7618400|0.9930140272|64.267868
2026-02-24|218|CDNS|277.820007|293.850006|277.299988|290.630005|3039600|1.0000000000|290.630005
2026-02-24|219|TJX|158.070007|158.949997|157.020004|157.660004|5280900|0.9936003560|156.651031
2026-02-24|220|FICO|1277.069946|1279.310059|1193.099976|1227.630005|571400|1.0000000000|1227.630005
2026-02-24|221|CCL|30.320000|31.639999|30.080000|31.610001|15667800|0.9887339129|31.253880
2026-02-24|222|FAST|45.169998|45.650002|45.009998|45.459999|5318600|0.9892709750|44.972260
2026-02-24|223|SCHW|92.190002|94.550003|91.860001|93.120003|13635200|0.9935274715|92.517273
2026-02-24|224|JCI|143.210007|145.860001|142.600006|144.710007|8472900|0.9941759575|143.867203
2026-02-24|225|COHR|253.250000|261.329987|247.929993|254.860001|4618900|1.0000000000|254.860001
2026-02-24|226|KEY|21.020000|21.230000|20.600000|21.000000|18017200|0.9804836286|20.590157
2026-02-24|227|MOS|28.980000|29.190001|28.299999|28.490000|6727400|0.9816582705|27.967443
2026-02-24|228|MGM|34.400002|35.430000|34.250000|35.049999|3315700|1.0000000000|35.049999
2026-02-24|229|WM|230.729996|234.229996|229.360001|229.580002|2641500|0.9917417797|227.684067
2026-02-24|230|TECH|54.680000|57.669998|54.220001|57.599998|3063000|0.9970482740|57.429981
2026-02-24|231|IEX|206.910004|209.860001|206.910004|208.449997|448800|0.9931996195|207.032455
2026-02-24|232|GEN|21.590000|22.320000|21.530001|21.969999|6409100|0.9903038605|21.756975
2026-02-24|233|CRH|121.489998|122.849998|119.879997|122.660004|4558700|0.9889154582|121.300369
2026-02-24|234|EOG|122.949997|124.160004|121.160004|123.699997|6264000|0.9849854996|121.842705
2026-02-24|235|PTC|150.880005|155.210007|150.800003|153.570007|927100|1.0000000000|153.570007
2026-02-24|236|CSCO|77.739998|78.709999|77.470001|78.139999|19485100|0.9909035959|77.429207
2026-02-24|237|LH|285.200012|289.070007|284.410004|287.130005|602600|0.9947633093|285.015320
2026-02-24|238|TRMB|65.480003|67.389999|65.290001|66.739998|1469500|1.0000000000|66.739998
2026-02-24|239|AZO|3816.870117|3856.439941|3773.879883|3784.419922|100000|1.0000000000|3784.419922
2026-02-24|240|REGN|780.469971|792.669983|768.750000|772.190002|628700|0.9973440317|770.139099
2026-02-24|241|IDXX|623.130005|652.640015|617.000000|649.229980|790900|1.0000000000|649.229980
2026-02-24|242|AES|16.330000|16.459999|16.129999|16.270000|10082100|0.9761125722|15.881352
2026-02-24|243|VRTX|479.200012|491.220001|479.000000|487.429993|1331400|1.0000000000|487.429993
2026-02-24|244|ZBRA|234.990005|241.199997|234.000000|235.830002|998700|1.0000000000|235.830002
2026-02-24|245|BIIB|196.029999|198.720001|194.429993|195.130005|716000|1.0000000000|195.130005
2026-02-24|246|ODFL|194.270004|198.419998|192.009995|196.699997|1013900|0.9973411992|196.177017
2026-02-24|247|APH|148.580002|151.710007|145.500000|151.500000|8000400|0.9965240421|150.973404
2026-02-24|248|KIM|23.450001|23.660000|23.230000|23.299999|9089400|0.9782318124|22.792801
2026-02-24|249|QCOM|142.559998|146.369995|142.059998|144.779999|11085700|0.9899641514|143.327011
2026-02-24|250|GILD|149.720001|150.080002|147.050003|147.639999|8333600|0.9878606941|145.847748
2026-02-24|251|ROP|335.820007|341.420013|333.980011|337.700012|1565400|0.9949619600|335.998688
2026-02-24|252|SNPS|419.390015|443.390015|415.019989|440.720001|2185400|1.0000000000|440.720001
2026-02-24|253|STZ|159.720001|160.850006|158.130005|160.070007|1549900|0.9856055004|157.765884
2026-02-24|254|BSX|74.500000|75.699997|73.809998|75.150002|14189000|1.0000000000|75.150002
2026-02-24|255|STE|246.119995|250.139999|246.029999|246.740005|1086100|0.9970332000|246.007965
2026-02-24|256|DHI|164.000000|167.000000|163.729996|163.949997|2232700|0.9940209933|162.969742
2026-02-24|257|LIN|497.859985|504.489990|494.570007|504.000000|2761700|0.9935105778|500.729370
2026-02-24|258|SBUX|94.820000|96.739998|94.010002|96.510002|6537300|0.9884945611|95.399612
2026-02-24|259|MS|165.470001|170.320007|164.110001|168.789993|7413800|0.9892093304|166.968643
2026-02-24|260|INTU|368.010010|372.839996|356.519989|358.709991|6576000|0.9925226498|356.027802
2026-02-24|261|MCHP|77.209999|79.180000|75.570000|75.930000|5592200|0.9890553567|75.098976
2026-02-24|262|CB|333.519989|337.420013|331.010010|336.850006|1591200|0.9939554166|334.813904
2026-02-24|263|ORLY|95.080002|95.989998|93.820000|94.330002|3845100|1.0000000000|94.330002
2026-02-24|264|RCL|302.519989|318.750000|300.350006|316.500000|2983400|0.9895699200|313.198914
2026-02-24|265|JBL|264.369995|272.790009|262.970001|266.260010|690100|0.9995582709|266.142395
2026-02-24|266|ALL|206.000000|210.350006|205.039993|209.820007|1385900|0.9897514584|207.669662
2026-02-24|267|CPT|107.930000|109.000000|107.889999|108.750000|1069800|0.9801843508|106.595047
2026-02-24|268|VMRK|63.180000|63.910000|62.669998|63.560001|2002200|0.9778762777|62.153820
2026-02-24|269|IT|145.710007|151.919998|144.899994|147.339996|1808300|1.0000000000|147.339996
2026-02-24|270|DECK|118.989998|120.970001|117.769997|120.940002|2436900|1.0000000000|120.940002
2026-02-24|271|REG|77.889999|78.040001|76.809998|77.269997|1166400|0.9810739142|75.807579
2026-02-24|272|INCY|100.860001|102.250000|100.080002|101.050003|1696300|1.0000000000|101.050003
2026-02-24|273|SPG|200.210007|201.410004|198.270004|199.380005|1137900|0.9778630534|194.966354
2026-02-24|274|MAA|133.380005|134.199997|132.250000|134.089996|895800|0.9765831817|130.950043
2026-02-24|275|MLM|687.500000|697.869995|683.780029|696.849976|649100|0.9973479749|695.001953
2026-02-24|276|TSCO|53.709999|54.509998|53.150002|53.270000|5481300|0.9851405019|52.478432
2026-02-24|277|ALB|180.770004|188.970001|180.770004|186.830002|2628900|0.9949889134|185.893784
2026-02-24|278|CPRT|35.529999|35.740002|34.730000|35.279999|12455900|1.0000000000|35.279999
2026-02-24|279|FLEX|63.919998|65.879997|63.580002|64.919998|3223500|1.0000000000|64.919998
2026-02-24|280|ESS|255.139999|258.899994|253.360001|258.399994|344300|0.9806657936|253.404037
2026-02-24|281|O|66.599998|66.919998|66.230003|66.519997|6000000|0.9746072994|64.830872
2026-02-24|282|MCO|438.019989|453.130005|436.850006|452.570007|1506800|0.9933686768|449.568878
2026-02-24|283|SJM|111.610001|112.070000|108.480003|109.349998|2324000|0.9798392929|107.145424
2026-02-24|284|MCK|952.710022|959.419983|943.690002|957.359985|495000|0.9980659618|955.508423
2026-02-24|285|COF|189.740005|198.660004|187.500000|196.559998|6712600|0.9922218930|195.031143
2026-02-24|286|EME|796.159973|815.000000|790.640015|806.799988|385300|0.9989862194|805.982056
2026-02-24|287|DLTR|131.559998|132.979996|130.580002|131.710007|1976900|1.0000000000|131.710007
2026-02-24|288|COR|367.630005|367.630005|360.970001|364.380005|935100|0.9957711437|362.839081
2026-02-24|289|DRI|213.509995|216.229996|213.509995|213.919998|937800|0.9843985059|210.582535
2026-02-24|290|RMD|259.079987|260.000000|250.360001|251.630005|1034300|0.9941821390|250.166046
2026-02-24|291|WAB|263.209991|266.059998|263.040009|264.470001|503900|0.9977552294|263.876312
2026-02-24|292|FCX|65.400002|68.839996|64.809998|67.879997|20299300|0.9953868541|67.566856
2026-02-24|293|IVZ|25.420000|26.410000|25.190001|26.120001|4716200|0.9856541725|25.745289
2026-02-24|294|ACGL|98.699997|99.489998|97.769997|99.180000|1541800|1.0000000000|99.180000
2026-02-24|295|ERIE|258.489990|262.809998|247.009995|257.010010|441200|0.9885906317|254.077682
2026-02-24|296|EG|337.010010|342.160004|334.190002|339.649994|279000|0.9878843207|335.534912
2026-02-24|297|DVA|150.500000|151.389999|146.669998|150.910004|697100|1.0000000000|150.910004
2026-02-24|298|HSIC|84.000000|89.290001|83.160004|83.349998|4576800|1.0000000000|83.349998
2026-02-24|299|EL|113.639999|117.570000|112.500000|115.290001|3379700|0.9930325985|114.486732
2026-02-24|300|WAT|329.220001|331.970001|321.989990|326.299988|1370900|1.0000000000|326.299988
2026-02-24|301|NTAP|101.230003|103.169998|99.800003|99.870003|2472100|0.9918913810|99.060196
2026-02-24|302|HIG|140.000000|141.300003|138.970001|140.539993|1743100|0.9910400733|139.280762
2026-02-24|303|IRM|111.250000|113.339996|110.580002|113.239998|1616300|0.9851777356|111.561523
2026-02-24|304|BRK-B|493.489990|495.220001|488.260010|494.510010|3224300|1.0000000000|494.510010
2026-02-24|305|FDS|190.149994|204.500000|189.509995|201.490005|1477400|0.9900356292|199.482300
2026-02-24|306|STLD|195.940002|196.149994|190.699997|190.869995|1142200|0.9946588101|189.850540
2026-02-24|307|DGX|207.809998|209.899994|206.360001|209.539993|882100|0.9916252453|207.785141
2026-02-24|308|CIEN|341.000000|348.279999|334.910004|342.700012|2270200|1.0000000000|342.700012
2026-02-24|309|TTWO|194.770004|204.509995|192.630005|204.190002|1982500|1.0000000000|204.190002
2026-02-24|310|VTR|86.470001|86.870003|85.650002|86.430000|2458100|0.9878430433|85.379272
2026-02-24|311|AMZN|205.470001|210.360001|203.250000|208.559998|41137200|1.0000000000|208.559998
2026-02-24|312|ARE|53.549999|55.209999|53.169998|53.720001|1906300|0.9716953716|52.199474
2026-02-24|313|RL|365.970001|375.420013|364.929993|374.130005|493600|0.9948318200|372.196442
2026-02-24|314|BXP|58.700001|60.049999|58.000000|59.500000|2546000|0.9761958291|58.083652
2026-02-24|315|FIX|1410.170044|1480.969971|1375.000000|1468.579956|507100|0.9985721755|1466.483032
2026-02-24|316|YUM|167.000000|169.389999|165.330002|165.949997|1713600|0.9951301862|165.141846
2026-02-24|317|CHRW|177.419998|178.369995|172.610001|177.350006|1825100|0.9931897587|176.142212
2026-02-24|318|FE|50.490002|50.720001|49.639999|50.639999|4774100|0.9800753088|49.631016
2026-02-24|319|MTD|1395.670044|1411.609985|1377.979980|1379.660034|135600|1.0000000000|1379.660034
2026-02-24|320|PLD|140.410004|141.210007|139.360001|140.300003|2359700|0.9848712132|138.177444
2026-02-24|321|URI|885.000000|909.789978|881.500000|896.880005|450700|0.9962197184|893.489563
2026-02-24|322|AEE|111.120003|111.379997|109.510002|111.269997|1690200|0.9863006617|109.745674
2026-02-24|323|VRSN|210.740005|214.970001|209.539993|213.449997|701600|0.9944277890|212.260605
2026-02-24|324|PWR|550.880005|570.919983|538.090027|568.210022|1291400|0.9996508742|568.011658
2026-02-24|325|AMT|188.149994|195.449997|187.029999|190.190002|3535100|0.9807453674|186.527969
2026-02-24|326|MAR|342.739990|347.880005|341.500000|343.149994|1388000|0.9940852561|341.120361
2026-02-24|327|CTSH|61.040001|62.700001|60.160000|61.060001|7776200|0.9872095485|60.279015
2026-02-24|328|SRE|93.660004|94.370003|92.250000|93.970001|2976400|0.9860298575|92.657227
2026-02-24|329|CSGP|47.560001|49.750000|47.330002|49.150002|5596600|1.0000000000|49.150002
2026-02-24|330|RSG|221.610001|224.190002|219.899994|220.740005|1134200|0.9942648020|219.474014
2026-02-24|331|CCI|87.599998|90.000000|87.000000|88.639999|3137800|0.9762634240|86.535988
2026-02-24|332|EBAY|84.050003|86.059998|84.050003|85.300003|5929700|0.9939126631|84.523766
2026-02-24|333|NVDA|191.490005|193.770004|187.399994|192.850006|175123600|0.9987817973|192.615082
2026-02-24|334|BKNG|3890.000153|4083.000183|3879.999924|4068.560028|805100|0.0398088823|161.964828
2026-02-24|335|GS|885.440002|911.770020|881.650024|902.270020|1971500|0.9903999491|893.608154
2026-02-24|336|FFIV|269.570007|275.380005|266.079987|272.029999|632500|1.0000000000|272.029999
2026-02-24|337|SBAC|198.809998|202.509995|198.229996|201.600006|687900|0.9805017315|197.669144
2026-02-24|338|LII|553.919983|569.830017|553.919983|558.320007|223000|0.9946881341|555.354309
2026-02-24|339|BLK|1061.130005|1093.859985|1051.410034|1081.050049|737300|0.9888912077|1069.040771
2026-02-24|340|TKO|206.389999|212.330002|204.229996|209.389999|763500|0.9921219970|207.740433
2026-02-24|341|AKAM|98.660004|103.900002|98.000000|100.129997|5382800|1.0000000000|100.129997
2026-02-24|342|UPS|114.919998|116.339996|114.500000|115.370003|2658000|0.9679890039|111.676895
2026-02-24|343|A|124.510002|125.830002|123.129997|124.400002|2729600|0.9958080410|123.878517
2026-02-24|344|TDY|672.549988|685.169983|672.349976|683.219971|326200|1.0000000000|683.219971
2026-02-24|345|PKG|227.509995|229.580002|225.289993|228.889999|1166200|0.9876260349|226.057739
2026-02-24|346|EW|82.330002|83.029999|81.169998|82.400002|4486600|1.0000000000|82.400002
2026-02-24|347|MET|75.099998|76.099998|73.239998|75.339996|3735800|0.9862851080|74.306717
2026-02-24|348|ON|69.989998|72.019997|69.040001|70.029999|5699200|1.0000000000|70.029999
2026-02-24|349|ISRG|489.690002|496.269989|487.510010|494.019989|1404500|1.0000000000|494.019989
2026-02-24|350|CRL|162.350006|168.979996|161.429993|166.059998|768700|1.0000000000|166.059998
2026-02-24|351|MRVL|78.000000|79.699997|77.180000|78.389999|8396200|0.9992531920|78.331451
2026-02-24|352|EQIX|946.299988|956.000000|940.710022|951.900024|486100|0.9849779860|937.600647
2026-02-24|353|TPR|152.600006|155.789993|151.949997|154.509995|1668900|0.9944862341|153.658051
2026-02-24|354|GRMN|247.169998|253.429993|245.839996|251.490005|848000|0.9917889977|249.425018
2026-02-24|355|GPN|79.610001|80.110001|78.209999|78.339996|4711300|0.9929199565|77.785347
2026-02-24|356|ALGN|180.610001|186.139999|179.789993|185.529999|1268300|1.0000000000|185.529999
2026-02-24|357|WTW|290.519989|294.910004|289.209991|291.269989|715700|0.9930717262|289.251984
2026-02-24|358|MDLZ|60.299999|61.279999|60.299999|61.130001|7349600|0.9831751096|60.101498
2026-02-24|359|AXON|420.769989|444.959991|410.540009|442.510010|1458400|1.0000000000|442.510010
2026-02-24|360|FIS|48.299999|49.230000|46.869999|48.110001|6665300|0.9802816760|47.161350
2026-02-24|361|ACN|200.539993|204.300003|196.089996|196.729996|11119600|0.9798095806|192.757919
2026-02-24|362|ZBH|99.760002|101.059998|99.389999|99.870003|1498800|0.9946488082|99.335571
2026-02-24|363|BG|121.379997|122.680000|119.709999|122.510002|1777600|0.9877945902|121.014717
2026-02-24|364|PFG|92.690002|96.239998|92.690002|94.849998|2732300|0.9832413887|93.260445
2026-02-24|365|ELV|335.140015|335.140015|320.679993|327.140015|1253500|0.9898456688|323.818115
2026-02-24|366|CNC|43.570000|44.180000|41.750000|42.369999|4959200|1.0000000000|42.369999
2026-02-24|367|PRU|100.739998|102.239998|99.470001|100.389999|2848700|0.9752946989|97.909836
2026-02-24|368|NFLX|75.730003|78.120003|75.209999|78.040001|33079100|1.0000000000|78.040001
2026-02-24|369|NDAQ|79.849998|81.580002|78.900002|81.110001|3296000|0.9932805958|80.564987
2026-02-24|370|WYNN|107.250000|110.900002|107.250000|109.440002|1502700|0.9949442808|108.886711
2026-02-24|371|CME|313.440002|319.239990|313.279999|319.029999|2395300|0.9716146686|309.974243
2026-02-24|372|STX|410.109985|413.799988|394.049988|396.019989|3119300|0.9975473958|395.048706
2026-02-24|373|NRG|173.270004|184.839996|163.759995|184.029999|3754100|0.9934205862|182.819199
2026-02-24|374|AIZ|218.110001|223.860001|216.270004|222.850006|557400|0.9965805324|222.087982
2026-02-24|375|CBRE|144.850006|148.460007|143.699997|146.169998|2393600|1.0000000000|146.169998
2026-02-24|376|CRM|177.639999|188.669998|176.279999|185.419998|15564700|0.9949373630|184.481293
2026-02-24|377|DPZ|402.750000|417.720001|402.329987|414.200012|1385800|0.9888611209|409.586273
2026-02-24|378|EXR|150.089996|151.020004|148.270004|149.679993|1130900|0.9779070040|146.373108
2026-02-24|379|GOOG|310.640015|312.369995|306.089996|310.920013|15040700|0.9986949468|310.514252
2026-02-24|380|GOOGL|310.519989|312.269989|305.929993|310.899994|25615600|0.9986999831|310.495850
2026-02-24|381|DLR|176.059998|178.520004|174.470001|178.240005|1373000|0.9866588059|175.862076
2026-02-24|382|MPWR|1200.010010|1240.250000|1161.810059|1213.670044|610500|0.9964842129|1209.403076
2026-02-24|383|LVS|55.750000|56.070000|55.020000|55.049999|3923100|0.9879067226|54.384266
2026-02-24|384|DXCM|73.309998|73.610001|70.809998|73.089996|4141600|1.0000000000|73.089996
2026-02-24|385|BLDR|106.989998|110.610001|105.550003|109.680000|1390300|1.0000000000|109.680000
2026-02-24|386|WBD|29.000000|29.200001|28.930000|29.150000|27447500|1.0000000000|29.150000
2026-02-24|387|EXPE|190.179993|199.490005|189.839996|198.119995|3597700|0.9942877675|196.988297
2026-02-24|388|CF|96.209999|97.220001|93.639999|96.110001|2297100|0.9908287958|95.228561
2026-02-24|389|AMP|450.329987|466.519989|449.859985|466.239990|763400|0.9932580907|463.096619
2026-02-24|390|ICE|153.539993|156.820007|153.539993|155.360001|3114200|0.9930916239|154.286713
2026-02-24|391|PSKY|10.510000|10.680000|10.360000|10.390000|7891300|0.9901049837|10.287191
2026-02-24|392|LYV|158.020004|159.550003|157.520004|157.979996|2826000|1.0000000000|157.979996
2026-02-24|393|CMG|36.570000|36.830002|36.150002|36.490002|13621300|1.0000000000|36.490002
2026-02-24|394|UAL|107.169998|114.220001|106.760002|112.589996|5764900|1.0000000000|112.589996
2026-02-24|395|TDG|1291.439941|1301.770020|1275.000000|1293.869995|254100|1.0000000000|1293.869995
2026-02-24|396|MA|493.739990|499.250000|491.260010|498.000000|5292900|0.9966137732|496.313690
2026-02-24|397|LDOS|171.940002|174.800003|171.500000|174.130005|1512000|0.9940154778|173.087921
2026-02-24|398|FSLR|242.470001|250.990005|238.550003|243.210007|3336900|1.0000000000|243.210007
2026-02-24|399|BR|175.729996|179.940002|175.500000|177.779999|988800|0.9878384663|175.617920
2026-02-24|400|SMCI|31.049999|31.370001|30.290001|31.129999|17982600|1.0000000000|31.129999
2026-02-24|401|TMUS|221.130005|224.750000|220.270004|221.979996|6832400|0.9898439218|218.464691
2026-02-24|402|DAL|67.000000|70.059998|66.809998|69.230003|9027600|0.9922015511|68.690125
2026-02-24|403|IBKR|71.050003|72.779999|70.150002|71.919998|3447100|0.9979162811|71.770142
2026-02-24|404|PODD|247.350006|250.789993|241.770004|245.250000|1272500|1.0000000000|245.250000
2026-02-24|405|TEL|234.250000|242.270004|231.179993|241.440002|2035700|0.9922749574|239.574860
2026-02-24|406|BX|113.959999|117.860001|113.199997|116.410004|10059200|0.9808140125|114.176559
2026-02-24|407|LULU|178.830002|182.000000|177.500000|179.490005|1312100|1.0000000000|179.490005
2026-02-24|408|ULTA|676.169983|690.369995|674.479980|686.440002|428500|1.0000000000|686.440002
2026-02-24|409|MSCI|534.659973|552.000000|530.280029|548.710022|967800|0.9928506457|544.787109
2026-02-24|410|ECHO|107.050003|107.620003|104.769997|106.779999|3214300|1.0000000000|106.779999
2026-02-24|411|PM|186.229996|187.580002|183.389999|187.000000|4274300|0.9830023955|183.821442
2026-02-24|412|V|305.500000|309.269989|303.079987|307.220001|9120200|0.9960807290|306.015900
2026-02-24|413|AWK|133.259995|134.110001|131.750000|134.080002|1705900|0.9863367160|132.248032
2026-02-24|414|KDP|30.680000|31.500000|30.320000|31.030001|19243600|0.9842341174|30.540787
2026-02-24|415|SW|46.509998|47.130001|45.860001|45.900002|3717900|0.9797713221|44.971508
2026-02-24|416|AVGO|322.540009|328.309998|314.450012|325.489990|23614400|0.9963298147|324.295380
2026-02-24|417|VRSK|181.600006|191.399994|181.600006|191.169998|3379900|0.9947617775|190.168610
2026-02-24|418|DG|153.009995|154.600006|150.960007|153.960007|2195600|0.9902299309|152.455811
2026-02-24|419|FTNT|75.370003|77.050003|74.309998|75.230003|10049400|1.0000000000|75.230003
2026-02-24|420|CHTR|227.520004|234.270004|226.190002|231.850006|1165100|1.0000000000|231.850006
2026-02-24|421|FERG|247.029999|262.690002|246.639999|261.850006|2273800|0.9887782143|258.911560
2026-02-24|422|GNRC|224.259995|235.279999|222.940002|235.169998|1126000|1.0000000000|235.169998
2026-02-24|423|LYB|57.200001|59.200001|57.110001|58.320000|7246100|0.9677851714|56.441231
2026-02-24|424|CBOE|291.940002|294.279999|288.609985|292.940002|574100|0.9954503651|291.607208
2026-02-24|425|TSLA|399.500000|410.820007|397.640015|409.380005|58579500|1.0000000000|409.380005
2026-02-24|426|KKR|92.269997|97.089996|91.000000|95.720001|8821700|0.9961485906|95.351349
2026-02-24|427|NXPI|232.110001|239.300003|232.110001|234.630005|1976100|0.9914738451|232.629517
2026-02-24|428|GM|80.010002|82.589996|79.750000|81.290001|5814200|0.9954799629|80.922569
2026-02-24|429|TRGP|230.710007|232.070007|224.399994|231.720001|1136200|0.9903678073|229.488037
2026-02-24|430|CPAY|333.000000|344.880005|333.000000|338.769989|654300|1.0000000000|338.769989
2026-02-24|431|KMI|32.630001|32.720001|32.139999|32.689999|11971400|0.9816636474|32.090584
2026-02-24|432|HCA|535.260010|536.159973|522.049988|526.520020|1366800|0.9965176399|524.686462
2026-02-24|433|HII|435.640015|449.029999|431.869995|447.730011|392700|0.9925978670|442.352905
2026-02-24|434|APO|113.000000|116.699997|112.150002|114.129997|7220700|0.9916121637|113.172691
2026-02-24|435|MPC|191.309998|195.330002|190.839996|195.289993|1938200|0.9934777159|194.016251
2026-02-24|436|XYL|127.629997|128.460007|127.050003|128.130005|1353300|0.9923180477|127.145714
2026-02-24|437|APTV|77.269997|79.260002|76.389999|77.690002|2193100|1.0000000000|77.690002
2026-02-24|438|PSX|153.789993|154.830002|152.009995|154.360001|1712100|0.9875507674|152.438339
2026-02-24|439|AMCR|50.709999|50.939999|50.060001|50.180000|4409600|0.9708736970|48.718445
2026-02-24|440|META|633.080017|641.109985|628.979980|639.299988|10135600|0.9982193806|638.161682
2026-02-24|441|NOW|100.959999|105.699997|100.510002|102.489998|18461700|1.0000000000|102.489998
2026-02-24|442|PANW|142.929993|147.520004|139.570007|141.669998|23692200|1.0000000000|141.669998
2026-02-24|443|FANG|175.000000|176.000000|166.100006|172.520004|3975500|0.9832059760|169.622696
2026-02-24|444|WDAY|128.919998|134.720001|126.620003|130.229996|10444100|1.0000000000|130.229996
2026-02-24|445|ABBV|229.000000|230.759995|227.669998|228.440002|4880800|0.9847626719|224.959198
2026-02-24|446|NCLH|23.379999|24.320000|23.100000|23.959999|12937200|1.0000000000|23.959999
2026-02-24|447|ZTS|125.790001|129.679993|125.000000|128.660004|3614300|0.9887765322|127.215996
2026-02-24|448|IQV|162.610001|166.429993|162.029999|164.880005|2643400|1.0000000000|164.880005
2026-02-24|449|NWS|25.750000|26.340000|25.600000|26.040001|1018100|0.9963262306|25.944336
2026-02-24|450|NWSA|22.910000|23.400000|22.830000|23.180000|4071700|0.9958385353|23.083538
2026-02-24|451|CDW|123.250000|129.690002|123.129997|125.529999|2029400|0.9844137869|123.573456
2026-02-24|452|VEEV|174.009995|178.660004|172.800003|175.789993|2109300|1.0000000000|175.789993
2026-02-24|453|ALLE|159.059998|161.630005|158.690002|158.860001|811700|0.9921390873|157.611221
2026-02-24|454|HLT|309.750000|314.549988|309.670013|312.779999|1419900|0.9986088702|312.344879
2026-02-24|455|ARES|113.809998|118.896004|113.250000|117.160004|3853100|0.9767290545|114.433586
2026-02-24|456|ANET|130.250000|130.729996|124.379997|128.770004|8120000|1.0000000000|128.770004
2026-02-24|457|SYF|68.639999|71.180000|68.360001|70.769997|5307300|0.9916769819|70.180969
2026-02-24|458|CFG|62.049999|62.700001|61.299999|62.070000|3120500|0.9864525111|61.229111
2026-02-24|459|KEYS|277.720001|305.369995|277.720001|301.480011|6148100|1.0000000000|301.480011
2026-02-24|460|GDDY|87.639999|93.000000|87.150002|92.300003|3520500|1.0000000000|92.300003
2026-02-24|461|KHC|24.610001|25.020000|24.370001|24.780001|13878400|0.9659839010|23.937080
2026-02-24|462|PYPL|43.494999|48.000000|43.029999|47.020000|58557200|0.9937057617|46.724045
2026-02-24|463|LITE|680.010010|698.500000|662.000000|688.270020|3573400|1.0000000000|688.270020
2026-02-24|464|HPE|20.030001|20.389999|19.840000|20.250000|12215100|0.9906947030|20.061569
2026-02-24|465|XYZ|50.400002|51.770000|49.330002|51.000000|9921200|1.0000000000|51.000000
2026-02-24|466|FTV|57.290001|58.790001|57.180000|57.680000|2498800|0.9979248563|57.560307
2026-02-24|467|DELL|120.500000|122.639999|119.000000|119.779999|4937700|0.9952707496|119.213524
2026-02-24|468|TTD|24.110001|24.980000|23.780001|24.940001|11968400|1.0000000000|24.940001
2026-02-24|469|VST|167.279999|171.679993|162.880005|171.619995|4375300|0.9972411805|171.146530
2026-02-24|470|HWM|256.500000|261.690002|253.149994|260.950012|1593400|0.9990766853|260.709076
2026-02-24|471|INVH|25.559999|25.750000|25.209999|25.670000|5687700|0.9779475029|25.103914
2026-02-24|472|CVNA|325.820007|337.770004|323.499985|325.159988|3146700|0.2000000000|65.031998
2026-02-24|473|IR|94.059998|95.418999|93.820000|94.639999|2507900|0.9992655835|94.570488
2026-02-24|474|VICI|30.150000|30.330000|29.950001|30.280001|5566300|0.9677245240|29.302702
2026-02-24|475|VRT|246.500000|253.479996|241.270004|253.149994|5458200|0.9995540701|253.037109
2026-02-24|476|MRNA|50.180000|51.970001|49.529999|50.520000|7006600|1.0000000000|50.520000
2026-02-24|477|FOXA|55.770000|56.270000|55.090000|55.980000|2732200|0.9951185496|55.706738
2026-02-24|478|FOX|50.840000|51.580002|50.619999|51.459999|1604400|0.9946544484|51.184917
2026-02-24|479|DOW|30.639999|31.469999|30.510000|31.049999|10487400|0.9783459966|30.377642
2026-02-24|480|UBER|70.620003|72.139999|69.949997|71.379997|19581100|1.0000000000|71.379997
2026-02-24|481|CTVA|76.269997|77.980003|76.239998|77.970001|3064200|0.9954590981|77.615944
2026-02-24|482|CRWD|349.100006|360.899994|345.049988|350.250000|7138700|0.2500000000|87.562500
2026-02-24|483|DDOG|101.440002|105.780998|98.010002|104.430000|7572800|1.0000000000|104.430000
2026-02-24|484|CARR|63.689999|64.570000|63.520000|63.529999|3630400|0.9928803129|63.077686
2026-02-24|485|OTIS|90.680000|90.879997|89.720001|89.910004|3256000|0.9879889159|88.830086
2026-02-24|486|PLTR|129.005005|130.240005|126.370003|128.839996|47121400|1.0000000000|128.839996
2026-02-24|487|DASH|166.054993|172.710007|161.179993|164.380005|5931800|1.0000000000|164.380005
2026-02-24|488|ABNB|124.019997|127.699997|123.769997|125.660004|4696000|1.0000000000|125.660004
2026-02-24|489|EXE|102.879997|103.279999|100.849998|103.180000|3122700|0.9826864450|101.393593
2026-02-24|490|COIN|155.839996|162.279999|152.699997|162.029999|10442900|1.0000000000|162.029999
2026-02-24|491|APP|381.420013|398.113007|366.670013|393.220001|5191800|1.0000000000|393.220001
2026-02-24|492|HOOD|70.912003|73.879997|69.220001|73.389999|23571800|1.0000000000|73.389999
2026-02-24|493|CEG|297.404999|313.114990|290.809998|312.640015|4652100|0.9955820742|311.258820
2026-02-24|494|GEHC|83.860001|85.169998|83.519997|84.050003|2212500|0.9989494212|83.961700
2026-02-24|495|KVUE|18.950001|19.080000|18.870001|19.010000|23431600|0.9772015009|18.576601
2026-02-24|496|VLTO|92.620003|93.910004|92.199997|93.650002|2185400|0.9970188523|93.370811
2026-02-24|497|RDDT|142.929993|147.500000|141.089996|142.080002|4012700|1.0000000000|142.080002
2026-02-24|498|SOLV|72.769997|74.459999|72.389999|73.419998|787000|1.0000000000|73.419998
2026-02-24|499|GEV|830.950012|879.890015|824.900024|879.729980|2305300|0.9988852954|878.749329
2026-02-24|500|SNDK|682.500000|684.090027|612.919983|638.520020|30408300|1.0000000000|638.520020
2026-02-24|501|Q|112.389999|117.910004|112.389999|116.790001|2421600|0.9988559230|116.656387
