date|security_id|ticker|open|high|low|close|volume|adj_factor|adj_close_vendor
2026-02-06|1|AEP|121.209999|122.440002|119.860001|120.800003|2767700|0.9775591772|118.089157
2026-02-06|2|BA|239.399994|246.300003|239.399994|243.029999|6701200|1.0000000000|243.029999
2026-02-06|3|CAT|692.570007|727.400024|690.520020|726.200012|3359700|0.9962516275|723.477905
2026-02-06|4|CNP|40.580002|40.799999|39.849998|40.049999|5731400|0.9832236217|39.378101
2026-02-06|5|CVX|180.300003|182.100006|179.509995|180.860001|9901800|0.9728341284|175.946793
2026-02-06|6|DIS|106.129997|108.959999|105.370003|108.699997|12105600|0.9923958226|107.873421
2026-02-06|7|DTE|137.250000|137.720001|134.089996|134.820007|1603600|0.9843774065|132.713760
2026-02-06|8|ED|109.559998|110.599998|106.699997|107.339996|2743700|0.9759585897|104.759392
2026-02-06|9|GD|354.549988|361.649994|354.019989|360.070007|1095800|0.9910149667|356.834778
2026-02-06|10|GE|310.690002|323.179993|310.220001|321.000000|5800600|0.9973022307|320.134033
2026-02-06|11|HON|234.760005|239.079999|234.149998|238.380005|3976500|1.0347776740|246.670303
2026-02-06|12|HPQ|19.139999|19.900000|19.139999|19.650000|14950600|0.9721972446|19.103676
2026-02-06|13|IBM|292.500000|299.890015|290.660004|298.929993|3744300|0.9800357773|292.962067
2026-02-06|14|IP|44.810001|46.990002|44.500000|46.580002|7547600|0.9645837619|44.930313
2026-02-06|15|JNJ|238.960007|240.940002|237.979996|239.990005|8274000|0.9841702191|236.191025
2026-02-06|16|KO|78.500000|79.199997|78.260002|79.029999|18512400|0.9867998793|77.986794
2026-02-06|17|KR|66.610001|67.650002|66.279999|67.500000|4197900|0.9830507535|66.355927
2026-02-06|18|LMT|614.590027|624.090027|611.200012|623.580017|1095800|0.9882876617|616.276367
2026-02-06|19|MMM|166.979996|172.979996|166.009995|172.649994|7257700|0.9860940463|170.249130
2026-02-06|20|MO|65.379997|65.919998|65.080002|65.400002|7952800|0.9690282260|63.374447
2026-02-06|21|MRK|120.760002|122.660004|120.440002|121.930000|13083300|0.9855603323|120.169373
2026-02-06|22|MSI|421.100006|422.269989|412.239990|422.179993|1053100|0.9943844568|419.809235
2026-02-06|23|PG|158.240005|159.990005|158.009995|159.169998|10441700|0.9851719538|156.809814
2026-02-06|24|XOM|146.619995|149.570007|146.089996|149.050003|17216000|0.9803338832|146.118774
2026-02-06|25|RTX|196.960007|200.850006|196.960007|198.660004|4350900|0.9892687733|196.528137
2026-02-06|26|MCD|322.899994|327.540009|321.239990|327.160004|2831900|0.9877457529|323.150909
2026-02-06|27|AXP|358.200012|361.390015|354.690002|359.149994|3301700|0.9941272834|357.040802
2026-02-06|28|BMY|60.000000|62.049999|59.770000|61.990002|17117600|0.9787458882|60.672459
2026-02-06|29|DD|46.250000|46.840001|45.779999|46.730001|3556599|2.9761992776|139.077805
2026-02-06|30|DE|568.000000|584.059998|567.549988|583.109985|1440400|0.9945059901|579.906433
2026-02-06|31|EMR|152.789993|157.520004|152.289993|157.380005|3400800|0.9888087280|155.618729
2026-02-06|32|ETN|359.309998|374.899994|357.690002|373.820007|3105600|0.9917042798|370.718872
2026-02-06|33|ETR|97.919998|98.550003|96.290001|97.959999|2513600|0.9822109154|96.217377
2026-02-06|34|F|13.780000|13.880000|13.670000|13.800000|55588200|0.9665034086|13.337747
2026-02-06|35|HAL|33.900002|35.169998|33.849998|34.980000|12640900|0.9909628646|34.663883
2026-02-06|36|LLY|1056.000000|1060.020020|1033.270020|1058.180054|4887100|0.9951920486|1053.092407
2026-02-06|37|PCG|16.440001|16.480000|16.080000|16.400000|15432900|0.9942476518|16.305660
2026-02-06|38|PEP|167.449997|170.750000|167.259995|170.490005|10960400|0.9808256472|167.220963
2026-02-06|39|PFE|26.670000|27.370001|26.520000|27.219999|50691600|0.9668473999|26.317585
2026-02-06|40|TXN|225.630005|226.759995|218.589996|221.440002|9397500|0.9898764050|219.198242
2026-02-06|41|WFC|92.750000|94.650002|92.559998|93.970001|13205700|0.9886393471|92.902443
2026-02-06|42|HUBB|495.299988|503.869995|491.329987|503.799988|938004|0.9943029521|500.929840
2026-02-06|43|WMT|127.290001|131.699997|127.050003|131.179993|26593400|0.9936722171|130.349915
2026-02-06|44|AIG|76.180000|77.180000|75.970001|76.720001|3099800|0.9875732230|75.766617
2026-02-06|45|AVY|193.580002|194.720001|190.820007|191.509995|922700|0.9887328339|189.352219
2026-02-06|46|BAC|55.549999|56.869999|55.290001|56.529999|42468000|0.9892387825|55.921665
2026-02-06|47|BALL|66.580002|66.730003|65.809998|66.470001|3375000|0.9933732915|66.029526
2026-02-06|48|BDX|206.759994|210.699999|204.899993|210.019998|2243500|0.7757059857|162.913773
2026-02-06|49|CLX|116.809998|119.860001|116.750000|119.360001|1912100|0.9761478543|116.513008
2026-02-06|50|CMI|549.820007|577.729980|545.000000|577.729980|2618400|0.9898444823|571.862854
2026-02-06|51|CMS|73.519997|73.879997|72.129997|72.839996|3471800|0.9770377822|71.167419
2026-02-06|52|CVS|76.370003|78.959999|76.190002|78.349998|7082800|0.9851999130|77.190407
2026-02-06|53|ECL|287.589996|291.079987|286.839996|290.329987|1535700|0.9946163507|288.766937
2026-02-06|54|ES|68.559998|68.970001|67.120003|67.360001|3036800|0.9779292778|65.873314
2026-02-06|55|EVRG|78.150002|78.510002|76.650002|76.750000|1914000|0.9752573788|74.851006
2026-02-06|56|GWW|1194.859985|1199.130005|1177.000000|1197.650024|233100|0.9941570385|1190.652100
2026-02-06|57|LNT|67.529999|67.529999|66.080002|66.690002|4807300|0.9850786184|65.694893
2026-02-06|58|MKC|66.769997|68.360001|66.599998|67.419998|3564700|0.9822640876|66.224243
2026-02-06|59|MRSH|188.279999|189.110001|184.639999|185.029999|2342500|0.9892843147|183.047287
2026-02-06|60|NEE|90.529999|90.989998|88.389999|89.470001|8225200|0.9860055271|87.559479
2026-02-06|61|NI|44.349998|44.529999|43.410000|44.099998|3742800|0.9871584841|43.533691
2026-02-06|62|PNW|95.160004|95.669998|93.199997|93.519997|1213900|0.9822795276|91.862778
2026-02-06|63|RVTY|99.400002|102.349998|98.690002|101.589996|1462200|0.9985919505|101.446953
2026-02-06|64|SNA|366.549988|371.700012|360.089996|369.339996|463800|0.9808470667|362.266022
2026-02-06|65|SPGI|452.160007|461.510012|436.530000|439.280013|4337700|0.9395781501|412.737885
2026-02-06|66|TER|281.670013|301.380005|281.000000|300.109985|5021100|0.9992046578|299.871307
2026-02-06|67|TGT|111.570000|115.820000|111.570000|115.550003|7804400|0.9731968404|112.452896
2026-02-06|68|TXT|93.580002|95.870003|93.500000|95.440002|1863300|0.9995682296|95.398796
2026-02-06|69|VMC|315.000000|324.559998|312.200012|323.720001|992700|0.9942812010|321.868713
2026-02-06|70|XEL|76.849998|76.849998|74.669998|75.900002|7096400|0.9852321471|74.779121
2026-02-06|71|ITW|289.660004|294.790009|287.500000|293.570007|1531400|0.9877340632|289.969116
2026-02-06|72|CL|94.449997|95.650002|93.889999|94.410004|5789500|0.9881586198|93.292061
2026-02-06|73|EXC|44.279999|44.560001|43.549999|44.330002|8001800|0.9822723358|43.544136
2026-02-06|74|MDT|102.989998|103.750000|101.889999|102.900002|6617800|0.9830319865|101.153992
2026-02-06|75|BNY|122.059998|124.459999|122.059998|124.320000|3904400|0.9920974180|123.337555
2026-02-06|76|EIX|64.220001|64.680000|63.180000|64.010002|2367600|0.9764773062|62.504314
2026-02-06|77|FRT|105.160004|106.169998|104.849998|105.760002|928600|0.9803038504|103.676933
2026-02-06|78|PNR|95.919998|98.089996|95.709999|97.349998|1597300|0.9926207111|96.631622
2026-02-06|79|USB|59.950001|60.910000|59.790001|60.689999|11998700|0.9813809589|59.560013
2026-02-06|80|WY|26.870001|27.070000|26.400000|26.639999|6153100|0.9829820427|26.186642
2026-02-06|81|SYY|84.779999|86.720001|84.570000|86.529999|3286500|0.9859824728|85.317062
2026-02-06|82|WRB|71.290001|71.900002|70.129997|70.410004|1520900|0.9898085858|69.692429
2026-02-06|83|IFF|73.589996|75.010002|73.360001|74.820000|1333600|0.9889000540|73.989502
2026-02-06|84|TAP|51.119999|51.889999|51.060001|51.759998|2269500|0.9780980891|50.043049
2026-02-06|85|PNC|240.809998|243.940002|239.539993|242.479996|2441000|0.9845274632|238.728210
2026-02-06|86|TRV|302.079987|304.399994|300.250000|301.489990|1963100|0.9922238191|299.145569
2026-02-06|87|C|117.360001|122.970001|117.360001|122.690002|15248800|0.9902572054|121.494659
2026-02-06|88|FDX|364.080004|370.859981|362.320001|369.229994|2196400|0.7995464875|295.216553
2026-02-06|89|WDC|270.489990|283.929993|262.000000|282.579987|9913300|0.9992611044|282.371155
2026-02-06|90|DHR|216.949997|218.399994|214.399994|216.610001|4311100|0.9958070237|215.701752
2026-02-06|91|APA|26.629999|27.650000|26.540001|27.459999|5119100|0.9864084367|27.086773
2026-02-06|92|LUV|52.849998|54.700001|52.669998|54.259998|14795400|0.9913697990|53.791725
2026-02-06|93|PEG|80.889999|81.580002|80.000000|80.650002|1715700|0.9834778438|79.317490
2026-02-06|94|UNP|251.889999|253.289993|249.839996|252.619995|4345000|0.9896596115|250.007797
2026-02-06|95|ABT|110.099998|111.059998|108.949997|110.830002|9919600|0.9867277802|109.359047
2026-02-06|96|ADI|322.959991|327.750000|316.000000|320.450012|6775000|0.9941555324|318.577179
2026-02-06|97|ADM|65.370003|67.809998|65.220001|66.330002|2761900|0.9797994474|64.990105
2026-02-06|98|ADP|234.179993|235.690002|230.279999|231.360001|3223400|0.9843371720|227.736252
2026-02-06|99|AFL|117.800003|118.709999|115.470001|117.150002|3058100|0.9846316611|115.349602
2026-02-06|100|AMAT|309.410004|324.399994|308.299988|322.510010|8344400|0.9964487658|321.364746
2026-02-06|101|AMD|197.130005|209.270004|196.429993|208.440002|54504500|1.0000000000|208.440002
2026-02-06|102|APD|282.640015|286.739990|281.399994|283.119995|995400|0.9876339339|279.618927
2026-02-06|103|BF-B|28.969999|29.500000|28.969999|29.450001|3602600|0.9822921615|28.928505
2026-02-06|104|CHD|100.019997|101.529999|100.019997|100.529999|1946600|0.9906552793|99.590569
2026-02-06|105|CINF|172.500000|174.270004|172.270004|172.649994|593500|0.9887134133|170.701370
2026-02-06|106|CMCSA|30.809999|31.430000|30.770000|31.370001|30791600|0.9752182964|30.592598
2026-02-06|107|D|62.990002|63.430000|61.660000|62.330002|3658700|0.9796460230|61.061337
2026-02-06|108|DOV|220.009995|224.029999|218.850006|223.660004|1209000|0.9952693212|222.601929
2026-02-06|109|DUK|124.000000|124.279999|121.339996|121.860001|4412100|0.9744921325|118.751610
2026-02-06|110|EFX|190.630005|196.160004|190.630005|195.619995|3108800|0.9938812654|194.423050
2026-02-06|111|EQT|55.599998|56.990002|55.570000|56.790001|5698700|0.9912778241|56.294670
2026-02-06|112|FITB|54.400002|55.349998|54.330002|55.080002|16323500|0.9840657827|54.202347
2026-02-06|113|GIS|48.320000|48.869999|47.650002|47.869999|6087800|0.9666684497|46.274418
2026-02-06|114|GPC|146.100006|148.580002|145.529999|148.509995|883500|0.9802432378|145.575912
2026-02-06|115|HAS|96.500000|96.610001|93.699997|93.839996|3118600|0.9777483232|91.751900
2026-02-06|116|HBAN|19.240000|19.459999|19.180000|19.270000|30188500|0.9810694650|18.905209
2026-02-06|117|HRL|25.150000|25.350000|24.910000|24.930000|3402900|0.9742790885|24.288778
2026-02-06|118|HST|19.110001|19.440001|19.040001|19.350000|5912200|0.9529227702|18.439054
2026-02-06|119|HSY|225.600006|234.429993|225.600006|231.529999|3831000|0.9782056212|226.483948
2026-02-06|120|INTC|49.099998|51.299999|48.830002|50.590000|115600200|1.0000000000|50.590000
2026-02-06|121|J|145.399994|148.889999|145.360001|148.809998|776200|0.9918477371|147.596863
2026-02-06|122|JPM|314.709991|324.250000|314.709991|322.399994|17797400|0.9904464778|319.319946
2026-02-06|123|KMB|104.000000|105.040001|103.660004|104.330002|5233200|0.9744151054|101.660728
2026-02-06|124|L|111.639999|112.699997|111.089996|111.269997|702600|0.9982870407|111.079399
2026-02-06|125|LEN|114.680000|117.599998|111.000000|114.019997|3827000|0.9888298730|112.746384
2026-02-06|126|LOW|276.579987|279.670013|275.019989|278.380005|2211800|0.9891098782|275.348419
2026-02-06|127|MAS|71.599998|73.290001|71.389999|72.870003|2995300|0.9866652888|71.898300
2026-02-06|128|MTB|236.169998|238.539993|235.509995|238.009995|1265800|0.9861939937|234.724030
2026-02-06|129|NEM|110.349998|115.480003|110.349998|115.320000|10814900|0.9956554334|114.818993
2026-02-06|130|NTRS|150.320007|152.389999|149.080002|152.149994|924000|0.9898281838|150.602356
2026-02-06|131|NUE|188.389999|193.089996|188.119995|192.839996|1670900|0.9941593298|191.713684
2026-02-06|132|OMC|68.709999|70.419998|68.500000|69.870003|3585300|0.9796477026|68.447990
2026-02-06|133|PCAR|127.620003|128.940002|126.339996|127.349998|4392300|0.9916886281|126.291542
2026-02-06|134|PGR|208.779999|209.669998|201.729996|202.289993|2666200|0.9990392069|202.095612
2026-02-06|135|PH|977.539978|989.130005|972.169983|976.489990|629500|0.9977448271|974.287781
2026-02-06|136|PHM|134.589996|136.419998|131.119995|135.089996|1989400|0.9957597479|134.517197
2026-02-06|137|PPG|125.110001|126.739998|125.010002|126.510002|1720000|0.9817392581|124.199837
2026-02-06|138|PPL|35.900002|36.240002|35.599998|35.919998|9732600|0.9846479678|35.368553
2026-02-06|139|RF|30.930000|31.170000|30.670000|30.930000|10975800|0.9811037357|30.345541
2026-02-06|140|ROL|64.489998|65.029999|64.000000|64.839996|1777100|0.9887685295|64.111748
2026-02-06|141|SHW|363.230011|367.459991|361.100006|361.980011|2355500|0.9929181711|359.416565
2026-02-06|142|STT|131.000000|133.110001|130.410004|132.350006|1487700|0.9884428745|130.820419
2026-02-06|143|SWK|87.000000|90.820000|87.000000|89.389999|2708200|0.9785642065|87.473854
2026-02-06|144|SYK|361.700012|364.809998|354.480011|358.290009|2002100|0.9946461548|356.371796
2026-02-06|145|TMO|543.239990|546.260010|537.049988|542.830017|2959400|0.9980119596|541.750793
2026-02-06|146|TPL|350.459991|366.649994|347.679993|366.029999|447900|0.9973306248|365.052917
2026-02-06|147|TSN|65.410004|66.410004|64.330002|65.260002|2766500|0.9836914879|64.195702
2026-02-06|148|TT|444.700012|455.899994|442.859985|454.760010|1527500|0.9953350758|452.638611
2026-02-06|149|TYL|341.670013|348.809998|339.649994|348.350006|768200|1.0000000000|348.350006
2026-02-06|150|UDR|37.209999|37.779999|37.139999|37.549999|4455600|0.9803230978|36.811127
2026-02-06|151|VTRS|14.240000|14.600000|14.100000|14.580000|8459300|0.9769695342|14.244216
2026-02-06|152|WEC|113.070000|113.860001|110.739998|111.419998|2980700|0.9747231440|108.603645
2026-02-06|153|WST|235.369995|249.639999|233.500000|248.949997|1481000|0.9985945833|248.600128
2026-02-06|154|NDSN|285.000000|291.010010|284.950012|290.179993|508000|0.9941183690|288.473236
2026-02-06|155|TFC|55.680000|56.200001|55.549999|55.810001|7399800|0.9700498779|54.138485
2026-02-06|156|WELL|192.910004|196.309998|191.660004|195.919998|2944300|0.9893392873|193.831360
2026-02-06|157|AON|344.709991|345.000000|340.579987|342.040009|1326100|0.9951005240|340.364197
2026-02-06|158|GL|148.789993|148.990005|145.559998|146.509995|510400|0.9958260151|145.898468
2026-02-06|159|OKE|80.250000|82.029999|80.250000|81.839996|3846100|0.9765151605|79.917999
2026-02-06|160|KLAC|1377.160034|1449.250031|1371.179962|1442.949982|1571100|0.0996303139|143.761566
2026-02-06|161|CSX|40.119999|40.709999|39.770000|40.610001|13555500|0.9936713984|40.352993
2026-02-06|162|PSA|284.320007|287.350006|283.670013|287.000000|661200|0.9808120164|281.493042
2026-02-06|163|NKE|63.009998|64.239998|63.000000|63.919998|11961500|0.9845960180|62.935375
2026-02-06|164|AAPL|277.119995|280.910004|276.929993|278.119995|50453400|0.9972854026|277.364990
2026-02-06|165|BRO|73.029999|74.120003|72.910004|73.779999|2275000|0.9947741799|73.394440
2026-02-06|166|UHS|218.009995|220.350006|216.779999|218.559998|739200|0.9976532391|218.047073
2026-02-06|167|HD|381.339996|386.369995|379.100006|385.149994|4685400|0.9859634354|379.743805
2026-02-06|168|BAX|21.740000|21.870001|21.309999|21.730000|13553700|0.9989896155|21.699675
2026-02-06|169|COP|105.250000|108.129997|105.120003|107.620003|6756100|0.9784321345|105.298866
2026-02-06|170|GLW|114.900002|122.559998|113.330002|122.160004|12151200|0.9966096046|121.745834
2026-02-06|171|HUM|189.229996|196.750000|189.229996|193.940002|1986400|0.9926050698|192.505829
2026-02-06|172|LHX|346.899994|349.790009|343.640015|349.660004|975800|0.9925076273|347.040222
2026-02-06|173|NOC|702.000000|711.880005|699.530029|709.109985|634800|0.9924395226|703.748779
2026-02-06|174|OXY|44.880001|46.400002|44.849998|46.310001|8746400|0.9906984712|45.879246
2026-02-06|175|ROK|407.010010|420.179993|397.690002|415.019989|2180100|0.9904239689|411.045746
2026-02-06|176|SLB|49.500000|51.250000|49.410000|50.700001|16188800|0.9889523968|50.139889
2026-02-06|177|SO|91.500000|91.699997|89.269997|90.080002|5453700|0.9759995454|87.918030
2026-02-06|178|WMB|67.620003|68.870003|65.949997|66.919998|13880500|0.9855810767|65.955078
2026-02-06|179|VLO|195.880005|203.139999|194.500000|202.679993|2871200|0.9914397807|200.945007
2026-02-06|180|CI|283.720001|297.799988|283.500000|292.049988|2865800|0.9887906885|288.776306
2026-02-06|181|NSC|303.470001|307.970001|302.970001|306.480011|1166500|0.9917671837|303.956787
2026-02-06|182|COO|80.419998|82.180000|80.220001|82.099998|1508300|1.0000000000|82.099998
2026-02-06|183|AMGN|369.989990|385.119995|368.899994|384.320007|3840300|0.9799483831|376.613770
2026-02-06|184|RJF|169.669998|173.059998|169.000000|172.139999|1067000|0.9927317770|170.888840
2026-02-06|185|WSM|214.289993|221.190002|213.460007|220.669998|794000|0.9927167515|219.062805
2026-02-06|186|CAH|226.210007|230.809998|226.160004|226.320007|2250300|0.9954149217|225.282318
2026-02-06|187|CTAS|194.279999|196.330002|193.929993|195.869995|1689500|0.9924218382|194.385666
2026-02-06|188|PAYX|98.480003|99.809998|97.629997|98.529999|3403500|0.9771272923|96.276344
2026-02-06|189|BEN|27.260000|27.490000|26.840000|27.200001|4964200|0.9758021744|26.541821
2026-02-06|190|AOS|78.709999|79.230003|78.400002|78.980003|1103300|0.9883617008|78.060806
2026-02-06|191|CASY|651.789978|664.409973|651.789978|660.900024|430000|0.9985579358|659.946960
2026-02-06|192|T|27.260000|27.379999|26.930000|27.129999|37410400|0.9765662530|26.494242
2026-02-06|193|VZ|46.970001|47.250000|46.060001|46.310001|36094600|0.9686690897|44.859070
2026-02-06|194|JBHT|223.759995|228.220001|223.369995|227.910004|1065200|0.9964612666|227.103500
2026-02-06|195|ATO|172.660004|174.570007|170.779999|171.380005|962200|0.9829545502|168.458755
2026-02-06|196|LRCX|220.669998|232.449997|218.759995|231.009995|13848800|0.9981002163|230.571136
2026-02-06|197|MU|377.970001|396.649994|372.869995|394.690002|37196000|0.9994263974|394.463593
2026-02-06|198|AJG|244.259995|245.210007|239.330002|241.580002|1387400|0.9936444599|240.044632
2026-02-06|199|AME|232.119995|233.559998|230.000000|231.910004|1169300|0.9969202115|231.195786
2026-02-06|200|SWKS|61.099998|62.700001|60.919998|62.099998|4336300|0.9796110161|60.833843
2026-02-06|201|EXPD|163.500000|165.429993|163.250000|165.039993|1683400|0.9948730934|164.193848
2026-02-06|202|UNH|267.059998|277.809998|266.410004|276.649994|9572800|0.9866504480|272.956848
2026-02-06|203|BBY|68.349998|70.519997|68.250000|70.410004|3051500|0.9720666083|68.443214
2026-02-06|204|DOC|16.730000|16.950001|16.650000|16.850000|8340100|0.9628888149|16.224678
2026-02-06|205|ADSK|239.649994|242.440002|234.000000|240.399994|2139700|1.0000000000|240.399994
2026-02-06|206|DVN|43.310001|44.000000|43.090000|43.810001|11221900|0.9877783076|43.274570
2026-02-06|207|NVR|8062.200195|8099.000000|7785.089844|8009.839844|34400|1.0000000000|8009.839844
2026-02-06|208|ROST|190.610001|191.850006|189.720001|190.740005|3185300|0.9959267541|189.963074
2026-02-06|209|JKHY|176.660004|177.690002|170.550003|173.360001|1176400|0.9919197584|171.959213
2026-02-06|210|MNST|81.940002|82.599998|81.750000|82.540001|4294600|0.5000000000|82.540001
2026-02-06|211|ORCL|139.750000|143.199997|138.910004|142.820007|29962400|0.9930647011|141.829514
2026-02-06|212|MSFT|399.170013|401.790009|392.920013|401.140015|53515300|0.9936958009|398.611145
2026-02-06|213|TROW|93.769997|95.220001|92.769997|94.580002|3272800|0.9736426638|92.087128
2026-02-06|214|COST|988.150024|1001.369995|983.500000|1001.159973|2358600|0.9969659831|998.122437
2026-02-06|215|ADBE|271.679993|275.000000|265.309998|268.380005|5448400|1.0000000000|268.380005
2026-02-06|216|FISV|58.700001|60.139999|58.520000|60.000000|9883400|1.0000000000|60.000000
2026-02-06|217|BKR|57.790001|59.540001|57.560001|58.919998|9351400|0.9892821118|58.288498
2026-02-06|218|CDNS|276.179993|285.339996|272.920013|283.519989|2843300|1.0000000000|283.519989
2026-02-06|219|TJX|155.380005|156.339996|154.729996|155.860001|4708100|0.9907991610|154.425949
2026-02-06|220|FICO|1365.390015|1413.329956|1365.390015|1391.000000|364100|1.0000000000|1391.000000
2026-02-06|221|CCL|31.809999|34.029999|31.730000|33.990002|27375400|0.9841845235|33.452435
2026-02-06|222|FAST|47.900002|48.240002|47.400002|47.730000|6479600|0.9892709750|47.217903
2026-02-06|223|SCHW|103.250000|105.279999|103.000000|105.080002|7527600|0.9901836685|104.048500
2026-02-06|224|JCI|136.050003|138.229996|134.399994|137.649994|5373700|0.9941759575|136.848312
2026-02-06|225|COHR|216.529999|234.000000|213.000000|227.679993|6589900|1.0000000000|227.679993
2026-02-06|226|KEY|22.850000|23.290001|22.840000|23.209999|15101300|0.9804836286|22.757025
2026-02-06|227|MOS|28.000000|28.700001|27.900000|28.600000|4541800|0.9816582705|28.075426
2026-02-06|228|MGM|36.230000|37.700001|35.490002|37.490002|6089800|1.0000000000|37.490002
2026-02-06|229|WM|227.139999|230.119995|225.580002|226.789993|2239300|0.9917417797|224.917099
2026-02-06|230|TECH|66.760002|67.599998|65.849998|66.779999|1547100|0.9957086055|66.493416
2026-02-06|231|IEX|215.199997|217.160004|211.210007|211.369995|1378200|0.9931996195|209.932602
2026-02-06|232|GEN|23.709999|25.000000|23.590000|24.250000|12630400|0.9850474704|23.887400
2026-02-06|233|CRH|123.889999|127.459999|123.330002|127.129997|3244300|0.9889154582|125.720818
2026-02-06|234|EOG|112.779999|114.779999|112.000000|113.699997|2533200|0.9849854996|111.992851
2026-02-06|235|PTC|156.220001|159.460007|151.589996|155.720001|1494800|1.0000000000|155.720001
2026-02-06|236|CSCO|83.559998|85.000000|82.809998|84.820000|23936600|0.9909035959|84.048447
2026-02-06|237|LH|280.000000|281.989990|274.109985|277.200012|672600|0.9947633093|275.158478
2026-02-06|238|TRMB|65.110001|66.330002|64.580002|66.150002|1991100|1.0000000000|66.150002
2026-02-06|239|AZO|3580.629883|3685.429932|3580.629883|3681.260010|140700|1.0000000000|3681.260010
2026-02-06|240|REGN|769.630005|786.989990|764.780029|785.510010|671400|0.9961457605|782.482483
2026-02-06|241|IDXX|642.390015|650.380005|639.030029|644.609985|562600|1.0000000000|644.609985
2026-02-06|242|AES|15.920000|16.150000|15.710000|16.049999|6637600|0.9761125722|15.666607
2026-02-06|243|VRTX|459.690002|478.279999|459.000000|477.920013|1621700|1.0000000000|477.920013
2026-02-06|244|ZBRA|244.309998|252.309998|243.630005|251.399994|669900|1.0000000000|251.399994
2026-02-06|245|BIIB|187.009995|202.410004|184.600006|201.179993|3404900|1.0000000000|201.179993
2026-02-06|246|ODFL|198.320007|204.839996|198.320007|202.470001|2906400|0.9973411992|201.931671
2026-02-06|247|APH|132.160004|138.309998|132.130005|136.229996|11531500|0.9965240421|135.756470
2026-02-06|248|KIM|21.760000|21.920000|21.590000|21.830000|4050300|0.9782318124|21.354801
2026-02-06|249|QCOM|136.869995|139.149994|135.279999|137.339996|15036800|0.9899641514|135.961670
2026-02-06|250|GILD|149.690002|153.130005|148.710007|152.500000|8509800|0.9878606941|150.648743
2026-02-06|251|ROP|353.459991|363.540009|351.000000|362.420013|1945500|0.9949619600|360.594116
2026-02-06|252|SNPS|424.989990|431.130005|416.160004|426.880005|2504300|1.0000000000|426.880005
2026-02-06|253|STZ|165.600006|166.649994|162.500000|164.330002|1848500|0.9856055004|161.964554
2026-02-06|254|BSX|77.239998|79.169998|75.120003|76.269997|34885700|1.0000000000|76.269997
2026-02-06|255|STE|246.419998|252.979996|240.770004|252.160004|1535800|0.9945039836|250.774124
2026-02-06|256|DHI|157.429993|161.259995|151.559998|156.270004|4551500|0.9940209933|155.335663
2026-02-06|257|LIN|455.899994|457.989990|445.000000|448.239990|3132800|0.9935105778|445.331177
2026-02-06|258|SBUX|96.300003|99.580002|96.000000|99.449997|8067100|0.9821606772|97.675880
2026-02-06|259|MS|178.889999|181.190002|177.500000|179.960007|9139700|0.9892093304|178.018127
2026-02-06|260|INTU|437.119995|448.000000|435.399994|443.769989|3645600|0.9925226498|440.451752
2026-02-06|261|MCHP|74.410004|76.699997|73.379997|76.010002|20208200|0.9832658267|74.738037
2026-02-06|262|CB|331.980011|335.339996|327.619995|330.970001|1839000|0.9939554166|328.969421
2026-02-06|263|ORLY|92.120003|94.300003|91.099998|94.220001|10452900|1.0000000000|94.220001
2026-02-06|264|RCL|329.279999|348.200012|329.000000|348.000000|1787600|0.9895699200|344.370361
2026-02-06|265|JBL|251.050003|260.559998|251.050003|258.250000|1172400|0.9992441666|258.054810
2026-02-06|266|ALL|215.000000|215.740005|205.360001|207.550003|2325300|0.9897514584|205.422913
2026-02-06|267|CPT|107.129997|109.099998|105.080002|106.629997|2418900|0.9801843508|104.517052
2026-02-06|268|VMRK|61.450001|65.000000|61.450001|63.889999|3802300|0.9778762777|62.476513
2026-02-06|269|IT|151.850006|158.240005|151.850006|156.330002|2316500|1.0000000000|156.330002
2026-02-06|270|DECK|111.419998|115.589996|111.419998|115.449997|2157500|1.0000000000|115.449997
2026-02-06|271|REG|76.129997|76.349998|74.019997|75.220001|2235100|0.9810739142|73.796379
2026-02-06|272|INCY|103.750000|108.519997|103.519997|108.389999|2193700|1.0000000000|108.389999
2026-02-06|273|SPG|199.990005|201.399994|197.830002|199.600006|2322300|0.9778630534|195.181473
2026-02-06|274|MAA|129.979996|132.350006|129.940002|132.130005|1525200|0.9765831817|129.035950
2026-02-06|275|MLM|677.159973|693.539978|675.479980|690.000000|481100|0.9973479749|688.170105
2026-02-06|276|TSCO|53.939999|55.660000|53.820000|55.610001|6242800|0.9807531624|54.539680
2026-02-06|277|ALB|159.899994|163.910004|158.479996|163.369995|2120400|0.9949889134|162.551331
2026-02-06|278|CPRT|39.860001|40.750000|39.840000|40.360001|8328800|1.0000000000|40.360001
2026-02-06|279|FLEX|61.959999|65.980003|61.000000|63.980000|5504600|1.0000000000|63.980000
2026-02-06|280|ESS|251.500000|258.739990|251.500000|258.059998|947100|0.9806657936|253.070618
2026-02-06|281|O|63.400002|63.900002|62.650002|63.230000|4717600|0.9746072994|61.624420
2026-02-06|282|MCO|461.480011|465.570007|447.510010|452.489990|1836500|0.9933686768|449.489410
2026-02-06|283|SJM|108.379997|110.360001|108.320000|109.510002|1272100|0.9701300487|106.238930
2026-02-06|284|MCK|955.000000|971.929993|935.650024|948.679993|1190500|0.9980659618|946.845215
2026-02-06|285|COF|220.539993|224.589996|220.000000|222.789993|3387600|0.9884398390|220.214508
2026-02-06|286|EME|735.179993|766.409973|734.909973|764.349976|371400|0.9989862194|763.575134
2026-02-06|287|DLTR|120.620003|125.180000|120.330002|123.830002|3085300|1.0000000000|123.830002
2026-02-06|288|COR|354.589996|360.619995|351.450012|359.250000|1198300|0.9940692618|357.119385
2026-02-06|289|DRI|214.380005|220.449997|214.380005|216.270004|1407600|0.9843985059|212.895874
2026-02-06|290|RMD|267.049988|272.329987|267.029999|271.630005|1502500|0.9918845144|269.425629
2026-02-06|291|WAB|242.130005|246.679993|242.130005|246.320007|876200|0.9965472933|245.469543
2026-02-06|292|FCX|60.360001|61.009998|59.709999|60.669998|20119100|0.9953868541|60.390118
2026-02-06|293|IVZ|26.400000|26.969999|26.170000|26.820000|6239400|0.9777629266|26.223602
2026-02-06|294|ACGL|101.660004|103.389999|100.750000|100.949997|1723900|1.0000000000|100.949997
2026-02-06|295|ERIE|287.369995|292.690002|284.859985|287.709991|192800|0.9885906317|284.427399
2026-02-06|296|EG|326.510010|332.850006|326.510010|328.390015|399800|0.9878843207|324.411346
2026-02-06|297|DVA|149.000000|151.419998|139.539993|140.830002|2255100|1.0000000000|140.830002
2026-02-06|298|HSIC|77.459999|81.349998|77.459999|79.720001|1955900|1.0000000000|79.720001
2026-02-06|299|EL|97.730003|105.139999|97.690002|99.470001|8558300|0.9930325985|98.776947
2026-02-06|300|WAT|377.179993|383.890015|369.399994|381.290009|785300|1.0000000000|381.290009
2026-02-06|301|NTAP|100.900002|103.580002|100.750000|103.339996|1884400|0.9918913810|102.502052
2026-02-06|302|HIG|143.050003|144.500000|141.240005|142.559998|1664700|0.9910400733|141.282669
2026-02-06|303|IRM|90.830002|96.440002|89.580002|95.779999|2458500|0.9851777356|94.360321
2026-02-06|304|BRK-B|504.179993|509.660004|502.890015|508.089996|4421600|1.0000000000|508.089996
2026-02-06|305|FDS|212.880005|215.529999|206.279999|207.320007|1265900|0.9900356292|205.254211
2026-02-06|306|STLD|195.750000|202.860001|195.059998|202.389999|1290600|0.9946588101|201.309006
2026-02-06|307|DGX|193.199997|193.600006|189.940002|190.710007|1099500|0.9916252453|189.112854
2026-02-06|308|CIEN|262.649994|273.000000|251.259995|271.320007|33471400|1.0000000000|271.320007
2026-02-06|309|TTWO|197.419998|198.070007|189.449997|195.589996|3100300|1.0000000000|195.589996
2026-02-06|310|VTR|80.820000|82.800003|79.519997|82.550003|3926100|0.9878430433|81.546448
2026-02-06|311|AMZN|202.699997|211.440002|200.309998|210.320007|179210900|1.0000000000|210.320007
2026-02-06|312|ARE|55.000000|56.070000|54.389999|55.900002|1775100|0.9716953716|54.317772
2026-02-06|313|RL|341.899994|347.230011|337.089996|342.890015|925500|0.9948318200|341.117889
2026-02-06|314|BXP|63.090000|64.830002|62.869999|64.720001|3462000|0.9761958291|63.179398
2026-02-06|315|FIX|1175.000000|1230.489990|1175.000000|1230.260010|278900|0.9985721755|1228.503296
2026-02-06|316|YUM|160.320007|163.039993|160.320007|162.929993|1437500|0.9905648102|161.392715
2026-02-06|317|CHRW|198.679993|203.339996|197.539993|200.589996|2531600|0.9931897587|199.223938
2026-02-06|318|FE|46.700001|47.240002|46.310001|46.630001|3240000|0.9800753088|45.700912
2026-02-06|319|MTD|1384.030029|1392.979980|1325.050049|1373.569946|229700|1.0000000000|1373.569946
2026-02-06|320|PLD|137.009995|137.490005|135.660004|136.949997|3120600|0.9848712132|134.878113
2026-02-06|321|URI|860.099976|903.570007|857.270020|899.549988|962700|0.9939808437|894.135376
2026-02-06|322|AEE|105.720001|106.169998|103.970001|105.089996|1871100|0.9863006617|103.650337
2026-02-06|323|VRSN|244.600006|248.649994|208.860001|224.169998|2561500|0.9907421953|222.094681
2026-02-06|324|PWR|489.320007|508.450012|482.510010|508.109985|1517400|0.9996508742|507.932587
2026-02-06|325|AMT|172.770004|173.600006|168.679993|171.270004|3481800|0.9807453674|167.972260
2026-02-06|326|MAR|326.399994|333.959991|326.000000|333.239990|1415300|0.9940852561|331.268951
2026-02-06|327|CTSH|77.269997|78.339996|76.629997|77.080002|4418000|0.9822114026|75.708862
2026-02-06|328|SRE|87.550003|88.080002|86.209999|87.360001|4775500|0.9860298575|86.139572
2026-02-06|329|CSGP|51.130001|51.689999|48.759998|50.279999|6756600|1.0000000000|50.279999
2026-02-06|330|RSG|218.720001|221.639999|218.410004|219.940002|1039100|0.9942648020|218.678604
2026-02-06|331|CCI|79.070000|81.379997|77.010002|80.879997|6737200|0.9762634240|78.960182
2026-02-06|332|EBAY|87.250000|88.669998|84.559998|86.550003|6139600|0.9939126631|85.762390
2026-02-06|333|NVDA|176.690002|187.000000|174.600006|185.410004|231346200|0.9987817973|185.184128
2026-02-06|334|BKNG|4443.769836|4523.939896|4369.169998|4457.170105|531900|0.0398088823|177.434952
2026-02-06|335|GS|907.869995|931.770020|907.229980|928.750000|2473200|0.9903999491|919.833923
2026-02-06|336|FFIV|273.609985|278.929993|272.220001|276.570007|516600|1.0000000000|276.570007
2026-02-06|337|SBAC|181.399994|182.770004|177.490005|180.740005|663100|0.9805017315|177.215897
2026-02-06|338|LII|524.969971|534.830017|524.969971|529.979980|464000|0.9946881341|527.164734
2026-02-06|339|BLK|1069.500000|1075.380005|1047.569946|1056.380005|1343700|0.9888912077|1044.644897
2026-02-06|340|TKO|210.160004|212.190002|207.139999|211.899994|703300|0.9921219970|210.230652
2026-02-06|341|AKAM|92.570000|95.250000|92.500000|95.080002|3325500|1.0000000000|95.080002
2026-02-06|342|UPS|116.300003|117.739998|115.830002|117.339996|6738200|0.9546755018|112.021622
2026-02-06|343|A|130.320007|131.429993|128.630005|129.580002|1931000|0.9958080410|129.036804
2026-02-06|344|TDY|636.659973|648.280029|617.640015|647.559998|284700|1.0000000000|647.559998
2026-02-06|345|PKG|233.820007|239.750000|230.630005|238.860001|844600|0.9876260349|235.904358
2026-02-06|346|EW|78.709999|78.889999|77.440002|78.709999|6476700|1.0000000000|78.709999
2026-02-06|347|MET|75.839996|76.870003|75.629997|76.379997|4433000|0.9862851080|75.332451
2026-02-06|348|ON|64.209999|65.449997|63.310001|65.199997|13001400|1.0000000000|65.199997
2026-02-06|349|ISRG|482.170013|491.649994|480.070007|488.149994|2521100|1.0000000000|488.149994
2026-02-06|350|CRL|184.889999|191.500000|182.470001|189.210007|987700|1.0000000000|189.210007
2026-02-06|351|MRVL|76.839996|80.750000|76.519997|80.279999|22581800|0.9992531920|80.220039
2026-02-06|352|EQIX|815.940002|848.880005|813.630005|848.119995|615500|0.9849779860|835.379517
2026-02-06|353|TPR|145.429993|153.130005|144.380005|152.100006|3250200|0.9944862341|151.261353
2026-02-06|354|GRMN|200.539993|202.520004|198.740005|202.330002|718900|0.9917889977|200.668671
2026-02-06|355|GPN|71.910004|73.360001|71.070000|72.860001|2239700|0.9929199565|72.344147
2026-02-06|356|ALGN|177.889999|188.669998|176.660004|187.600006|1967200|1.0000000000|187.600006
2026-02-06|357|WTW|331.980011|334.010010|327.850006|330.040009|566400|0.9930717262|327.753387
2026-02-06|358|MDLZ|59.970001|60.610001|59.830002|60.020000|10807100|0.9831751096|59.010174
2026-02-06|359|AXON|410.000000|414.959991|396.410004|414.200012|1479400|1.0000000000|414.200012
2026-02-06|360|FIS|50.910000|51.990002|50.529999|51.930000|7750000|0.9802816760|50.906029
2026-02-06|361|ACN|232.300003|241.089996|232.000000|240.619995|5026300|0.9798095806|235.761765
2026-02-06|362|ZBH|88.169998|90.089996|88.010002|89.910004|1511700|0.9946488082|89.428871
2026-02-06|363|BG|113.820000|117.449997|112.830002|115.860001|1672000|0.9821514316|113.792068
2026-02-06|364|PFG|96.330002|97.879997|96.089996|97.339996|1530600|0.9832413887|95.708710
2026-02-06|365|ELV|330.000000|339.170013|327.829987|338.980011|2055000|0.9898456688|335.537903
2026-02-06|366|CNC|37.240002|39.849998|36.060001|38.459999|16610300|1.0000000000|38.459999
2026-02-06|367|PRU|100.970001|103.389999|100.500000|102.800003|3226400|0.9622422893|98.918503
2026-02-06|368|NFLX|81.019997|82.489998|80.650002|82.199997|46154100|1.0000000000|82.199997
2026-02-06|369|NDAQ|86.940002|87.199997|84.120003|84.830002|10110300|0.9932805958|84.259995
2026-02-06|370|WYNN|113.070000|118.220001|112.709999|117.959999|1805700|0.9927789107|117.108208
2026-02-06|371|CME|299.459991|302.790009|297.660004|302.269989|2927100|0.9716146686|293.689972
2026-02-06|372|STX|426.260010|431.929993|406.859985|429.320007|3284500|0.9975473958|428.267059
2026-02-06|373|NRG|148.960007|153.570007|148.009995|153.320007|2064000|0.9934205862|152.311264
2026-02-06|374|AIZ|244.990005|246.309998|242.539993|243.309998|353000|0.9925480196|241.496872
2026-02-06|375|CBRE|167.520004|170.449997|166.639999|169.669998|1262300|1.0000000000|169.669998
2026-02-06|376|CRM|191.630005|194.600006|187.119995|191.350006|13652600|0.9949373630|190.381271
2026-02-06|377|DPZ|390.010010|396.730011|390.010010|394.880005|757600|0.9888611209|390.481476
2026-02-06|378|EXR|139.300003|140.479996|138.570007|140.009995|1260000|0.9779070040|136.916748
2026-02-06|379|GOOG|327.350006|330.640015|320.149994|323.100006|33877000|0.9986949468|322.678375
2026-02-06|380|GOOGL|327.179993|330.380005|319.920013|322.859985|56380500|0.9986999831|322.440277
2026-02-06|381|DLR|167.619995|173.899994|166.759995|171.619995|3404300|0.9866588059|169.330383
2026-02-06|382|MPWR|1250.000000|1250.000000|1169.619995|1229.819946|1556700|0.9964842129|1225.496216
2026-02-06|383|LVS|57.209999|57.970001|57.000000|57.799999|5516000|0.9827791790|56.804638
2026-02-06|384|DXCM|70.570000|70.680000|68.680000|69.970001|3659900|1.0000000000|69.970001
2026-02-06|385|BLDR|121.790001|126.000000|120.699997|124.419998|1868400|1.0000000000|124.419998
2026-02-06|386|WBD|26.900000|27.480000|26.850000|27.360001|33623700|1.0000000000|27.360001
2026-02-06|387|EXPE|232.550003|239.369995|231.809998|236.850006|3285500|0.9942877675|235.497070
2026-02-06|388|CF|92.239998|93.309998|91.330002|92.639999|2003700|0.9855673857|91.302963
2026-02-06|389|AMP|539.849976|547.000000|533.989990|542.989990|522300|0.9903313094|537.739990
2026-02-06|390|ICE|169.850006|173.860001|166.809998|169.000000|3539800|0.9930916239|167.832489
2026-02-06|391|PSKY|10.600000|10.780000|10.450000|10.560000|7137200|0.9901049837|10.455509
2026-02-06|392|LYV|139.100006|141.649994|138.000000|140.839996|2880700|1.0000000000|140.839996
2026-02-06|393|CMG|38.779999|40.139999|38.779999|39.389999|17541300|1.0000000000|39.389999
2026-02-06|394|UAL|107.269997|116.489998|107.269997|115.910004|9022500|1.0000000000|115.910004
2026-02-06|395|TDG|1272.989990|1300.619995|1270.270020|1285.530029|391100|1.0000000000|1285.530029
2026-02-06|396|MA|553.070007|556.789978|539.799988|548.739990|3779700|0.9966137732|546.881836
2026-02-06|397|LDOS|187.660004|194.279999|186.380005|192.990005|736000|0.9940154778|191.835052
2026-02-06|398|FSLR|233.990005|236.759995|214.740005|218.729996|5263900|1.0000000000|218.729996
2026-02-06|399|BR|193.789993|195.970001|181.089996|181.910004|1932000|0.9878384663|179.697708
2026-02-06|400|SMCI|31.840000|34.700001|31.219999|34.380001|49279800|1.0000000000|34.380001
2026-02-06|401|TMUS|201.500000|202.479996|196.820007|197.389999|5081600|0.9898439218|194.264084
2026-02-06|402|DAL|70.480003|75.660004|70.260002|75.349998|13466800|0.9922015511|74.762383
2026-02-06|403|IBKR|71.889999|74.860001|71.000000|74.589996|4891400|0.9979162811|74.434578
2026-02-06|404|PODD|242.649994|244.509995|240.029999|241.929993|1096300|1.0000000000|241.929993
2026-02-06|405|TEL|213.490005|218.389999|212.050003|215.910004|2577700|0.9892434805|213.587555
2026-02-06|406|BX|129.410004|130.250000|126.900002|129.690002|11661500|0.9695455041|125.740364
2026-02-06|407|LULU|170.000000|175.429993|170.000000|172.850006|1953900|1.0000000000|172.850006
2026-02-06|408|ULTA|681.270020|692.599976|677.479980|690.369995|467900|1.0000000000|690.369995
2026-02-06|409|MSCI|569.169983|575.190002|550.000000|557.780029|959300|0.9889531620|551.618347
2026-02-06|410|ECHO|110.230003|112.309998|108.709999|111.610001|3802800|1.0000000000|111.610001
2026-02-06|411|PM|179.830002|186.550003|178.000000|182.809998|8571800|0.9830023955|179.702667
2026-02-06|412|V|331.779999|335.130005|327.100006|331.579987|7798800|0.9940309283|329.600769
2026-02-06|413|AWK|126.459999|127.269997|124.150002|124.330002|1370000|0.9796942856|121.805397
2026-02-06|414|KDP|27.990000|28.440001|27.920000|28.410000|7810400|0.9842341174|27.962091
2026-02-06|415|SW|43.959999|44.360001|43.264999|44.139999|5905400|0.9711821711|42.867981
2026-02-06|416|AVGO|320.100006|335.000000|316.299988|332.920013|33003400|0.9963298147|331.698151
2026-02-06|417|VRSK|183.210007|184.410004|177.740005|179.100006|3856200|0.9947617775|178.161850
2026-02-06|418|DG|146.529999|148.210007|145.820007|146.649994|1715400|0.9902299309|145.217209
2026-02-06|419|FTNT|81.800003|83.519997|77.269997|82.760002|15226300|1.0000000000|82.760002
2026-02-06|420|CHTR|223.529999|231.490005|223.529999|231.139999|3346100|1.0000000000|231.139999
2026-02-06|421|FERG|256.200012|263.339996|256.029999|262.760010|1522000|0.9887782143|259.811371
2026-02-06|422|GNRC|175.880005|183.929993|175.880005|183.529999|995900|1.0000000000|183.529999
2026-02-06|423|LYB|54.250000|55.490002|54.090000|55.099998|3826400|0.9677851714|53.324959
2026-02-06|424|CBOE|267.500000|274.910004|255.770004|273.359985|1623900|0.9954503651|272.116302
2026-02-06|425|TSLA|400.869995|414.549988|397.750000|411.109985|62677100|1.0000000000|411.109985
2026-02-06|426|KKR|102.559998|103.959999|99.989998|103.199997|13332100|0.9943370554|102.615578
2026-02-06|427|NXPI|224.770004|226.429993|220.100006|224.320007|4588200|0.9914738451|222.407410
2026-02-06|428|GM|83.540001|84.699997|82.639999|84.239998|8052700|0.9954799629|83.859230
2026-02-06|429|TRGP|206.990005|211.669998|206.320007|211.440002|965800|0.9903678073|209.403366
2026-02-06|430|CPAY|337.779999|354.579987|336.850006|354.190002|892400|1.0000000000|354.190002
2026-02-06|431|KMI|30.410000|30.590000|30.240000|30.500000|11765900|0.9816636474|29.940742
2026-02-06|432|HCA|514.000000|516.000000|499.679993|501.690002|939500|0.9965176399|499.942963
2026-02-06|433|HII|374.890015|400.000000|374.880005|397.769989|774600|0.9925978670|392.992889
2026-02-06|434|APO|129.399994|134.009995|128.220001|133.029999|6113600|0.9875780044|131.377502
2026-02-06|435|MPC|196.789993|204.369995|196.169998|203.000000|2316000|0.9885237030|200.670319
2026-02-06|436|XYL|140.630005|142.389999|138.929993|142.119995|2220000|0.9889650951|140.551712
2026-02-06|437|APTV|80.290001|82.519997|79.910004|82.379997|1069300|1.0000000000|82.379997
2026-02-06|438|PSX|154.710007|159.149994|154.699997|157.800003|2414600|0.9794981865|154.564835
2026-02-06|439|AMCR|47.799999|48.389999|47.509998|48.169998|7185000|0.9708736970|46.766983
2026-02-06|440|META|665.489990|671.989990|646.500000|661.460022|18159300|0.9982193806|660.282227
2026-02-06|441|NOW|101.680000|104.000000|98.940002|100.739998|34727000|1.0000000000|100.739998
2026-02-06|442|PANW|157.610001|159.550003|151.710007|159.320007|9902500|1.0000000000|159.320007
2026-02-06|443|FANG|164.649994|168.500000|164.520004|166.929993|2090800|0.9832059760|164.126572
2026-02-06|444|WDAY|161.059998|164.199997|157.820007|162.919998|4170100|1.0000000000|162.919998
2026-02-06|445|ABBV|218.750000|225.820007|218.500000|223.429993|6067100|0.9847626719|220.025528
2026-02-06|446|NCLH|21.780001|23.400000|21.639999|23.320000|20033800|1.0000000000|23.320000
2026-02-06|447|ZTS|127.989998|129.949997|126.540001|127.419998|4127700|0.9887765322|125.989906
2026-02-06|448|IQV|183.119995|190.089996|182.770004|187.490005|3443000|1.0000000000|187.490005
2026-02-06|449|NWS|26.719999|27.120001|25.570000|25.650000|3715800|0.9963262306|25.555767
2026-02-06|450|NWSA|24.010000|24.160000|22.410000|22.500000|9160400|0.9958385353|22.406366
2026-02-06|451|CDW|140.550003|142.720001|139.770004|142.619995|1689000|0.9844137869|140.397095
2026-02-06|452|VEEV|183.070007|185.369995|177.880005|183.649994|2846200|1.0000000000|183.649994
2026-02-06|453|ALLE|177.080002|180.270004|176.919998|179.770004|985400|0.9921390873|178.356842
2026-02-06|454|HLT|309.059998|314.959991|307.679993|314.380005|1718600|0.9986088702|313.942657
2026-02-06|455|ARES|129.580002|131.419998|126.000000|130.460007|6751500|0.9767290545|127.424080
2026-02-06|456|ANET|131.399994|137.610001|130.320007|137.490005|8986800|1.0000000000|137.490005
2026-02-06|457|SYF|74.830002|75.828003|74.730003|75.160004|2945600|0.9916769819|74.534439
2026-02-06|458|CFG|67.510002|68.360001|67.195000|68.120003|4966500|0.9864525111|67.197151
2026-02-06|459|KEYS|225.649994|231.089996|224.595001|230.949997|965200|1.0000000000|230.949997
2026-02-06|460|GDDY|96.739998|98.540001|95.535004|97.220001|2176700|1.0000000000|97.220001
2026-02-06|461|KHC|24.400000|24.745001|24.400000|24.639999|11515100|0.9659839010|23.801844
2026-02-06|462|PYPL|40.250000|40.610001|39.380001|40.419998|34921700|0.9937057617|40.165585
2026-02-06|463|LITE|540.000000|558.380005|513.280029|551.989990|6735500|1.0000000000|551.989990
2026-02-06|464|HPE|23.080000|23.799999|22.980000|23.610001|15011600|0.9906947030|23.390303
2026-02-06|465|XYZ|55.049999|56.419998|54.810001|55.970001|8982900|1.0000000000|55.970001
2026-02-06|466|FTV|61.000000|61.000000|58.439999|60.119999|6733600|0.9979248563|59.995243
2026-02-06|467|DELL|116.900002|122.570000|116.500000|121.050003|7918000|0.9952707496|120.477531
2026-02-06|468|TTD|26.330000|27.059999|26.059999|27.040001|13597700|1.0000000000|27.040001
2026-02-06|469|VST|150.000000|152.259995|147.419998|149.649994|7406400|0.9972411805|149.237137
2026-02-06|470|HWM|213.970001|223.699997|213.970001|223.160004|2905300|0.9990766853|222.953964
2026-02-06|471|INVH|26.520000|26.770000|26.065001|26.340000|4621900|0.9779475029|25.759138
2026-02-06|472|CVNA|391.360016|412.859993|390.289993|403.670006|3675500|0.2000000000|80.734001
2026-02-06|473|IR|97.410004|99.309998|96.940002|98.500000|6260100|0.9992655835|98.427658
2026-02-06|474|VICI|28.900000|29.075001|28.510000|28.760000|5610700|0.9677245240|27.831758
2026-02-06|475|VRT|180.919998|195.809998|180.919998|195.580002|7197300|0.9995540701|195.492783
2026-02-06|476|MRNA|41.180000|41.487999|39.500000|41.009998|8338800|1.0000000000|41.009998
2026-02-06|477|FOXA|66.019997|66.400002|64.110001|64.779999|4768700|0.9951185496|64.463776
2026-02-06|478|FOX|59.450001|59.705002|57.720001|58.349998|1776300|0.9946544484|58.038086
2026-02-06|479|DOW|31.000000|31.855000|30.809999|31.780001|8977200|0.9783459966|31.091835
2026-02-06|480|UBER|75.489998|75.860001|72.669998|74.769997|24470200|1.0000000000|74.769997
2026-02-06|481|CTVA|73.160004|73.864998|72.160004|72.599998|4199200|0.9954590981|72.270332
2026-02-06|482|CRWD|384.940002|396.989990|378.369995|395.500000|4943000|0.2500000000|98.875000
2026-02-06|483|DDOG|109.000000|112.379997|105.660004|111.690002|7125900|1.0000000000|111.690002
2026-02-06|484|CARR|62.970001|65.239998|62.770000|63.919998|11800700|0.9928803129|63.464912
2026-02-06|485|OTIS|91.739998|92.050003|89.540001|89.849998|4723900|0.9834662418|88.364449
2026-02-06|486|PLTR|135.330002|137.686996|132.350006|135.899994|62661400|1.0000000000|135.899994
2026-02-06|487|DASH|186.309998|188.869995|180.100006|182.470001|7203400|1.0000000000|182.470001
2026-02-06|488|ABNB|121.269997|122.839996|119.760002|122.180000|5352800|1.0000000000|122.180000
2026-02-06|489|EXE|109.959999|112.279999|109.495003|110.370003|1737500|0.9826864450|108.459099
2026-02-06|490|COIN|154.559998|165.520004|151.570007|165.119995|19776100|1.0000000000|165.119995
2026-02-06|491|APP|399.320007|410.209991|380.299988|406.720001|6463800|1.0000000000|406.720001
2026-02-06|492|HOOD|77.860001|84.300003|77.120003|82.820000|54593900|1.0000000000|82.820000
2026-02-06|493|CEG|254.145004|263.959991|252.380005|261.420013|6306500|0.9955820742|260.265076
2026-02-06|494|GEHC|82.480003|83.500000|80.459999|80.650002|3468900|0.9989494212|80.565269
2026-02-06|495|KVUE|18.020000|18.177000|18.014999|18.129999|63459000|0.9661066365|17.515511
2026-02-06|496|VLTO|90.989998|92.419998|89.580002|90.570000|3373400|0.9970188523|90.299995
2026-02-06|497|RDDT|161.529999|164.399994|137.020004|139.830002|22081600|1.0000000000|139.830002
2026-02-06|498|SOLV|76.860001|78.349998|76.660004|78.120003|861400|1.0000000000|78.120003
2026-02-06|499|GEV|758.070007|779.559998|753.000000|779.349976|3283900|0.9988852954|778.481201
2026-02-06|500|SNDK|614.500000|615.359985|575.500000|597.950012|21327300|1.0000000000|597.950012
2026-02-06|501|Q|94.985001|99.790001|94.000000|98.220001|1739300|0.9988559230|98.107635
