date|security_id|ticker|open|high|low|close|volume|adj_factor|adj_close_vendor
2026-02-19|1|AEP|127.269997|128.839996|127.080002|128.419998|2556200|0.9852885257|126.530746
2026-02-19|2|BA|238.910004|240.000000|233.419998|233.710007|5827500|1.0000000000|233.710007
2026-02-19|3|CAT|752.000000|762.000000|744.150024|760.530029|2908000|0.9962516275|757.679321
2026-02-19|4|CNP|42.180000|42.709999|41.849998|42.639999|8486000|0.9886466776|42.155895
2026-02-19|5|CVX|185.289993|187.899994|184.740005|184.779999|10773300|0.9823507513|181.518768
2026-02-19|6|DIS|107.110001|107.769997|105.449997|106.000000|7492900|0.9923958226|105.193954
2026-02-19|7|DTE|143.179993|146.500000|142.410004|145.029999|1579800|0.9843774065|142.764236
2026-02-19|8|ED|112.239998|112.930000|111.470001|111.919998|2764500|0.9836258984|110.087418
2026-02-19|9|GD|348.119995|356.390015|348.119995|354.339996|918400|0.9910149667|351.156250
2026-02-19|10|GE|328.040009|335.880005|325.570007|334.739990|4456700|0.9973022307|333.836945
2026-02-19|11|HON|240.570003|242.790001|239.179996|240.769997|2360100|1.0347776740|249.143417
2026-02-19|12|HPQ|18.299999|18.620001|18.260000|18.340000|10709800|0.9721972446|17.830097
2026-02-19|13|IBM|256.000000|258.279999|253.509995|256.279999|4948700|0.9856234381|252.595566
2026-02-19|14|IP|48.549999|48.720001|46.700001|46.860001|7065800|0.9645837619|45.200397
2026-02-19|15|JNJ|244.619995|246.960007|244.270004|246.910004|7553900|0.9841702191|243.001465
2026-02-19|16|KO|79.459999|79.669998|78.589996|78.910004|14924700|0.9867998793|77.868385
2026-02-19|17|KR|68.769997|69.190002|67.269997|67.629997|5134000|0.9879807975|66.817139
2026-02-19|18|LMT|656.500000|669.750000|655.500000|666.510010|1370300|0.9882876617|658.703613
2026-02-19|19|MMM|164.089996|165.630005|163.529999|165.050003|3373800|0.9905187908|163.485138
2026-02-19|20|MO|66.989998|68.150002|66.800003|67.989998|7836700|0.9690282260|65.884224
2026-02-19|21|MRK|121.400002|122.599998|120.500000|121.860001|8933300|0.9855603323|120.100380
2026-02-19|22|MSI|453.269989|456.160004|448.209991|453.679993|738400|0.9943844568|451.132324
2026-02-19|23|PG|156.830002|159.960007|156.830002|158.559998|10724600|0.9851719538|156.208862
2026-02-19|24|XOM|152.199997|153.380005|150.839996|150.970001|20305000|0.9868681737|148.987488
2026-02-19|25|RTX|204.169998|206.729996|201.539993|205.410004|6128400|0.9892687733|203.205704
2026-02-19|26|MCD|328.459991|333.000000|326.950012|327.109985|4032300|0.9877457529|323.101501
2026-02-19|27|AXP|343.750000|344.619995|338.290009|342.649994|2786500|0.9941272834|340.637726
2026-02-19|28|BMY|59.849998|60.360001|59.230000|60.299999|13325200|0.9787458882|59.018375
2026-02-19|29|DD|51.210002|51.539998|50.090001|50.240000|5178501|2.9761992776|149.524246
2026-02-19|30|DE|633.609985|674.190002|628.719971|662.000000|6653300|0.9945059901|658.362976
2026-02-19|31|EMR|151.000000|152.250000|150.429993|151.300003|2254000|0.9926085470|150.181671
2026-02-19|32|ETN|379.000000|382.899994|375.739990|377.320007|2277400|0.9917042798|374.189819
2026-02-19|33|ETR|102.250000|103.489998|102.010002|103.330002|2036400|0.9886701734|102.159286
2026-02-19|34|F|13.770000|13.950000|13.690000|13.780000|58268500|0.9769709546|13.462659
2026-02-19|35|HAL|35.150002|35.610001|34.919998|35.369999|9132400|0.9909628646|35.050358
2026-02-19|36|LLY|1010.820007|1025.229980|1007.000000|1023.219971|2145800|0.9968530383|1019.999939
2026-02-19|37|PCG|17.879999|18.219999|17.820000|18.100000|20976100|0.9942476518|17.995882
2026-02-19|38|PEP|164.389999|165.050003|163.130005|164.589996|6155800|0.9808256472|161.434097
2026-02-19|39|PFE|27.370001|27.400000|26.580000|26.860001|40316800|0.9668473999|25.969521
2026-02-19|40|TXN|221.149994|222.039993|217.419998|218.050003|5002200|0.9898764050|215.842545
2026-02-19|41|WFC|87.839996|88.160004|86.599998|87.570000|10427300|0.9886393471|86.575150
2026-02-19|42|HUBB|519.200012|529.215027|517.669983|526.559998|396511|0.9943029521|523.560181
2026-02-19|43|WMT|128.500000|130.100006|124.400002|124.870003|42993300|0.9936722171|124.079849
2026-02-19|44|AIG|79.699997|80.199997|78.529999|79.540001|3497400|0.9875732230|78.551575
2026-02-19|45|AVY|195.300003|196.720001|193.139999|193.600006|388400|0.9887328339|191.418686
2026-02-19|46|BAC|51.910000|52.810001|51.830002|52.770000|47148600|0.9892387825|52.202133
2026-02-19|47|BALL|66.250000|66.580002|65.290001|66.029999|1467500|0.9933732915|65.592445
2026-02-19|48|BDX|182.160004|183.039993|180.750000|182.470001|1985100|0.9866980137|180.042786
2026-02-19|49|CLX|123.510002|123.989998|121.480003|122.220001|1502700|0.9761478543|119.304794
2026-02-19|50|CMI|591.780029|597.479980|586.659973|596.909973|772700|0.9898444823|590.847961
2026-02-19|51|CMS|75.599998|76.489998|75.279999|75.849998|4435100|0.9843492113|74.662888
2026-02-19|52|CVS|78.019997|78.279999|76.430000|77.320000|5346100|0.9851999130|76.175652
2026-02-19|53|ECL|301.619995|303.519989|299.109985|301.000000|1088500|0.9946163507|299.379517
2026-02-19|54|ES|71.709999|74.150002|71.709999|73.669998|2642100|0.9779292778|72.044044
2026-02-19|55|EVRG|80.400002|81.199997|79.230003|79.529999|4791800|0.9752573788|77.562225
2026-02-19|56|GWW|1134.359985|1143.589966|1117.880005|1127.729980|195600|0.9960365882|1123.260254
2026-02-19|57|LNT|69.790001|70.550003|69.750000|70.010002|3342400|0.9850786184|68.965355
2026-02-19|58|MKC|70.129997|70.680000|68.410004|68.489998|3196400|0.9822640876|67.275261
2026-02-19|59|MRSH|177.770004|179.410004|176.750000|178.869995|2721700|0.9892843147|176.953293
2026-02-19|60|NEE|91.059998|92.180000|91.029999|91.639999|8483500|0.9860055271|89.683144
2026-02-19|61|NI|45.299999|45.860001|45.299999|45.820000|2873100|0.9871584841|45.231602
2026-02-19|62|PNW|98.000000|98.940002|96.839996|98.410004|1048600|0.9822795276|96.666130
2026-02-19|63|RVTY|96.849998|100.040001|95.769997|99.910004|1171200|0.9985919505|99.769325
2026-02-19|64|SNA|382.869995|385.269989|380.760010|383.869995|237900|0.9808470667|376.517761
2026-02-19|65|SPGI|418.140013|420.410008|411.499990|416.669994|2111300|0.9395781501|391.493988
2026-02-19|66|TER|311.220001|318.230011|308.980011|315.899994|1826700|0.9996224662|315.780731
2026-02-19|67|TGT|115.199997|116.260002|114.620003|115.660004|3631500|0.9830946401|113.704727
2026-02-19|68|TXT|99.839996|101.000000|98.410004|99.029999|1672400|0.9995682296|98.987244
2026-02-19|69|VMC|298.290009|304.000000|297.079987|302.850006|1436900|0.9942812010|301.118103
2026-02-19|70|XEL|79.680000|81.010002|79.449997|80.820000|5548400|0.9852321471|79.626457
2026-02-19|71|ITW|295.059998|296.940002|292.380005|293.820007|1265700|0.9877340632|290.216034
2026-02-19|72|CL|95.790001|96.080002|93.629997|93.980003|6599500|0.9881586198|92.867149
2026-02-19|73|EXC|47.130001|47.660000|46.939999|47.360001|8858400|0.9822723358|46.520420
2026-02-19|74|MDT|98.360001|98.720001|96.879997|97.580002|9888200|0.9830319865|95.924263
2026-02-19|75|BNY|118.519997|119.129997|116.550003|118.160004|2212000|0.9920974180|117.226234
2026-02-19|76|EIX|71.000000|73.209999|70.209999|72.660004|5179000|0.9764773062|70.950844
2026-02-19|77|FRT|105.139999|106.019997|104.529999|105.870003|676800|0.9803038504|103.784775
2026-02-19|78|PNR|101.010002|101.790001|99.830002|100.480003|1380400|0.9926207111|99.738533
2026-02-19|79|USB|58.209999|58.470001|57.410000|57.889999|6915000|0.9813809589|56.812145
2026-02-19|80|WY|26.200001|26.280001|25.490000|25.549999|4641300|0.9829820427|25.115191
2026-02-19|81|SYY|89.370003|90.059998|88.970001|89.669998|2586700|0.9859824728|88.413040
2026-02-19|82|WRB|71.449997|72.059998|70.050003|70.339996|2727100|0.9898085858|69.623131
2026-02-19|83|IFF|82.769997|83.019997|79.739998|81.620003|2184600|0.9889000540|80.714027
2026-02-19|84|TAP|47.610001|48.799999|46.299999|48.349998|7044200|0.9780980891|46.746159
2026-02-19|85|PNC|230.949997|232.660004|227.880005|230.300003|1447200|0.9845274632|226.736679
2026-02-19|86|TRV|300.079987|301.579987|296.959991|299.899994|1065400|0.9922238191|297.567932
2026-02-19|87|C|114.989998|115.910004|114.180000|115.550003|8085300|0.9902572054|114.424225
2026-02-19|88|FDX|380.999990|384.400015|379.679989|383.140003|1198700|0.7995464875|306.338257
2026-02-19|89|WDC|295.029999|299.519989|281.679993|284.670013|10399800|0.9992611044|284.459686
2026-02-19|90|DHR|207.029999|211.259995|206.589996|211.250000|4763700|0.9958070237|210.364227
2026-02-19|91|APA|29.219999|30.080000|28.860001|29.080000|9172800|0.9864084367|28.684757
2026-02-19|92|LUV|54.310001|54.700001|52.000000|52.080002|9750000|0.9913697990|51.630543
2026-02-19|93|PEG|84.720001|85.739998|84.379997|85.680000|1672800|0.9834778438|84.264381
2026-02-19|94|UNP|265.250000|265.640015|262.109985|262.970001|3243200|0.9896596115|260.250793
2026-02-19|95|ABT|113.010002|113.400002|111.980003|112.190002|6988400|0.9867277802|110.700996
2026-02-19|96|ADI|344.970001|353.279999|339.660004|345.299988|5101200|0.9941555324|343.281891
2026-02-19|97|ADM|67.690002|68.980003|67.220001|68.860001|2748700|0.9871845133|67.977531
2026-02-19|98|ADP|217.210007|218.850006|213.899994|215.970001|3597800|0.9843371720|212.587296
2026-02-19|99|AFL|113.510002|114.269997|112.459999|112.760002|2336700|0.9898631333|111.616966
2026-02-19|100|AMAT|362.200012|370.070007|360.399994|369.829987|6640100|0.9976914901|368.976227
2026-02-19|101|AMD|200.110001|204.100006|198.289993|203.369995|25842300|1.0000000000|203.369995
2026-02-19|102|APD|281.359985|282.500000|278.829987|280.720001|1140500|0.9876339339|277.248627
2026-02-19|103|BF-B|29.450001|29.700001|28.959999|29.420000|3336100|0.9822921615|28.899036
2026-02-19|104|CHD|102.790001|103.550003|102.279999|103.250000|2078800|0.9937159244|102.601166
2026-02-19|105|CINF|163.330002|164.360001|161.770004|162.399994|443800|0.9887134133|160.567062
2026-02-19|106|CMCSA|31.570000|31.760000|31.209999|31.379999|25767800|0.9752182964|30.602346
2026-02-19|107|D|64.970001|65.550003|64.570000|65.459999|6897800|0.9796460230|64.127632
2026-02-19|108|DOV|231.119995|233.190002|230.820007|232.520004|968200|0.9952693212|231.420029
2026-02-19|109|DUK|125.639999|126.760002|125.300003|126.370003|5483600|0.9827918175|124.195404
2026-02-19|110|EFX|191.949997|196.139999|191.600006|195.300003|1484600|0.9938812654|194.105011
2026-02-19|111|EQT|59.770000|61.240002|59.009998|59.770000|14132300|0.9940720641|59.415688
2026-02-19|112|FITB|53.189999|53.549999|52.470001|52.900002|9266700|0.9840657827|52.057083
2026-02-19|113|GIS|45.660000|45.709999|44.419998|44.799999|6718600|0.9666684497|43.306747
2026-02-19|114|GPC|120.269997|121.089996|118.139999|119.370003|1916400|0.9802432378|117.011635
2026-02-19|115|HAS|100.940002|101.580002|99.769997|101.000000|1490100|0.9844894224|99.433434
2026-02-19|116|HBAN|17.709999|17.860001|17.559999|17.850000|23422300|0.9810694650|17.512089
2026-02-19|117|HRL|24.480000|24.629999|24.320000|24.549999|4871600|0.9742790885|23.918552
2026-02-19|118|HST|20.809999|21.000000|19.910000|20.070000|14849700|0.9529227702|19.125158
2026-02-19|119|HSY|222.660004|223.490005|218.750000|219.910004|1618100|0.9846288447|216.529739
2026-02-19|120|INTC|44.950001|45.169998|43.919998|44.619999|72724900|1.0000000000|44.619999
2026-02-19|121|J|140.000000|142.509995|137.580002|139.309998|966800|0.9918477371|138.174316
2026-02-19|122|JPM|307.170013|309.179993|305.119995|308.049988|6737700|0.9904464778|305.107025
2026-02-19|123|KMB|109.570000|110.330002|107.800003|108.680000|4063100|0.9744151054|105.899429
2026-02-19|124|L|108.570000|109.470001|108.010002|108.349998|458700|0.9982870407|108.164398
2026-02-19|125|LEN|120.500000|121.169998|115.519997|116.120003|3079800|0.9888298730|114.822929
2026-02-19|126|LOW|281.440002|282.109985|276.730011|278.179993|1997000|0.9891098782|275.150574
2026-02-19|127|MAS|76.300003|76.919998|75.000000|75.070000|2574800|0.9866652888|74.068962
2026-02-19|128|MTB|230.119995|231.669998|227.190002|229.110001|934600|0.9861939937|225.946915
2026-02-19|129|NEM|122.010002|126.180000|122.000000|125.400002|7854500|0.9956554334|124.855202
2026-02-19|130|NTRS|146.750000|147.729996|142.570007|145.020004|1260000|0.9898281838|143.544891
2026-02-19|131|NUE|182.479996|184.339996|179.770004|180.039993|1987100|0.9941593298|178.988434
2026-02-19|132|OMC|74.480003|81.110001|73.419998|80.940002|14537700|0.9796477026|79.292686
2026-02-19|133|PCAR|125.120003|125.330002|124.000000|124.900002|3799200|0.9942707430|124.184418
2026-02-19|134|PGR|203.110001|204.050003|200.809998|201.770004|2112400|0.9990392069|201.576141
2026-02-19|135|PH|993.599976|1013.159973|993.599976|1012.440002|580200|0.9977448271|1010.156738
2026-02-19|136|PHM|141.500000|142.179993|139.100006|139.610001|1404000|0.9957597479|139.018021
2026-02-19|137|PPG|126.949997|127.900002|123.760002|124.250000|2544500|0.9817392581|121.981110
2026-02-19|138|PPL|36.959999|37.169998|36.720001|36.970001|11997400|0.9846479678|36.402435
2026-02-19|139|RF|29.809999|30.020000|29.420000|29.719999|12017400|0.9811037357|29.158403
2026-02-19|140|ROL|60.500000|61.290001|60.340000|60.919998|2954300|0.9887685295|60.235775
2026-02-19|141|SHW|363.679993|365.579987|356.809998|357.609985|1627800|0.9929181711|355.077454
2026-02-19|142|STT|128.149994|129.250000|126.209999|127.870003|1440700|0.9884428745|126.392189
2026-02-19|143|SWK|89.360001|90.260002|88.860001|89.610001|2004300|0.9785642065|87.689133
2026-02-19|144|SYK|374.690002|376.950012|368.899994|372.660004|1487500|0.9946461548|370.664825
2026-02-19|145|TMO|510.000000|515.510010|504.000000|515.119995|1776100|0.9980119596|514.095947
2026-02-19|146|TPL|430.000000|491.399994|430.000000|486.559998|819800|0.9973306248|485.261200
2026-02-19|147|TSN|63.750000|64.330002|63.459999|64.330002|1828000|0.9836914879|63.280872
2026-02-19|148|TT|458.260010|465.010010|452.549988|463.690002|976200|0.9953350758|461.526917
2026-02-19|149|TYL|317.779999|320.149994|313.390015|319.549988|636100|1.0000000000|319.549988
2026-02-19|150|UDR|38.020000|38.400002|37.459999|37.730000|2975900|0.9803230978|36.987591
2026-02-19|151|VTRS|15.990000|16.070000|15.730000|15.980000|6422600|0.9769695342|15.611973
2026-02-19|152|WEC|114.129997|115.050003|113.870003|114.220001|1922000|0.9829379991|112.271172
2026-02-19|153|WST|245.509995|247.179993|241.910004|243.830002|760600|0.9985945833|243.487335
2026-02-19|154|NDSN|305.279999|305.279999|293.350006|293.929993|470700|0.9941183690|292.201202
2026-02-19|155|TFC|52.230000|52.500000|51.340000|51.779999|9333700|0.9798350561|50.735859
2026-02-19|156|WELL|209.380005|210.179993|207.009995|208.009995|2163600|0.9893392873|205.792465
2026-02-19|157|AON|322.769989|324.309998|320.910004|324.299988|1015300|0.9951005240|322.711090
2026-02-19|158|GL|143.149994|145.139999|143.149994|144.009995|366700|0.9958260151|143.408905
2026-02-19|159|OKE|87.610001|88.660004|86.160004|86.879997|4137500|0.9765151605|84.839638
2026-02-19|160|KLAC|1450.099945|1474.669952|1442.079926|1469.900055|625700|0.0997597720|146.636887
2026-02-19|161|CSX|41.270000|41.779999|41.020000|41.680000|10274000|0.9936713984|41.416222
2026-02-19|162|PSA|298.589996|301.619995|295.940002|298.500000|1081200|0.9808120164|292.772400
2026-02-19|163|NKE|65.199997|65.839996|64.250000|65.610001|10778300|0.9845960180|64.599342
2026-02-19|164|AAPL|262.600006|264.480011|260.049988|260.579987|30845300|0.9982185855|260.115784
2026-02-19|165|BRO|69.489998|70.239998|68.900002|69.419998|3077900|0.9947741799|69.057220
2026-02-19|166|UHS|233.339996|235.080002|229.520004|230.000000|577800|0.9976532391|229.460251
2026-02-19|167|HD|383.739990|383.739990|377.390015|378.579987|2930900|0.9859634354|373.266022
2026-02-19|168|BAX|21.889999|21.930000|21.209999|21.340000|6569000|0.9989896155|21.310219
2026-02-19|169|COP|112.000000|113.800003|111.070000|111.589996|8851700|0.9860463925|110.032913
2026-02-19|170|GLW|132.000000|134.000000|128.880005|129.990005|9169400|0.9966096046|129.549286
2026-02-19|171|HUM|187.860001|192.020004|183.669998|190.500000|1653800|0.9926050698|189.091263
2026-02-19|172|LHX|351.589996|361.350006|351.589996|358.700012|964400|0.9925076273|356.012512
2026-02-19|173|NOC|727.260010|745.549988|727.260010|736.869995|1008400|0.9924395226|731.298950
2026-02-19|174|OXY|49.759998|52.220001|49.619999|51.529999|35384000|0.9906984712|51.050690
2026-02-19|175|ROK|394.290009|397.950012|390.829987|395.380005|931500|0.9904239689|391.593842
2026-02-19|176|SLB|51.759998|52.240002|51.290001|51.540001|14326700|0.9947843000|51.271183
2026-02-19|177|SO|95.500000|95.660004|93.750000|95.050003|16064500|0.9836658196|93.497437
2026-02-19|178|WMB|72.800003|72.970001|71.650002|72.169998|6657600|0.9855810767|71.129387
2026-02-19|179|VLO|200.399994|201.229996|196.600006|199.240005|2187600|0.9914397807|197.534470
2026-02-19|180|CI|290.010010|290.010010|285.290009|285.920013|830400|0.9887906885|282.715027
2026-02-19|181|NSC|317.000000|317.510010|312.540009|314.049988|1224600|0.9917671837|311.464478
2026-02-19|182|COO|83.209999|83.699997|82.550003|83.680000|1252200|1.0000000000|83.680000
2026-02-19|183|AMGN|377.910004|379.929993|374.130005|375.500000|2427000|0.9867386103|370.520355
2026-02-19|184|RJF|159.690002|159.690002|156.389999|158.029999|1564600|0.9927317770|156.881409
2026-02-19|185|WSM|209.399994|211.759995|203.710007|210.820007|900400|0.9927167515|209.284561
2026-02-19|186|CAH|224.979996|225.559998|221.250000|222.759995|884900|0.9954149217|221.738632
2026-02-19|187|CTAS|196.550003|198.149994|196.270004|197.970001|1613400|0.9947044338|196.921646
2026-02-19|188|PAYX|94.110001|94.559998|91.879997|92.339996|3273100|0.9771272923|90.227928
2026-02-19|189|BEN|27.719999|27.740000|26.990000|27.240000|5775600|0.9758021744|26.580851
2026-02-19|190|AOS|78.599998|79.070000|77.339996|77.690002|1296100|0.9883617008|76.785820
2026-02-19|191|CASY|657.489990|665.760010|655.669983|663.109985|328200|0.9985579358|662.153687
2026-02-19|192|T|28.020000|28.400000|27.730000|27.879999|31221900|0.9765662530|27.226667
2026-02-19|193|VZ|48.889999|49.150002|48.490002|48.639999|26530600|0.9686690897|47.116066
2026-02-19|194|JBHT|223.449997|226.750000|222.229996|225.720001|756800|0.9964612666|224.921234
2026-02-19|195|ATO|179.149994|180.119995|178.250000|178.970001|928900|0.9829545502|175.919373
2026-02-19|196|LRCX|234.070007|237.919998|231.419998|237.389999|6384200|0.9981002163|236.939026
2026-02-19|197|MU|415.809998|420.320007|407.739990|417.350006|21651300|0.9994263974|417.110596
2026-02-19|198|AJG|213.800003|218.669998|213.050003|218.369995|2708900|0.9936444599|216.982132
2026-02-19|199|AME|233.229996|235.610001|231.979996|232.750000|1128400|0.9969202115|232.033173
2026-02-19|200|SWKS|61.810001|62.250000|59.040001|59.220001|3688500|0.9796110161|58.012566
2026-02-19|201|EXPD|148.449997|151.080002|148.300003|150.699997|1153500|0.9948730934|149.927368
2026-02-19|202|UNH|290.890015|290.890015|286.890015|289.929993|4931800|0.9866504480|286.059570
2026-02-19|203|BBY|66.400002|66.839996|65.379997|66.300003|3666400|0.9720666083|64.448021
2026-02-19|204|DOC|17.200001|17.370001|16.990000|17.059999|5982600|0.9689596923|16.530453
2026-02-19|205|ADSK|229.860001|230.000000|226.500000|229.100006|1451000|1.0000000000|229.100006
2026-02-19|206|DVN|44.880001|46.150002|44.330002|44.660000|12672500|0.9877783076|44.114182
2026-02-19|207|NVR|7515.000000|7584.620117|7470.140137|7526.140137|24300|1.0000000000|7526.140137
2026-02-19|208|ROST|199.429993|200.570007|198.380005|200.380005|1574600|0.9959267541|199.563797
2026-02-19|209|JKHY|158.070007|161.429993|157.479996|161.139999|940200|0.9919197584|159.837936
2026-02-19|210|MNST|82.680000|83.459999|81.620003|81.989998|5739800|0.5000000000|81.989998
2026-02-19|211|ORCL|157.190002|160.080002|155.770004|156.539993|14976300|0.9930647011|155.454346
2026-02-19|212|MSFT|400.690002|404.429993|396.670013|398.459991|28234000|0.9959638868|396.851776
2026-02-19|213|TROW|94.070000|94.480003|93.080002|94.360001|1187100|0.9736426638|91.872925
2026-02-19|214|COST|992.309998|1007.859985|984.109985|987.820007|1750000|0.9969659831|984.822937
2026-02-19|215|ADBE|263.380005|265.549988|257.410004|259.209991|3616200|1.0000000000|259.209991
2026-02-19|216|FISV|62.939999|63.250000|60.880001|61.529999|8429500|1.0000000000|61.529999
2026-02-19|217|BKR|62.369999|62.750000|61.860001|62.560001|7374000|0.9930140272|62.122959
2026-02-19|218|CDNS|308.329987|308.329987|292.160004|296.589996|2677000|1.0000000000|296.589996
2026-02-19|219|TJX|156.970001|157.320007|155.270004|156.509995|3933200|0.9936003560|155.508392
2026-02-19|220|FICO|1360.380005|1365.849976|1335.050049|1352.729980|140800|1.0000000000|1352.729980
2026-02-19|221|CCL|32.200001|32.689999|31.469999|31.549999|23590700|0.9887339129|31.194553
2026-02-19|222|FAST|45.840000|46.380001|45.720001|46.209999|6156000|0.9892709750|45.714214
2026-02-19|223|SCHW|94.860001|94.889999|93.059998|93.870003|13403200|0.9935274715|93.262428
2026-02-19|224|JCI|138.839996|142.779999|138.839996|142.699997|3555900|0.9941759575|141.868896
2026-02-19|225|COHR|221.960007|232.979996|216.869995|232.479996|4084700|1.0000000000|232.479996
2026-02-19|226|KEY|21.799999|21.930000|21.559999|21.790001|16041900|0.9804836286|21.364738
2026-02-19|227|MOS|29.670000|30.410000|29.510000|30.160000|5271100|0.9816582705|29.606813
2026-02-19|228|MGM|36.799999|37.049999|35.750000|36.459999|4419400|1.0000000000|36.459999
2026-02-19|229|WM|235.500000|238.460007|233.020004|233.419998|2343300|0.9917417797|231.492371
2026-02-19|230|TECH|58.779999|59.389999|57.369999|58.250000|2187900|0.9970482740|58.078060
2026-02-19|231|IEX|208.779999|209.820007|206.960007|207.860001|518900|0.9931996195|206.446472
2026-02-19|232|GEN|23.100000|23.209999|22.219999|22.340000|7377700|0.9903038605|22.123388
2026-02-19|233|CRH|121.650002|126.300003|121.269997|125.489998|6011900|0.9889154582|124.098991
2026-02-19|234|EOG|123.500000|126.199997|122.980003|123.870003|5672300|0.9849854996|122.010155
2026-02-19|235|PTC|154.750000|155.000000|151.690002|154.399994|644400|1.0000000000|154.399994
2026-02-19|236|CSCO|77.989998|79.160004|77.870003|78.559998|18443200|0.9909035959|77.845390
2026-02-19|237|LH|277.940002|282.500000|276.459991|282.480011|725700|0.9947633093|280.399597
2026-02-19|238|TRMB|66.360001|67.440002|65.980003|67.389999|1498900|1.0000000000|67.389999
2026-02-19|239|AZO|3738.800049|3759.770020|3696.179932|3745.489990|101500|1.0000000000|3745.489990
2026-02-19|240|REGN|790.000000|790.000000|773.309998|782.380005|504800|0.9961457605|779.364502
2026-02-19|241|IDXX|634.710022|639.289978|625.780029|630.729980|307500|1.0000000000|630.729980
2026-02-19|242|AES|16.240000|16.389999|16.170000|16.360001|4505400|0.9761125722|15.969204
2026-02-19|243|VRTX|469.829987|472.239990|463.000000|469.269989|1165700|1.0000000000|469.269989
2026-02-19|244|ZBRA|251.509995|254.330002|247.059998|251.740005|636800|1.0000000000|251.740005
2026-02-19|245|BIIB|193.509995|195.000000|191.050003|192.080002|993200|1.0000000000|192.080002
2026-02-19|246|ODFL|192.639999|195.949997|191.889999|195.169998|1840200|0.9973411992|194.651077
2026-02-19|247|APH|147.000000|151.380005|146.309998|151.199997|5230800|0.9965240421|150.674423
2026-02-19|248|KIM|22.639999|22.730000|22.469999|22.570000|5729900|0.9782318124|22.078693
2026-02-19|249|QCOM|141.880005|142.320007|139.899994|141.270004|8219400|0.9899641514|139.852234
2026-02-19|250|GILD|152.339996|152.820007|150.330002|151.119995|7357700|0.9878606941|149.285492
2026-02-19|251|ROP|329.489990|335.000000|328.290009|332.000000|1753100|0.9949619600|330.327393
2026-02-19|252|SNPS|438.429993|443.179993|433.420013|442.440002|1605700|1.0000000000|442.440002
2026-02-19|253|STZ|155.899994|156.149994|152.750000|154.639999|1515600|0.9856055004|152.414032
2026-02-19|254|BSX|76.099998|76.870003|75.519997|75.720001|10979900|1.0000000000|75.720001
2026-02-19|255|STE|249.000000|251.179993|247.869995|251.179993|481500|0.9970332000|250.434784
2026-02-19|256|DHI|166.779999|167.419998|163.259995|163.779999|2223800|0.9940209933|162.800751
2026-02-19|257|LIN|484.899994|490.549988|482.200012|490.109985|3072600|0.9935105778|486.929474
2026-02-19|258|SBUX|95.379997|95.940002|94.760002|95.800003|5676700|0.9884945611|94.697777
2026-02-19|259|MS|175.160004|176.279999|172.529999|174.369995|7259500|0.9892093304|172.488434
2026-02-19|260|INTU|390.500000|390.500000|379.160004|381.540009|2961700|0.9925226498|378.687103
2026-02-19|261|MCHP|78.440002|78.769997|76.029999|77.160004|6919300|0.9832658267|75.868797
2026-02-19|262|CB|329.160004|330.269989|327.049988|329.160004|1339200|0.9939554166|327.170349
2026-02-19|263|ORLY|92.709999|94.320000|92.139999|94.169998|4742200|1.0000000000|94.169998
2026-02-19|264|RCL|316.260010|318.500000|307.540009|310.350006|1765800|0.9895699200|307.113037
2026-02-19|265|JBL|259.160004|263.559998|256.790009|262.440002|1457100|0.9995582709|262.324066
2026-02-19|266|ALL|208.850006|208.850006|202.619995|203.220001|1754800|0.9897514584|201.137283
2026-02-19|267|CPT|107.800003|109.099998|107.120003|108.589996|696500|0.9801843508|106.438210
2026-02-19|268|VMRK|63.119999|63.970001|62.459999|63.049999|1811600|0.9778762777|61.655098
2026-02-19|269|IT|160.940002|162.360001|155.710007|156.940002|1210800|1.0000000000|156.940002
2026-02-19|270|DECK|118.389999|119.669998|117.120003|118.070000|1757400|1.0000000000|118.070000
2026-02-19|271|REG|75.480003|76.220001|74.720001|75.809998|692900|0.9810739142|74.375214
2026-02-19|272|INCY|102.129997|102.809998|100.000000|101.730003|1460300|1.0000000000|101.730003
2026-02-19|273|SPG|199.210007|201.240005|198.830002|199.720001|1203100|0.9778630534|195.298828
2026-02-19|274|MAA|134.429993|135.919998|133.979996|135.070007|906000|0.9765831817|131.907089
2026-02-19|275|MLM|655.020020|676.109985|655.020020|675.400024|612200|0.9973479749|673.608887
2026-02-19|276|TSCO|52.540001|52.790001|51.560001|51.959999|3457300|0.9807531624|50.959930
2026-02-19|277|ALB|165.449997|169.610001|164.199997|168.410004|1559600|0.9949889134|167.566086
2026-02-19|278|CPRT|37.680000|38.070000|37.340000|37.650002|11259600|1.0000000000|37.650002
2026-02-19|279|FLEX|65.360001|65.720001|64.220001|65.110001|2957500|1.0000000000|65.110001
2026-02-19|280|ESS|254.679993|257.000000|252.360001|254.429993|254200|0.9806657936|249.510803
2026-02-19|281|O|65.209999|65.690002|64.870003|65.500000|5367700|0.9746072994|63.836784
2026-02-19|282|MCO|453.230011|453.230011|441.299988|449.290009|1605800|0.9933686768|446.310638
2026-02-19|283|SJM|108.349998|109.610001|108.120003|109.570000|1247300|0.9798392929|107.360985
2026-02-19|284|MCK|948.320007|950.760010|932.140015|937.140015|650900|0.9980659618|935.327576
2026-02-19|285|COF|207.929993|208.679993|203.320007|205.059998|5045600|0.9922218930|203.465027
2026-02-19|286|EME|784.200012|806.239990|778.609985|803.549988|308800|0.9989862194|802.735352
2026-02-19|287|DLTR|131.720001|134.039993|130.929993|133.570007|2603600|1.0000000000|133.570007
2026-02-19|288|COR|360.899994|362.739990|358.730011|359.109985|710800|0.9957711437|357.591339
2026-02-19|289|DRI|214.039993|215.250000|211.259995|212.979996|1321600|0.9843985059|209.657181
2026-02-19|290|RMD|257.660004|260.170013|255.759995|256.290009|820700|0.9941821390|254.798950
2026-02-19|291|WAB|258.429993|262.510010|257.750000|261.880005|1213000|0.9977552294|261.292145
2026-02-19|292|FCX|61.430000|62.580002|60.139999|62.570000|13357900|0.9953868541|62.281357
2026-02-19|293|IVZ|26.500000|26.650000|25.860001|26.360001|2580800|0.9856541725|25.981844
2026-02-19|294|ACGL|98.339996|99.139999|97.589996|98.339996|1383100|1.0000000000|98.339996
2026-02-19|295|ERIE|277.989990|277.989990|271.980011|274.630005|183400|0.9885906317|271.496643
2026-02-19|296|EG|344.519989|348.309998|340.619995|342.929993|291800|0.9878843207|338.775177
2026-02-19|297|DVA|148.029999|148.759995|146.509995|147.339996|629700|1.0000000000|147.339996
2026-02-19|298|HSIC|78.029999|78.230003|76.660004|76.800003|1116200|1.0000000000|76.800003
2026-02-19|299|EL|110.680000|112.260002|109.980003|111.739998|2067200|0.9930325985|110.961456
2026-02-19|300|WAT|324.420013|330.570007|322.929993|328.660004|1310400|1.0000000000|328.660004
2026-02-19|301|NTAP|101.000000|102.300003|100.540001|101.599998|1665600|0.9918913810|100.776161
2026-02-19|302|HIG|141.229996|142.369995|139.869995|140.309998|1147700|0.9910400733|139.052826
2026-02-19|303|IRM|106.199997|108.449997|105.250000|108.150002|1700000|0.9851777356|106.546967
2026-02-19|304|BRK-B|497.869995|500.500000|495.679993|496.940002|2610400|1.0000000000|496.940002
2026-02-19|305|FDS|197.919998|202.000000|194.160004|198.880005|952900|0.9900356292|196.898285
2026-02-19|306|STLD|190.520004|193.559998|189.710007|190.580002|990100|0.9946588101|189.562088
2026-02-19|307|DGX|204.830002|205.089996|202.000000|202.440002|815300|0.9916252453|200.744614
2026-02-19|308|CIEN|308.880005|320.420013|303.549988|318.410004|2389500|1.0000000000|318.410004
2026-02-19|309|TTWO|199.029999|204.600006|198.750000|201.369995|2139600|1.0000000000|201.369995
2026-02-19|310|VTR|86.029999|86.870003|85.339996|85.480003|2952800|0.9878430433|84.440834
2026-02-19|311|AMZN|203.800003|205.639999|202.809998|204.860001|35669600|1.0000000000|204.860001
2026-02-19|312|ARE|54.130001|54.250000|52.810001|53.400002|1455200|0.9716953716|51.888535
2026-02-19|313|RL|377.000000|379.570007|370.450012|376.839996|376700|0.9948318200|374.892395
2026-02-19|314|BXP|61.450001|62.290001|60.630001|62.220001|2462200|0.9761958291|60.738907
2026-02-19|315|FIX|1322.900024|1377.500000|1302.000000|1373.520020|696500|0.9985721755|1371.558838
2026-02-19|316|YUM|162.910004|163.619995|162.240005|163.479996|1288300|0.9905648102|161.937531
2026-02-19|317|CHRW|185.500000|187.270004|183.750000|185.190002|2469700|0.9931897587|183.928818
2026-02-19|318|FE|49.369999|49.950001|49.090000|49.570000|5147700|0.9800753088|48.582333
2026-02-19|319|MTD|1368.089966|1381.630005|1357.739990|1376.530029|101700|1.0000000000|1376.530029
2026-02-19|320|PLD|139.110001|139.789993|138.190002|139.039993|1772600|0.9848712132|136.936493
2026-02-19|321|URI|873.000000|889.710022|865.000000|888.979980|448600|0.9962197184|885.619385
2026-02-19|322|AEE|108.730003|110.169998|108.730003|109.800003|1526400|0.9863006617|108.295822
2026-02-19|323|VRSN|217.300003|218.770004|214.350006|216.619995|719700|0.9944277890|215.412933
2026-02-19|324|PWR|544.869995|554.640015|527.049988|554.000000|1701300|0.9996508742|553.806580
2026-02-19|325|AMT|186.580002|188.380005|184.399994|184.789993|2257500|0.9807453674|181.231949
2026-02-19|326|MAR|353.190002|354.910004|349.329987|349.890015|1734500|0.9940852561|347.820526
2026-02-19|327|CTSH|64.139999|65.529999|63.830002|64.989998|7258200|0.9872095485|64.158745
2026-02-19|328|SRE|91.849998|93.089996|91.620003|92.970001|2402900|0.9860298575|91.671196
2026-02-19|329|CSGP|48.529999|49.480000|48.049999|49.070000|5216200|1.0000000000|49.070000
2026-02-19|330|RSG|218.520004|224.610001|217.750000|221.630005|1324800|0.9942648020|220.358917
2026-02-19|331|CCI|87.550003|88.529999|86.180000|86.470001|2973400|0.9762634240|84.417503
2026-02-19|332|EBAY|85.669998|86.739998|82.769997|84.750000|15876900|0.9939126631|83.978767
2026-02-19|333|NVDA|187.059998|188.429993|185.660004|187.899994|126554500|0.9987817973|187.671097
2026-02-19|334|BKNG|4088.869858|4141.540146|3871.009827|4007.450104|906300|0.0398088823|159.532104
2026-02-19|335|GS|925.000000|929.659973|906.489990|916.650024|1974200|0.9903999491|907.850098
2026-02-19|336|FFIV|275.609985|279.779999|273.000000|279.190002|677600|1.0000000000|279.190002
2026-02-19|337|SBAC|197.460007|199.410004|197.070007|198.289993|728800|0.9805017315|194.423676
2026-02-19|338|LII|551.109985|562.619995|545.559998|550.320007|476300|0.9946881341|547.396790
2026-02-19|339|BLK|1077.900024|1084.770020|1064.099976|1081.280029|662400|0.9888912077|1069.268311
2026-02-19|340|TKO|212.000000|212.850006|207.589996|208.679993|599900|0.9921219970|207.036011
2026-02-19|341|AKAM|108.250000|109.769997|107.000000|109.589996|7403100|1.0000000000|109.589996
2026-02-19|342|UPS|115.599998|116.080002|114.500000|115.540001|3845400|0.9679890039|111.841446
2026-02-19|343|A|126.010002|126.360001|123.660004|126.339996|1892900|0.9958080410|125.810379
2026-02-19|344|TDY|660.650024|668.690002|655.320007|666.349976|224300|1.0000000000|666.349976
2026-02-19|345|PKG|239.289993|241.190002|235.919998|238.949997|788200|0.9876260349|235.993256
2026-02-19|346|EW|78.500000|79.120003|77.660004|78.919998|2610100|1.0000000000|78.919998
2026-02-19|347|MET|78.660004|79.360001|77.559998|78.099998|2753000|0.9862851080|77.028862
2026-02-19|348|ON|69.809998|70.220001|67.019997|68.089996|7998300|1.0000000000|68.089996
2026-02-19|349|ISRG|495.709991|503.730011|495.250000|499.529999|1434200|1.0000000000|499.529999
2026-02-19|350|CRL|154.089996|165.119995|151.309998|164.240005|2055800|1.0000000000|164.240005
2026-02-19|351|MRVL|78.379997|79.669998|77.720001|79.610001|6512200|0.9992531920|79.550545
2026-02-19|352|EQIX|924.239990|928.369995|916.010010|918.030029|647800|0.9849779860|904.239380
2026-02-19|353|TPR|153.869995|154.570007|151.699997|152.300003|1327200|0.9944862341|151.460251
2026-02-19|354|GRMN|242.449997|249.899994|235.970001|239.800003|1887600|0.9917889977|237.831009
2026-02-19|355|GPN|80.820000|80.830002|78.610001|80.250000|5074800|0.9929199565|79.681831
2026-02-19|356|ALGN|189.970001|191.470001|186.279999|189.399994|760300|1.0000000000|189.399994
2026-02-19|357|WTW|300.730011|304.250000|296.420013|301.010010|1044000|0.9930717262|298.924530
2026-02-19|358|MDLZ|60.150002|60.320000|58.020000|58.639999|10733100|0.9831751096|57.653393
2026-02-19|359|AXON|429.049988|443.000000|423.500000|441.119995|593800|1.0000000000|441.119995
2026-02-19|360|FIS|48.209999|49.020000|48.020000|49.000000|3631600|0.9802816760|48.033802
2026-02-19|361|ACN|215.000000|216.279999|211.059998|214.949997|8040700|0.9798095806|210.610062
2026-02-19|362|ZBH|98.250000|99.570000|97.650002|99.250000|2621700|0.9946488082|98.718895
2026-02-19|363|BG|121.959999|123.589996|121.269997|123.489998|1181400|0.9877945902|121.982750
2026-02-19|364|PFG|92.449997|92.930000|90.839996|92.150002|1113700|0.9832413887|90.605690
2026-02-19|365|ELV|346.859985|348.420013|341.850006|348.179993|1020900|0.9898456688|344.644440
2026-02-19|366|CNC|43.099998|43.790001|42.779999|43.680000|4322300|1.0000000000|43.680000
2026-02-19|367|PRU|104.160004|104.559998|102.440002|102.709999|2010200|0.9752946989|100.172516
2026-02-19|368|NFLX|77.750000|78.699997|76.589996|77.000000|30139200|1.0000000000|77.000000
2026-02-19|369|NDAQ|81.589996|82.320000|80.930000|81.410004|4680200|0.9932805958|80.862984
2026-02-19|370|WYNN|115.739998|115.959999|114.059998|115.349998|936100|0.9927789107|114.517052
2026-02-19|371|CME|302.529999|304.089996|300.619995|303.910004|1400700|0.9716146686|295.283447
2026-02-19|372|STX|420.170013|424.109985|402.160004|408.970001|3518300|0.9975473958|407.966949
2026-02-19|373|NRG|170.479996|175.279999|169.660004|175.009995|1623300|0.9934205862|173.858536
2026-02-19|374|AIZ|219.759995|223.080002|217.860001|222.919998|462200|0.9965805324|222.157730
2026-02-19|375|CBRE|150.399994|151.660004|147.699997|149.190002|2585100|1.0000000000|149.190002
2026-02-19|376|CRM|186.600006|186.949997|183.229996|185.289993|9565100|0.9949373630|184.351944
2026-02-19|377|DPZ|383.500000|390.799988|381.000000|385.130005|994100|0.9888611209|380.840088
2026-02-19|378|EXR|143.330002|146.509995|143.330002|146.089996|1321800|0.9779070040|142.862427
2026-02-19|379|GOOG|302.519989|306.029999|300.670013|303.559998|13448600|0.9986949468|303.163818
2026-02-19|380|GOOGL|301.820007|305.470001|300.040009|302.850006|25834400|0.9986999831|302.456299
2026-02-19|381|DLR|176.289993|177.529999|175.770004|176.899994|1299500|0.9866588059|174.539948
2026-02-19|382|MPWR|1170.280029|1175.619995|1152.849976|1175.219971|301900|0.9964842129|1171.088135
2026-02-19|383|LVS|58.549999|58.650002|57.320000|58.090000|3251700|0.9879067226|57.387501
2026-02-19|384|DXCM|72.790001|73.260002|71.610001|72.269997|3459100|1.0000000000|72.269997
2026-02-19|385|BLDR|113.269997|115.629997|111.000000|111.419998|1338000|1.0000000000|111.419998
2026-02-19|386|WBD|28.590000|29.190001|28.510000|28.530001|23920900|1.0000000000|28.530001
2026-02-19|387|EXPE|201.710007|201.710007|192.919998|199.759995|5044900|0.9942877675|198.618927
2026-02-19|388|CF|97.000000|105.269997|97.000000|99.459999|6095700|0.9908287958|98.547829
2026-02-19|389|AMP|473.309998|475.809998|467.559998|472.429993|664800|0.9932580907|469.244904
2026-02-19|390|ICE|154.000000|155.949997|152.399994|154.110001|3727900|0.9930916239|153.045349
2026-02-19|391|PSKY|11.080000|11.130000|10.780000|10.940000|6815200|0.9901049837|10.831748
2026-02-19|392|LYV|155.779999|161.350006|154.429993|157.460007|3758100|1.0000000000|157.460007
2026-02-19|393|CMG|38.490002|38.599998|37.509998|37.970001|10863200|1.0000000000|37.970001
2026-02-19|394|UAL|115.250000|115.489998|109.599998|110.050003|5147900|1.0000000000|110.050003
2026-02-19|395|TDG|1312.619995|1340.000000|1307.959961|1330.130005|235300|1.0000000000|1330.130005
2026-02-19|396|MA|524.809998|526.530029|516.049988|520.260010|3009400|0.9966137732|518.498291
2026-02-19|397|LDOS|170.699997|177.419998|170.050003|176.270004|1365300|0.9940154778|175.215118
2026-02-19|398|FSLR|238.559998|242.179993|231.149994|233.300003|2654600|1.0000000000|233.300003
2026-02-19|399|BR|176.839996|178.660004|175.309998|176.210007|1126500|0.9878384663|174.067017
2026-02-19|400|SMCI|31.250000|32.200001|30.990000|32.160000|42320100|1.0000000000|32.160000
2026-02-19|401|TMUS|216.169998|218.529999|213.610001|215.300003|4818200|0.9898439218|211.890488
2026-02-19|402|DAL|69.949997|69.989998|67.239998|67.440002|8628200|0.9922015511|66.914078
2026-02-19|403|IBKR|73.940002|74.230003|72.809998|73.989998|2459500|0.9979162811|73.835823
2026-02-19|404|PODD|257.579987|257.890015|242.339996|249.100006|1416200|1.0000000000|249.100006
2026-02-19|405|TEL|235.000000|236.199997|230.279999|232.399994|2035000|0.9892434805|229.900177
2026-02-19|406|BX|129.130005|130.490005|124.379997|125.760002|11095000|0.9808140125|123.347176
2026-02-19|407|LULU|180.899994|183.300003|179.210007|182.880005|1331100|1.0000000000|182.880005
2026-02-19|408|ULTA|682.010010|695.780029|680.940002|692.789978|409900|1.0000000000|692.789978
2026-02-19|409|MSCI|541.969971|550.000000|536.349976|541.119995|582600|0.9928506457|537.251343
2026-02-19|410|ECHO|113.139999|117.230003|112.669998|114.839996|2179300|1.0000000000|114.839996
2026-02-19|411|PM|181.990005|183.789993|180.210007|183.500000|3336700|0.9830023955|180.380936
2026-02-19|412|V|317.489990|320.200012|315.730011|318.929993|5967600|0.9960807290|317.679993
2026-02-19|413|AWK|132.100006|134.210007|129.179993|131.360001|1577200|0.9863367160|129.565201
2026-02-19|414|KDP|29.139999|29.219999|28.850000|29.100000|7446600|0.9842341174|28.641212
2026-02-19|415|SW|52.049999|52.220001|49.580002|49.779999|6781800|0.9797713221|48.773018
2026-02-19|416|AVGO|333.010010|338.440002|329.679993|333.989990|15180900|0.9963298147|332.764160
2026-02-19|417|VRSK|184.690002|186.440002|181.410004|183.889999|1829300|0.9947617775|182.926743
2026-02-19|418|DG|150.740005|153.899994|149.679993|151.789993|2215400|0.9902299309|150.307007
2026-02-19|419|FTNT|81.010002|81.769997|80.239998|81.669998|4584100|1.0000000000|81.669998
2026-02-19|420|CHTR|238.050003|241.220001|230.360001|231.539993|1456000|1.0000000000|231.539993
2026-02-19|421|FERG|259.019989|260.339996|256.059998|257.839996|1082700|0.9887782143|254.946564
2026-02-19|422|GNRC|227.580002|231.169998|225.729996|227.470001|815300|1.0000000000|227.470001
2026-02-19|423|LYB|56.000000|56.779999|54.900002|55.330002|3519700|0.9677851714|53.547554
2026-02-19|424|CBOE|285.019989|287.549988|282.089996|286.170013|550600|0.9954503651|284.868042
2026-02-19|425|TSLA|407.250000|415.250000|404.109985|411.709991|51019600|1.0000000000|411.709991
2026-02-19|426|KKR|102.639999|103.540001|98.919998|101.639999|10029100|0.9961485906|101.248543
2026-02-19|427|NXPI|235.270004|238.649994|229.729996|232.110001|2451600|0.9914738451|230.130981
2026-02-19|428|GM|83.250000|83.500000|81.019997|81.470001|6062600|0.9954799629|81.101753
2026-02-19|429|TRGP|231.720001|232.860001|218.710007|224.160004|2455000|0.9903678073|222.000839
2026-02-19|430|CPAY|344.820007|347.359985|334.279999|347.200012|636600|1.0000000000|347.200012
2026-02-19|431|KMI|32.500000|32.770000|32.380001|32.540001|14436600|0.9816636474|31.943336
2026-02-19|432|HCA|531.000000|533.989990|523.169983|528.659973|813700|0.9965176399|526.818970
2026-02-19|433|HII|423.200012|443.320007|423.200012|443.140015|783200|0.9925978670|437.818024
2026-02-19|434|APO|122.500000|122.949997|116.529999|118.339996|9488300|0.9916121637|117.347382
2026-02-19|435|MPC|200.539993|201.979996|196.309998|196.470001|2013300|0.9934777159|195.188568
2026-02-19|436|XYL|128.460007|130.110001|128.059998|129.210007|1240800|0.9889650951|127.784180
2026-02-19|437|APTV|82.400002|82.400002|79.220001|80.459999|1388200|1.0000000000|80.459999
2026-02-19|438|PSX|158.210007|159.070007|155.100006|155.410004|2301500|0.9794981865|152.223831
2026-02-19|439|AMCR|49.639999|50.240002|49.150002|49.529999|4013600|0.9708736970|48.087372
2026-02-19|440|META|638.570007|647.190002|636.719971|644.780029|10035700|0.9982193806|643.631897
2026-02-19|441|NOW|108.070000|109.220001|106.190002|107.370003|13224700|1.0000000000|107.370003
2026-02-19|442|PANW|152.479996|152.679993|148.149994|150.990005|13545800|1.0000000000|150.990005
2026-02-19|443|FANG|176.270004|177.020004|173.580002|174.720001|2257600|0.9832059760|171.785736
2026-02-19|444|WDAY|142.490005|142.490005|139.410004|140.020004|2818500|1.0000000000|140.020004
2026-02-19|445|ABBV|228.970001|229.369995|223.020004|224.350006|5410800|0.9847626719|220.931519
2026-02-19|446|NCLH|24.000000|24.389999|23.690001|23.740000|17662600|1.0000000000|23.740000
2026-02-19|447|ZTS|128.740005|129.979996|125.470001|127.279999|4738400|0.9887765322|125.851479
2026-02-19|448|IQV|169.050003|171.059998|161.940002|169.360001|3586300|1.0000000000|169.360001
2026-02-19|449|NWS|26.200001|26.370001|25.980000|26.190001|1494400|0.9963262306|26.093784
2026-02-19|450|NWSA|23.379999|23.459999|23.180000|23.360001|2943600|0.9958385353|23.262789
2026-02-19|451|CDW|123.879997|125.139999|119.830002|124.169998|2022200|0.9844137869|122.234657
2026-02-19|452|VEEV|181.000000|182.770004|178.240005|182.570007|2204200|1.0000000000|182.570007
2026-02-19|453|ALLE|162.600006|164.639999|160.690002|161.229996|1046900|0.9921390873|159.962585
2026-02-19|454|HLT|315.359985|316.660004|309.750000|312.730011|2015000|0.9986088702|312.294983
2026-02-19|455|ARES|129.500000|130.149994|124.150002|129.850006|5059700|0.9767290545|126.828278
2026-02-19|456|ANET|138.610001|140.320007|135.369995|137.229996|5260600|1.0000000000|137.229996
2026-02-19|457|SYF|72.639999|72.839996|71.400002|72.260002|4099600|0.9916769819|71.658585
2026-02-19|458|CFG|64.610001|64.900002|63.660000|64.589996|4002700|0.9864525111|63.714966
2026-02-19|459|KEYS|237.289993|241.309998|235.990005|239.539993|1124200|1.0000000000|239.539993
2026-02-19|460|GDDY|89.660004|90.349998|87.680000|88.669998|1850400|1.0000000000|88.669998
2026-02-19|461|KHC|23.959999|24.245001|23.780001|23.990000|11356700|0.9659839010|23.173952
2026-02-19|462|PYPL|41.105000|41.790001|40.849998|41.730000|24646900|0.9937057617|41.467342
2026-02-19|463|LITE|592.565002|636.679993|578.299988|635.640015|4206200|1.0000000000|635.640015
2026-02-19|464|HPE|21.590000|21.825001|21.105000|21.389999|12195200|0.9906947030|21.190960
2026-02-19|465|XYZ|53.029999|53.419998|52.200001|52.889999|7740900|1.0000000000|52.889999
2026-02-19|466|FTV|57.980000|58.459999|57.480000|57.860001|2361200|0.9979248563|57.739933
2026-02-19|467|DELL|118.959999|121.440002|117.610001|119.059998|7042300|0.9952707496|118.496933
2026-02-19|468|TTD|25.370001|25.820000|25.135000|25.240000|20280400|1.0000000000|25.240000
2026-02-19|469|VST|169.910004|172.570007|168.250000|172.500000|3154700|0.9972411805|172.024109
2026-02-19|470|HWM|246.770004|251.679993|245.000000|251.300003|2435600|0.9990766853|251.067978
2026-02-19|471|INVH|26.660000|26.725000|25.395000|25.680000|7692000|0.9779475029|25.113691
2026-02-19|472|CVNA|341.899986|353.708000|315.000000|332.789993|17741000|0.2000000000|66.557999
2026-02-19|473|IR|96.669998|97.440002|95.135002|96.199997|2846200|0.9992655835|96.129349
2026-02-19|474|VICI|29.700001|29.879999|29.490000|29.870001|5163100|0.9677245240|28.905933
2026-02-19|475|VRT|241.029999|247.710007|239.524002|243.059998|3929800|0.9995540701|242.951614
2026-02-19|476|MRNA|46.985001|50.459999|45.799999|49.700001|12142000|1.0000000000|49.700001
2026-02-19|477|FOXA|56.669998|56.990002|56.020000|56.160000|2773600|0.9951185496|55.885857
2026-02-19|478|FOX|51.639999|52.189999|51.264999|51.470001|1779000|0.9946544484|51.194866
2026-02-19|479|DOW|31.490000|31.730000|30.889999|31.389999|8869400|0.9783459966|30.710281
2026-02-19|480|UBER|71.870003|74.105003|71.760002|72.940002|15897800|1.0000000000|72.940002
2026-02-19|481|CTVA|76.449997|77.108002|76.169998|77.019997|3716500|0.9954590981|76.670258
2026-02-19|482|CRWD|417.619995|424.000000|409.970001|422.140015|2000400|0.2500000000|105.535004
2026-02-19|483|DDOG|121.739998|121.809998|118.419998|120.599998|3703500|1.0000000000|120.599998
2026-02-19|484|CARR|63.250000|63.360001|61.000000|62.919998|8515200|0.9928803129|62.472031
2026-02-19|485|OTIS|92.349998|93.419998|92.120003|93.040001|3834100|0.9879889159|91.922493
2026-02-19|486|PLTR|132.309998|136.160004|131.009995|134.889999|42197200|1.0000000000|134.889999
2026-02-19|487|DASH|185.000000|185.893997|175.160004|176.190002|17971000|1.0000000000|176.190002
2026-02-19|488|ABNB|123.839996|126.040001|122.669998|125.809998|6228900|1.0000000000|125.809998
2026-02-19|489|EXE|101.470001|103.900002|100.230003|103.849998|6862600|0.9826864450|102.051987
2026-02-19|490|COIN|162.419998|167.580002|161.119995|165.940002|8001700|1.0000000000|165.940002
2026-02-19|491|APP|399.019989|415.440002|396.000000|412.000000|6165600|1.0000000000|412.000000
2026-02-19|492|HOOD|74.389999|76.139999|73.529999|75.650002|20780400|1.0000000000|75.650002
2026-02-19|493|CEG|292.480011|298.230011|289.000000|291.660004|2550000|0.9955820742|290.371490
2026-02-19|494|GEHC|82.540001|83.080002|81.690002|83.010002|2206800|0.9989494212|82.922791
2026-02-19|495|KVUE|18.930000|18.945000|18.540001|18.660000|37932900|0.9772015009|18.234579
2026-02-19|496|VLTO|94.080002|95.449997|93.050003|93.980003|1748700|0.9970188523|93.699837
2026-02-19|497|RDDT|146.080002|147.395004|141.800003|146.130005|4097100|1.0000000000|146.130005
2026-02-19|498|SOLV|74.820000|75.279999|73.449997|73.610001|835700|1.0000000000|73.610001
2026-02-19|499|GEV|816.674988|837.400024|810.539978|834.609985|1655600|0.9988852954|833.679626
2026-02-19|500|SNDK|597.330017|634.479980|590.099976|621.090027|19601600|1.0000000000|621.090027
2026-02-19|501|Q|114.610001|115.099998|110.540001|112.860001|1656500|0.9988559230|112.730888
