date|security_id|ticker|open|high|low|close|volume|adj_factor|adj_close_vendor
2026-02-23|1|AEP|129.479996|132.110001|129.399994|132.029999|3592500|0.9852885257|130.087646
2026-02-23|2|BA|231.500000|233.500000|227.460007|230.440002|5380000|1.0000000000|230.440002
2026-02-23|3|CAT|758.950012|767.979980|752.780029|756.469971|2289600|0.9962516275|753.634460
2026-02-23|4|CNP|42.439999|43.180000|42.250000|42.889999|9022300|0.9886466776|42.403057
2026-02-23|5|CVX|184.669998|186.630005|184.050003|184.910004|7047200|0.9823507513|181.646500
2026-02-23|6|DIS|104.980003|105.190002|102.959999|104.410004|10626500|0.9923958226|103.616051
2026-02-23|7|DTE|145.589996|146.509995|144.860001|145.850006|1549900|0.9843774065|143.571442
2026-02-23|8|ED|111.010002|113.010002|110.000000|112.139999|2649300|0.9836258984|110.303810
2026-02-23|9|GD|352.350006|354.000000|348.290009|348.980011|858900|0.9910149667|345.844452
2026-02-23|10|GE|342.149994|343.279999|337.000000|338.989990|5045100|0.9973022307|338.075470
2026-02-23|11|HON|243.729999|246.000003|242.380003|243.060006|2496100|1.0347776740|251.513077
2026-02-23|12|HPQ|18.469999|18.660000|18.129999|18.350000|17355300|0.9721972446|17.839821
2026-02-23|13|IBM|254.369995|255.190002|220.720001|223.350006|19522900|0.9856234381|220.138992
2026-02-23|14|IP|43.259998|44.660000|42.650002|44.410000|8255900|0.9742073595|43.264549
2026-02-23|15|JNJ|243.630005|246.809998|242.600006|245.839996|9622700|0.9841702191|241.948395
2026-02-23|16|KO|79.519997|80.849998|79.500000|80.559998|17157700|0.9867998793|79.496597
2026-02-23|17|KR|66.199997|68.389999|66.040001|68.260002|5243600|0.9879807975|67.439568
2026-02-23|18|LMT|655.619995|663.270020|653.690002|660.619995|1196100|0.9882876617|652.882568
2026-02-23|19|MMM|166.699997|167.440002|164.309998|166.339996|2922000|0.9905187908|164.762894
2026-02-23|20|MO|67.750000|69.099998|67.750000|68.980003|7152600|0.9690282260|66.843567
2026-02-23|21|MRK|122.309998|124.190002|121.500000|123.820000|9661100|0.9855603323|122.032082
2026-02-23|22|MSI|460.100006|467.309998|458.179993|465.029999|1297700|0.9943844568|462.418610
2026-02-23|23|PG|160.320007|165.360001|160.300003|165.169998|14772400|0.9851719538|162.720840
2026-02-23|24|XOM|148.149994|151.270004|148.130005|150.759995|16073100|0.9868681737|148.780243
2026-02-23|25|RTX|203.970001|204.899994|201.740005|201.919998|4557300|0.9925545778|200.416611
2026-02-23|26|MCD|330.429993|335.579987|330.250000|334.559998|3806200|0.9877457529|330.460205
2026-02-23|27|AXP|343.350006|345.829987|317.149994|321.239990|7092600|0.9941272834|319.353455
2026-02-23|28|BMY|60.970001|61.439999|60.639999|61.250000|11029100|0.9787458882|59.948185
2026-02-23|29|DD|50.260000|50.649999|49.389999|50.080002|3232101|2.9761992776|149.048080
2026-02-23|30|DE|652.179993|669.799988|644.440002|646.840027|2074700|0.9945059901|643.286316
2026-02-23|31|EMR|147.330002|148.600006|143.800003|145.509995|2446400|0.9926085470|144.434479
2026-02-23|32|ETN|367.119995|368.579987|359.839996|362.049988|2920800|0.9917042798|359.046478
2026-02-23|33|ETR|103.919998|106.000000|103.919998|104.870003|3035300|0.9886701734|103.681839
2026-02-23|34|F|13.980000|14.040000|13.570000|13.640000|59134400|0.9769709546|13.325885
2026-02-23|35|HAL|35.040001|35.709999|34.880001|35.240002|10502800|0.9909628646|34.921535
2026-02-23|36|LLY|1047.020020|1064.449951|1034.000000|1058.560059|4767600|0.9968530383|1055.228760
2026-02-23|37|PCG|18.450001|18.559999|18.350000|18.480000|14152900|0.9942476518|18.373695
2026-02-23|38|PEP|164.490005|168.809998|164.240005|168.320007|6801600|0.9808256472|165.092575
2026-02-23|39|PFE|26.559999|27.110001|26.500000|27.059999|34166100|0.9668473999|26.162889
2026-02-23|40|TXN|218.899994|222.789993|218.899994|219.860001|7877400|0.9898764050|217.634232
2026-02-23|41|WFC|88.169998|88.599998|83.779999|85.150002|20607000|0.9886393471|84.182648
2026-02-23|42|HUBB|524.880005|528.602478|512.719971|516.989990|30|0.9943029521|514.044739
2026-02-23|43|WMT|123.519997|126.800003|122.959999|125.809998|25662800|0.9936722171|125.013901
2026-02-23|44|AIG|80.239998|81.389999|79.910004|79.980003|3647900|0.9875732230|78.986107
2026-02-23|45|AVY|195.610001|196.940002|194.160004|196.619995|609200|0.9887328339|194.404648
2026-02-23|46|BAC|52.840000|53.259998|50.889999|51.070000|50602500|0.9892387825|50.520424
2026-02-23|47|BALL|66.279999|67.139999|65.970001|67.139999|1740700|0.9933732915|66.695084
2026-02-23|48|BDX|184.750000|186.300003|182.139999|184.339996|3261800|0.9866980137|181.887909
2026-02-23|49|CLX|122.599998|127.349998|122.599998|126.760002|1927700|0.9761478543|123.736511
2026-02-23|50|CMI|589.650024|593.070007|581.719971|587.359985|777400|0.9931721942|583.349609
2026-02-23|51|CMS|76.220001|76.830002|75.989998|76.300003|4261500|0.9843492113|75.105843
2026-02-23|52|CVS|76.019997|77.790001|75.699997|77.000000|6498900|0.9851999130|75.860390
2026-02-23|53|ECL|302.220001|306.109985|300.130005|305.670013|1102500|0.9946163507|304.024384
2026-02-23|54|ES|73.370003|74.980003|73.370003|74.870003|2455800|0.9779292778|73.217567
2026-02-23|55|EVRG|80.660004|82.139999|80.290001|82.110001|2667700|0.9752573788|80.078384
2026-02-23|56|GWW|1122.689941|1130.270020|1112.140015|1116.750000|232600|0.9960365882|1112.323730
2026-02-23|57|LNT|71.379997|72.199997|71.230003|71.910004|3943200|0.9850786184|70.837013
2026-02-23|58|MKC|67.910004|69.910004|67.529999|69.529999|2966400|0.9822640876|68.296822
2026-02-23|59|MRSH|178.919998|181.000000|176.649994|176.990005|3073500|0.9892843147|175.093445
2026-02-23|60|NEE|92.940002|94.190002|92.589996|94.059998|8433600|0.9860055271|92.051468
2026-02-23|61|NI|46.580002|46.939999|46.060001|46.200001|2794100|0.9871584841|45.606724
2026-02-23|62|PNW|98.639999|100.019997|98.639999|99.599998|905100|0.9822795276|97.835037
2026-02-23|63|RVTY|99.160004|100.779999|96.660004|97.120003|1243000|0.9985919505|96.983261
2026-02-23|64|SNA|386.089996|389.910004|380.799988|385.369995|391100|0.9808470667|377.989014
2026-02-23|65|SPGI|413.469994|417.549999|404.239986|404.780002|2554000|0.9395781501|380.322418
2026-02-23|66|TER|319.290009|323.500000|310.450012|318.500000|2567600|0.9996224662|318.379761
2026-02-23|67|TGT|116.080002|116.720001|112.809998|113.339996|7924800|0.9830946401|111.423943
2026-02-23|68|TXT|100.400002|100.769997|97.550003|98.800003|1284600|0.9995682296|98.757339
2026-02-23|69|VMC|303.019989|311.140015|300.489990|310.790009|1284000|0.9942812010|309.012695
2026-02-23|70|XEL|81.959999|83.400002|81.779999|83.349998|5219900|0.9852321471|82.119095
2026-02-23|71|ITW|295.489990|298.350006|292.540009|293.220001|1230300|0.9877340632|289.623383
2026-02-23|72|CL|95.000000|97.620003|94.930000|97.099998|5635900|0.9881586198|95.950195
2026-02-23|73|EXC|47.950001|48.540001|47.700001|48.200001|7504800|0.9822723358|47.345528
2026-02-23|74|MDT|96.650002|98.980003|96.540001|98.610001|5959900|0.9830319865|96.936783
2026-02-23|75|BNY|117.680000|119.000000|114.120003|115.540001|3464400|0.9920974180|114.626938
2026-02-23|76|EIX|73.690002|74.809998|73.209999|74.650002|2506000|0.9764773062|72.894035
2026-02-23|77|FRT|108.180000|109.650002|107.190002|109.129997|1061700|0.9803038504|106.980560
2026-02-23|78|PNR|102.379997|102.790001|100.519997|101.660004|1304500|0.9926207111|100.909828
2026-02-23|79|USB|58.630001|58.869999|55.529999|55.810001|9705000|0.9813809589|54.770874
2026-02-23|80|WY|25.610001|25.709999|24.900000|25.129999|4711200|0.9829820427|24.702337
2026-02-23|81|SYY|89.919998|90.820000|88.870003|89.430000|3754500|0.9859824728|88.176414
2026-02-23|82|WRB|71.540001|72.050003|70.599998|71.000000|1771500|0.9910634494|70.365509
2026-02-23|83|IFF|81.070000|82.360001|79.839996|82.239998|1583500|0.9889000540|81.327141
2026-02-23|84|TAP|49.779999|50.029999|49.209999|49.470001|3015900|0.9780980891|47.829014
2026-02-23|85|PNC|232.169998|233.550003|219.309998|220.770004|2286900|0.9845274632|217.354126
2026-02-23|86|TRV|305.000000|309.369995|303.730011|305.390015|1771100|0.9922238191|303.015259
2026-02-23|87|C|115.339996|116.910004|108.860001|110.750000|17996400|0.9902572054|109.670982
2026-02-23|88|FDX|387.750011|391.649988|380.289998|383.709982|1619900|0.7995464875|306.793976
2026-02-23|89|WDC|283.619995|294.820007|278.179993|280.420013|8617300|0.9992611044|280.212799
2026-02-23|90|DHR|208.000000|211.350006|206.309998|210.919998|2400600|0.9958070237|210.035599
2026-02-23|91|APA|29.020000|29.629999|28.410000|28.719999|4976900|0.9864084367|28.329649
2026-02-23|92|LUV|51.869999|52.369999|50.250000|50.900002|8914300|0.9913697990|50.460724
2026-02-23|93|PEG|86.029999|86.669998|85.430000|86.309998|1946900|0.9834778438|84.883965
2026-02-23|94|UNP|266.160004|267.809998|262.600006|263.760010|2758900|0.9896596115|261.032623
2026-02-23|95|ABT|112.290001|115.309998|112.050003|115.290001|9144500|0.9867277802|113.759850
2026-02-23|96|ADI|352.529999|358.000000|349.579987|355.149994|4132900|0.9941555324|353.074341
2026-02-23|97|ADM|67.860001|69.389999|67.430000|67.690002|2177000|0.9871845133|66.822525
2026-02-23|98|ADP|213.250000|214.199997|205.330002|205.729996|4292900|0.9843371720|202.507675
2026-02-23|99|AFL|114.260002|114.910004|112.080002|112.349998|2191300|0.9898631333|111.211121
2026-02-23|100|AMAT|372.399994|378.859985|369.679993|373.549988|6077400|0.9976914901|372.687653
2026-02-23|101|AMD|198.089996|199.380005|194.149994|196.600006|28187900|1.0000000000|196.600006
2026-02-23|102|APD|281.510010|284.500000|280.950012|283.250000|1370400|0.9876339339|279.747314
2026-02-23|103|BF-B|29.879999|30.450001|29.820000|30.200001|3573500|0.9822921615|29.665224
2026-02-23|104|CHD|102.660004|105.750000|102.660004|105.260002|1667900|0.9937159244|104.598541
2026-02-23|105|CINF|163.910004|164.899994|160.660004|160.910004|1063400|0.9887134133|159.093887
2026-02-23|106|CMCSA|31.370001|31.820000|31.260000|31.629999|19564600|0.9752182964|30.846153
2026-02-23|107|D|66.180000|66.440002|63.959999|64.230003|10616600|0.9796460230|62.922665
2026-02-23|108|DOV|232.820007|234.000000|228.580002|230.729996|1086000|0.9952693212|229.638474
2026-02-23|109|DUK|126.830002|128.610001|126.809998|127.790001|4891100|0.9827918175|125.590965
2026-02-23|110|EFX|195.720001|196.330002|188.270004|188.429993|1266300|0.9938812654|187.277039
2026-02-23|111|EQT|60.509998|61.250000|58.630001|59.029999|7552500|0.9940720641|58.680073
2026-02-23|112|FITB|53.599998|53.889999|50.230000|50.709999|8197300|0.9840657827|49.901974
2026-02-23|113|GIS|44.009998|45.660000|43.919998|45.380001|6840100|0.9666684497|43.867416
2026-02-23|114|GPC|117.279999|118.150002|115.739998|116.160004|1506500|0.9802432378|113.865051
2026-02-23|115|HAS|100.660004|101.169998|96.889999|98.269997|2037000|0.9844894224|96.745781
2026-02-23|116|HBAN|17.969999|18.129999|17.010000|17.080000|24767500|0.9810694650|16.756666
2026-02-23|117|HRL|24.910000|25.360001|24.870001|25.160000|5616200|0.9742790885|24.512861
2026-02-23|118|HST|20.410000|20.549999|19.430000|19.760000|8451500|0.9529227702|18.829752
2026-02-23|119|HSY|220.369995|227.800003|218.149994|226.070007|1889700|0.9846288447|222.595047
2026-02-23|120|INTC|44.090000|44.549999|43.180000|43.630001|57130900|1.0000000000|43.630001
2026-02-23|121|J|136.300003|137.110001|131.240005|131.800003|928400|0.9944174758|131.064224
2026-02-23|122|JPM|308.799988|311.000000|295.100006|297.670013|12955400|0.9904464778|294.826233
2026-02-23|123|KMB|108.629997|110.809998|108.139999|110.510002|5238300|0.9744151054|107.682617
2026-02-23|124|L|110.059998|110.830002|108.260002|108.709999|602600|0.9982870407|108.523788
2026-02-23|125|LEN|116.500000|116.769997|113.120003|116.199997|2378600|0.9888298730|114.902031
2026-02-23|126|LOW|280.760010|281.980011|272.339996|274.359985|3058100|0.9891098782|271.372162
2026-02-23|127|MAS|75.150002|75.440002|73.430000|73.820000|2110100|0.9908891403|73.147438
2026-02-23|128|MTB|232.039993|233.520004|221.500000|222.119995|1829500|0.9861939937|219.053406
2026-02-23|129|NEM|123.360001|126.230003|122.000000|124.250000|9372000|0.9956554334|123.710190
2026-02-23|130|NTRS|144.360001|145.110001|138.220001|140.380005|1003900|0.9898281838|138.952087
2026-02-23|131|NUE|179.710007|181.259995|176.699997|178.850006|2135600|0.9941593298|177.805405
2026-02-23|132|OMC|83.830002|85.680000|79.730003|80.750000|7830800|0.9796477026|79.106552
2026-02-23|133|PCAR|127.839996|129.960007|125.040001|126.059998|2461300|0.9942707430|125.337776
2026-02-23|134|PGR|203.050003|205.000000|201.979996|203.690002|2869000|0.9990392069|203.494293
2026-02-23|135|PH|1014.510010|1022.080017|998.260010|1008.969971|720600|0.9977448271|1006.694519
2026-02-23|136|PHM|139.919998|141.029999|137.250000|140.210007|1312500|0.9957597479|139.615479
2026-02-23|137|PPG|125.760002|127.160004|124.410004|125.349998|1201500|0.9873814378|123.768265
2026-02-23|138|PPL|36.700001|37.299999|36.459999|37.259998|29350000|0.9846479678|36.687984
2026-02-23|139|RF|29.860001|30.160000|28.490000|28.709999|14377300|0.9811037357|28.167488
2026-02-23|140|ROL|61.070000|61.689999|60.349998|60.380001|4098100|0.9887685295|59.701843
2026-02-23|141|SHW|358.940002|365.829987|357.730011|364.269989|1664400|0.9929181711|361.690308
2026-02-23|142|STT|127.099998|128.389999|123.300003|125.129997|1560600|0.9884428745|123.683853
2026-02-23|143|SWK|91.790001|92.480003|87.230003|87.290001|1489400|0.9785642065|85.418869
2026-02-23|144|SYK|380.290009|388.209991|379.760010|384.730011|1765800|0.9946461548|382.670227
2026-02-23|145|TMO|508.010010|518.919983|505.799988|516.440002|1618300|0.9980119596|515.413269
2026-02-23|146|TPL|513.989990|547.200012|502.179993|502.850006|1206100|0.9973306248|501.507721
2026-02-23|147|TSN|63.709999|63.930000|62.860001|62.959999|3295600|0.9836914879|61.933216
2026-02-23|148|TT|464.000000|466.829987|459.220001|459.940002|1139100|0.9953350758|457.794403
2026-02-23|149|TYL|315.029999|321.299988|306.299988|317.429993|1080700|1.0000000000|317.429993
2026-02-23|150|UDR|37.389999|37.840000|36.910000|37.369999|4183700|0.9803230978|36.634674
2026-02-23|151|VTRS|15.860000|16.070000|15.790000|15.950000|9626100|0.9769695342|15.582664
2026-02-23|152|WEC|114.739998|116.070000|114.410004|115.800003|1634300|0.9829379991|113.824219
2026-02-23|153|WST|238.320007|245.279999|236.449997|244.220001|908100|0.9985945833|243.876770
2026-02-23|154|NDSN|291.149994|295.000000|287.559998|288.820007|501100|0.9941183690|287.121277
2026-02-23|155|TFC|52.189999|52.610001|49.610001|50.090000|9735000|0.9798350561|49.079937
2026-02-23|156|WELL|208.710007|211.500000|207.380005|209.539993|2416800|0.9893392873|207.306152
2026-02-23|157|AON|324.709991|326.440002|314.890015|315.309998|1425700|0.9951005240|313.765167
2026-02-23|158|GL|142.869995|145.869995|142.130005|142.649994|532300|0.9958260151|142.054565
2026-02-23|159|OKE|87.419998|89.000000|86.730003|87.330002|4744700|0.9765151605|85.279076
2026-02-23|160|KLAC|1489.869995|1516.999969|1456.000061|1487.660065|849900|0.0997597720|148.408630
2026-02-23|161|CSX|42.180000|42.520000|41.549999|41.970001|11093200|0.9936713984|41.704388
2026-02-23|162|PSA|305.540009|309.380005|304.059998|305.260010|1289300|0.9808120164|299.402679
2026-02-23|163|NKE|64.599998|64.970001|62.049999|63.090000|17748800|0.9845960180|62.118164
2026-02-23|164|AAPL|263.489990|269.429993|263.380005|266.179993|37308200|0.9982185855|265.705811
2026-02-23|165|BRO|69.190002|70.160004|68.809998|69.160004|3833800|0.9947741799|68.798584
2026-02-23|166|UHS|229.910004|233.649994|229.789993|232.600006|600400|0.9976532391|232.054153
2026-02-23|167|HD|380.989990|384.140015|369.579987|376.989990|5495700|0.9859634354|371.698364
2026-02-23|168|BAX|21.250000|21.480000|21.070000|21.260000|6047600|0.9989896155|21.230331
2026-02-23|169|COP|110.699997|111.910004|109.680000|109.879997|4871900|0.9860463925|108.346771
2026-02-23|170|GLW|142.100006|148.699997|141.009995|145.250000|18558800|0.9966096046|144.757553
2026-02-23|171|HUM|188.880005|189.619995|180.830002|181.160004|1259800|0.9926050698|179.820343
2026-02-23|172|LHX|355.239990|359.529999|354.200012|355.140015|1099700|0.9925076273|352.479156
2026-02-23|173|NOC|721.260010|731.450012|719.419983|725.390015|567200|0.9956180811|722.211426
2026-02-23|174|OXY|52.250000|53.330002|52.009998|52.430000|13782700|0.9906984712|51.942322
2026-02-23|175|ROK|392.940002|394.809998|386.390015|387.630005|1714900|0.9938632005|385.251190
2026-02-23|176|SLB|50.910000|51.689999|50.060001|51.240002|11727900|0.9947843000|50.972748
2026-02-23|177|SO|94.620003|96.019997|94.500000|95.180000|6950600|0.9836658196|93.625305
2026-02-23|178|WMB|73.099998|73.870003|72.629997|72.980003|4963400|0.9855810767|71.927704
2026-02-23|179|VLO|200.630005|204.259995|195.699997|197.389999|2016200|0.9914397807|195.700302
2026-02-23|180|CI|279.100006|284.359985|278.720001|283.179993|1632400|0.9887906885|280.005737
2026-02-23|181|NSC|317.739990|317.739990|311.700012|315.029999|1470300|0.9917671837|312.436432
2026-02-23|182|COO|83.150002|84.430000|81.970001|82.940002|2338700|1.0000000000|82.940002
2026-02-23|183|AMGN|375.260010|381.779999|374.739990|379.420013|2951400|0.9867386103|374.388367
2026-02-23|184|RJF|156.910004|157.889999|152.309998|153.130005|1379700|0.9927317770|152.017014
2026-02-23|185|WSM|211.779999|211.779999|201.789993|201.880005|1085200|0.9927167515|200.409668
2026-02-23|186|CAH|224.410004|228.039993|224.000000|224.820007|1351800|0.9954149217|223.789200
2026-02-23|187|CTAS|199.940002|200.699997|197.720001|198.330002|1339400|0.9947044338|197.279739
2026-02-23|188|PAYX|90.440002|90.550003|87.040001|87.389999|4910400|0.9771272923|85.391151
2026-02-23|189|BEN|27.530001|27.760000|26.670000|27.070000|3948000|0.9758021744|26.414965
2026-02-23|190|AOS|77.779999|78.389999|76.680000|76.769997|989500|0.9883617008|75.876526
2026-02-23|191|CASY|667.109985|674.320007|658.299988|671.750000|316400|0.9985579358|670.781250
2026-02-23|192|T|28.040001|28.830000|28.030001|28.520000|41169300|0.9765662530|27.851669
2026-02-23|193|VZ|49.349998|50.480000|49.250000|49.680000|30113000|0.9686690897|48.123482
2026-02-23|194|JBHT|228.830002|229.600006|220.830002|222.070007|640800|0.9964612666|221.284164
2026-02-23|195|ATO|180.190002|182.690002|180.190002|181.720001|823900|0.9884163190|179.615021
2026-02-23|196|LRCX|245.350006|249.399994|237.369995|242.270004|9488000|0.9981002163|241.809738
2026-02-23|197|MU|422.309998|431.700012|415.299988|420.970001|25426600|0.9994263974|420.728516
2026-02-23|198|AJG|214.550003|218.339996|213.009995|214.330002|2375100|0.9936444599|212.967819
2026-02-23|199|AME|233.100006|233.729996|228.809998|231.449997|999700|0.9969202115|230.737183
2026-02-23|200|SWKS|59.919998|60.389999|58.490002|59.779999|2560300|0.9796110161|58.561146
2026-02-23|201|EXPD|154.720001|155.320007|148.850006|149.630005|1733700|0.9948730934|148.862869
2026-02-23|202|UNH|288.549988|291.769989|281.670013|282.339996|7247500|0.9866504480|278.570892
2026-02-23|203|BBY|64.000000|64.199997|61.169998|62.709999|4567000|0.9720666083|60.958298
2026-02-23|204|DOC|16.959999|17.559999|16.959999|17.299999|10218800|0.9689596923|16.763004
2026-02-23|205|ADSK|223.630005|225.649994|216.720001|218.639999|2060800|1.0000000000|218.639999
2026-02-23|206|DVN|44.400002|44.959999|43.540001|43.669998|8751100|0.9877783076|43.136280
2026-02-23|207|NVR|7594.209961|7663.169922|7419.069824|7456.830078|29900|1.0000000000|7456.830078
2026-02-23|208|ROST|202.050003|202.779999|198.270004|201.889999|1795400|0.9959267541|201.067642
2026-02-23|209|JKHY|158.070007|159.639999|154.820007|155.679993|1611500|0.9919197584|154.422058
2026-02-23|210|MNST|83.309998|84.879997|83.309998|84.690002|6208300|0.5000000000|84.690002
2026-02-23|211|ORCL|145.690002|145.800003|138.589996|141.309998|31749800|0.9930647011|140.329971
2026-02-23|212|MSFT|395.000000|395.359985|383.100006|384.470001|43238300|0.9959638868|382.918243
2026-02-23|213|TROW|94.839996|95.070000|92.199997|93.059998|2376700|0.9736426638|90.607185
2026-02-23|214|COST|981.799988|991.309998|978.059998|986.020020|1489300|0.9969659831|983.028442
2026-02-23|215|ADBE|254.139999|254.500000|244.800003|246.679993|7602400|1.0000000000|246.679993
2026-02-23|216|FISV|60.630001|61.430000|58.169998|58.400002|7498100|1.0000000000|58.400002
2026-02-23|217|BKR|62.480000|64.260002|62.310001|63.669998|8040900|0.9930140272|63.225201
2026-02-23|218|CDNS|291.440002|293.589996|279.109985|279.799988|3343600|1.0000000000|279.799988
2026-02-23|219|TJX|159.000000|160.460007|155.750000|157.690002|5710000|0.9936003560|156.680847
2026-02-23|220|FICO|1335.969971|1336.989990|1268.000000|1281.640015|259900|1.0000000000|1281.640015
2026-02-23|221|CCL|31.920000|32.369999|29.959999|30.420000|24145900|0.9887339129|30.077286
2026-02-23|222|FAST|46.150002|46.360001|44.950001|45.049999|6648900|0.9892709750|44.566658
2026-02-23|223|SCHW|93.510002|93.919998|91.279999|92.750000|11226900|0.9935274715|92.149673
2026-02-23|224|JCI|142.830002|144.539993|142.100006|142.830002|3517000|0.9941759575|141.998154
2026-02-23|225|COHR|248.179993|255.000000|246.279999|248.889999|4712700|1.0000000000|248.889999
2026-02-23|226|KEY|22.080000|22.440001|20.850000|21.010000|25544300|0.9804836286|20.599960
2026-02-23|227|MOS|29.059999|29.240000|28.090000|28.730000|6846600|0.9816582705|28.203041
2026-02-23|228|MGM|36.459999|36.549999|33.799999|34.250000|6141400|1.0000000000|34.250000
2026-02-23|229|WM|229.529999|231.830002|229.399994|230.559998|2157100|0.9917417797|228.655975
2026-02-23|230|TECH|57.430000|57.490002|54.200001|54.759998|3196100|0.9970482740|54.598362
2026-02-23|231|IEX|206.449997|208.660004|205.130005|206.649994|591400|0.9931996195|205.244705
2026-02-23|232|GEN|22.110001|22.110001|21.330000|21.650000|7186100|0.9903038605|21.440077
2026-02-23|233|CRH|122.470001|123.910004|120.010002|121.489998|5018600|0.9889154582|120.143333
2026-02-23|234|EOG|123.550003|124.739998|121.440002|122.309998|3854100|0.9849854996|120.473572
2026-02-23|235|PTC|153.899994|155.059998|148.440002|150.880005|1242800|1.0000000000|150.880005
2026-02-23|236|CSCO|78.849998|79.480003|76.940002|77.739998|24485900|0.9909035959|77.032845
2026-02-23|237|LH|281.040009|289.369995|278.970001|285.299988|760600|0.9947633093|283.198792
2026-02-23|238|TRMB|67.010002|67.190002|64.849998|65.419998|1830600|1.0000000000|65.419998
2026-02-23|239|AZO|3740.649902|3859.360107|3740.000000|3829.270020|121000|1.0000000000|3829.270020
2026-02-23|240|REGN|777.580017|792.159973|777.580017|787.039978|510500|0.9973440317|784.949646
2026-02-23|241|IDXX|628.940002|631.799988|618.559998|623.130005|515600|1.0000000000|623.130005
2026-02-23|242|AES|16.360001|16.490000|16.040001|16.260000|8357600|0.9761125722|15.871592
2026-02-23|243|VRTX|475.079987|487.600006|475.079987|481.010010|1241000|1.0000000000|481.010010
2026-02-23|244|ZBRA|252.320007|253.199997|230.000000|231.320007|1195400|1.0000000000|231.320007
2026-02-23|245|BIIB|191.820007|197.050003|189.110001|196.339996|878900|1.0000000000|196.339996
2026-02-23|246|ODFL|201.380005|201.440002|193.270004|193.880005|1280300|0.9973411992|193.364517
2026-02-23|247|APH|150.119995|151.759995|147.199997|147.820007|6070400|0.9965240421|147.306198
2026-02-23|248|KIM|23.250000|23.570000|23.230000|23.410000|9444900|0.9782318124|22.900408
2026-02-23|249|QCOM|141.970001|144.059998|139.639999|140.410004|8260100|0.9899641514|139.000870
2026-02-23|250|GILD|148.929993|152.460007|148.380005|149.830002|5994400|0.9878606941|148.011169
2026-02-23|251|ROP|334.929993|337.089996|329.820007|335.700012|2223100|0.9949619600|334.008728
2026-02-23|252|SNPS|429.390015|433.410004|417.269989|420.820007|1974900|1.0000000000|420.820007
2026-02-23|253|STZ|157.500000|161.160004|157.250000|159.419998|1847600|0.9856055004|157.125229
2026-02-23|254|BSX|74.269997|75.320000|74.260002|74.370003|10224400|1.0000000000|74.370003
2026-02-23|255|STE|250.169998|251.100006|246.360001|247.110001|897000|0.9970332000|246.376877
2026-02-23|256|DHI|164.309998|165.479996|160.479996|164.250000|1650900|0.9940209933|163.267944
2026-02-23|257|LIN|493.549988|500.570007|492.769989|498.190002|2159200|0.9935105778|494.957062
2026-02-23|258|SBUX|96.139999|97.180000|93.550003|94.779999|7696700|0.9884945611|93.689507
2026-02-23|259|MS|173.960007|175.619995|166.610001|166.800003|7795500|0.9892093304|165.000122
2026-02-23|260|INTU|374.950012|374.950012|349.000000|359.549988|5495900|0.9925226498|356.861511
2026-02-23|261|MCHP|77.139999|77.750000|74.599998|76.599998|5034200|0.9890553567|75.761642
2026-02-23|262|CB|331.500000|335.230011|330.179993|333.390015|1864900|0.9939554166|331.374786
2026-02-23|263|ORLY|92.970001|95.910004|92.959999|95.349998|7827400|1.0000000000|95.349998
2026-02-23|264|RCL|314.920013|321.320007|300.760010|302.640015|2716500|0.9895699200|299.483459
2026-02-23|265|JBL|267.589996|270.130005|259.820007|261.279999|1218800|0.9995582709|261.164581
2026-02-23|266|ALL|206.309998|208.100006|204.779999|206.160004|1692400|0.9897514584|204.047150
2026-02-23|267|CPT|107.870003|109.610001|107.400002|108.199997|1209500|0.9801843508|106.055946
2026-02-23|268|VMRK|63.090000|63.970001|62.500000|63.320000|3822400|0.9778762777|61.919128
2026-02-23|269|IT|151.770004|153.270004|144.289993|144.970001|1856800|1.0000000000|144.970001
2026-02-23|270|DECK|117.889999|119.000000|114.529999|118.169998|2436300|1.0000000000|118.169998
2026-02-23|271|REG|76.940002|78.250000|76.830002|77.779999|1191500|0.9810739142|76.307930
2026-02-23|272|INCY|101.320000|103.160004|100.040001|100.849998|1333400|1.0000000000|100.849998
2026-02-23|273|SPG|202.080002|203.600006|199.789993|200.070007|1356400|0.9778630534|195.641083
2026-02-23|274|MAA|133.940002|136.009995|132.910004|133.330002|1161600|0.9765831817|130.207840
2026-02-23|275|MLM|682.510010|688.960022|677.700012|683.599976|473500|0.9973479749|681.787048
2026-02-23|276|TSCO|52.919998|54.279999|52.570000|53.889999|6245100|0.9807531624|52.852783
2026-02-23|277|ALB|168.419998|177.970001|168.419998|177.520004|2323500|0.9949889134|176.630447
2026-02-23|278|CPRT|36.419998|36.439999|35.119999|35.360001|13048100|1.0000000000|35.360001
2026-02-23|279|FLEX|65.250000|65.669998|62.470001|63.299999|3440600|1.0000000000|63.299999
2026-02-23|280|ESS|254.949997|258.910004|253.600006|255.330002|559800|0.9806657936|250.393402
2026-02-23|281|O|66.389999|67.150002|66.250000|66.680000|5348700|0.9746072994|64.986816
2026-02-23|282|MCO|445.079987|451.109985|436.290009|437.109985|1405100|0.9933686768|434.211365
2026-02-23|283|SJM|112.000000|112.000000|109.540001|111.000000|2279600|0.9798392929|108.762154
2026-02-23|284|MCK|945.000000|963.000000|943.690002|949.250000|545200|0.9980659618|947.414124
2026-02-23|285|COF|206.449997|207.750000|189.940002|190.000000|8882900|0.9922218930|188.522156
2026-02-23|286|EME|805.549988|815.789978|797.099976|806.659973|308600|0.9989862194|805.842163
2026-02-23|287|DLTR|132.889999|133.720001|128.029999|130.410004|2697800|1.0000000000|130.410004
2026-02-23|288|COR|360.420013|367.690002|359.440002|366.029999|919500|0.9957711437|364.482086
2026-02-23|289|DRI|216.860001|218.399994|211.100006|214.259995|1102900|0.9843985059|210.917221
2026-02-23|290|RMD|257.609985|261.910004|257.029999|260.790009|869900|0.9941821390|259.272766
2026-02-23|291|WAB|265.000000|265.809998|260.700012|262.929993|533300|0.9977552294|262.339752
2026-02-23|292|FCX|64.239998|65.930000|63.880001|65.550003|15631300|0.9953868541|65.247612
2026-02-23|293|IVZ|26.309999|26.360001|24.920000|25.209999|4403600|0.9856541725|24.848341
2026-02-23|294|ACGL|98.489998|99.769997|98.120003|98.699997|1385900|1.0000000000|98.699997
2026-02-23|295|ERIE|273.420013|273.950012|263.380005|263.769989|254200|0.9885906317|260.760529
2026-02-23|296|EG|342.410004|345.570007|337.269989|337.769989|359500|0.9878843207|333.677704
2026-02-23|297|DVA|152.509995|154.500000|150.300003|151.279999|616300|1.0000000000|151.279999
2026-02-23|298|HSIC|81.599998|81.989998|78.650002|80.570000|2478500|1.0000000000|80.570000
2026-02-23|299|EL|115.000000|115.389999|110.879997|113.019997|3556600|0.9930325985|112.232536
2026-02-23|300|WAT|329.000000|335.649994|327.779999|327.779999|875900|1.0000000000|327.779999
2026-02-23|301|NTAP|100.989998|102.260002|99.339996|100.529999|2554700|0.9918913810|99.714844
2026-02-23|302|HIG|142.449997|143.619995|140.360001|140.539993|1693900|0.9910400733|139.280762
2026-02-23|303|IRM|109.839996|111.459999|109.370003|111.190002|1843300|0.9851777356|109.541916
2026-02-23|304|BRK-B|496.500000|503.549988|493.730011|494.089996|3556500|1.0000000000|494.089996
2026-02-23|305|FDS|192.910004|196.440002|189.070007|190.259995|1179400|0.9900356292|188.364166
2026-02-23|306|STLD|193.389999|196.350006|190.330002|196.009995|1221400|0.9946588101|194.963074
2026-02-23|307|DGX|201.990005|207.720001|201.990005|207.429993|783100|0.9916252453|205.692825
2026-02-23|308|CIEN|332.859985|346.549988|330.200012|344.839996|2197400|1.0000000000|344.839996
2026-02-23|309|TTWO|199.169998|199.330002|194.139999|195.589996|1962800|1.0000000000|195.589996
2026-02-23|310|VTR|86.150002|86.989998|85.930000|86.620003|2361600|0.9878430433|85.566971
2026-02-23|311|AMZN|208.100006|208.429993|203.110001|205.270004|53581500|1.0000000000|205.270004
2026-02-23|312|ARE|53.360001|53.889999|52.820000|53.750000|1517400|0.9716953716|52.228626
2026-02-23|313|RL|379.940002|384.559998|358.000000|365.040009|977400|0.9948318200|363.153412
2026-02-23|314|BXP|60.919998|61.540001|59.290001|59.619999|2735900|0.9761958291|58.200794
2026-02-23|315|FIX|1463.000000|1465.489990|1387.540039|1413.569946|734700|0.9985721755|1411.551636
2026-02-23|316|YUM|163.440002|166.979996|163.440002|166.449997|2544800|0.9951301862|165.639420
2026-02-23|317|CHRW|188.649994|189.940002|177.000000|177.199997|2101000|0.9931897587|175.993225
2026-02-23|318|FE|50.230000|50.830002|50.090000|50.439999|4443300|0.9800753088|49.434998
2026-02-23|319|MTD|1367.060059|1397.369995|1366.949951|1393.239990|100800|1.0000000000|1393.239990
2026-02-23|320|PLD|141.330002|142.399994|139.970001|140.740005|3942300|0.9848712132|138.610779
2026-02-23|321|URI|900.549988|904.630005|877.159973|882.700012|543500|0.9962197184|879.363159
2026-02-23|322|AEE|110.559998|112.000000|110.199997|111.160004|2957500|0.9863006617|109.637184
2026-02-23|323|VRSN|214.020004|214.020004|210.210007|211.490005|1081100|0.9944277890|210.311539
2026-02-23|324|PWR|552.000000|562.380005|543.440002|549.109985|1074600|0.9996508742|548.918274
2026-02-23|325|AMT|187.500000|191.490005|186.679993|190.050003|2966400|0.9807453674|186.390671
2026-02-23|326|MAR|348.459991|348.660004|337.769989|342.619995|1730000|0.9940852561|340.593506
2026-02-23|327|CTSH|64.250000|64.540001|60.889999|61.130001|10482300|0.9872095485|60.348122
2026-02-23|328|SRE|93.459999|94.809998|93.050003|93.599998|2930700|0.9860298575|92.292397
2026-02-23|329|CSGP|49.389999|50.070000|47.810001|47.869999|7213500|1.0000000000|47.869999
2026-02-23|330|RSG|219.669998|222.589996|219.039993|221.190002|1792000|0.9942648020|219.921432
2026-02-23|331|CCI|87.839996|88.660004|86.650002|87.699997|3133100|0.9762634240|85.618301
2026-02-23|332|EBAY|87.500000|87.989998|82.550003|84.309998|6852200|0.9939126631|83.542770
2026-02-23|333|NVDA|191.399994|193.949997|189.580002|191.550003|171584800|0.9987817973|191.316666
2026-02-23|334|BKNG|4051.879883|4059.999847|3765.449905|3870.830154|777800|0.0398088823|154.093414
2026-02-23|335|GS|918.500000|932.000000|883.750000|892.309998|2535900|0.9903999491|883.743713
2026-02-23|336|FFIV|275.820007|276.690002|268.500000|269.519989|564400|1.0000000000|269.519989
2026-02-23|337|SBAC|199.919998|202.350006|198.449997|199.639999|1009900|0.9805017315|195.747360
2026-02-23|338|LII|562.020020|564.909973|547.940002|554.840027|220300|0.9946881341|551.892822
2026-02-23|339|BLK|1099.969971|1108.219971|1056.000000|1071.010010|727200|0.9888912077|1059.112305
2026-02-23|340|TKO|210.000000|210.000000|204.500000|205.949997|535100|0.9921219970|204.327515
2026-02-23|341|AKAM|93.750000|99.699997|92.680000|98.760002|7644400|1.0000000000|98.760002
2026-02-23|342|UPS|116.169998|116.349998|114.470001|115.019997|5181500|0.9679890039|111.338089
2026-02-23|343|A|121.830002|124.260002|121.680000|124.199997|2359400|0.9958080410|123.679352
2026-02-23|344|TDY|666.309998|675.169983|661.450012|672.419983|263100|1.0000000000|672.419983
2026-02-23|345|PKG|222.500000|225.610001|218.529999|225.550003|1449000|0.9876260349|222.759064
2026-02-23|346|EW|79.099998|82.769997|79.099998|82.440002|5498700|1.0000000000|82.440002
2026-02-23|347|MET|78.790001|79.300003|74.129997|75.239998|5574900|0.9862851080|74.208084
2026-02-23|348|ON|68.949997|70.199997|68.040001|69.470001|4620400|1.0000000000|69.470001
2026-02-23|349|ISRG|498.880005|502.700012|486.450012|492.100006|1764900|1.0000000000|492.100006
2026-02-23|350|CRL|168.009995|170.169998|159.539993|163.520004|1499300|1.0000000000|163.520004
2026-02-23|351|MRVL|78.389999|79.110001|76.070000|77.790001|11622600|0.9992531920|77.731903
2026-02-23|352|EQIX|926.020020|950.109985|924.450012|945.640015|665100|0.9849779860|931.434631
2026-02-23|353|TPR|154.100006|155.300003|149.639999|152.970001|2423000|0.9944862341|152.126556
2026-02-23|354|GRMN|247.000000|250.190002|245.789993|247.100006|901700|0.9917889977|245.071075
2026-02-23|355|GPN|81.059998|81.599998|79.320000|79.489998|5818800|0.9929199565|78.927208
2026-02-23|356|ALGN|186.270004|187.000000|175.350006|181.259995|1577500|1.0000000000|181.259995
2026-02-23|357|WTW|301.809998|303.980011|290.899994|291.519989|890900|0.9930717262|289.500244
2026-02-23|358|MDLZ|58.599998|60.700001|58.500000|60.380001|9489000|0.9831751096|59.364117
2026-02-23|359|AXON|426.239990|431.519989|420.500000|423.440002|810500|1.0000000000|423.440002
2026-02-23|360|FIS|48.610001|49.060001|46.750000|47.459999|5950500|0.9802816760|46.524166
2026-02-23|361|ACN|212.119995|214.020004|199.100006|201.179993|10007300|0.9798095806|197.118073
2026-02-23|362|ZBH|98.690002|99.580002|98.129997|99.459999|1532300|0.9946488082|98.927765
2026-02-23|363|BG|121.919998|124.550003|120.769997|121.320000|1224500|0.9877945902|119.839241
2026-02-23|364|PFG|95.290001|96.339996|91.760002|92.690002|2576800|0.9832413887|91.136642
2026-02-23|365|ELV|339.929993|346.019989|335.230011|335.869995|1011800|0.9898456688|332.459473
2026-02-23|366|CNC|42.830002|43.930000|42.740002|43.340000|4513200|1.0000000000|43.340000
2026-02-23|367|PRU|103.379997|104.000000|99.540001|100.879997|2300900|0.9752946989|98.387726
2026-02-23|368|NFLX|77.790001|77.830002|75.010002|76.019997|38363000|1.0000000000|76.019997
2026-02-23|369|NDAQ|81.629997|81.809998|79.690002|79.919998|4512100|0.9932805958|79.382980
2026-02-23|370|WYNN|113.779999|114.160004|105.239998|107.250000|2158900|0.9949442808|106.707779
2026-02-23|371|CME|309.269989|314.190002|308.869995|314.000000|3117800|0.9716146686|305.087006
2026-02-23|372|STX|410.399994|422.989990|402.149994|407.399994|2402300|0.9975473958|406.400818
2026-02-23|373|NRG|177.539993|182.039993|175.110001|176.520004|2195500|0.9934205862|175.358612
2026-02-23|374|AIZ|223.220001|225.470001|217.690002|218.419998|442500|0.9965805324|217.673126
2026-02-23|375|CBRE|146.619995|150.059998|143.330002|144.179993|3655900|1.0000000000|144.179993
2026-02-23|376|CRM|181.270004|182.470001|174.570007|178.160004|15498600|0.9949373630|177.258041
2026-02-23|377|DPZ|401.899994|413.959991|392.100006|400.359985|2120900|0.9888611209|395.900421
2026-02-23|378|EXR|152.149994|155.190002|149.580002|150.410004|1701800|0.9779070040|147.087006
2026-02-23|379|GOOG|319.140015|319.454987|309.989990|311.690002|17641200|0.9986949468|311.283234
2026-02-23|380|GOOGL|319.049988|319.519989|309.869995|311.489990|31423000|0.9986999831|311.085052
2026-02-23|381|DLR|174.550003|177.009995|174.119995|176.089996|1598300|0.9866588059|173.740753
2026-02-23|382|MPWR|1204.439941|1220.000000|1171.420044|1190.060059|463200|0.9964842129|1185.876099
2026-02-23|383|LVS|57.730000|58.000000|55.040001|55.720001|5578900|0.9879067226|55.046162
2026-02-23|384|DXCM|73.070000|74.489998|72.860001|73.260002|4864400|1.0000000000|73.260002
2026-02-23|385|BLDR|110.089996|110.459999|106.540001|107.279999|1816900|1.0000000000|107.279999
2026-02-23|386|WBD|28.820000|28.990000|28.740000|28.920000|13040200|1.0000000000|28.920000
2026-02-23|387|EXPE|199.949997|200.369995|185.339996|188.509995|4790800|0.9942877675|187.433182
2026-02-23|388|CF|97.580002|98.139999|95.320000|95.449997|2157400|0.9908287958|94.574600
2026-02-23|389|AMP|467.109985|470.500000|448.589996|453.779999|844000|0.9932580907|450.720642
2026-02-23|390|ICE|153.380005|154.889999|151.770004|154.100006|3639600|0.9930916239|153.035431
2026-02-23|391|PSKY|10.730000|10.740000|10.400000|10.560000|9263800|0.9901049837|10.455509
2026-02-23|392|LYV|162.880005|165.360001|157.750000|158.279999|3509500|1.0000000000|158.279999
2026-02-23|393|CMG|37.130001|37.389999|36.169998|36.610001|14382700|1.0000000000|36.610001
2026-02-23|394|UAL|111.300003|113.500000|106.699997|107.169998|5814200|1.0000000000|107.169998
2026-02-23|395|TDG|1331.329956|1334.699951|1293.540039|1296.150024|313700|1.0000000000|1296.150024
2026-02-23|396|MA|520.469971|522.719971|490.000000|496.029999|6312300|0.9966137732|494.350342
2026-02-23|397|LDOS|172.179993|174.000000|170.600006|172.000000|1113200|0.9940154778|170.970673
2026-02-23|398|FSLR|242.509995|247.000000|239.669998|242.149994|1670300|1.0000000000|242.149994
2026-02-23|399|BR|176.860001|177.279999|173.399994|175.729996|1428200|0.9878384663|173.592850
2026-02-23|400|SMCI|31.760000|32.090000|30.570000|30.709999|21437200|1.0000000000|30.709999
2026-02-23|401|TMUS|217.139999|220.970001|216.839996|219.949997|5272100|0.9898439218|216.466827
2026-02-23|402|DAL|68.599998|69.720001|66.300003|66.879997|8154600|0.9922015511|66.358437
2026-02-23|403|IBKR|73.940002|74.639999|70.650002|71.540001|3814100|0.9979162811|71.390930
2026-02-23|404|PODD|245.850006|250.410004|243.669998|249.380005|1597200|1.0000000000|249.380005
2026-02-23|405|TEL|233.160004|234.960007|230.649994|231.279999|1519200|0.9922749574|229.493347
2026-02-23|406|BX|119.209999|119.370003|111.040001|113.709999|18370400|0.9808140125|111.528358
2026-02-23|407|LULU|184.839996|185.009995|176.679993|178.110001|2325600|1.0000000000|178.110001
2026-02-23|408|ULTA|676.650024|682.489990|663.520020|669.869995|431000|1.0000000000|669.869995
2026-02-23|409|MSCI|544.450012|548.799988|537.140015|538.390015|533700|0.9928506457|534.540894
2026-02-23|410|ECHO|109.000000|110.230003|107.050003|107.419998|2336800|1.0000000000|107.419998
2026-02-23|411|PM|183.740005|188.259995|183.529999|187.220001|5081000|0.9830023955|184.037720
2026-02-23|412|V|319.040009|320.519989|304.709991|306.519989|13048000|0.9960807290|305.318665
2026-02-23|413|AWK|130.410004|133.190002|130.199997|132.919998|2022900|0.9863367160|131.103882
2026-02-23|414|KDP|29.540001|30.080000|29.410000|29.770000|12729400|0.9842341174|29.300652
2026-02-23|415|SW|46.130001|46.570000|44.755001|46.290001|6307400|0.9797713221|45.353615
2026-02-23|416|AVGO|332.250000|338.500000|325.320007|330.339996|16472400|0.9963298147|329.127594
2026-02-23|417|VRSK|184.360001|186.080002|179.419998|181.600006|2789900|0.9947617775|180.648743
2026-02-23|418|DG|150.300003|153.309998|149.169998|152.899994|2284300|0.9902299309|151.406143
2026-02-23|419|FTNT|78.419998|79.480003|74.660004|75.599998|8323500|1.0000000000|75.599998
2026-02-23|420|CHTR|229.350006|232.050003|223.000000|227.520004|1307400|1.0000000000|227.520004
2026-02-23|421|FERG|253.649994|257.720001|249.710007|251.309998|1693800|0.9887782143|248.489838
2026-02-23|422|GNRC|227.089996|228.600006|220.699997|227.449997|1151400|1.0000000000|227.449997
2026-02-23|423|LYB|55.450001|57.700001|55.369999|56.660000|7709100|0.9677851714|54.834705
2026-02-23|424|CBOE|289.640015|293.579987|288.549988|290.109985|1012100|0.9954503651|288.790100
2026-02-23|425|TSLA|407.290009|407.700012|394.040009|399.829987|69680000|1.0000000000|399.829987
2026-02-23|426|KKR|99.900002|99.900002|91.449997|92.190002|15344700|0.9961485906|91.834938
2026-02-23|427|NXPI|231.830002|233.490005|225.300003|231.160004|1703500|0.9914738451|229.189102
2026-02-23|428|GM|81.070000|81.529999|78.440002|79.660004|7490500|0.9954799629|79.299934
2026-02-23|429|TRGP|230.289993|233.279999|227.820007|231.869995|1761900|0.9903678073|229.636566
2026-02-23|430|CPAY|350.769989|354.000000|331.230011|332.570007|925100|1.0000000000|332.570007
2026-02-23|431|KMI|32.740002|33.240002|32.630001|32.700001|10040900|0.9816636474|32.100403
2026-02-23|432|HCA|535.000000|547.049988|533.650024|535.969971|1411800|0.9965176399|534.103516
2026-02-23|433|HII|432.750000|441.899994|428.390015|438.010010|469100|0.9925978670|432.749603
2026-02-23|434|APO|118.099998|118.239998|111.339996|113.730003|9437300|0.9916121637|112.776054
2026-02-23|435|MPC|196.330002|199.750000|190.440002|192.820007|2214100|0.9934777159|191.562393
2026-02-23|436|XYL|127.769997|129.529999|127.010002|127.260002|1930300|0.9889650951|125.855698
2026-02-23|437|APTV|79.099998|79.190002|76.459999|76.870003|1809800|1.0000000000|76.870003
2026-02-23|438|PSX|154.179993|157.199997|152.259995|154.850006|2904900|0.9875507674|152.922256
2026-02-23|439|AMCR|49.939999|50.669998|49.860001|50.580002|3815200|0.9708736970|49.106792
2026-02-23|440|META|652.539978|657.700012|636.000000|637.250000|8605900|0.9982193806|636.115356
2026-02-23|441|NOW|101.940002|101.940002|99.180000|100.800003|24200000|1.0000000000|100.800003
2026-02-23|442|PANW|147.720001|148.630005|143.300003|144.139999|20861500|1.0000000000|144.139999
2026-02-23|443|FANG|176.270004|177.250000|173.229996|173.820007|2711300|0.9832059760|170.900879
2026-02-23|444|WDAY|134.410004|134.520004|125.830002|129.210007|6613700|1.0000000000|129.210007
2026-02-23|445|ABBV|225.820007|231.429993|225.789993|229.479996|5463200|0.9847626719|225.983353
2026-02-23|446|NCLH|24.350000|24.850000|23.090000|23.490000|16294400|1.0000000000|23.490000
2026-02-23|447|ZTS|126.750000|127.889999|124.419998|125.790001|3728100|0.9887765322|124.378204
2026-02-23|448|IQV|163.860001|166.119995|159.669998|162.309998|2620400|1.0000000000|162.309998
2026-02-23|449|NWS|26.139999|26.340000|25.740000|25.840000|1279000|0.9963262306|25.745070
2026-02-23|450|NWSA|23.480000|23.610001|22.920000|23.000000|4045900|0.9958385353|22.904285
2026-02-23|451|CDW|124.639999|125.940002|120.000000|123.129997|1349000|0.9844137869|121.210869
2026-02-23|452|VEEV|177.979996|179.279999|171.710007|172.169998|2483700|1.0000000000|172.169998
2026-02-23|453|ALLE|162.210007|163.839996|158.509995|158.669998|875900|0.9921390873|157.422714
2026-02-23|454|HLT|315.119995|315.119995|304.130005|311.799988|1807400|0.9986088702|311.366241
2026-02-23|455|ARES|120.519997|121.029999|112.690002|114.570000|7509900|0.9767290545|111.903847
2026-02-23|456|ANET|131.225006|131.634995|126.260002|127.430000|9706800|1.0000000000|127.430000
2026-02-23|457|SYF|72.360001|73.254997|68.199997|68.879997|6762900|0.9916769819|68.306702
2026-02-23|458|CFG|65.000000|65.430000|61.950001|62.490002|5229600|0.9864525111|61.643417
2026-02-23|459|KEYS|242.500000|245.949997|239.839996|245.000000|2817900|1.0000000000|245.000000
2026-02-23|460|GDDY|89.010002|89.489998|86.775002|87.760002|2217400|1.0000000000|87.760002
2026-02-23|461|KHC|24.299999|24.680000|24.209999|24.540001|11359400|0.9659839010|23.705246
2026-02-23|462|PYPL|41.044998|45.689999|40.525002|44.049999|75619500|0.9937057617|43.772739
2026-02-23|463|LITE|664.049988|688.070007|652.210022|674.729980|4493000|1.0000000000|674.729980
2026-02-23|464|HPE|21.230000|21.309999|19.965000|20.000000|14414700|0.9906947030|19.813894
2026-02-23|465|XYZ|52.049999|52.520000|50.009998|50.750000|13712900|1.0000000000|50.750000
2026-02-23|466|FTV|58.099998|58.529999|56.490002|57.180000|3531400|0.9979248563|57.061344
2026-02-23|467|DELL|121.260002|124.320000|118.870003|119.139999|6962300|0.9952707496|118.576561
2026-02-23|468|TTD|24.910000|25.000000|24.049999|24.170000|14439000|1.0000000000|24.170000
2026-02-23|469|VST|170.639999|171.839996|165.210007|167.800003|4133200|0.9972411805|167.337067
2026-02-23|470|HWM|256.079987|258.500000|255.270004|257.040009|2184400|0.9990766853|256.802673
2026-02-23|471|INVH|25.330000|25.750000|25.275000|25.660000|7812400|0.9779475029|25.094133
2026-02-23|472|CVNA|333.839989|338.400002|313.409996|325.099983|4559000|0.2000000000|65.019997
2026-02-23|473|IR|95.360001|96.205002|93.754997|93.940002|2916700|0.9992655835|93.871010
2026-02-23|474|VICI|30.150000|30.459999|30.010000|30.219999|8691200|0.9677245240|29.244635
2026-02-23|475|VRT|242.600006|245.770004|240.000000|245.419998|4026100|0.9995540701|245.310562
2026-02-23|476|MRNA|48.695000|54.020000|48.680000|50.290001|11510900|1.0000000000|50.290001
2026-02-23|477|FOXA|56.669998|57.064999|55.299999|55.340000|2973700|0.9951185496|55.069862
2026-02-23|478|FOX|51.880001|52.119999|50.700001|50.849998|2219600|0.9946544484|50.578178
2026-02-23|479|DOW|30.090000|30.900000|30.090000|30.299999|9417700|0.9783459966|29.643883
2026-02-23|480|UBER|72.989998|73.110001|70.150002|70.720001|22921600|1.0000000000|70.720001
2026-02-23|481|CTVA|76.089996|77.239998|75.900002|76.459999|4076400|0.9954590981|76.112801
2026-02-23|482|CRWD|384.959991|385.109985|342.720001|350.329987|15076300|0.2500000000|87.582497
2026-02-23|483|DDOG|113.870003|113.870003|101.434998|102.614998|11431200|1.0000000000|102.614998
2026-02-23|484|CARR|63.939999|65.245003|63.154999|63.459999|3807300|0.9928803129|63.008186
2026-02-23|485|OTIS|93.180000|93.459999|90.400002|90.550003|5303500|0.9879889159|89.462402
2026-02-23|486|PLTR|132.039993|132.039993|127.389999|130.600006|52512200|1.0000000000|130.600006
2026-02-23|487|DASH|167.949997|168.570007|161.388000|164.660004|10339400|1.0000000000|164.660004
2026-02-23|488|ABNB|127.089996|128.149994|119.940002|122.959999|6016500|1.0000000000|122.959999
2026-02-23|489|EXE|108.000000|109.699997|102.169998|103.180000|5544500|0.9826864450|101.393593
2026-02-23|490|COIN|166.160004|168.100006|158.660004|160.240005|12685500|1.0000000000|160.240005
2026-02-23|491|APP|401.630005|404.000000|375.700012|380.619995|7207700|1.0000000000|380.619995
2026-02-23|492|HOOD|74.595001|74.949997|71.419998|71.779999|30422700|1.0000000000|71.779999
2026-02-23|493|CEG|294.000000|299.750000|289.089996|293.799988|3223200|0.9955820742|292.501984
2026-02-23|494|GEHC|83.919998|84.709999|82.589996|83.860001|2926500|0.9989494212|83.771896
2026-02-23|495|KVUE|18.639999|19.010000|18.610001|18.950001|20873400|0.9772015009|18.517967
2026-02-23|496|VLTO|92.720001|93.239998|91.370003|92.599998|2361400|0.9970188523|92.323944
2026-02-23|497|RDDT|148.419998|150.940002|140.339996|142.460007|4529900|1.0000000000|142.460007
2026-02-23|498|SOLV|72.190002|72.779999|71.489998|72.650002|905700|1.0000000000|72.650002
2026-02-23|499|GEV|823.000000|833.099976|812.739990|831.700012|1438200|0.9988852954|830.772888
2026-02-23|500|SNDK|659.590027|691.539978|644.380005|666.489990|18569400|1.0000000000|666.489990
2026-02-23|501|Q|112.750000|113.739998|110.099998|111.580002|2343700|0.9988559230|111.452354
