date|security_id|ticker|open|high|low|close|volume|adj_factor|adj_close_vendor
2026-02-12|1|AEP|124.199997|128.919998|123.690002|126.430000|6301700|0.9852885257|124.570023
2026-02-12|2|BA|239.259995|245.669998|235.970001|239.350006|6980800|1.0000000000|239.350006
2026-02-12|3|CAT|776.690002|789.809998|756.010010|758.289978|4893400|0.9962516275|755.447632
2026-02-12|4|CNP|41.240002|42.099998|41.130001|41.660000|6403400|0.9832236217|40.961094
2026-02-12|5|CVX|185.800003|185.800003|182.089996|182.399994|9673700|0.9728341284|177.444946
2026-02-12|6|DIS|107.930000|108.160004|101.019997|102.379997|25319600|0.9923958226|101.601479
2026-02-12|7|DTE|140.000000|142.529999|139.210007|140.910004|1700500|0.9843774065|138.708618
2026-02-12|8|ED|110.000000|112.919998|109.449997|111.720001|1523200|0.9759585897|109.034096
2026-02-12|9|GD|348.720001|352.540009|340.359985|340.750000|2063500|0.9910149667|337.688354
2026-02-12|10|GE|317.779999|324.880005|311.660004|312.890015|6163900|0.9973022307|312.045929
2026-02-12|11|HON|244.420012|245.629986|239.190006|239.829998|6536100|1.0347776740|248.170746
2026-02-12|12|HPQ|19.000000|19.260000|18.260000|18.870001|26314000|0.9721972446|18.345364
2026-02-12|13|IBM|270.299988|271.299988|257.220001|259.519989|12565400|0.9856234381|255.788971
2026-02-12|14|IP|49.189999|50.250000|48.650002|49.169998|8222000|0.9645837619|47.428581
2026-02-12|15|JNJ|240.479996|246.350006|239.679993|244.550003|10254300|0.9841702191|240.678818
2026-02-12|16|KO|78.980003|80.410004|78.790001|79.000000|26043500|0.9867998793|77.957191
2026-02-12|17|KR|68.680000|72.239998|68.510002|70.139999|8080800|0.9830507535|68.951180
2026-02-12|18|LMT|630.000000|644.250000|630.000000|637.429993|1745600|0.9882876617|629.964172
2026-02-12|19|MMM|173.389999|177.410004|172.399994|174.610001|4525600|0.9860940463|172.181885
2026-02-12|20|MO|65.760002|67.459999|65.639999|67.010002|9407900|0.9690282260|64.934586
2026-02-12|21|MRK|119.010002|121.610001|118.120003|119.239998|13453300|0.9855603323|117.518211
2026-02-12|22|MSI|449.609985|471.170013|448.429993|453.440002|2748600|0.9943844568|450.893707
2026-02-12|23|PG|160.020004|163.139999|159.649994|161.210007|13512900|0.9851719538|158.819565
2026-02-12|24|XOM|153.889999|155.250000|149.880005|149.929993|30652500|0.9868681737|147.961136
2026-02-12|25|RTX|197.000000|201.880005|197.000000|201.139999|6738600|0.9892687733|198.981522
2026-02-12|26|MCD|329.829987|333.380005|320.149994|332.079987|6499700|0.9877457529|328.010620
2026-02-12|27|AXP|356.500000|359.059998|340.380005|342.880005|4141900|0.9941272834|340.866364
2026-02-12|28|BMY|60.000000|60.930000|59.250000|59.860001|14021500|0.9787458882|58.587730
2026-02-12|29|DD|51.909999|52.659999|49.230001|49.429998|8015400|2.9761992776|147.113525
2026-02-12|30|DE|612.869995|626.250000|596.780029|598.109985|2767800|0.9945059901|594.823975
2026-02-12|31|EMR|155.740005|158.029999|144.850006|144.979996|9898100|0.9888087280|143.357498
2026-02-12|32|ETN|400.000000|408.450012|388.510010|390.329987|4603600|0.9917042798|387.091888
2026-02-12|33|ETR|99.669998|102.940002|99.000000|101.959999|5095600|0.9886701734|100.804802
2026-02-12|34|F|13.900000|14.360000|13.850000|14.000000|133257200|0.9665034086|13.531048
2026-02-12|35|HAL|35.130001|35.389999|33.619999|34.290001|14968500|0.9909628646|33.980118
2026-02-12|36|LLY|1024.869995|1059.839966|1012.000000|1038.270020|3592200|0.9951920486|1033.278198
2026-02-12|37|PCG|17.240000|17.889999|17.100000|17.559999|42926300|0.9942476518|17.458988
2026-02-12|38|PEP|169.759995|171.479996|167.089996|167.199997|9516300|0.9808256472|163.994049
2026-02-12|39|PFE|27.650000|27.889999|27.410000|27.469999|58805100|0.9668473999|26.559296
2026-02-12|40|TXN|226.679993|229.500000|221.869995|223.000000|8474700|0.9898764050|220.742447
2026-02-12|41|WFC|89.309998|89.970001|85.830002|86.290001|16858200|0.9886393471|85.309692
2026-02-12|42|HUBB|520.200012|533.799988|514.750000|516.020020|1078200|0.9943029521|513.080261
2026-02-12|43|WMT|129.380005|134.490005|129.309998|133.639999|33382700|0.9936722171|132.794342
2026-02-12|44|AIG|78.500000|80.000000|77.790001|78.800003|5059200|0.9875732230|77.820770
2026-02-12|45|AVY|193.710007|197.539993|193.570007|195.550003|646200|0.9887328339|193.346710
2026-02-12|46|BAC|53.910000|53.939999|51.790001|52.520000|55481600|0.9892387825|51.954819
2026-02-12|47|BALL|67.669998|68.150002|66.629997|66.720001|1900400|0.9933732915|66.277870
2026-02-12|48|BDX|180.869995|182.750000|176.630005|177.809998|8302800|0.9866980137|175.444778
2026-02-12|49|CLX|126.510002|126.769997|124.430000|124.639999|2547700|0.9761478543|121.667068
2026-02-12|50|CMI|599.630005|606.859985|580.960022|588.789978|996500|0.9898444823|582.810486
2026-02-12|51|CMS|74.790001|75.610001|74.480003|74.730003|4716800|0.9770377822|73.014038
2026-02-12|52|CVS|77.510002|79.070000|77.080002|77.930000|8057600|0.9851999130|76.776627
2026-02-12|53|ECL|304.600006|306.519989|300.619995|300.690002|1811300|0.9946163507|299.071198
2026-02-12|54|ES|70.300003|71.559998|70.029999|70.320000|2810800|0.9779292778|68.767990
2026-02-12|55|EVRG|79.820000|81.400002|79.529999|80.690002|2469100|0.9752573788|78.693527
2026-02-12|56|GWW|1204.000000|1218.630005|1114.420044|1116.599976|789700|0.9960365882|1112.174316
2026-02-12|57|LNT|68.690002|70.260002|68.639999|69.680000|3093300|0.9850786184|68.640274
2026-02-12|58|MKC|70.529999|72.150002|70.160004|71.650002|3870100|0.9822640876|70.379227
2026-02-12|59|MRSH|172.020004|175.589996|170.369995|173.330002|4544900|0.9892843147|171.472656
2026-02-12|60|NEE|91.379997|93.589996|91.230003|91.930000|9181600|0.9860055271|89.966949
2026-02-12|61|NI|45.119999|45.759998|44.610001|45.180000|6322900|0.9871584841|44.599819
2026-02-12|62|PNW|96.500000|98.919998|96.370003|97.320000|1153800|0.9822795276|95.595444
2026-02-12|63|RVTY|100.330002|101.010002|93.699997|95.570000|2068000|0.9985919505|95.435432
2026-02-12|64|SNA|384.109985|390.130005|378.320007|378.549988|516000|0.9808470667|371.299652
2026-02-12|65|SPGI|390.049999|399.949988|381.609999|397.200007|5396200|0.9395781501|373.200439
2026-02-12|66|TER|324.700012|327.989990|307.619995|311.029999|5023400|0.9992046578|310.782623
2026-02-12|67|TGT|114.980003|116.370003|111.860001|112.690002|5588400|0.9830946401|110.784935
2026-02-12|68|TXT|98.010002|100.919998|97.169998|98.750000|2873100|0.9995682296|98.707359
2026-02-12|69|VMC|322.649994|325.549988|317.890015|321.920013|1202300|0.9942812010|320.079041
2026-02-12|70|XEL|78.209999|79.949997|77.970001|78.980003|5514900|0.9852321471|77.813644
2026-02-12|71|ITW|299.910004|303.160004|297.869995|298.510010|2079900|0.9877340632|294.848511
2026-02-12|72|CL|95.410004|98.129997|95.410004|96.169998|6723900|0.9881586198|95.031212
2026-02-12|73|EXC|45.919998|48.439999|44.990002|47.549999|24174200|0.9822723358|46.707050
2026-02-12|74|MDT|101.129997|102.050003|100.559998|100.879997|9379100|0.9830319865|99.168266
2026-02-12|75|BNY|122.169998|123.110001|113.459999|114.910004|6563300|0.9920974180|114.001923
2026-02-12|76|EIX|67.260002|69.629997|67.260002|69.080002|6170600|0.9764773062|67.455055
2026-02-12|77|FRT|107.989998|108.540001|104.709999|104.750000|1562400|0.9803038504|102.686821
2026-02-12|78|PNR|101.139999|103.180000|99.430000|99.760002|1881600|0.9926207111|99.023842
2026-02-12|79|USB|59.389999|60.020000|57.259998|57.830002|16654500|0.9813809589|56.753265
2026-02-12|80|WY|27.500000|27.750000|26.990000|27.040001|7104100|0.9829820427|26.579836
2026-02-12|81|SYY|88.269997|91.400002|88.269997|89.910004|8640500|0.9859824728|88.649689
2026-02-12|82|WRB|71.790001|73.070000|71.000000|71.650002|2085300|0.9898085858|70.919792
2026-02-12|83|IFF|78.879997|84.000000|77.410004|81.500000|4172500|0.9889000540|80.595360
2026-02-12|84|TAP|53.330002|54.820000|53.200001|54.380001|4976500|0.9780980891|52.576141
2026-02-12|85|PNC|236.789993|237.910004|227.300003|229.679993|2507000|0.9845274632|226.126266
2026-02-12|86|TRV|301.970001|302.000000|295.339996|297.429993|2063600|0.9922238191|295.117126
2026-02-12|87|C|118.040001|119.180000|110.940002|111.150002|19353300|0.9902572054|110.067085
2026-02-12|88|FDX|366.119996|380.860014|362.409986|369.459993|3682000|0.7995464875|295.400452
2026-02-12|89|WDC|285.000000|307.500000|283.000000|284.100006|16651700|0.9992611044|283.890076
2026-02-12|90|DHR|218.919998|219.600006|208.550003|214.940002|5167100|0.9958070237|214.038757
2026-02-12|91|APA|28.120001|28.379999|26.450001|26.920000|7077500|0.9864084367|26.554115
2026-02-12|92|LUV|52.209999|52.740002|49.799999|50.830002|13189800|0.9913697990|50.391331
2026-02-12|93|PEG|84.150002|85.709999|84.110001|84.540001|2201300|0.9834778438|83.143219
2026-02-12|94|UNP|264.440002|265.369995|259.649994|261.769989|5965900|0.9896596115|259.063202
2026-02-12|95|ABT|113.250000|113.760002|111.430000|111.470001|11541000|0.9867277802|109.990555
2026-02-12|96|ADI|339.369995|343.959991|330.829987|331.359985|4483000|0.9941555324|329.423370
2026-02-12|97|ADM|69.269997|70.089996|68.589996|69.500000|3508100|0.9797994474|68.096062
2026-02-12|98|ADP|216.580002|217.050003|208.619995|209.960007|7879700|0.9843371720|206.671432
2026-02-12|99|AFL|116.470001|118.169998|115.750000|115.879997|2568400|0.9846316611|114.099121
2026-02-12|100|AMAT|339.880005|341.070007|325.559998|328.390015|9764400|0.9964487658|327.223816
2026-02-12|101|AMD|215.830002|218.460007|205.139999|205.940002|32181000|1.0000000000|205.940002
2026-02-12|102|APD|294.089996|296.459991|289.760010|291.500000|1182400|0.9876339339|287.895294
2026-02-12|103|BF-B|30.200001|30.790001|29.709999|30.670000|5585100|0.9822921615|30.126902
2026-02-12|104|CHD|100.559998|102.120003|99.940002|100.000000|1895800|0.9906552793|99.065514
2026-02-12|105|CINF|163.759995|165.889999|162.130005|165.110001|728800|0.9887134133|163.246475
2026-02-12|106|CMCSA|32.700001|32.860001|31.809999|31.820000|34309400|0.9752182964|31.031445
2026-02-12|107|D|64.699997|66.150002|64.699997|65.120003|8873000|0.9796460230|63.794556
2026-02-12|108|DOV|234.610001|237.539993|229.949997|230.570007|2026100|0.9952693212|229.479248
2026-02-12|109|DUK|125.400002|128.089996|125.309998|126.110001|7095000|0.9744921325|122.893204
2026-02-12|110|EFX|197.350006|197.350006|185.610001|188.179993|2992000|0.9938812654|187.028580
2026-02-12|111|EQT|57.000000|57.860001|56.160000|57.180000|12153200|0.9912778241|56.681263
2026-02-12|112|FITB|54.680000|55.430000|52.730000|53.160000|11690500|0.9840657827|52.312939
2026-02-12|113|GIS|48.950001|49.590000|48.400002|48.580002|6387500|0.9666684497|46.960754
2026-02-12|114|GPC|150.000000|151.570007|146.500000|147.610001|1884600|0.9802432378|144.693710
2026-02-12|115|HAS|105.889999|106.980003|101.209999|101.570000|3225700|0.9777483232|99.309898
2026-02-12|116|HBAN|18.090000|18.219999|17.180000|17.330000|37721200|0.9810694650|17.001934
2026-02-12|117|HRL|23.950001|23.980000|23.410000|23.440001|5806300|0.9742790885|22.837103
2026-02-12|118|HST|20.070000|20.330000|19.270000|19.540001|10700000|0.9529227702|18.620111
2026-02-12|119|HSY|231.029999|232.759995|226.089996|226.259995|2447100|0.9782056212|221.328796
2026-02-12|120|INTC|47.799999|48.950001|46.189999|46.480000|88321200|1.0000000000|46.480000
2026-02-12|121|J|142.440002|144.190002|126.029999|131.520004|2772700|0.9918477371|130.447830
2026-02-12|122|JPM|312.279999|313.619995|300.019989|302.640015|13443400|0.9904464778|299.748718
2026-02-12|123|KMB|107.449997|110.779999|107.279999|108.260002|6670600|0.9744151054|105.490181
2026-02-12|124|L|111.199997|111.550003|109.989998|110.010002|1065700|0.9982870407|109.821564
2026-02-12|125|LEN|121.800003|123.980003|120.709999|120.830002|2511600|0.9888298730|119.480316
2026-02-12|126|LOW|289.390015|293.059998|285.070007|285.529999|3659400|0.9891098782|282.420532
2026-02-12|127|MAS|77.250000|78.779999|76.639999|77.540001|4569000|0.9866652888|76.506020
2026-02-12|128|MTB|236.139999|238.139999|228.360001|231.399994|1316400|0.9861939937|228.205292
2026-02-12|129|NEM|122.900002|125.529999|118.040001|118.120003|9289000|0.9956554334|117.606827
2026-02-12|130|NTRS|148.089996|149.300003|141.880005|144.210007|1609700|0.9898281838|142.743134
2026-02-12|131|NUE|193.679993|195.570007|186.550003|188.809998|1799900|0.9941593298|187.707214
2026-02-12|132|OMC|69.709999|70.199997|66.660004|67.269997|5284700|0.9796477026|65.900902
2026-02-12|133|PCAR|130.369995|130.699997|124.669998|124.839996|3784900|0.9942707430|124.124756
2026-02-12|134|PGR|208.160004|208.880005|205.360001|205.449997|4096200|0.9990392069|205.252594
2026-02-12|135|PH|1000.520020|1012.260010|975.599976|982.210022|603200|0.9977448271|979.994934
2026-02-12|136|PHM|140.000000|142.649994|138.679993|138.889999|2383400|0.9957597479|138.301071
2026-02-12|137|PPG|132.000000|133.429993|130.460007|131.559998|2556900|0.9817392581|129.157608
2026-02-12|138|PPL|36.180000|37.000000|36.049999|36.610001|13416500|0.9846479678|36.047962
2026-02-12|139|RF|31.219999|31.530001|29.459999|29.780001|18718000|0.9811037357|29.217272
2026-02-12|140|ROL|55.650002|60.360001|55.360001|58.689999|15116100|0.9887685295|58.030827
2026-02-12|141|SHW|370.000000|374.869995|367.369995|372.600006|2305600|0.9929181711|369.961365
2026-02-12|142|STT|132.899994|133.240005|122.870003|126.309998|2764200|0.9884428745|124.850212
2026-02-12|143|SWK|91.389999|92.580002|88.919998|89.669998|1968200|0.9785642065|87.747849
2026-02-12|144|SYK|365.589996|372.049988|365.059998|365.850006|2126800|0.9946461548|363.891296
2026-02-12|145|TMO|526.809998|527.000000|493.640015|509.820007|4742000|0.9980119596|508.806458
2026-02-12|146|TPL|414.399994|418.000000|406.799988|411.399994|458000|0.9973306248|410.301819
2026-02-12|147|TSN|64.379997|64.529999|63.240002|63.310001|2263400|0.9836914879|62.277508
2026-02-12|148|TT|474.579987|479.369995|459.429993|460.450012|1602700|0.9953350758|458.302032
2026-02-12|149|TYL|320.000000|332.700012|283.720001|287.040009|2531000|1.0000000000|287.040009
2026-02-12|150|UDR|40.169998|40.169998|37.820000|38.169998|6560800|0.9803230978|37.418930
2026-02-12|151|VTRS|16.090000|16.299999|15.720000|15.790000|11458600|0.9769695342|15.426349
2026-02-12|152|WEC|113.180000|115.610001|113.019997|114.029999|3431900|0.9747231440|111.147675
2026-02-12|153|WST|250.210007|259.899994|227.490005|243.610001|2175300|0.9985945833|243.267639
2026-02-12|154|NDSN|295.160004|299.279999|293.380005|294.670013|603500|0.9941183690|292.936859
2026-02-12|155|TFC|54.410000|54.700001|51.630001|52.070000|11461800|0.9700498779|50.510498
2026-02-12|156|WELL|209.020004|212.179993|207.000000|208.139999|6736400|0.9893392873|205.921082
2026-02-12|157|AON|309.709991|317.579987|304.589996|314.489990|2827500|0.9951005240|312.949158
2026-02-12|158|GL|143.639999|144.940002|141.600006|144.100006|524000|0.9958260151|143.498535
2026-02-12|159|OKE|85.250000|86.260002|84.169998|84.599998|4604100|0.9765151605|82.613182
2026-02-12|160|KLAC|1478.020020|1495.070038|1434.459991|1450.850067|1049100|0.0996303139|144.548645
2026-02-12|161|CSX|41.549999|41.790001|40.490002|40.700001|16611200|0.9936713984|40.442429
2026-02-12|162|PSA|294.429993|297.209991|290.950012|292.369995|2149300|0.9808120164|286.760010
2026-02-12|163|NKE|62.330002|62.720001|60.849998|61.099998|13602400|0.9845960180|60.158817
2026-02-12|164|AAPL|275.589996|275.720001|260.179993|261.730011|81077200|0.9982185855|261.263794
2026-02-12|165|BRO|68.889999|69.669998|67.040001|69.529999|6743500|0.9947741799|69.166641
2026-02-12|166|UHS|232.179993|243.860001|230.860001|234.050003|1302500|0.9976532391|233.500732
2026-02-12|167|HD|393.549988|397.630005|389.000000|390.220001|3702200|0.9859634354|384.742676
2026-02-12|168|BAX|19.520000|20.110001|18.580000|18.709999|28020700|0.9989896155|18.683887
2026-02-12|169|COP|111.209999|111.980003|108.699997|110.830002|12517700|0.9784321345|108.439636
2026-02-12|170|GLW|133.309998|136.830002|131.399994|131.500000|12282800|0.9966096046|131.054169
2026-02-12|171|HUM|172.699997|181.789993|170.500000|178.830002|3327000|0.9926050698|177.507568
2026-02-12|172|LHX|341.519989|345.130005|337.859985|339.899994|1490500|0.9925076273|337.353363
2026-02-12|173|NOC|680.750000|696.719971|679.919983|695.059998|887400|0.9924395226|689.805054
2026-02-12|174|OXY|47.000000|47.049999|44.860001|45.490002|12430700|0.9906984712|45.066875
2026-02-12|175|ROK|417.149994|422.920013|380.209991|382.000000|2677300|0.9904239689|378.341949
2026-02-12|176|SLB|51.490002|52.400002|50.340000|50.639999|24008600|0.9947843000|50.375877
2026-02-12|177|SO|91.190002|93.260002|91.000000|92.559998|13100400|0.9759995454|90.338509
2026-02-12|178|WMB|71.769997|72.279999|71.099998|71.129997|7229900|0.9855810767|70.104378
2026-02-12|179|VLO|204.080002|206.770004|195.710007|196.910004|3189200|0.9914397807|195.224411
2026-02-12|180|CI|294.730011|297.000000|286.500000|287.609985|1412700|0.9887906885|284.386078
2026-02-12|181|NSC|318.589996|319.940002|312.290009|314.540009|1293500|0.9917671837|311.950470
2026-02-12|182|COO|83.239998|83.239998|80.989998|81.699997|1716100|1.0000000000|81.699997
2026-02-12|183|AMGN|366.660004|370.880005|365.059998|366.200012|2374500|0.9799483831|358.857117
2026-02-12|184|RJF|158.419998|159.979996|152.029999|157.410004|3035600|0.9927317770|156.265915
2026-02-12|185|WSM|214.600006|219.179993|206.679993|206.789993|1076100|0.9927167515|205.283890
2026-02-12|186|CAH|225.169998|229.149994|213.750000|215.059998|3167300|0.9954149217|214.073929
2026-02-12|187|CTAS|200.240005|202.350006|194.729996|196.100006|2261200|0.9924218382|194.613937
2026-02-12|188|PAYX|94.150002|94.699997|91.699997|92.470001|6212900|0.9771272923|90.354958
2026-02-12|189|BEN|27.580000|27.730000|26.730000|27.090000|5975100|0.9758021744|26.434483
2026-02-12|190|AOS|80.650002|81.870003|79.599998|79.620003|912700|0.9883617008|78.693359
2026-02-12|191|CASY|654.390015|678.669983|653.500000|663.880005|495500|0.9985579358|662.922607
2026-02-12|192|T|28.480000|29.299999|28.459999|28.799999|70553100|0.9765662530|28.125109
2026-02-12|193|VZ|48.900002|50.240002|48.900002|49.459999|56131100|0.9686690897|47.910374
2026-02-12|194|JBHT|231.869995|234.399994|208.860001|218.720001|3273400|0.9964612666|217.946014
2026-02-12|195|ATO|176.679993|179.889999|176.529999|177.770004|2037900|0.9829545502|174.739838
2026-02-12|196|LRCX|236.330002|238.910004|229.639999|231.289993|10662100|0.9981002163|230.850601
2026-02-12|197|MU|422.250000|438.769989|411.160004|413.970001|45639100|0.9994263974|413.732544
2026-02-12|198|AJG|205.179993|207.869995|195.000000|204.789993|6242600|0.9936444599|203.488449
2026-02-12|199|AME|238.190002|239.940002|228.580002|228.690002|1812400|0.9969202115|227.985687
2026-02-12|200|SWKS|63.650002|64.080002|60.320000|60.730000|3412500|0.9796110161|59.491776
2026-02-12|201|EXPD|162.940002|163.750000|129.589996|140.559998|7156500|0.9948730934|139.839355
2026-02-12|202|UNH|278.160004|286.309998|275.809998|284.369995|12336900|0.9866504480|280.573792
2026-02-12|203|BBY|67.089996|68.190002|64.400002|64.870003|4200900|0.9720666083|63.057961
2026-02-12|204|DOC|17.000000|17.139999|16.190001|16.280001|17058600|0.9628888149|15.675830
2026-02-12|205|ADSK|232.600006|235.190002|216.009995|223.490005|5413400|1.0000000000|223.490005
2026-02-12|206|DVN|44.520000|44.840000|43.000000|43.959999|12134400|0.9877783076|43.422733
2026-02-12|207|NVR|8150.000000|8200.000000|8071.259766|8096.160156|30900|1.0000000000|8096.160156
2026-02-12|208|ROST|194.539993|197.179993|193.660004|194.850006|1942700|0.9959267541|194.056335
2026-02-12|209|JKHY|166.850006|167.919998|154.179993|157.470001|2566400|0.9919197584|156.197601
2026-02-12|210|MNST|81.029999|82.099998|80.680000|81.169998|4592500|0.5000000000|81.169998
2026-02-12|211|ORCL|157.929993|159.039993|152.500000|156.479996|23285400|0.9930647011|155.394760
2026-02-12|212|MSFT|405.000000|406.200012|398.010010|401.839996|40802400|0.9936958009|399.306732
2026-02-12|213|TROW|94.019997|95.139999|92.669998|93.160004|3388700|0.9736426638|90.704552
2026-02-12|214|COST|978.750000|1009.210022|978.140015|998.859985|2970400|0.9969659831|995.829407
2026-02-12|215|ADBE|258.359985|262.670013|251.100006|262.500000|8657000|1.0000000000|262.500000
2026-02-12|216|FISV|62.529999|62.750000|58.529999|58.820000|10398000|1.0000000000|58.820000
2026-02-12|217|BKR|61.189999|62.270000|60.619999|61.389999|9845600|0.9892821118|60.732029
2026-02-12|218|CDNS|298.709991|302.579987|287.529999|288.329987|4186000|1.0000000000|288.329987
2026-02-12|219|TJX|153.110001|155.589996|151.979996|154.179993|6172400|0.9936003560|153.193283
2026-02-12|220|FICO|1359.959961|1370.540039|1280.859985|1337.640015|459500|1.0000000000|1337.640015
2026-02-12|221|CCL|33.330002|33.750000|32.110001|32.599998|21246400|0.9841845235|32.084412
2026-02-12|222|FAST|47.349998|47.830002|45.439999|45.540001|10177500|0.9892709750|45.051403
2026-02-12|223|SCHW|96.000000|96.470001|92.800003|95.080002|24881800|0.9901836685|94.146667
2026-02-12|224|JCI|142.130005|143.169998|138.089996|138.570007|5474600|0.9941759575|137.762970
2026-02-12|225|COHR|227.259995|227.470001|209.229996|216.100006|6733700|1.0000000000|216.100006
2026-02-12|226|KEY|22.629999|22.830000|21.500000|21.760000|16633000|0.9804836286|21.335325
2026-02-12|227|MOS|31.000000|31.100000|29.629999|29.770000|6101700|0.9816582705|29.223969
2026-02-12|228|MGM|36.740002|37.250000|33.900002|34.189999|7255400|1.0000000000|34.189999
2026-02-12|229|WM|234.979996|236.449997|230.289993|231.009995|2803900|0.9917417797|229.102249
2026-02-12|230|TECH|62.820000|63.459999|58.040001|59.540001|2889800|0.9957086055|59.284492
2026-02-12|231|IEX|213.089996|214.429993|204.679993|205.139999|1236700|0.9931996195|203.744965
2026-02-12|232|GEN|24.700001|24.719999|23.350000|23.549999|7242000|0.9850474704|23.197865
2026-02-12|233|CRH|126.070000|127.059998|120.639999|122.849998|6885400|0.9889154582|121.488266
2026-02-12|234|EOG|118.669998|118.669998|114.930000|117.849998|8306900|0.9849854996|116.080544
2026-02-12|235|PTC|155.600006|157.460007|147.139999|150.789993|1897400|1.0000000000|150.789993
2026-02-12|236|CSCO|79.610001|80.370003|74.089996|75.000000|68098600|0.9909035959|74.317772
2026-02-12|237|LH|292.019989|292.019989|277.779999|278.109985|873900|0.9947633093|276.061768
2026-02-12|238|TRMB|65.739998|67.860001|65.129997|66.010002|3542300|1.0000000000|66.010002
2026-02-12|239|AZO|3747.979980|3844.639893|3747.979980|3788.709961|142700|1.0000000000|3788.709961
2026-02-12|240|REGN|784.799988|796.719971|774.719971|783.650024|814300|0.9961457605|780.629639
2026-02-12|241|IDXX|651.489990|651.570007|616.140015|617.200012|628900|1.0000000000|617.200012
2026-02-12|242|AES|16.420000|16.780001|16.129999|16.200001|11018000|0.9761125722|15.813025
2026-02-12|243|VRTX|462.000000|469.000000|460.000000|465.019989|1818900|1.0000000000|465.019989
2026-02-12|244|ZBRA|293.640015|303.399994|273.190002|274.149994|1985500|1.0000000000|274.149994
2026-02-12|245|BIIB|190.149994|196.000000|189.000000|195.500000|1657300|1.0000000000|195.500000
2026-02-12|246|ODFL|198.789993|199.750000|183.869995|185.509995|6282400|0.9973411992|185.016754
2026-02-12|247|APH|147.300003|148.869995|143.690002|143.729996|11352600|0.9965240421|143.230408
2026-02-12|248|KIM|22.049999|22.870001|22.049999|22.320000|7467600|0.9782318124|21.834135
2026-02-12|249|QCOM|140.860001|141.500000|136.740005|138.470001|12416600|0.9899641514|137.080338
2026-02-12|250|GILD|153.419998|155.729996|150.820007|151.809998|9891000|0.9878606941|149.967133
2026-02-12|251|ROP|334.470001|335.010010|317.670013|319.820007|2736100|0.9949619600|318.208740
2026-02-12|252|SNPS|438.299988|438.519989|413.700012|423.350006|2931300|1.0000000000|423.350006
2026-02-12|253|STZ|164.000000|165.789993|162.339996|162.360001|2060100|0.9856055004|160.022919
2026-02-12|254|BSX|73.379997|75.290001|73.160004|74.120003|16871900|1.0000000000|74.120003
2026-02-12|255|STE|244.070007|247.350006|241.729996|244.220001|1283000|0.9945039836|242.877762
2026-02-12|256|DHI|164.899994|168.199997|164.110001|164.589996|4461900|0.9940209933|163.605911
2026-02-12|257|LIN|469.920013|477.549988|469.480011|472.859985|3757600|0.9935105778|469.791412
2026-02-12|258|SBUX|100.000000|101.199997|96.440002|96.760002|9537300|0.9821606772|95.033867
2026-02-12|259|MS|177.429993|178.789993|165.410004|168.059998|14436700|0.9892093304|166.246521
2026-02-12|260|INTU|397.950012|409.000000|391.149994|397.959991|4334000|0.9925226498|394.984314
2026-02-12|261|MCHP|81.809998|83.349998|78.269997|78.919998|12504000|0.9832658267|77.599335
2026-02-12|262|CB|330.070007|335.600006|327.950012|332.510010|2192800|0.9939554166|330.500122
2026-02-12|263|ORLY|94.269997|96.160004|94.269997|95.209999|6145100|1.0000000000|95.209999
2026-02-12|264|RCL|338.920013|347.130005|328.549988|332.799988|2026900|0.9895699200|329.328857
2026-02-12|265|JBL|263.730011|269.170013|250.559998|251.130005|1218500|0.9992441666|250.940186
2026-02-12|266|ALL|205.880005|208.300003|203.970001|206.559998|1715100|0.9897514584|204.443054
2026-02-12|267|CPT|111.879997|111.879997|105.980003|107.480003|1786900|0.9801843508|105.350220
2026-02-12|268|VMRK|64.949997|65.080002|62.160000|63.049999|5050400|0.9778762777|61.655098
2026-02-12|269|IT|162.199997|163.250000|152.630005|153.630005|2343600|1.0000000000|153.630005
2026-02-12|270|DECK|117.320000|119.570000|114.809998|116.019997|2496900|1.0000000000|116.019997
2026-02-12|271|REG|77.110001|77.379997|75.599998|75.629997|2169100|0.9810739142|74.198616
2026-02-12|272|INCY|98.870003|102.199997|97.900002|100.750000|1700500|1.0000000000|100.750000
2026-02-12|273|SPG|194.389999|197.339996|191.399994|191.429993|2334400|0.9778630534|187.192322
2026-02-12|274|MAA|136.360001|136.419998|131.369995|133.440002|1585700|0.9765831817|130.315262
2026-02-12|275|MLM|661.520020|673.830017|647.400024|660.070007|829900|0.9973479749|658.319519
2026-02-12|276|TSCO|54.560001|56.189999|54.209999|54.410000|5848300|0.9807531624|53.362778
2026-02-12|277|ALB|173.009995|182.800003|157.500000|158.929993|4254200|0.9949889134|158.133575
2026-02-12|278|CPRT|39.500000|39.610001|36.520000|36.720001|17906200|1.0000000000|36.720001
2026-02-12|279|FLEX|66.300003|67.500000|62.020000|62.599998|5075400|1.0000000000|62.599998
2026-02-12|280|ESS|264.500000|264.500000|249.460007|251.360001|821900|0.9806657936|246.500153
2026-02-12|281|O|64.699997|66.279999|64.699997|64.779999|13316800|0.9746072994|63.135059
2026-02-12|282|MCO|413.140015|417.730011|402.279999|415.089996|2082700|0.9933686768|412.337402
2026-02-12|283|SJM|110.699997|112.900002|109.239998|111.010002|1474000|0.9701300487|107.694130
2026-02-12|284|MCK|953.320007|968.609985|894.590027|916.000000|1548000|0.9980659618|914.228394
2026-02-12|285|COF|217.000000|217.779999|204.550003|206.889999|6978600|0.9884398390|204.498322
2026-02-12|286|EME|815.000000|835.000000|781.500000|782.929993|527500|0.9989862194|782.136292
2026-02-12|287|DLTR|125.830002|129.289993|124.849998|128.429993|3789400|1.0000000000|128.429993
2026-02-12|288|COR|365.630005|374.890015|347.029999|351.059998|2065500|0.9940692618|348.977966
2026-02-12|289|DRI|214.039993|217.139999|212.470001|212.860001|1060300|0.9843985059|209.539062
2026-02-12|290|RMD|255.660004|257.390015|245.649994|245.729996|1567100|0.9941821390|244.300385
2026-02-12|291|WAB|257.529999|262.399994|252.649994|253.789993|1346000|0.9965472933|252.913727
2026-02-12|292|FCX|65.970001|65.980003|61.250000|62.040001|23459900|0.9953868541|61.753803
2026-02-12|293|IVZ|26.910000|27.129999|25.330000|26.230000|8609900|0.9777629266|25.646721
2026-02-12|294|ACGL|98.540001|100.949997|97.660004|99.849998|2704200|1.0000000000|99.849998
2026-02-12|295|ERIE|279.859985|286.290009|278.100006|282.940002|161200|0.9885906317|279.711823
2026-02-12|296|EG|332.579987|338.000000|331.109985|336.119995|633200|0.9878843207|332.047668
2026-02-12|297|DVA|144.339996|152.759995|144.339996|149.970001|1836200|1.0000000000|149.970001
2026-02-12|298|HSIC|81.779999|82.800003|78.110001|78.430000|1869600|1.0000000000|78.430000
2026-02-12|299|EL|106.279999|110.650002|106.199997|106.419998|5382900|0.9930325985|105.678528
2026-02-12|300|WAT|328.690002|331.429993|305.350006|319.829987|3478700|1.0000000000|319.829987
2026-02-12|301|NTAP|101.800003|103.650002|97.279999|98.220001|3392000|0.9918913810|97.423569
2026-02-12|302|HIG|143.009995|143.800003|141.529999|141.889999|1585400|0.9910400733|140.618668
2026-02-12|303|IRM|103.610001|110.910004|103.389999|106.000000|5864300|0.9851777356|104.428833
2026-02-12|304|BRK-B|501.209991|507.709991|499.880005|500.010010|4689900|1.0000000000|500.010010
2026-02-12|305|FDS|194.190002|203.770004|190.580002|201.949997|2185900|0.9900356292|199.937714
2026-02-12|306|STLD|205.639999|207.979996|195.100006|199.509995|1481800|0.9946588101|198.444382
2026-02-12|307|DGX|211.800003|213.199997|206.809998|206.860001|1671500|0.9916252453|205.127594
2026-02-12|308|CIEN|300.000000|305.000000|284.149994|292.959991|2871500|1.0000000000|292.959991
2026-02-12|309|TTWO|203.399994|204.199997|189.289993|190.360001|5020800|1.0000000000|190.360001
2026-02-12|310|VTR|85.690002|87.199997|85.139999|85.199997|4787900|0.9878430433|84.164223
2026-02-12|311|AMZN|203.960007|203.960007|197.559998|199.600006|83975400|1.0000000000|199.600006
2026-02-12|312|ARE|53.700001|54.650002|50.099998|50.400002|3304900|0.9716953716|48.973446
2026-02-12|313|RL|363.290009|368.750000|357.630005|363.059998|891800|0.9948318200|361.183624
2026-02-12|314|BXP|62.400002|62.400002|57.590000|59.070000|6361000|0.9761958291|57.663887
2026-02-12|315|FIX|1346.250000|1399.000000|1298.969971|1300.020020|505400|0.9985721755|1298.163818
2026-02-12|316|YUM|160.220001|163.779999|159.869995|163.279999|2000700|0.9905648102|161.739426
2026-02-12|317|CHRW|196.630005|196.839996|149.360001|167.779999|16431900|0.9931897587|166.637375
2026-02-12|318|FE|48.150002|49.230000|48.099998|48.840000|6927700|0.9800753088|47.866879
2026-02-12|319|MTD|1386.410034|1391.329956|1328.170044|1357.920044|161800|1.0000000000|1357.920044
2026-02-12|320|PLD|140.669998|141.949997|135.619995|136.380005|5147200|0.9848712132|134.316742
2026-02-12|321|URI|878.419983|903.030029|868.409973|869.460022|630100|0.9962197184|866.173218
2026-02-12|322|AEE|108.449997|110.500000|106.660004|109.339996|3044700|0.9863006617|107.842117
2026-02-12|323|VRSN|215.009995|219.259995|212.889999|218.149994|1182100|0.9907421953|216.130402
2026-02-12|324|PWR|530.000000|543.280029|512.390015|515.880005|1517600|0.9996508742|515.699890
2026-02-12|325|AMT|182.470001|190.339996|181.850006|188.190002|4537000|0.9807453674|184.566483
2026-02-12|326|MAR|361.980011|370.000000|352.549988|355.079987|1873500|0.9940852561|352.979797
2026-02-12|327|CTSH|70.410004|70.580002|65.000000|65.830002|17979300|0.9822114026|64.658981
2026-02-12|328|SRE|91.480003|93.360001|91.209999|92.790001|4902300|0.9860298575|91.493713
2026-02-12|329|CSGP|47.720001|48.040001|43.919998|45.029999|10329900|1.0000000000|45.029999
2026-02-12|330|RSG|225.259995|227.259995|219.259995|220.869995|2317400|0.9942648020|219.603256
2026-02-12|331|CCI|87.370003|91.089996|86.900002|87.809998|6021600|0.9762634240|85.725693
2026-02-12|332|EBAY|82.779999|83.000000|79.290001|79.410004|5304200|0.9939126631|78.687363
2026-02-12|333|NVDA|193.029999|193.610001|186.509995|186.940002|189932500|0.9987817973|186.712280
2026-02-12|334|BKNG|4277.460098|4385.010147|4139.849854|4159.099960|682700|0.0398088823|165.569107
2026-02-12|335|GS|956.169983|968.390015|903.979980|904.549988|3188700|0.9903999491|895.866211
2026-02-12|336|FFIV|281.029999|281.029999|259.670013|262.019989|944600|1.0000000000|262.019989
2026-02-12|337|SBAC|193.779999|201.779999|193.479996|199.289993|1221800|0.9805017315|195.404160
2026-02-12|338|LII|562.349976|575.500000|553.940002|558.549988|883200|0.9946881341|555.583069
2026-02-12|339|BLK|1084.300049|1087.989990|1017.000000|1055.630005|1153000|0.9888912077|1043.903198
2026-02-12|340|TKO|209.669998|214.029999|199.369995|199.990005|848900|0.9921219970|198.414490
2026-02-12|341|AKAM|98.750000|106.800003|98.750000|104.610001|10960800|1.0000000000|104.610001
2026-02-12|342|UPS|120.379997|122.410004|117.050003|118.070000|10174100|0.9546755018|112.718536
2026-02-12|343|A|129.000000|129.000000|120.989998|124.879997|3440900|0.9958080410|124.356506
2026-02-12|344|TDY|669.380005|674.630005|645.780029|646.299988|459300|1.0000000000|646.299988
2026-02-12|345|PKG|245.460007|249.509995|243.500000|245.080002|1216200|0.9876260349|242.047394
2026-02-12|346|EW|79.290001|79.629997|76.059998|76.440002|5382600|1.0000000000|76.440002
2026-02-12|347|MET|79.040001|79.599998|76.250000|77.360001|4376100|0.9862851080|76.299011
2026-02-12|348|ON|71.050003|73.629997|70.169998|70.629997|12949600|1.0000000000|70.629997
2026-02-12|349|ISRG|496.119995|497.839996|475.829987|478.600006|2966500|1.0000000000|478.600006
2026-02-12|350|CRL|157.490005|162.619995|148.339996|158.740005|2827000|1.0000000000|158.740005
2026-02-12|351|MRVL|82.190002|82.190002|77.440002|78.230003|13643800|0.9992531920|78.171577
2026-02-12|352|EQIX|956.440002|992.900024|940.900024|957.869995|2685300|0.9849779860|943.480835
2026-02-12|353|TPR|155.750000|158.279999|151.750000|152.660004|2400700|0.9944862341|151.818268
2026-02-12|354|GRMN|207.020004|208.020004|201.190002|203.220001|1110200|0.9917889977|201.551361
2026-02-12|355|GPN|72.349998|72.709999|67.900002|68.970001|3911100|0.9929199565|68.481689
2026-02-12|356|ALGN|197.000000|199.059998|183.559998|183.860001|2012500|1.0000000000|183.860001
2026-02-12|357|WTW|281.269989|291.570007|275.600006|282.980011|2777300|0.9930717262|281.019470
2026-02-12|358|MDLZ|62.000000|62.560001|61.340000|61.860001|11966500|0.9831751096|60.819214
2026-02-12|359|AXON|438.209991|443.190002|428.049988|435.809998|868400|1.0000000000|435.809998
2026-02-12|360|FIS|48.419998|48.900002|46.160000|46.950001|8633100|0.9802816760|46.024227
2026-02-12|361|ACN|230.250000|230.250000|215.160004|222.050003|9719900|0.9798095806|217.566711
2026-02-12|362|ZBH|95.550003|97.220001|94.559998|95.180000|2984100|0.9946488082|94.670677
2026-02-12|363|BG|122.440002|123.239998|120.220001|121.739998|1451700|0.9821514316|119.567116
2026-02-12|364|PFG|93.120003|94.120003|89.720001|90.510002|1787300|0.9832413887|88.993179
2026-02-12|365|ELV|329.839996|344.760010|327.769989|336.040009|1638900|0.9898456688|332.627747
2026-02-12|366|CNC|40.400002|40.830002|39.000000|39.180000|8830100|1.0000000000|39.180000
2026-02-12|367|PRU|105.379997|106.940002|102.860001|104.150002|2702000|0.9622422893|100.217537
2026-02-12|368|NFLX|79.110001|79.150002|75.230003|75.860001|73516100|1.0000000000|75.860001
2026-02-12|369|NDAQ|80.940002|81.089996|77.089996|79.010002|8079800|0.9932805958|78.479103
2026-02-12|370|WYNN|115.980003|116.330002|107.050003|107.849998|2709500|0.9927789107|107.071205
2026-02-12|371|CME|300.720001|307.390015|295.269989|301.640015|2466800|0.9716146686|293.077850
2026-02-12|372|STX|425.820007|459.839996|425.809998|431.170013|6436900|0.9975473958|430.112518
2026-02-12|373|NRG|162.210007|166.250000|158.460007|161.800003|2535100|0.9934205862|160.735458
2026-02-12|374|AIZ|218.419998|222.059998|209.860001|214.479996|1097800|0.9925480196|212.881714
2026-02-12|375|CBRE|151.940002|153.000000|125.779999|136.279999|12458400|1.0000000000|136.279999
2026-02-12|376|CRM|185.960007|188.320007|180.240005|185.429993|16849100|0.9949373630|184.491226
2026-02-12|377|DPZ|384.230011|386.000000|378.000000|381.779999|1010400|0.9888611209|377.527405
2026-02-12|378|EXR|143.059998|145.550003|142.000000|144.339996|2230800|0.9779070040|141.151093
2026-02-12|379|GOOG|312.350006|316.480011|308.149994|309.369995|28194000|0.9986949468|308.966248
2026-02-12|380|GOOGL|312.089996|316.239990|307.200012|309.000000|47761300|0.9986999831|308.598297
2026-02-12|381|DLR|179.169998|184.789993|176.990005|180.309998|4574200|0.9866588059|177.904449
2026-02-12|382|MPWR|1206.250000|1225.170044|1151.229980|1155.930054|726100|0.9964842129|1151.866089
2026-02-12|383|LVS|57.869999|59.220001|56.330002|56.830002|7014700|0.9879067226|56.142742
2026-02-12|384|DXCM|68.010002|69.000000|64.879997|65.080002|7685700|1.0000000000|65.080002
2026-02-12|385|BLDR|127.459999|129.750000|120.430000|120.570000|2511800|1.0000000000|120.570000
2026-02-12|386|WBD|28.129999|28.180000|27.610001|28.110001|24763600|1.0000000000|28.110001
2026-02-12|387|EXPE|239.389999|248.149994|219.639999|227.240005|6143500|0.9942877675|225.941971
2026-02-12|388|CF|96.860001|96.980003|93.820000|94.160004|2220600|0.9855673857|92.801025
2026-02-12|389|AMP|480.869995|492.190002|451.959991|467.299988|1691800|0.9932580907|464.149475
2026-02-12|390|ICE|151.639999|152.130005|144.179993|149.830002|11830400|0.9930916239|148.794922
2026-02-12|391|PSKY|11.000000|11.020000|10.150000|10.250000|10202100|0.9901049837|10.148576
2026-02-12|392|LYV|150.449997|159.889999|150.000000|154.869995|5006100|1.0000000000|154.869995
2026-02-12|393|CMG|37.450001|37.610001|35.529999|35.840000|30513000|1.0000000000|35.840000
2026-02-12|394|UAL|114.930000|115.959999|106.320000|109.300003|7397800|1.0000000000|109.300003
2026-02-12|395|TDG|1333.780029|1339.829956|1290.510010|1295.969971|457300|1.0000000000|1295.969971
2026-02-12|396|MA|539.929993|543.000000|527.150024|527.460022|3466200|0.9966137732|525.673950
2026-02-12|397|LDOS|175.220001|179.470001|169.179993|171.440002|1477400|0.9940154778|170.414017
2026-02-12|398|FSLR|230.130005|230.139999|217.550003|220.449997|1648700|1.0000000000|220.449997
2026-02-12|399|BR|166.809998|170.770004|163.710007|170.470001|2336000|0.9878384663|168.396820
2026-02-12|400|SMCI|32.189999|32.320000|30.420000|30.430000|25527900|1.0000000000|30.430000
2026-02-12|401|TMUS|212.889999|220.850006|212.860001|214.679993|15729200|0.9898439218|211.280273
2026-02-12|402|DAL|72.000000|72.610001|67.730003|69.500000|9989100|0.9922015511|68.958015
2026-02-12|403|IBKR|76.660004|77.669998|72.239998|73.059998|6887600|0.9979162811|72.907761
2026-02-12|404|PODD|251.850006|254.399994|240.779999|240.820007|972800|1.0000000000|240.820007
2026-02-12|405|TEL|230.229996|234.270004|225.169998|225.440002|1907100|0.9892434805|223.015045
2026-02-12|406|BX|134.300003|136.490005|128.210007|129.770004|9828700|0.9808140125|127.280243
2026-02-12|407|LULU|176.800003|178.979996|168.389999|169.529999|2599800|1.0000000000|169.529999
2026-02-12|408|ULTA|690.000000|693.750000|664.950012|667.179993|523700|1.0000000000|667.179993
2026-02-12|409|MSCI|513.140015|527.250000|501.079987|522.219971|1191700|0.9889531620|516.451111
2026-02-12|410|ECHO|110.220001|111.559998|107.250000|110.510002|3707700|1.0000000000|110.510002
2026-02-12|411|PM|186.050003|190.979996|185.869995|188.949997|5567700|0.9830023955|185.738312
2026-02-12|412|V|328.890015|332.239990|324.000000|324.179993|9392600|0.9960807290|322.909454
2026-02-12|413|AWK|123.750000|129.889999|123.500000|128.369995|3449300|0.9863367160|126.616043
2026-02-12|414|KDP|29.709999|30.150000|29.709999|29.910000|10041200|0.9842341174|29.438444
2026-02-12|415|SW|50.115002|52.650002|50.095001|51.419998|13589500|0.9711821711|49.938183
2026-02-12|416|AVGO|343.829987|346.290009|329.559998|331.170013|22007300|0.9963298147|329.954559
2026-02-12|417|VRSK|172.850006|179.520004|164.600006|179.000000|6357000|0.9947617775|178.062363
2026-02-12|418|DG|148.000000|150.679993|145.940002|148.559998|3188000|0.9902299309|147.108566
2026-02-12|419|FTNT|87.550003|88.599998|82.970001|84.260002|7805800|1.0000000000|84.260002
2026-02-12|420|CHTR|242.820007|243.889999|234.949997|238.080002|1713400|1.0000000000|238.080002
2026-02-12|421|FERG|265.869995|271.640015|263.010010|263.660004|1162000|0.9887782143|260.701294
2026-02-12|422|GNRC|218.740005|229.160004|214.449997|215.729996|2568100|1.0000000000|215.729996
2026-02-12|423|LYB|59.349998|60.330002|57.180000|57.779999|7498000|0.9677851714|55.918625
2026-02-12|424|CBOE|270.750000|274.410004|267.500000|270.600006|743700|0.9954503651|269.368896
2026-02-12|425|TSLA|430.299988|436.230011|414.000000|417.070007|61933400|1.0000000000|417.070007
2026-02-12|426|KKR|106.930000|107.989998|98.480003|101.120003|8987100|0.9943370554|100.547363
2026-02-12|427|NXPI|252.169998|256.359985|239.520004|242.190002|3628600|0.9914738451|240.125061
2026-02-12|428|GM|80.209999|82.169998|79.599998|79.930000|6863400|0.9954799629|79.568718
2026-02-12|429|TRGP|221.429993|224.979996|217.789993|218.259995|1589900|0.9903678073|216.157669
2026-02-12|430|CPAY|349.459991|355.549988|320.929993|321.320007|837200|1.0000000000|321.320007
2026-02-12|431|KMI|31.510000|31.990000|31.420000|31.690001|15378200|0.9816636474|31.108921
2026-02-12|432|HCA|532.000000|552.900024|529.859985|535.219971|1657100|0.9965176399|533.356140
2026-02-12|433|HII|400.049988|413.489990|395.459991|406.760010|625000|0.9925978670|401.874939
2026-02-12|434|APO|127.160004|129.830002|122.730003|125.370003|7363400|0.9875780044|123.812653
2026-02-12|435|MPC|209.000000|210.320007|197.809998|198.020004|1917400|0.9885237030|195.747467
2026-02-12|436|XYL|127.940002|129.710007|126.080002|126.099998|2994800|0.9889650951|124.708496
2026-02-12|437|APTV|84.370003|86.470001|82.300003|83.000000|2670900|1.0000000000|83.000000
2026-02-12|438|PSX|161.169998|163.789993|156.070007|156.259995|2274900|0.9794981865|153.056381
2026-02-12|439|AMCR|49.849998|50.349998|49.259998|49.740002|6944500|0.9708736970|48.291260
2026-02-12|440|META|669.969971|676.000000|645.280029|649.809998|14960100|0.9982193806|648.652954
2026-02-12|441|NOW|101.919998|103.709999|99.269997|103.290001|27213100|1.0000000000|103.290001
2026-02-12|442|PANW|166.289993|167.949997|157.809998|162.809998|19646500|1.0000000000|162.809998
2026-02-12|443|FANG|167.929993|169.660004|164.360001|167.419998|2316900|0.9832059760|164.608337
2026-02-12|444|WDAY|144.580002|146.000000|140.589996|144.039993|4828100|1.0000000000|144.039993
2026-02-12|445|ABBV|221.570007|229.050003|220.910004|227.500000|8712000|0.9847626719|224.033524
2026-02-12|446|NCLH|23.180000|23.660000|22.650000|23.250000|21931100|1.0000000000|23.250000
2026-02-12|447|ZTS|132.490005|132.490005|118.940002|125.639999|10944500|0.9887765322|124.229881
2026-02-12|448|IQV|162.929993|170.000000|156.669998|168.850006|7055300|1.0000000000|168.850006
2026-02-12|449|NWS|26.820000|27.010000|25.510000|25.660000|1330400|0.9963262306|25.565731
2026-02-12|450|NWSA|23.320000|23.450001|22.240000|22.400000|5443500|0.9958385353|22.306782
2026-02-12|451|CDW|134.970001|134.979996|120.519997|126.830002|3488000|0.9844137869|124.853203
2026-02-12|452|VEEV|179.860001|179.990005|168.139999|171.990005|3193500|1.0000000000|171.990005
2026-02-12|453|ALLE|180.949997|183.110001|177.979996|178.199997|854700|0.9921390873|176.799179
2026-02-12|454|HLT|325.510010|333.859985|320.350006|322.170013|2868000|0.9986088702|321.721832
2026-02-12|455|ARES|138.350006|139.145004|132.000000|133.940002|3680400|0.9767290545|130.823090
2026-02-12|456|ANET|138.000000|138.500000|132.009995|135.119995|16322100|1.0000000000|135.119995
2026-02-12|457|SYF|73.580002|74.529999|69.964996|71.110001|6939000|0.9916769819|70.518150
2026-02-12|458|CFG|67.400002|67.760002|63.910000|64.779999|6981500|0.9864525111|63.902393
2026-02-12|459|KEYS|239.130005|242.619995|228.695007|229.479996|1429600|1.0000000000|229.479996
2026-02-12|460|GDDY|90.599998|91.199997|88.190002|88.260002|2697600|1.0000000000|88.260002
2026-02-12|461|KHC|24.469999|24.764999|24.180000|24.320000|18694800|0.9659839010|23.492727
2026-02-12|462|PYPL|40.285000|40.285000|38.459999|39.080002|28004800|0.9937057617|38.834026
2026-02-12|463|LITE|593.349976|603.830017|568.200012|583.460022|4605700|1.0000000000|583.460022
2026-02-12|464|HPE|23.165001|23.330000|21.850000|22.200001|30321300|0.9906947030|21.993423
2026-02-12|465|XYZ|53.060001|53.400002|48.209999|49.090000|17158100|1.0000000000|49.090000
2026-02-12|466|FTV|59.000000|59.669998|54.970001|56.000000|12572700|0.9979248563|55.883793
2026-02-12|467|DELL|117.500000|120.919998|111.199997|112.820000|11756600|0.9952707496|112.286446
2026-02-12|468|TTD|27.330000|27.480000|25.934999|26.139999|16259300|1.0000000000|26.139999
2026-02-12|469|VST|160.729996|166.210007|160.399994|163.100006|7493800|0.9972411805|162.650055
2026-02-12|470|HWM|235.809998|256.700012|235.789993|244.789993|5210500|0.9990766853|244.563980
2026-02-12|471|INVH|27.290001|27.410000|26.770000|26.840000|6788800|0.9779475029|26.248112
2026-02-12|472|CVNA|365.000000|370.989990|328.875008|344.140015|6292500|0.2000000000|68.828003
2026-02-12|473|IR|97.870003|99.419998|93.970001|94.209999|8677100|0.9992655835|94.140816
2026-02-12|474|VICI|29.400000|29.665001|29.040001|29.059999|9645600|0.9677245240|28.122076
2026-02-12|475|VRT|243.949997|255.539993|234.509995|236.509995|12438800|0.9995540701|236.404526
2026-02-12|476|MRNA|40.115002|40.910000|38.820000|40.110001|7904700|1.0000000000|40.110001
2026-02-12|477|FOXA|60.980000|61.200001|56.039001|56.430000|9960600|0.9951185496|56.154541
2026-02-12|478|FOX|55.509998|55.540001|51.029999|51.389999|2548200|0.9946544484|51.115292
2026-02-12|479|DOW|34.209999|34.430000|32.073002|32.650002|15685900|0.9783459966|31.942999
2026-02-12|480|UBER|72.190002|72.629997|69.449997|71.220001|33541400|1.0000000000|71.220001
2026-02-12|481|CTVA|75.699997|76.099998|73.964996|74.110001|4671000|0.9954590981|73.773476
2026-02-12|482|CRWD|418.899994|420.670013|402.287994|411.540009|3497700|0.2500000000|102.885002
2026-02-12|483|DDOG|131.050003|133.350006|121.769997|126.129997|6416900|1.0000000000|126.129997
2026-02-12|484|CARR|67.650002|68.330002|64.870003|64.889999|8020900|0.9928803129|64.428009
2026-02-12|485|OTIS|89.980003|93.580002|89.839996|91.750000|6567600|0.9834662418|90.233032
2026-02-12|486|PLTR|135.360001|135.889999|126.559998|129.130005|74090600|1.0000000000|129.130005
2026-02-12|487|DASH|176.660004|178.589996|160.701996|161.139999|9976600|1.0000000000|161.139999
2026-02-12|488|ABNB|119.550003|121.480003|115.529999|115.959999|10090700|1.0000000000|115.959999
2026-02-12|489|EXE|103.739998|104.195000|101.430000|103.440002|4375700|0.9826864450|101.649086
2026-02-12|490|COIN|153.100006|153.199997|139.360001|141.089996|19986100|1.0000000000|141.089996
2026-02-12|491|APP|404.000000|404.880005|365.010010|366.910004|18794900|1.0000000000|366.910004
2026-02-12|492|HOOD|78.870003|79.000000|70.430000|71.120003|57569300|1.0000000000|71.120003
2026-02-12|493|CEG|278.440002|285.369995|270.355011|276.119995|4893400|0.9955820742|274.900116
2026-02-12|494|GEHC|79.610001|79.830002|76.660004|78.650002|3849900|0.9989494212|78.567368
2026-02-12|495|KVUE|18.469999|18.969999|18.440001|18.549999|64736200|0.9772015009|18.127087
2026-02-12|496|VLTO|95.070000|95.525002|91.639999|91.980003|2386000|0.9970188523|91.705795
2026-02-12|497|RDDT|138.449997|138.449997|127.705002|131.070007|8703500|1.0000000000|131.070007
2026-02-12|498|SOLV|81.910004|82.000000|75.714996|75.949997|1290800|1.0000000000|75.949997
2026-02-12|499|GEV|827.000000|846.000000|811.599976|816.559998|2677700|0.9988852954|815.649780
2026-02-12|500|SNDK|640.549988|668.000000|615.619995|630.289978|23321100|1.0000000000|630.289978
2026-02-12|501|Q|115.470001|117.690002|107.570000|108.540001|2665700|0.9988559230|108.415833
