date|security_id|ticker|open|high|low|close|volume|adj_factor|adj_close_vendor
2026-06-18|1|AEP|128.660004|129.649994|126.980003|127.690002|10158200|0.9924441265|126.725189
2026-06-18|2|BA|227.750000|228.990005|220.119995|222.720001|8822500|1.0000000000|222.720001
2026-06-18|3|CAT|979.000000|994.489990|976.330017|985.820007|6175000|0.9981483165|983.994568
2026-06-18|4|CNP|42.889999|43.340000|42.590000|42.820000|7180200|0.9940594062|42.565624
2026-06-18|5|CVX|175.639999|175.639999|172.229996|173.630005|19146100|0.9913483039|172.127808
2026-06-18|6|DIS|101.800003|104.220001|100.800003|103.889999|22943600|0.9923958226|103.099998
2026-06-18|7|DTE|147.919998|148.919998|146.490005|147.559998|2920500|0.9921049063|146.394989
2026-06-18|8|ED|106.629997|107.849998|105.690002|106.360001|6555000|0.9918651523|105.494781
2026-06-18|9|GD|365.260010|367.000000|348.829987|350.010010|4242200|0.9956181446|348.476318
2026-06-18|10|GE|362.850006|364.700012|357.100006|357.640015|7763400|0.9987550328|357.194763
2026-06-18|11|HON|232.290007|232.879994|226.890007|229.009993|6654200|1.0456302247|239.459778
2026-06-18|12|HPQ|23.000000|23.700001|22.879999|23.500000|31304200|1.0000000000|23.500000
2026-06-18|13|IBM|251.380005|252.470001|243.679993|249.100006|16619700|0.9928776129|247.325821
2026-06-18|14|IP|36.360001|37.830002|36.360001|36.820000|11515900|0.9887402721|36.405415
2026-06-18|15|JNJ|231.779999|232.750000|227.600006|228.389999|18989800|0.9950922943|227.269119
2026-06-18|16|KO|79.870003|80.010002|78.739998|79.389999|46857900|1.0000000000|79.389999
2026-06-18|17|KR|59.419998|59.590000|56.320000|56.610001|26704500|0.9931853922|56.224228
2026-06-18|18|LMT|535.559998|536.900024|505.179993|510.950012|3978800|1.0000000000|510.950012
2026-06-18|19|MMM|161.610001|162.220001|159.910004|160.600006|6934500|0.9956414843|159.900024
2026-06-18|20|MO|68.980003|69.300003|68.070000|69.120003|19057500|1.0000000000|69.120003
2026-06-18|21|MRK|114.639999|114.940002|111.570000|113.870003|29521600|1.0000000000|113.870003
2026-06-18|22|MSI|400.600006|400.600006|392.420013|395.170013|2444900|1.0000000000|395.170013
2026-06-18|23|PG|150.869995|152.289993|150.179993|150.380005|17076100|0.9925903246|149.265732
2026-06-18|24|XOM|138.320007|138.460007|135.850006|137.809998|48063400|0.9935665212|136.923401
2026-06-18|25|RTX|194.000000|194.169998|184.419998|185.600006|8866400|0.9966890420|184.985489
2026-06-18|26|MCD|284.380005|284.760010|277.929993|278.609985|8106400|1.0000000000|278.609985
2026-06-18|27|AXP|346.350006|348.200012|337.970001|338.000000|4490800|0.9972701149|337.077301
2026-06-18|28|BMY|55.200001|55.330002|53.439999|54.000000|31700400|0.9888377035|53.397236
2026-06-18|29|DD|48.600001|48.860001|47.399999|47.710002|7293000|3.0000000000|143.130005
2026-06-18|30|DE|595.510010|598.210022|587.840027|589.239990|1436100|0.9974147424|587.716675
2026-06-18|31|EMR|152.279999|152.880005|150.080002|150.660004|4090300|0.9966201816|150.150803
2026-06-18|32|ETN|420.839996|425.920013|414.730011|421.769989|3715600|0.9975456838|420.734833
2026-06-18|33|ETR|111.480003|112.660004|110.529999|111.110001|6611000|0.9940658321|110.450653
2026-06-18|34|F|14.120000|14.130000|13.720000|14.060000|88711700|0.9892857143|13.909357
2026-06-18|35|HAL|36.020000|36.020000|34.540001|34.930000|24608800|1.0000000000|34.930000
2026-06-18|36|LLY|1120.489990|1122.329956|1088.660034|1098.569946|4470500|0.9985690653|1096.997925
2026-06-18|37|PCG|16.450001|16.700001|16.400000|16.480000|34681400|0.9970997679|16.432203
2026-06-18|38|PEP|141.050003|142.729996|141.039993|142.020004|19130300|1.0000000000|142.020004
2026-06-18|39|PFE|25.580000|25.660000|24.940001|25.209999|119614300|0.9828068774|24.776560
2026-06-18|40|TXN|313.109985|323.600006|311.559998|322.859985|21929600|0.9949060125|321.215332
2026-06-18|41|WFC|84.930000|85.570000|81.949997|82.199997|36738600|0.9942915856|81.730766
2026-06-18|42|HUBB|517.880005|529.974976|517.234985|523.690002|887577|1.0000000000|523.690002
2026-06-18|43|WMT|118.199997|118.480003|116.800003|117.180000|36526800|0.9976117102|116.900139
2026-06-18|44|AIG|74.800003|75.190002|73.809998|74.019997|5858400|1.0000000000|74.019997
2026-06-18|45|AVY|160.600006|162.830002|157.919998|158.679993|1505800|1.0000000000|158.679993
2026-06-18|46|BAC|57.230000|57.330002|56.029999|56.200001|70438800|1.0000000000|56.200001
2026-06-18|47|BALL|58.720001|58.750000|57.599998|57.720001|4360200|1.0000000000|57.720001
2026-06-18|48|BDX|142.020004|144.699997|141.750000|143.979996|6231900|1.0000000000|143.979996
2026-06-18|49|CLX|96.139999|97.809998|95.500000|95.800003|4811400|0.9884526559|94.693771
2026-06-18|50|CMI|732.890015|737.760010|710.099976|716.859985|2075000|0.9962915514|714.201538
2026-06-18|51|CMS|73.480003|74.290001|73.150002|73.379997|4839400|0.9919943817|72.792542
2026-06-18|52|CVS|99.160004|99.220001|97.839996|98.320000|21578800|0.9938471504|97.715050
2026-06-18|53|ECL|270.579987|275.440002|268.869995|269.119995|3332800|1.0000000000|269.119995
2026-06-18|54|ES|69.669998|70.180000|68.919998|69.589996|6084100|1.0000000000|69.589996
2026-06-18|55|EVRG|82.849998|83.339996|82.000000|82.500000|2848400|0.9917192899|81.816841
2026-06-18|56|GWW|1322.689941|1365.420044|1316.170044|1365.410034|715100|0.9980509570|1362.748779
2026-06-18|57|LNT|73.620003|73.709999|72.529999|73.000000|4271600|0.9924530963|72.449074
2026-06-18|58|MKC|46.320000|47.169998|45.900002|46.639999|15638100|0.9910196447|46.221157
2026-06-18|59|MRSH|164.960007|165.000000|160.679993|162.410004|4188300|0.9943746806|161.496399
2026-06-18|60|NEE|85.769997|87.580002|85.669998|86.750000|19306600|1.0000000000|86.102516
2026-06-18|61|NI|47.130001|47.410000|46.840000|47.259998|6123700|0.9933436876|46.945423
2026-06-18|62|PNW|102.760002|103.650002|101.900002|102.320000|1748500|0.9909892067|101.398018
2026-06-18|63|RVTY|97.980003|100.730003|97.919998|100.000000|2170300|0.9993733214|99.937332
2026-06-18|64|SNA|384.429993|390.359985|382.709991|387.250000|1031300|0.9938338681|384.862152
2026-06-18|65|SPGI|417.999985|417.999985|407.980001|410.920008|2860100|0.9439543647|387.889740
2026-06-18|66|TER|421.829987|439.500000|421.829987|437.920013|17958200|1.0000000000|437.920013
2026-06-18|67|TGT|129.000000|131.800003|128.949997|130.740005|7529100|0.9923829532|129.744156
2026-06-18|68|TXT|94.470001|94.470001|87.169998|89.470001|4306700|1.0000000000|89.470001
2026-06-18|69|VMC|298.329987|306.859985|296.679993|302.839996|2011600|0.9981453742|302.278351
2026-06-18|70|XEL|77.459999|78.620003|76.889999|77.410004|14786900|1.0000000000|77.410004
2026-06-18|71|ITW|264.980011|269.510010|263.540009|264.089996|2590000|0.9939806334|262.500336
2026-06-18|72|CL|90.879997|91.339996|89.440002|89.480003|11201300|0.9942998496|88.969955
2026-06-18|73|EXC|45.560001|46.259998|45.450001|45.810001|13771300|1.0000000000|45.810001
2026-06-18|74|MDT|78.589996|79.510002|78.449997|79.339996|22656900|0.9910581218|78.630547
2026-06-18|75|BNY|147.660004|148.130005|142.679993|143.630005|7106900|0.9960354919|143.060593
2026-06-18|76|EIX|70.870003|72.540001|70.870003|71.889999|5227600|0.9882683051|71.046608
2026-06-18|77|FRT|121.099998|121.519997|120.199997|120.389999|1635000|0.9908457552|119.287918
2026-06-18|78|PNR|75.150002|75.800003|74.290001|74.320000|3889800|0.9956500725|73.996712
2026-06-18|79|USB|58.610001|58.740002|57.549999|58.139999|22023900|0.9915143601|57.646645
2026-06-18|80|WY|24.580000|24.860001|24.320000|24.320000|7925200|1.0000000000|24.320000
2026-06-18|81|SYY|80.370003|80.370003|78.419998|78.699997|6460800|0.9934155392|78.181801
2026-06-18|82|WRB|68.260002|68.260002|67.000000|67.180000|4293400|0.9910634494|66.579643
2026-06-18|83|IFF|76.300003|77.580002|76.279999|76.720001|3415300|1.0000000000|76.720001
2026-06-18|84|TAP|39.060001|39.610001|38.799999|39.400002|5702800|1.0000000000|38.946041
2026-06-18|85|PNC|233.639999|236.089996|231.330002|232.039993|4931900|0.9920904849|230.204666
2026-06-18|86|TRV|308.690002|309.850006|301.649994|307.809998|5783600|1.0000000000|307.809998
2026-06-18|87|C|146.490005|147.960007|143.039993|143.059998|29331200|0.9949414872|142.336319
2026-06-18|88|FDX|329.950012|331.100006|324.470001|326.200012|2531800|0.9962599634|324.980011
2026-06-18|89|WDC|764.150024|799.869995|739.109985|746.229980|16683900|1.0000000000|746.229980
2026-06-18|90|DHR|175.550003|178.509995|174.220001|177.169998|7258500|0.9979297139|176.803207
2026-06-18|91|APA|33.340000|33.360001|32.490002|33.029999|12406400|0.9930109031|32.799149
2026-06-18|92|LUV|47.930000|48.669998|47.709999|47.970001|11291400|1.0000000000|47.970001
2026-06-18|93|PEG|79.330002|80.889999|79.300003|79.889999|6403200|1.0000000000|79.889999
2026-06-18|94|UNP|258.079987|263.679993|256.119995|256.880005|3443000|1.0000000000|256.880005
2026-06-18|95|ABT|88.639999|89.440002|87.760002|88.410004|41964800|0.9929181654|87.783897
2026-06-18|96|ADI|426.230011|438.559998|426.230011|434.459991|11869000|1.0000000000|434.459991
2026-06-18|97|ADM|76.660004|76.660004|74.279999|75.099998|8293100|0.9936931471|74.626358
2026-06-18|98|ADP|218.339996|220.029999|215.300003|218.410004|6501700|1.0000000000|218.410004
2026-06-18|99|AFL|117.250000|117.250000|114.470001|115.470001|6380100|0.9949889100|114.891373
2026-06-18|100|AMAT|622.520020|638.900024|612.500000|617.109985|16781200|0.9989318178|616.450806
2026-06-18|101|AMD|531.580017|539.690002|526.320007|537.369995|43805600|1.0000000000|537.369995
2026-06-18|102|APD|283.399994|283.839996|278.619995|280.209991|2568800|0.9938263181|278.480072
2026-06-18|103|BF-B|25.879999|26.850000|25.610001|26.639999|7148100|1.0000000000|26.639999
2026-06-18|104|CHD|98.139999|98.570000|95.589996|95.629997|5476600|0.9969601263|95.339294
2026-06-18|105|CINF|171.869995|172.110001|169.649994|170.199997|3239500|0.9945494610|169.272308
2026-06-18|106|CMCSA|22.750000|22.860001|22.379999|22.430000|74561800|0.9865580444|22.128496
2026-06-18|107|D|68.110001|69.279999|68.080002|68.410004|16090100|1.0000000000|68.410004
2026-06-18|108|DOV|223.270004|226.220001|222.279999|223.570007|2560900|1.0000000000|223.570007
2026-06-18|109|DUK|123.000000|125.250000|122.830002|123.860001|8866200|0.9912844404|122.780487
2026-06-18|110|EFX|154.240005|156.429993|152.949997|153.929993|4758800|1.0000000000|153.929993
2026-06-18|111|EQT|50.799999|51.450001|50.270000|50.720001|13560800|0.9968732234|50.561409
2026-06-18|112|FITB|53.090000|53.209999|52.560001|52.740002|11882300|0.9929552658|52.368462
2026-06-18|113|GIS|33.400002|33.770000|33.209999|33.419998|13995700|0.9829846576|32.851345
2026-06-18|114|GPC|107.120003|111.309998|107.120003|108.699997|3660500|1.0000000000|108.699997
2026-06-18|115|HAS|85.370003|86.589996|84.300003|84.739998|5902100|0.9925523990|84.108887
2026-06-18|116|HBAN|16.930000|17.139999|16.840000|16.860001|32707000|1.0000000000|16.860001
2026-06-18|117|HRL|24.340000|24.450001|24.020000|24.160000|6309400|0.9881520418|23.873753
2026-06-18|118|HST|24.980000|25.360001|24.830000|25.010000|15920300|0.9630818621|24.086678
2026-06-18|119|HSY|173.429993|174.410004|171.100006|172.630005|4124200|0.9921985814|171.283249
2026-06-18|120|INTC|131.809998|135.479996|127.900002|133.990005|233906600|1.0000000000|133.990005
2026-06-18|121|J|124.559998|124.559998|119.620003|120.970001|4018200|0.9975665811|120.675629
2026-06-18|122|JPM|336.950012|338.089996|324.160004|325.220001|20111000|0.9955152929|323.761475
2026-06-18|123|KMB|102.190002|103.220001|101.639999|102.559998|8851300|1.0000000000|102.559998
2026-06-18|124|L|107.709999|107.949997|106.580002|107.279999|1707800|0.9994397510|107.219894
2026-06-18|125|LEN|88.129997|91.199997|87.610001|89.730003|4908100|0.9940723176|89.198112
2026-06-18|126|LOW|219.490005|224.820007|219.490005|222.199997|6813300|0.9938577955|220.835205
2026-06-18|127|MAS|73.599998|76.160004|73.599998|74.379997|4176400|0.9956337837|74.055237
2026-06-18|128|MTB|228.059998|228.250000|224.759995|225.119995|2933400|1.0000000000|225.119995
2026-06-18|129|NEM|106.320000|107.599998|102.629997|103.790001|19149400|1.0000000000|103.790001
2026-06-18|130|NTRS|176.460007|176.990005|171.009995|172.110001|2817100|1.0000000000|172.110001
2026-06-18|131|NUE|252.949997|254.110001|242.050003|243.830002|5190800|0.9975500919|243.232635
2026-06-18|132|OMC|75.480003|75.599998|70.839996|71.349998|24461900|1.0000000000|71.349998
2026-06-18|133|PCAR|118.410004|120.919998|118.019997|118.949997|6427600|0.9973590885|118.635864
2026-06-18|134|PGR|207.949997|208.139999|201.830002|204.869995|9986500|0.9995561474|204.779053
2026-06-18|135|PH|957.270020|964.979980|949.099976|953.270020|1020000|1.0000000000|953.270020
2026-06-18|136|PHM|123.610001|128.559998|123.470001|126.959999|5321900|1.0000000000|126.959999
2026-06-18|137|PPG|118.459999|120.160004|117.580002|118.250000|4780000|0.9938189109|117.519089
2026-06-18|138|PPL|35.369999|35.880001|35.060001|35.380001|16555500|1.0000000000|35.380001
2026-06-18|139|RF|29.080000|29.080000|28.490000|28.620001|21172100|1.0000000000|28.620001
2026-06-18|140|ROL|45.209999|45.360001|44.619999|44.959999|5894000|0.9951510336|44.741989
2026-06-18|141|SHW|315.760010|322.500000|314.829987|320.790009|4269200|0.9976939264|320.050262
2026-06-18|142|STT|172.919998|174.660004|167.940002|168.309998|7304600|0.9950471700|167.476379
2026-06-18|143|SWK|84.139999|87.389999|84.139999|86.750000|2249500|1.0000000000|86.750000
2026-06-18|144|SYK|301.190002|311.540009|299.359985|307.799988|3427700|0.9973375287|306.980469
2026-06-18|145|TMO|461.630005|467.940002|459.000000|464.609985|3358500|1.0000000000|464.609985
2026-06-18|146|TPL|354.510010|359.250000|351.809998|355.109985|994900|1.0000000000|355.109985
2026-06-18|147|TSN|55.700001|56.430000|54.630001|55.459999|7344500|1.0000000000|55.459999
2026-06-18|148|TT|482.179993|491.829987|478.369995|483.399994|1540100|1.0000000000|483.399994
2026-06-18|149|TYL|285.429993|288.820007|274.089996|278.910004|1775500|1.0000000000|278.910004
2026-06-18|150|UDR|38.189999|38.189999|37.389999|37.560001|7493800|0.9926177659|37.282722
2026-06-18|151|VTRS|16.059999|16.160000|14.940000|15.370000|22642100|0.9925558317|15.255584
2026-06-18|152|WEC|112.180000|113.559998|111.260002|112.169998|4346800|0.9913583604|111.200661
2026-06-18|153|WST|326.350006|329.109985|323.200012|327.950012|1479300|0.9993471810|327.735931
2026-06-18|154|NDSN|293.600006|297.989990|291.880005|295.920013|1381200|1.0000000000|295.920013
2026-06-18|155|TFC|48.900002|49.240002|47.970001|48.330002|18836900|0.9901868280|47.855732
2026-06-18|156|WELL|208.520004|208.520004|202.899994|206.649994|8060800|0.9962391044|205.872803
2026-06-18|157|AON|327.859985|328.000000|317.480011|317.739990|2382900|0.9977256968|317.017365
2026-06-18|158|GL|172.279999|172.740005|169.550003|170.759995|1635300|0.9981716439|170.447784
2026-06-18|159|OKE|84.680000|85.290001|83.080002|85.029999|9496800|0.9882171564|84.028107
2026-06-18|160|KLAC|251.770004|263.950012|250.500000|259.559998|26167300|0.9988709994|259.266968
2026-06-18|161|CSX|45.910000|46.610001|45.430000|45.630001|22557900|1.0000000000|45.630001
2026-06-18|162|PSA|318.720001|320.309998|314.609985|318.119995|1253400|1.0000000000|318.119995
2026-06-18|163|NKE|44.410000|45.709999|44.240002|45.200001|32320300|1.0000000000|45.200001
2026-06-18|164|AAPL|298.109985|300.570007|295.619995|298.010010|85962200|0.9991382887|297.753204
2026-06-18|165|BRO|59.049999|59.110001|58.049999|59.099998|5744500|0.9976903696|58.963501
2026-06-18|166|UHS|142.410004|142.410004|140.259995|141.169998|2193000|1.0000000000|141.169998
2026-06-18|167|HD|331.700012|338.019989|330.899994|334.279999|10604400|1.0000000000|334.279999
2026-06-18|168|BAX|19.700001|20.100000|19.540001|19.889999|11167800|1.0000000000|19.882328
2026-06-18|169|COP|109.809998|109.879997|106.989998|107.739998|22893000|0.9933743492|107.026154
2026-06-18|170|GLW|182.330002|196.020004|181.199997|194.919998|22778000|1.0000000000|194.919998
2026-06-18|171|HUM|363.529999|369.890015|357.420013|360.649994|3571100|0.9976462766|359.801117
2026-06-18|172|LHX|315.119995|317.570007|291.660004|294.820007|2711400|1.0000000000|294.820007
2026-06-18|173|NOC|552.140015|553.500000|515.380005|521.500000|2402900|1.0000000000|521.500000
2026-06-18|174|OXY|52.400002|52.419998|51.189999|51.820000|13871800|1.0000000000|51.820000
2026-06-18|175|ROK|471.130005|475.920013|466.609985|473.790009|1154500|0.9969290339|472.335022
2026-06-18|176|SLB|50.099998|50.220001|47.610001|48.090000|41856500|1.0000000000|48.090000
2026-06-18|177|SO|92.500000|94.260002|92.440002|93.089996|20353100|0.9918103451|92.327621
2026-06-18|178|WMB|71.779999|73.279999|70.830002|73.120003|15180100|1.0000000000|73.120003
2026-06-18|179|VLO|236.919998|238.029999|232.720001|236.300003|6141200|0.9961502678|235.390305
2026-06-18|180|CI|284.829987|286.190002|279.200012|279.269989|2445700|1.0000000000|279.269989
2026-06-18|181|NSC|301.750000|305.750000|298.829987|300.079987|1885200|0.9960579337|298.897064
2026-06-18|182|COO|64.970001|66.230003|64.970001|65.910004|3802100|1.0000000000|65.910004
2026-06-18|183|AMGN|344.380005|345.000000|334.049988|337.600006|8151100|0.9941899340|335.638519
2026-06-18|184|RJF|159.699997|160.380005|155.600006|155.860001|3302800|0.9964480694|155.306396
2026-06-18|185|WSM|226.000000|230.649994|223.990005|226.919998|2523900|0.9966722130|226.164856
2026-06-18|186|CAH|226.169998|226.169998|219.470001|221.770004|4196100|0.9978279171|221.288300
2026-06-18|187|CTAS|169.190002|172.199997|168.380005|170.850006|4135700|0.9974090682|170.407349
2026-06-18|188|PAYX|97.889999|98.790001|95.959999|98.239998|7100900|0.9896951856|97.227654
2026-06-18|189|BEN|33.980000|34.040001|32.889999|33.049999|9142100|0.9900632337|32.721588
2026-06-18|190|AOS|58.970001|60.099998|58.070000|58.220001|4224600|0.9939809398|57.869572
2026-06-18|191|CASY|859.559998|862.380005|832.500000|842.250000|788900|0.9992507205|841.618896
2026-06-18|192|T|22.459999|22.520000|21.990000|22.010000|94242900|0.9867870728|21.719183
2026-06-18|193|VZ|45.790001|46.060001|45.360001|45.369999|66305300|0.9832386370|44.609535
2026-06-18|194|JBHT|267.269989|275.200012|265.369995|271.220001|1943500|0.9983161833|270.763306
2026-06-18|195|ATO|169.639999|171.210007|169.039993|170.110001|2227800|0.9940065930|169.090454
2026-06-18|196|LRCX|397.220001|401.000000|386.899994|389.040009|22686600|1.0000000000|389.040009
2026-06-18|197|MU|1108.069946|1149.430054|1092.790039|1133.989990|64642500|0.9998462422|1133.815552
2026-06-18|198|AJG|216.169998|216.179993|211.289993|214.059998|2848400|1.0000000000|214.059998
2026-06-18|199|AME|234.000000|238.669998|234.000000|237.419998|2439200|1.0000000000|237.419998
2026-06-18|200|SWKS|71.410004|72.769997|68.489998|72.449997|9405000|1.0000000000|72.449997
2026-06-18|201|EXPD|161.460007|162.990005|160.100006|161.320007|2583800|1.0000000000|161.320007
2026-06-18|202|UNH|402.769989|406.200012|399.149994|400.959991|11896900|1.0000000000|400.959991
2026-06-18|203|BBY|72.769997|75.709999|72.510002|74.730003|6120700|1.0000000000|74.730003
2026-06-18|204|DOC|19.670000|19.730000|19.440001|19.559999|11513600|0.9905847075|19.375837
2026-06-18|205|ADSK|194.550003|197.889999|190.860001|193.820007|9213100|1.0000000000|193.820007
2026-06-18|206|DVN|42.150002|42.320000|41.520000|42.119999|37586400|1.0000000000|42.119999
2026-06-18|207|NVR|6374.990234|6558.009766|6350.669922|6490.930176|58600|1.0000000000|6490.930176
2026-06-18|208|ROST|235.350006|236.929993|232.059998|232.800003|4161600|1.0000000000|232.800003
2026-06-18|209|JKHY|125.629997|126.720001|122.870003|126.230003|5769800|1.0000000000|126.230003
2026-06-18|210|MNST|92.019997|92.349998|90.959999|91.339996|12605500|0.5000000000|91.339996
2026-06-18|211|ORCL|183.009995|187.990005|177.699997|184.289993|31386100|0.9965330745|183.651077
2026-06-18|212|MSFT|377.820007|381.369995|373.279999|379.399994|59714200|0.9981210382|378.687103
2026-06-18|213|TROW|109.089996|109.330002|106.760002|107.650002|4637900|1.0000000000|107.650002
2026-06-18|214|COST|962.700012|964.000000|948.309998|951.450012|3742900|0.9984126298|949.939697
2026-06-18|215|ADBE|193.600006|196.779999|190.119995|195.160004|15852500|1.0000000000|195.160004
2026-06-18|216|FISV|48.570000|48.950001|47.500000|47.860001|13540200|1.0000000000|47.860001
2026-06-18|217|BKR|59.910000|60.000000|57.980000|58.410000|17607100|0.9963346614|58.195908
2026-06-18|218|CDNS|391.100006|401.179993|385.429993|387.390015|7091800|1.0000000000|387.390015
2026-06-18|219|TJX|164.919998|166.880005|163.130005|163.809998|9069800|0.9968547277|163.294769
2026-06-18|220|FICO|1133.510010|1137.160034|1080.000000|1096.479980|889900|1.0000000000|1096.479980
2026-06-18|221|CCL|31.180000|31.299999|30.680000|30.870001|31480600|0.9947898578|30.709164
2026-06-18|222|FAST|45.330002|46.080002|45.150002|45.889999|10869300|0.9945424013|45.639549
2026-06-18|223|SCHW|94.580002|94.790001|90.860001|91.699997|27430200|0.9970924949|91.433380
2026-06-18|224|JCI|148.699997|149.380005|144.789993|144.820007|6996800|1.0000000000|144.820007
2026-06-18|225|COHR|394.000000|402.779999|376.649994|389.570007|7520600|1.0000000000|389.570007
2026-06-18|226|KEY|22.840000|22.900000|22.510000|22.590000|17219200|1.0000000000|22.590000
2026-06-18|227|MOS|22.639999|23.379999|22.600000|22.900000|25679900|1.0000000000|22.900000
2026-06-18|228|MGM|47.599998|48.180000|46.709999|46.840000|5357000|1.0000000000|46.840000
2026-06-18|229|WM|216.320007|216.940002|212.220001|214.600006|3620600|1.0000000000|214.600006
2026-06-18|230|TECH|55.349998|58.250000|55.150002|57.939999|3773100|0.9988938053|57.875904
2026-06-18|231|IEX|227.179993|228.259995|224.740005|224.929993|2488400|0.9967384506|224.196365
2026-06-18|232|GEN|23.870001|24.350000|23.219999|24.180000|18854800|0.9956109550|24.073874
2026-06-18|233|CRH|111.180000|113.709999|111.169998|111.239998|8305300|0.9960081882|110.795952
2026-06-18|234|EOG|132.059998|132.419998|129.059998|129.979996|12213400|0.9926332518|129.022461
2026-06-18|235|PTC|115.519997|116.739998|113.500000|114.750000|5006200|1.0000000000|114.750000
2026-06-18|236|CSCO|118.599998|120.320000|117.300003|119.540001|52284400|0.9962729613|119.094475
2026-06-18|237|LH|258.470001|260.059998|254.029999|255.820007|1249800|1.0000000000|255.272705
2026-06-18|238|TRMB|49.009998|49.580002|47.919998|49.160000|9376200|1.0000000000|49.160000
2026-06-18|239|AZO|3083.310059|3116.459961|3050.010010|3064.479980|1038400|1.0000000000|3064.479980
2026-06-18|240|REGN|612.070007|616.239990|598.190002|609.940002|2609100|0.9988336456|609.228577
2026-06-18|241|IDXX|549.289978|563.849976|546.179993|562.090027|1240800|1.0000000000|562.090027
2026-06-18|242|AES|14.620000|14.650000|14.610000|14.620000|10322300|0.9881481485|14.446726
2026-06-18|243|VRTX|462.170013|464.980011|450.390015|451.630005|2992900|1.0000000000|451.630005
2026-06-18|244|ZBRA|236.750000|239.490005|233.839996|235.979996|1564100|1.0000000000|235.979996
2026-06-18|245|BIIB|200.220001|200.990005|193.199997|196.580002|1729800|1.0000000000|196.580002
2026-06-18|246|ODFL|221.270004|224.169998|219.279999|221.039993|3917600|1.0000000000|221.039993
2026-06-18|247|APH|165.320007|166.350006|162.669998|163.960007|12819400|0.9984936130|163.713013
2026-06-18|248|KIM|24.650000|24.700001|24.299999|24.379999|8755800|1.0000000000|24.379999
2026-06-18|249|QCOM|220.710007|229.419998|214.729996|226.110001|47081500|1.0000000000|226.110001
2026-06-18|250|GILD|125.849998|126.389999|122.430000|123.760002|14348300|1.0000000000|123.760002
2026-06-18|251|ROP|328.529999|332.040009|325.799988|330.260010|3559600|0.9974983506|329.433807
2026-06-18|252|SNPS|461.989990|466.059998|452.329987|455.510010|3227800|1.0000000000|455.510010
2026-06-18|253|STZ|139.080002|142.070007|138.940002|141.179993|3598300|0.9921821632|140.076263
2026-06-18|254|BSX|45.060001|45.480000|44.439999|45.290001|30855000|1.0000000000|45.290001
2026-06-18|255|STE|199.339996|203.050003|199.339996|202.610001|1599100|1.0000000000|202.610001
2026-06-18|256|DHI|154.250000|160.360001|154.000000|157.809998|4364700|0.9970287223|157.341095
2026-06-18|257|LIN|516.049988|518.840027|511.160004|512.150024|5193700|1.0000000000|512.150024
2026-06-18|258|SBUX|100.559998|101.519997|99.529999|100.650002|10603900|0.9942883465|100.075119
2026-06-18|259|MS|229.089996|230.470001|222.889999|223.169998|11933200|0.9945253736|221.948227
2026-06-18|260|INTU|261.000000|269.869995|259.230011|267.000000|10059100|0.9955898568|265.822479
2026-06-18|261|MCHP|98.199997|100.919998|97.809998|99.769997|16353500|0.9940194534|99.173317
2026-06-18|262|CB|327.989990|329.950012|322.000000|323.399994|2960200|1.0000000000|323.399994
2026-06-18|263|ORLY|88.169998|89.339996|86.290001|86.839996|15497300|1.0000000000|86.839996
2026-06-18|264|RCL|310.559998|315.910004|308.100006|312.510010|3662800|1.0000000000|312.510010
2026-06-18|265|JBL|388.299988|390.049988|366.209991|371.880005|2711600|0.9997839939|371.799683
2026-06-18|266|ALL|221.649994|222.210007|218.289993|221.169998|5024700|1.0000000000|221.169998
2026-06-18|267|CPT|111.260002|111.260002|108.900002|108.989998|2828900|0.9909199930|108.000366
2026-06-18|268|VMRK|65.470001|65.470001|63.810001|64.089996|5776800|0.9897192157|63.431099
2026-06-18|269|IT|130.630005|135.399994|126.169998|127.489998|4347100|1.0000000000|127.489998
2026-06-18|270|DECK|108.000000|110.589996|107.400002|109.110001|3840800|1.0000000000|109.110001
2026-06-18|271|REG|77.830002|77.830002|76.690002|76.879997|1669600|1.0000000000|76.879997
2026-06-18|272|INCY|99.580002|99.620003|96.089996|98.220001|4058600|1.0000000000|98.220001
2026-06-18|273|SPG|214.039993|214.300003|211.289993|211.330002|3655400|1.0000000000|211.330002
2026-06-18|274|MAA|134.360001|134.869995|131.839996|132.500000|1686200|0.9885547570|130.983505
2026-06-18|275|MLM|599.799988|616.609985|595.109985|609.119995|1130400|1.0000000000|609.119995
2026-06-18|276|TSCO|29.799999|30.510000|29.709999|30.240000|24880700|0.9931389364|30.032520
2026-06-18|277|ALB|167.600006|168.820007|154.509995|160.350006|4385400|1.0000000000|160.350006
2026-06-18|278|CPRT|29.549999|30.290001|29.459999|30.230000|30771100|1.0000000000|30.230000
2026-06-18|279|FLEX|147.020004|153.380005|143.850006|147.610001|80915300|1.0000000000|147.610001
2026-06-18|280|ESS|276.600006|277.670013|273.529999|273.709991|1040900|0.9912479300|271.314484
2026-06-18|281|O|60.779999|60.900002|60.220001|60.240002|12961700|0.9915131085|59.728748
2026-06-18|282|MCO|457.630005|460.250000|448.850006|450.670013|1964400|0.9978911593|449.719635
2026-06-18|283|SJM|112.610001|114.160004|110.629997|110.860001|2176200|0.9907154105|109.830711
2026-06-18|284|MCK|775.719971|778.010010|747.400024|750.630005|2477000|1.0000000000|750.630005
2026-06-18|285|COF|205.729996|206.839996|201.210007|201.529999|8115100|0.9964810416|200.820831
2026-06-18|286|EME|846.630005|849.669983|833.119995|836.590027|1132500|0.9994836978|836.158081
2026-06-18|287|DLTR|108.339996|112.300003|107.449997|111.650002|4434200|1.0000000000|111.650002
2026-06-18|288|COR|276.959991|278.839996|270.029999|271.829987|3408900|0.9980645786|271.303894
2026-06-18|289|DRI|215.000000|219.380005|212.429993|213.449997|1884900|0.9919770205|211.737488
2026-06-18|290|RMD|188.919998|190.360001|187.009995|188.630005|3884900|0.9971385215|188.090240
2026-06-18|291|WAB|274.429993|278.390015|273.589996|273.829987|1357900|0.9989689007|273.547638
2026-06-18|292|FCX|69.949997|70.620003|68.019997|68.680000|17963700|0.9975786925|68.513702
2026-06-18|293|IVZ|29.160000|29.299999|27.809999|28.139999|11867800|0.9933559952|27.953037
2026-06-18|294|ACGL|92.660004|92.739998|90.910004|91.180000|5564600|1.0000000000|91.180000
2026-06-18|295|ERIE|222.130005|223.729996|219.050003|221.139999|590900|0.9943102712|219.881775
2026-06-18|296|EG|335.450012|339.420013|333.709991|335.630005|1246900|1.0000000000|335.630005
2026-06-18|297|DVA|211.990005|213.070007|206.850006|207.910004|1389000|1.0000000000|207.910004
2026-06-18|298|HSIC|80.099998|80.209999|79.379997|79.919998|2084100|1.0000000000|79.919998
2026-06-18|299|EL|84.260002|85.570000|83.889999|84.809998|5699600|1.0000000000|84.809998
2026-06-18|300|WAT|358.970001|360.649994|353.559998|355.440002|1460800|1.0000000000|355.440002
2026-06-18|301|NTAP|158.639999|161.169998|153.330002|159.710007|8151300|0.9969719908|159.226395
2026-06-18|302|HIG|131.119995|131.119995|127.910004|128.250000|3929200|1.0000000000|128.250000
2026-06-18|303|IRM|128.830002|129.210007|126.760002|127.830002|2110400|1.0000000000|127.830002
2026-06-18|304|BRK-B|492.750000|493.570007|485.769989|489.459991|8882300|1.0000000000|489.459991
2026-06-18|305|FDS|218.679993|223.990005|216.559998|221.289993|1732900|1.0000000000|221.289993
2026-06-18|306|STLD|261.899994|261.989990|248.050003|249.910004|4526400|0.9977371702|249.344498
2026-06-18|307|DGX|196.690002|197.440002|192.830002|195.000000|1292200|0.9959506546|194.210373
2026-06-18|308|CIEN|450.799988|451.600006|425.079987|428.220001|4297300|1.0000000000|428.220001
2026-06-18|309|TTWO|239.139999|242.149994|233.229996|239.279999|7241500|1.0000000000|239.279999
2026-06-18|310|VTR|82.709999|82.709999|81.019997|81.599998|8802900|0.9941769319|81.124832
2026-06-18|311|AMZN|240.119995|245.729996|236.020004|244.389999|75624400|1.0000000000|244.389999
2026-06-18|312|ARE|50.310001|51.500000|49.790001|51.029999|2351100|0.9870480303|50.369061
2026-06-18|313|RL|412.230011|418.209991|407.079987|413.010010|1136000|0.9975616297|412.002930
2026-06-18|314|BXP|64.459999|65.260002|64.000000|64.699997|3366200|0.9895631429|64.024734
2026-06-18|315|FIX|1990.050049|2004.989990|1935.000000|1967.410034|724100|0.9994824076|1966.391724
2026-06-18|316|YUM|154.119995|154.710007|151.199997|151.990005|4792200|1.0000000000|151.990005
2026-06-18|317|CHRW|186.960007|188.440002|182.770004|185.039993|1737000|1.0000000000|185.039993
2026-06-18|318|FE|46.009998|47.009998|46.000000|46.450001|6936200|0.9901836603|45.994030
2026-06-18|319|MTD|1135.589966|1151.579956|1129.530029|1144.839966|254400|1.0000000000|1144.839966
2026-06-18|320|PLD|139.949997|141.490005|139.429993|140.539993|6701200|1.0000000000|140.539993
2026-06-18|321|URI|1063.589966|1091.900024|1063.589966|1076.810059|846500|0.9982773546|1074.955078
2026-06-18|322|AEE|109.110001|110.089996|108.169998|108.669998|2403600|1.0000000000|108.669998
2026-06-18|323|VRSN|267.440002|267.989990|262.130005|264.640015|1820900|0.9970730649|263.865417
2026-06-18|324|PWR|722.049988|729.830017|698.030029|702.250000|2620600|0.9998472307|702.142700
2026-06-18|325|AMT|181.639999|181.899994|175.000000|176.050003|4453100|1.0000000000|176.050003
2026-06-18|326|MAR|398.630005|403.260010|394.899994|396.200012|2846400|0.9979719406|395.396484
2026-06-18|327|CTSH|46.240002|46.439999|43.410000|43.700001|61312400|0.9941706413|43.445259
2026-06-18|328|SRE|90.430000|91.570000|89.839996|90.690002|9725500|0.9929041305|90.046478
2026-06-18|329|CSGP|30.459999|30.730000|29.530001|30.120001|16140800|1.0000000000|30.120001
2026-06-18|330|RSG|207.619995|208.020004|203.149994|204.940002|2917400|0.9970890970|204.343445
2026-06-18|331|CCI|86.320000|86.339996|81.820000|82.050003|7437300|1.0000000000|82.050003
2026-06-18|332|EBAY|108.930000|109.910004|107.150002|108.239998|8064200|1.0000000000|107.911903
2026-06-18|333|NVDA|207.330002|211.389999|206.500000|210.690002|241272000|1.0000000000|210.690002
2026-06-18|334|BKNG|172.660004|174.449997|170.289993|171.779999|18363000|1.0000000000|171.779999
2026-06-18|335|GS|1120.000000|1125.000000|1093.329956|1096.560059|4499200|1.0000000000|1096.560059
2026-06-18|336|FFIV|389.679993|391.769989|374.399994|385.489990|1652100|1.0000000000|385.489990
2026-06-18|337|SBAC|191.949997|192.300003|186.350006|186.869995|1819300|0.9931480565|185.589569
2026-06-18|338|LII|531.599976|543.669983|529.770020|532.429993|531700|0.9976091276|531.157043
2026-06-18|339|BLK|1073.770020|1076.510010|1045.910034|1050.089966|1032200|1.0000000000|1050.089966
2026-06-18|340|TKO|196.440002|204.889999|193.880005|198.779999|6617600|1.0000000000|198.779999
2026-06-18|341|AKAM|129.270004|130.000000|122.760002|124.910004|6468400|1.0000000000|124.910004
2026-06-18|342|UPS|106.089996|107.620003|104.820000|104.860001|13306400|0.9843062201|103.214348
2026-06-18|343|A|125.559998|127.559998|125.169998|127.059998|4334300|0.9980802530|126.816078
2026-06-18|344|TDY|631.830017|631.830017|612.059998|619.580017|624600|1.0000000000|619.580017
2026-06-18|345|PKG|230.570007|235.399994|228.949997|229.020004|1301400|1.0000000000|229.020004
2026-06-18|346|EW|86.959999|87.830002|86.519997|87.360001|5550200|1.0000000000|87.360001
2026-06-18|347|MET|87.099998|87.690002|85.379997|85.580002|8338100|0.9938427991|85.053070
2026-06-18|348|ON|117.889999|122.180000|117.580002|121.620003|19844500|1.0000000000|121.620003
2026-06-18|349|ISRG|403.600006|409.640015|400.929993|406.779999|4404200|1.0000000000|406.779999
2026-06-18|350|CRL|183.699997|186.179993|181.960007|185.000000|1170100|1.0000000000|185.000000
2026-06-18|351|MRVL|305.470001|329.880005|302.359985|310.579987|250989400|0.9997533605|310.503387
2026-06-18|352|EQIX|1104.500000|1114.599976|1088.619995|1092.189941|807800|0.9952446339|1086.996216
2026-06-18|353|TPR|148.210007|149.919998|143.009995|143.500000|5860900|1.0000000000|143.500000
2026-06-18|354|GRMN|233.690002|236.710007|232.210007|234.199997|2310700|1.0000000000|234.199997
2026-06-18|355|GPN|66.639999|67.980003|65.809998|66.879997|6117800|1.0000000000|66.879997
2026-06-18|356|ALGN|176.699997|183.029999|173.559998|182.080002|1949700|1.0000000000|182.080002
2026-06-18|357|WTW|260.619995|261.760010|251.759995|255.199997|1360300|0.9963732529|254.274445
2026-06-18|358|MDLZ|60.930000|61.020000|59.770000|60.119999|25599300|0.9916874483|59.620251
2026-06-18|359|AXON|424.890015|428.049988|402.000000|423.399994|1919200|1.0000000000|423.399994
2026-06-18|360|FIS|38.630001|38.900002|37.849998|38.209999|11072400|1.0000000000|38.209999
2026-06-18|361|ACN|126.500000|134.699997|125.599998|127.980003|41744300|0.9881186678|126.459427
2026-06-18|362|ZBH|87.849998|88.809998|87.320000|87.970001|4635000|0.9973498233|87.736862
2026-06-18|363|BG|116.550003|116.550003|111.389999|112.580002|2791100|0.9937342270|111.874603
2026-06-18|364|PFG|111.010002|111.290001|108.949997|109.570000|3398200|1.0000000000|109.570000
2026-06-18|365|ELV|392.670013|393.910004|387.079987|388.500000|3536900|1.0000000000|388.500000
2026-06-18|366|CNC|61.150002|61.980000|60.369999|61.020000|11845900|1.0000000000|61.020000
2026-06-18|367|PRU|107.739998|108.000000|106.470001|106.529999|3583000|0.9885872665|105.314201
2026-06-18|368|NFLX|76.930000|78.239998|76.120003|77.379997|91920400|1.0000000000|77.379997
2026-06-18|369|NDAQ|83.820000|84.660004|81.260002|82.239998|8436100|1.0000000000|82.239998
2026-06-18|370|WYNN|103.430000|106.750000|103.330002|105.529999|1667300|0.9975578784|105.272285
2026-06-18|371|CME|252.820007|258.000000|245.610001|246.380005|6953500|1.0000000000|246.380005
2026-06-18|372|STX|1133.359985|1145.000000|1053.530029|1070.229980|8424500|0.9992874955|1069.467407
2026-06-18|373|NRG|133.190002|140.559998|133.190002|135.059998|3786400|0.9964628787|134.582275
2026-06-18|374|AIZ|265.260010|265.260010|258.440002|259.859985|863100|1.0000000000|259.859985
2026-06-18|375|CBRE|134.399994|134.399994|129.880005|131.550003|4199400|1.0000000000|131.550003
2026-06-18|376|CRM|152.729996|154.470001|149.800003|151.779999|57940800|1.0000000000|151.779999
2026-06-18|377|DPZ|312.829987|320.850006|311.010010|312.470001|2507900|1.0000000000|312.470001
2026-06-18|378|EXR|145.050003|146.600006|144.240005|145.330002|2606900|1.0000000000|145.330002
2026-06-18|379|GOOG|363.890015|369.000000|356.608002|367.459991|29339100|1.0000000000|367.459991
2026-06-18|380|GOOGL|365.750000|369.480011|358.670013|368.029999|44470100|1.0000000000|368.029999
2026-06-18|381|DLR|188.949997|191.410004|187.380005|188.149994|5037200|1.0000000000|188.149994
2026-06-18|382|MPWR|1529.239990|1581.040039|1515.619995|1563.699951|1935600|0.9984765039|1561.317627
2026-06-18|383|LVS|48.439999|49.049999|48.029999|48.720001|10950200|0.9936548222|48.410866
2026-06-18|384|DXCM|72.610001|73.690002|71.599998|72.470001|8571700|1.0000000000|72.470001
2026-06-18|385|BLDR|78.360001|82.690002|77.500000|80.589996|3641100|1.0000000000|80.589996
2026-06-18|386|WBD|26.240000|26.540001|26.139999|26.200001|43702200|1.0000000000|26.200001
2026-06-18|387|EXPE|242.050003|243.759995|238.850006|240.899994|3024200|0.9985604607|240.553223
2026-06-18|388|CF|104.760002|104.930000|101.430000|102.930000|5337500|0.9948739856|102.402382
2026-06-18|389|AMP|476.369995|477.489990|465.119995|467.429993|1269300|0.9968855344|465.974213
2026-06-18|390|ICE|136.190002|136.779999|132.839996|133.880005|6109400|1.0000000000|133.880005
2026-06-18|391|PSKY|9.980000|10.200000|9.750000|9.940000|28105400|1.0000000000|9.940000
2026-06-18|392|LYV|173.220001|174.100006|169.639999|171.240005|7414500|1.0000000000|171.240005
2026-06-18|393|CMG|31.860001|32.820000|31.629999|32.490002|31478900|1.0000000000|32.490002
2026-06-18|394|UAL|118.809998|120.680000|117.260002|118.320000|6761800|1.0000000000|118.320000
2026-06-18|395|TDG|1330.180054|1337.339966|1304.859985|1328.310059|741700|1.0000000000|1328.310059
2026-06-18|396|MA|494.769989|495.989990|488.910004|489.790009|6674700|0.9983264725|488.970337
2026-06-18|397|LDOS|109.019997|109.500000|106.080002|107.120003|6872600|1.0000000000|107.120003
2026-06-18|398|FSLR|262.000000|263.820007|248.570007|257.700012|3682700|1.0000000000|257.700012
2026-06-18|399|BR|139.229996|139.229996|135.979996|137.600006|3442600|1.0000000000|137.600006
2026-06-18|400|SMCI|28.440001|30.910000|28.280001|30.660000|68325300|1.0000000000|30.660000
2026-06-18|401|TMUS|181.389999|183.509995|179.789993|181.669998|12545500|1.0000000000|180.627502
2026-06-18|402|DAL|84.129997|85.040001|83.669998|84.180000|14843800|0.9975369458|83.972664
2026-06-18|403|IBKR|96.800003|97.809998|95.300003|96.000000|7511200|1.0000000000|96.000000
2026-06-18|404|PODD|144.639999|146.220001|142.100006|145.759995|2864000|1.0000000000|145.759995
2026-06-18|405|TEL|216.649994|219.330002|216.039993|217.639999|3407300|0.9961105015|216.793488
2026-06-18|406|BX|127.199997|127.199997|122.169998|123.790001|10280700|0.9899021526|122.539986
2026-06-18|407|LULU|111.500000|113.699997|110.269997|111.769997|6175500|1.0000000000|111.769997
2026-06-18|408|ULTA|454.000000|459.290009|449.010010|456.130005|1409000|1.0000000000|456.130005
2026-06-18|409|MSCI|600.299988|600.299988|580.000000|581.190002|1002700|0.9964362700|579.118835
2026-06-18|410|ECHO|109.779999|110.639999|104.139999|109.169998|21699400|1.0000000000|109.169998
2026-06-18|411|PM|179.580002|180.470001|177.039993|178.399994|11732000|0.9917776037|176.933121
2026-06-18|412|V|331.000000|332.329987|327.000000|327.239990|14716700|0.9981456881|326.633179
2026-06-18|413|AWK|125.699997|127.550003|124.529999|125.070000|4992200|0.9933923956|124.243591
2026-06-18|414|KDP|31.129999|31.240000|30.629999|30.760000|21600700|0.9929274294|30.542448
2026-06-18|415|SW|43.570000|45.235001|43.330002|44.200001|9449100|0.9909636146|43.800594
2026-06-18|416|AVGO|409.579987|412.700012|405.380005|411.350006|45076100|0.9984198371|410.700012
2026-06-18|417|VRSK|176.029999|178.330002|171.139999|173.800003|18048200|1.0000000000|173.800003
2026-06-18|418|DG|109.059998|113.809998|108.949997|113.449997|5885900|0.9949256041|112.874306
2026-06-18|419|FTNT|143.490005|147.199997|139.789993|144.729996|18432900|1.0000000000|144.729996
2026-06-18|420|CHTR|131.000000|132.009995|126.000000|126.230003|17934200|1.0000000000|126.230003
2026-06-18|421|FERG|231.029999|241.860001|231.029999|238.350006|2049600|0.9962829937|237.464050
2026-06-18|422|GNRC|273.709991|289.000000|273.510010|279.149994|1536900|1.0000000000|279.149994
2026-06-18|423|LYB|61.419998|61.419998|59.230000|60.070000|9686500|0.9897823188|59.456226
2026-06-18|424|CBOE|257.440002|259.130005|246.960007|249.100006|3051200|1.0000000000|249.100006
2026-06-18|425|TSLA|398.100006|402.519989|384.700012|400.489990|58384700|1.0000000000|400.489990
2026-06-18|426|KKR|98.400002|98.989998|96.620003|97.010002|5464700|0.9981032973|96.826004
2026-06-18|427|NXPI|309.440002|319.700012|306.059998|313.269989|7969300|0.9966193239|312.210938
2026-06-18|428|GM|80.610001|80.949997|78.940002|79.290001|18900900|1.0000000000|79.290001
2026-06-18|429|TRGP|259.880005|262.040009|253.820007|258.579987|2248100|0.9953417306|257.375458
2026-06-18|430|CPAY|353.239990|353.940002|343.299988|345.279999|2050600|1.0000000000|345.279999
2026-06-18|431|KMI|31.090000|31.670000|30.889999|31.590000|18944300|0.9907395899|31.297464
2026-06-18|432|HCA|389.850006|391.850006|374.309998|375.170013|2656800|1.0000000000|375.170013
2026-06-18|433|HII|299.029999|299.029999|281.440002|285.429993|1215000|1.0000000000|284.105042
2026-06-18|434|APO|140.630005|141.729996|137.179993|137.500000|6168600|0.9957937992|136.921646
2026-06-18|435|MPC|242.860001|243.360001|238.279999|242.910004|4962400|0.9972693263|242.246704
2026-06-18|436|XYL|111.570000|112.739998|110.750000|111.419998|3912900|0.9962087815|110.997581
2026-06-18|437|APTV|63.770000|64.860001|62.930000|63.680000|5457100|1.0000000000|63.680000
2026-06-18|438|PSX|165.690002|167.000000|164.100006|166.139999|5626600|0.9947204324|165.262863
2026-06-18|439|AMCR|41.119999|41.830002|40.930000|41.080002|6421300|1.0000000000|41.080002
2026-06-18|440|META|572.820007|580.219971|563.099976|577.219971|28824600|1.0000000000|577.219971
2026-06-18|441|NOW|95.309998|96.239998|92.449997|95.040001|36337200|1.0000000000|95.040001
2026-06-18|442|PANW|285.600006|288.880005|276.459991|287.779999|12194700|1.0000000000|287.779999
2026-06-18|443|FANG|183.000000|183.899994|180.440002|183.500000|4783100|0.9945230033|182.494965
2026-06-18|444|WDAY|119.489998|121.800003|116.550003|116.930000|11755600|1.0000000000|116.930000
2026-06-18|445|ABBV|221.369995|222.350006|215.369995|216.490005|9646100|0.9929324291|214.959946
2026-06-18|446|NCLH|20.430000|20.840000|20.200001|20.440001|21269200|1.0000000000|20.440001
2026-06-18|447|ZTS|77.730003|79.059998|77.309998|78.709999|17091900|0.9930773248|78.165115
2026-06-18|448|IQV|170.669998|171.000000|162.220001|167.770004|3703600|1.0000000000|167.770004
2026-06-18|449|NWS|29.600000|29.600000|28.440001|28.750000|9584200|1.0000000000|28.750000
2026-06-18|450|NWSA|25.980000|25.990000|24.920000|25.280001|28709400|1.0000000000|25.280001
2026-06-18|451|CDW|127.220001|129.360001|124.660004|128.369995|3756800|0.9952456416|127.759674
2026-06-18|452|VEEV|153.300003|154.000000|150.389999|153.300003|5108000|1.0000000000|153.300003
2026-06-18|453|ALLE|131.330002|135.960007|131.330002|133.570007|1853700|1.0000000000|133.570007
2026-06-18|454|HLT|350.170013|356.149994|346.970001|348.839996|3007700|0.9995449167|348.681244
2026-06-18|455|ARES|130.000000|131.369995|127.719002|129.339996|4523700|1.0000000000|129.339996
2026-06-18|456|ANET|171.199997|172.000000|167.585007|169.669998|11130400|1.0000000000|169.669998
2026-06-18|457|SYF|75.379997|76.068001|75.040001|75.260002|8466700|0.9957005565|74.936424
2026-06-18|458|CFG|67.150002|67.760002|66.779999|67.080002|7885400|0.9935492916|66.647285
2026-06-18|459|KEYS|359.450012|367.170013|357.709991|363.670013|2727300|1.0000000000|363.670013
2026-06-18|460|GDDY|76.419998|77.760002|74.500000|77.040001|5842800|1.0000000000|77.040001
2026-06-18|461|KHC|23.094999|23.139999|22.754000|22.820000|21350600|1.0000000000|22.820000
2026-06-18|462|PYPL|42.200001|42.816002|41.650002|42.509998|27215200|1.0000000000|42.509998
2026-06-18|463|LITE|881.974976|888.539978|831.169983|850.000000|8360800|1.0000000000|850.000000
2026-06-18|464|HPE|49.174999|49.599998|46.930000|47.410000|53337800|1.0000000000|47.410000
2026-06-18|465|XYZ|73.764999|75.089996|72.404999|74.779999|8663500|1.0000000000|74.779999
2026-06-18|466|FTV|61.400002|61.400002|60.389999|61.029999|5619600|0.9990168769|60.969997
2026-06-18|467|DELL|429.880005|436.000000|407.880005|409.500000|15360600|0.9983502671|408.824432
2026-06-18|468|TTD|18.059999|18.565001|17.770000|18.510000|50679200|1.0000000000|18.510000
2026-06-18|469|VST|162.089996|170.339996|160.029999|163.750000|7976300|0.9986015267|163.521011
2026-06-18|470|HWM|288.320007|290.630005|276.010010|277.660004|4444100|0.9995167748|277.525848
2026-06-18|471|INVH|28.709999|28.830000|28.264999|28.410000|15948100|0.9898785423|28.122450
2026-06-18|472|CVNA|64.400002|68.019997|64.099998|66.559998|14501800|1.0000000000|66.559998
2026-06-18|473|IR|78.320000|79.410004|77.809998|77.910004|5707400|0.9997640396|77.891617
2026-06-18|474|VICI|26.889999|27.039000|26.270000|26.280001|19397200|1.0000000000|26.280001
2026-06-18|475|VRT|331.230011|337.790009|326.500000|333.049988|7262600|1.0000000000|333.049988
2026-06-18|476|MRNA|63.959999|67.739998|60.730000|63.959999|24078800|1.0000000000|63.959999
2026-06-18|477|FOXA|51.389999|52.980000|50.680000|52.230000|24319500|1.0000000000|52.230000
2026-06-18|478|FOX|46.820000|48.287998|45.939999|46.950001|10231500|1.0000000000|46.950001
2026-06-18|479|DOW|32.599998|32.599998|31.370001|31.730000|17423500|1.0000000000|31.730000
2026-06-18|480|UBER|71.970001|72.489998|70.779999|71.639999|27203300|1.0000000000|71.639999
2026-06-18|481|CTVA|77.379997|79.050003|76.519997|78.589996|13360300|1.0000000000|78.589996
2026-06-18|482|CRWD|686.750000|695.909973|660.919983|684.859985|5379400|0.2500000000|171.214996
2026-06-18|483|DDOG|224.039993|225.585007|215.300003|223.000000|8482300|1.0000000000|223.000000
2026-06-18|484|CARR|71.820000|72.889999|71.019997|71.809998|7953500|0.9964168410|71.552696
2026-06-18|485|OTIS|73.489998|74.400002|72.790001|73.269997|8450500|0.9939750786|72.828552
2026-06-18|486|PLTR|130.839996|131.429993|125.010002|128.470001|55338000|1.0000000000|128.470001
2026-06-18|487|DASH|166.839996|174.339996|164.425003|173.460007|7724700|1.0000000000|173.460007
2026-06-18|488|ABNB|141.389999|143.619995|140.139999|142.410004|7413200|1.0000000000|142.410004
2026-06-18|489|EXE|87.220001|88.449997|86.370003|86.980003|6907100|0.9940278354|86.460548
2026-06-18|490|COIN|167.750000|169.809998|160.539993|163.259995|9826800|1.0000000000|163.259995
2026-06-18|491|APP|481.309998|483.899994|460.200012|469.709991|9549100|1.0000000000|469.709991
2026-06-18|492|HOOD|107.824997|109.080002|103.459999|108.150002|39509900|1.0000000000|108.150002
2026-06-18|493|CEG|268.730011|282.769989|268.000000|274.059998|6986000|0.9984651331|273.639343
2026-06-18|494|GEHC|60.419998|62.035000|59.970001|61.590000|8337100|0.9994353928|61.555225
2026-06-18|495|KVUE|18.270000|18.389999|18.049999|18.120001|32083800|0.9889763775|17.920252
2026-06-18|496|VLTO|83.139999|84.440002|82.529999|84.019997|6777100|0.9985280797|83.896324
2026-06-18|497|RDDT|169.000000|176.220001|165.880005|174.960007|5337400|1.0000000000|174.960007
2026-06-18|498|SOLV|75.239998|75.769997|74.180000|75.430000|2337100|1.0000000000|75.430000
2026-06-18|499|GEV|1091.030029|1117.959961|1087.280029|1109.729980|4344700|1.0000000000|1109.729980
2026-06-18|500|SNDK|2044.744995|2191.689941|2029.000000|2184.750000|12178300|1.0000000000|2184.750000
2026-06-18|501|Q|160.449997|170.070007|159.500000|168.979996|5672900|1.0000000000|168.979996
2026-06-18|502|FDXF|165.000000|167.419998|160.100006|162.850006|3231500|1.0000000000|162.850006
2026-06-18|503|HONA|277.700012|277.700012|256.010010|267.799988|2800|1.0000000000|267.799988
