date|security_id|ticker|open|high|low|close|volume|adj_factor|adj_close_vendor
2026-06-12|1|AEP|128.600006|129.509995|128.000000|129.229996|4155800|0.9924441265|128.253540
2026-06-12|2|BA|222.369995|223.509995|216.699997|219.050003|5665800|1.0000000000|219.050003
2026-06-12|3|CAT|905.239990|918.979980|899.200012|910.570007|2097200|0.9981483165|908.883911
2026-06-12|4|CNP|42.750000|43.049999|42.580002|42.900002|4198500|0.9940594062|42.645149
2026-06-12|5|CVX|185.080002|188.399994|184.360001|187.220001|8703400|0.9913483039|185.600235
2026-06-12|6|DIS|101.059998|101.769997|99.540001|100.040001|8257200|0.9923958226|99.279282
2026-06-12|7|DTE|146.589996|148.169998|146.389999|147.419998|1211600|0.9921049063|146.256104
2026-06-12|8|ED|107.080002|108.349998|106.949997|107.739998|1916100|0.9918651523|106.863548
2026-06-12|9|GD|360.850006|363.399994|356.149994|360.220001|988100|0.9956181446|358.641571
2026-06-12|10|GE|334.559998|336.859985|328.470001|335.299988|4377500|0.9987550328|334.882538
2026-06-12|11|HON|222.000002|225.520005|219.160002|220.310004|4660000|1.0456302247|230.362808
2026-06-12|12|HPQ|24.680000|25.309999|24.020000|25.240000|10808300|1.0000000000|25.240000
2026-06-12|13|IBM|278.940002|278.940002|267.679993|272.239990|5748900|0.9928776129|270.300995
2026-06-12|14|IP|35.439999|36.220001|34.639999|36.150002|9354600|0.9887402721|35.742962
2026-06-12|15|JNJ|240.000000|240.910004|237.520004|240.869995|6459400|0.9950922943|239.687866
2026-06-12|16|KO|82.709999|82.889999|81.870003|82.620003|11757700|0.9935850886|82.090004
2026-06-12|17|KR|64.059998|64.760002|64.019997|64.709999|5040200|0.9931853922|64.269028
2026-06-12|18|LMT|547.000000|550.859985|538.309998|540.330017|1029400|1.0000000000|540.330017
2026-06-12|19|MMM|159.869995|159.990005|156.270004|158.320007|4576700|0.9956414843|157.629959
2026-06-12|20|MO|71.690002|72.019997|71.139999|71.940002|8409100|0.9852654995|70.880005
2026-06-12|21|MRK|121.500000|121.900002|118.830002|119.050003|10926900|0.9928601430|118.200005
2026-06-12|22|MSI|413.130005|413.829987|407.769989|412.250000|602500|0.9970118292|411.018127
2026-06-12|23|PG|149.380005|150.199997|148.300003|149.610001|6832000|0.9925903246|148.501434
2026-06-12|24|XOM|145.630005|148.910004|145.149994|147.009995|17713100|0.9935665212|146.064209
2026-06-12|25|RTX|184.690002|184.869995|181.869995|183.529999|3348400|0.9966890420|182.922333
2026-06-12|26|MCD|286.000000|287.660004|284.029999|284.809998|4028800|1.0000000000|284.809998
2026-06-12|27|AXP|321.799988|325.619995|319.079987|325.440002|2223000|0.9972701149|324.551575
2026-06-12|28|BMY|57.450001|57.599998|56.770000|57.130001|7840600|0.9888377035|56.492298
2026-06-12|29|DD|47.490000|48.260000|47.130000|48.260000|2934399|3.0000000000|144.779999
2026-06-12|30|DE|569.539978|578.530029|567.250000|577.479980|854100|0.9974147424|575.987061
2026-06-12|31|EMR|143.880005|144.660004|141.380005|143.070007|2213400|0.9966201816|142.586456
2026-06-12|32|ETN|396.549988|399.130005|388.339996|391.390015|2175100|0.9975456838|390.429413
2026-06-12|33|ETR|110.019997|111.150002|110.019997|111.110001|2718800|0.9940658321|110.450653
2026-06-12|34|F|14.750000|15.000000|14.610000|14.840000|42162200|0.9892857143|14.681000
2026-06-12|35|HAL|39.360001|40.139999|39.310001|39.599998|10683800|1.0000000000|39.599998
2026-06-12|36|LLY|1165.000000|1169.989990|1132.810059|1133.000000|2438400|0.9985690653|1131.378784
2026-06-12|37|PCG|16.860001|17.030001|16.820000|16.950001|9427400|0.9970997679|16.900841
2026-06-12|38|PEP|143.800003|144.360001|142.410004|144.270004|6781700|1.0000000000|144.270004
2026-06-12|39|PFE|26.290001|26.490000|26.110001|26.209999|38773000|0.9828068774|25.759367
2026-06-12|40|TXN|298.989990|303.029999|295.850006|301.119995|5368300|0.9949060125|299.586090
2026-06-12|41|WFC|82.930000|84.099998|82.620003|83.730003|10526000|0.9942915856|83.252037
2026-06-12|42|HUBB|473.730011|479.220001|468.760010|476.890015|436907|1.0000000000|476.890015
2026-06-12|43|WMT|120.589996|121.610001|119.529999|121.040001|14753500|0.9976117102|120.750923
2026-06-12|44|AIG|75.089996|76.250000|74.809998|75.739998|2612300|0.9933984683|75.239998
2026-06-12|45|AVY|160.330002|161.300003|158.509995|159.250000|852500|1.0000000000|159.250000
2026-06-12|46|BAC|55.360001|56.189999|55.259998|56.020000|32989000|1.0000000000|56.020000
2026-06-12|47|BALL|56.970001|57.439999|56.360001|56.980000|2336600|1.0000000000|56.980000
2026-06-12|48|BDX|147.940002|149.000000|144.399994|146.240005|1966900|1.0000000000|146.240005
2026-06-12|49|CLX|98.900002|99.239998|96.599998|96.820000|1954100|0.9884526559|95.701988
2026-06-12|50|CMI|664.000000|666.739990|655.679993|659.580017|595300|0.9962915514|657.134033
2026-06-12|51|CMS|73.160004|73.709999|72.959999|73.570000|2482400|0.9919943817|72.981026
2026-06-12|52|CVS|100.889999|102.769997|100.010002|101.959999|11178400|0.9938471504|101.332649
2026-06-12|53|ECL|267.700012|268.000000|261.760010|265.410004|1935300|0.9972820015|264.688629
2026-06-12|54|ES|67.830002|68.820000|67.330002|68.690002|3246300|1.0000000000|68.690002
2026-06-12|55|EVRG|83.029999|83.980003|83.029999|83.849998|1408100|0.9917192899|83.155663
2026-06-12|56|GWW|1320.540039|1329.760010|1304.979980|1315.869995|191100|0.9980509570|1313.305298
2026-06-12|57|LNT|72.830002|73.419998|72.779999|73.110001|1553700|0.9924530963|72.558250
2026-06-12|58|MKC|49.099998|49.330002|48.560001|48.950001|2671700|0.9910196447|48.510414
2026-06-12|59|MRSH|167.889999|170.149994|166.759995|168.679993|2541600|0.9943746806|167.731110
2026-06-12|60|NEE|85.190002|86.019997|84.879997|85.989998|9973600|1.0000000000|85.348190
2026-06-12|61|NI|46.849998|47.320000|46.799999|47.209999|3028900|0.9933436876|46.895756
2026-06-12|62|PNW|102.790001|103.730003|102.660004|103.440002|718000|0.9909892067|102.507927
2026-06-12|63|RVTY|102.339996|103.599998|98.419998|99.660004|927400|0.9993733214|99.597549
2026-06-12|64|SNA|387.089996|390.220001|381.429993|387.480011|272600|0.9938338681|385.090759
2026-06-12|65|SPGI|415.230005|419.979989|409.329992|418.909990|1761900|0.9439543647|395.431915
2026-06-12|66|TER|381.940002|408.000000|380.000000|403.200012|3322900|1.0000000000|403.200012
2026-06-12|67|TGT|133.449997|136.139999|133.449997|135.229996|4803300|0.9923829532|134.199936
2026-06-12|68|TXT|94.379997|94.470001|92.199997|92.820000|1448500|1.0000000000|92.820000
2026-06-12|69|VMC|284.779999|288.630005|280.940002|286.470001|915100|0.9981453742|285.938721
2026-06-12|70|XEL|78.419998|79.290001|78.320000|79.220001|5931200|0.9925145167|78.626999
2026-06-12|71|ITW|256.679993|257.480011|254.149994|257.429993|817900|0.9939806334|255.880432
2026-06-12|72|CL|89.440002|90.070000|88.580002|89.449997|3719000|0.9942998496|88.940117
2026-06-12|73|EXC|45.619999|46.400002|45.619999|46.209999|6380000|1.0000000000|46.209999
2026-06-12|74|MDT|80.580002|80.739998|79.260002|80.199997|7692400|0.9910581218|79.482857
2026-06-12|75|BNY|143.630005|145.020004|142.649994|143.979996|2347500|0.9960354919|143.409195
2026-06-12|76|EIX|72.550003|73.309998|72.180000|72.949997|1618300|0.9882683051|72.094170
2026-06-12|77|FRT|125.680000|126.410004|125.160004|125.839996|804300|0.9908457552|124.688026
2026-06-12|78|PNR|73.809998|74.330002|72.820000|73.800003|1682400|0.9956500725|73.478973
2026-06-12|79|USB|58.320000|59.290001|58.080002|58.939999|9179700|0.9915143601|58.439857
2026-06-12|80|WY|24.700001|25.320000|24.590000|24.850000|6757300|1.0000000000|24.850000
2026-06-12|81|SYY|80.199997|80.199997|78.949997|79.190002|2490800|0.9934155392|78.668579
2026-06-12|82|WRB|67.199997|68.290001|66.839996|68.269997|1799500|0.9910634494|67.659897
2026-06-12|83|IFF|78.629997|78.930000|77.629997|78.269997|1816600|0.9947403026|77.858322
2026-06-12|84|TAP|41.330002|41.720001|40.490002|41.580002|3597200|1.0000000000|41.100925
2026-06-12|85|PNC|235.500000|238.320007|234.130005|237.660004|1859400|0.9920904849|235.780228
2026-06-12|86|TRV|301.269989|306.369995|297.010010|304.459991|2024500|1.0000000000|304.459991
2026-06-12|87|C|139.750000|141.119995|138.210007|139.830002|10359700|0.9949414872|139.122665
2026-06-12|88|FDX|342.000000|342.809998|335.000000|338.309998|1176600|0.9962599634|337.044708
2026-06-12|89|WDC|541.989990|572.289978|531.960022|562.929993|6285300|1.0000000000|562.929993
2026-06-12|90|DHR|181.449997|182.639999|179.500000|180.100006|3126700|0.9979297139|179.727142
2026-06-12|91|APA|36.290001|37.650002|36.200001|37.020000|4469300|0.9930109031|36.761265
2026-06-12|92|LUV|44.990002|45.700001|44.000000|45.470001|6520200|1.0000000000|45.470001
2026-06-12|93|PEG|79.139999|80.040001|79.110001|79.699997|2563500|1.0000000000|79.699997
2026-06-12|94|UNP|269.970001|273.739990|267.750000|272.700012|1927100|1.0000000000|272.700012
2026-06-12|95|ABT|89.620003|90.290001|87.070000|88.180000|13758700|0.9929181654|87.555527
2026-06-12|96|ADI|411.950012|422.230011|406.399994|417.790009|2997500|1.0000000000|417.790009
2026-06-12|97|ADM|79.169998|80.250000|78.180000|80.239998|2033500|0.9936931471|79.733940
2026-06-12|98|ADP|224.179993|227.199997|221.839996|226.210007|2189800|1.0000000000|226.210007
2026-06-12|99|AFL|116.550003|118.389999|115.660004|117.800003|2576900|0.9949889100|117.209694
2026-06-12|100|AMAT|548.619995|569.950012|544.070007|567.250000|8055800|0.9989318178|566.644104
2026-06-12|101|AMD|499.690002|521.710022|494.000000|511.570007|31553100|1.0000000000|511.570007
2026-06-12|102|APD|280.000000|287.070007|279.570007|281.619995|1239500|0.9938263181|279.881378
2026-06-12|103|BF-B|26.709999|27.080000|26.450001|27.010000|2186600|1.0000000000|27.010000
2026-06-12|104|CHD|97.419998|97.639999|96.129997|97.559998|1359100|0.9969601263|97.263428
2026-06-12|105|CINF|169.229996|169.830002|166.800003|169.009995|600300|0.9945494610|168.088791
2026-06-12|106|CMCSA|24.000000|24.510000|23.910000|24.500000|26314500|0.9865580444|24.170671
2026-06-12|107|D|67.220001|68.129997|67.120003|67.910004|5831000|1.0000000000|67.910004
2026-06-12|108|DOV|220.779999|221.330002|216.289993|217.429993|1301500|1.0000000000|217.429993
2026-06-12|109|DUK|124.690002|125.489998|124.230003|124.970001|2451300|0.9912844404|123.880814
2026-06-12|110|EFX|160.869995|164.179993|157.509995|163.710007|2416200|1.0000000000|163.710007
2026-06-12|111|EQT|51.520000|52.290001|51.250000|51.939999|5227800|0.9968732234|51.777592
2026-06-12|112|FITB|53.799999|54.889999|53.730000|54.730000|7090800|0.9929552658|54.344440
2026-06-12|113|GIS|33.930000|34.520000|33.799999|34.509998|6533300|0.9829846576|33.922798
2026-06-12|114|GPC|103.220001|103.830002|101.430000|103.750000|1514900|1.0000000000|103.750000
2026-06-12|115|HAS|84.199997|84.750000|83.370003|83.900002|1046500|0.9925523990|83.275146
2026-06-12|116|HBAN|17.379999|17.610001|17.290001|17.520000|26327000|0.9910508082|17.363211
2026-06-12|117|HRL|24.410000|24.820000|24.299999|24.750000|2648100|0.9881520418|24.456762
2026-06-12|118|HST|24.629999|24.889999|24.490000|24.889999|7626200|0.9630818621|23.971106
2026-06-12|119|HSY|182.270004|183.699997|180.910004|181.660004|1486100|0.9921985814|180.242798
2026-06-12|120|INTC|117.419998|127.599998|115.330002|124.570000|151169400|1.0000000000|124.570000
2026-06-12|121|J|126.820000|128.779999|125.820000|127.000000|1295800|0.9975665811|126.690956
2026-06-12|122|JPM|315.970001|321.299988|315.549988|320.720001|7426200|0.9955152929|319.281677
2026-06-12|123|KMB|102.000000|103.220001|101.099998|102.290001|3489400|1.0000000000|102.290001
2026-06-12|124|L|107.709999|108.410004|106.919998|108.120003|760300|0.9994397510|108.059433
2026-06-12|125|LEN|93.190002|94.440002|89.680000|90.300003|6260900|0.9940723176|89.764732
2026-06-12|126|LOW|222.770004|223.559998|219.279999|220.779999|2434300|0.9938577955|219.423920
2026-06-12|127|MAS|74.389999|74.910004|73.370003|74.029999|1808800|0.9956337837|73.706764
2026-06-12|128|MTB|229.649994|232.029999|229.179993|231.880005|1027600|1.0000000000|231.880005
2026-06-12|129|NEM|98.730003|100.699997|97.370003|100.230003|7710100|1.0000000000|100.230003
2026-06-12|130|NTRS|172.800003|175.110001|172.029999|174.339996|955400|1.0000000000|174.339996
2026-06-12|131|NUE|264.799988|268.799988|264.350006|266.350006|1204200|0.9975500919|265.697479
2026-06-12|132|OMC|76.199997|77.650002|75.080002|76.680000|3315100|1.0000000000|76.680000
2026-06-12|133|PCAR|118.250000|119.099998|117.000000|118.519997|2618200|0.9973590885|118.206993
2026-06-12|134|PGR|203.220001|203.610001|200.000000|203.110001|1994200|0.9995561474|203.019852
2026-06-12|135|PH|911.369995|913.520020|896.020020|903.479980|553600|1.0000000000|903.479980
2026-06-12|136|PHM|123.629997|124.389999|122.059998|123.169998|1289000|0.9978834255|122.909302
2026-06-12|137|PPG|120.870003|121.980003|118.720001|119.339996|1788100|0.9938189109|118.602348
2026-06-12|138|PPL|35.500000|35.980000|35.470001|35.849998|7127400|1.0000000000|35.849998
2026-06-12|139|RF|29.150000|29.400000|29.010000|29.270000|10057600|1.0000000000|29.270000
2026-06-12|140|ROL|47.070000|47.240002|46.470001|47.189999|2626600|0.9951510336|46.961178
2026-06-12|141|SHW|321.480011|323.570007|316.910004|317.299988|1954100|0.9976939264|316.568268
2026-06-12|142|STT|166.000000|168.289993|165.419998|167.630005|2184900|0.9950471700|166.799759
2026-06-12|143|SWK|83.500000|84.449997|82.489998|83.620003|1522900|1.0000000000|83.620003
2026-06-12|144|SYK|308.279999|314.269989|306.390015|312.200012|3182300|0.9973375287|311.368774
2026-06-12|145|TMO|478.239990|481.920013|467.630005|469.339996|2389700|0.9989985938|468.869995
2026-06-12|146|TPL|367.500000|389.649994|366.600006|378.910004|341500|1.0000000000|378.910004
2026-06-12|147|TSN|56.130001|57.919998|56.080002|57.430000|4470400|1.0000000000|57.430000
2026-06-12|148|TT|464.170013|465.369995|454.170013|458.250000|1232800|1.0000000000|458.250000
2026-06-12|149|TYL|292.910004|298.899994|285.859985|298.839996|712800|1.0000000000|298.839996
2026-06-12|150|UDR|39.200001|39.540001|39.189999|39.400002|3194900|0.9926177659|39.109138
2026-06-12|151|VTRS|16.469999|16.629999|16.330000|16.480000|6231300|0.9925558317|16.357321
2026-06-12|152|WEC|113.379997|114.419998|112.620003|113.440002|1903500|0.9913583604|112.459694
2026-06-12|153|WST|333.269989|333.399994|327.429993|328.820007|465300|0.9993471810|328.605347
2026-06-12|154|NDSN|288.149994|289.029999|286.000000|288.209991|260600|0.9971745572|287.395660
2026-06-12|155|TFC|50.930000|51.770000|50.930000|51.660000|9181700|0.9901868280|51.153049
2026-06-12|156|WELL|212.220001|214.919998|211.949997|214.229996|2264100|0.9962391044|213.424301
2026-06-12|157|AON|335.000000|338.200012|330.809998|335.309998|1377900|0.9977256968|334.547424
2026-06-12|158|GL|165.740005|168.270004|164.610001|166.759995|451300|0.9981716439|166.455093
2026-06-12|159|OKE|88.900002|91.580002|88.489998|90.589996|3022900|0.9882171564|89.522591
2026-06-12|160|KLAC|237.600006|254.929993|236.000000|254.539993|10056600|0.9988709994|254.252625
2026-06-12|161|CSX|47.799999|48.029999|47.439999|47.570000|11393700|1.0000000000|47.570000
2026-06-12|162|PSA|325.519989|328.570007|323.989990|325.940002|876100|0.9907958521|322.940002
2026-06-12|163|NKE|46.290001|46.310001|44.849998|44.930000|16524300|1.0000000000|44.930000
2026-06-12|164|AAPL|296.029999|297.140015|289.619995|291.130005|38742100|0.9991382887|290.879150
2026-06-12|165|BRO|59.980000|60.599998|59.040001|59.990002|2029400|0.9976903696|59.851448
2026-06-12|166|UHS|146.300003|147.800003|145.240005|146.419998|677200|1.0000000000|146.419998
2026-06-12|167|HD|328.500000|331.019989|325.290009|328.390015|3649000|1.0000000000|328.390015
2026-06-12|168|BAX|20.670000|20.889999|20.250000|20.860001|7622400|1.0000000000|20.851955
2026-06-12|169|COP|114.250000|118.510002|113.800003|116.980003|6616300|0.9933743492|116.204933
2026-06-12|170|GLW|178.000000|180.770004|173.410004|179.199997|9305000|1.0000000000|179.199997
2026-06-12|171|HUM|370.739990|379.500000|365.510010|379.220001|980000|0.9976462766|378.327423
2026-06-12|172|LHX|312.929993|313.299988|306.000000|307.790009|878300|1.0000000000|307.790009
2026-06-12|173|NOC|553.000000|554.059998|546.989990|550.330017|800700|1.0000000000|550.330017
2026-06-12|174|OXY|54.740002|57.320000|54.599998|56.540001|10461000|1.0000000000|56.540001
2026-06-12|175|ROK|462.329987|463.880005|455.989990|459.339996|528700|0.9969290339|457.929382
2026-06-12|176|SLB|56.490002|56.869999|55.689999|56.180000|11980000|1.0000000000|56.180000
2026-06-12|177|SO|93.589996|94.680000|93.230003|94.000000|8748200|0.9918103451|93.230171
2026-06-12|178|WMB|71.120003|72.919998|70.690002|72.080002|5518500|1.0000000000|72.080002
2026-06-12|179|VLO|251.779999|262.329987|251.000000|258.670013|2203200|0.9961502678|257.674194
2026-06-12|180|CI|296.220001|299.269989|295.250000|298.000000|1324100|1.0000000000|298.000000
2026-06-12|181|NSC|311.570007|315.959991|310.380005|313.910004|532800|0.9960579337|312.672546
2026-06-12|182|COO|68.089996|68.180000|66.410004|67.879997|1972500|1.0000000000|67.879997
2026-06-12|183|AMGN|357.399994|358.170013|351.959991|355.200012|2730100|0.9941899340|353.136261
2026-06-12|184|RJF|151.089996|155.580002|150.259995|154.399994|1181100|0.9964480694|153.851578
2026-06-12|185|WSM|222.130005|224.330002|218.699997|223.539993|1489700|0.9966722130|222.796097
2026-06-12|186|CAH|222.470001|224.880005|222.110001|223.850006|2198400|0.9978279171|223.363785
2026-06-12|187|CTAS|181.880005|182.500000|174.979996|176.279999|2055200|0.9974090682|175.823273
2026-06-12|188|PAYX|99.269997|100.989998|98.110001|100.629997|2639300|0.9896951856|99.593025
2026-06-12|189|BEN|31.980000|32.450001|31.840000|32.130001|3252400|0.9900632337|31.810734
2026-06-12|190|AOS|59.150002|59.619999|58.419998|59.080002|1646700|0.9939809398|58.724396
2026-06-12|191|CASY|920.000000|927.299988|885.440002|895.140015|491100|0.9992507205|894.469299
2026-06-12|192|T|23.100000|23.610001|23.070000|23.580000|38879400|0.9867870728|23.268438
2026-06-12|193|VZ|47.410000|48.209999|47.000000|48.110001|21956900|0.9832386370|47.303612
2026-06-12|194|JBHT|292.149994|292.440002|287.019989|289.359985|551000|0.9983161833|288.872742
2026-06-12|195|ATO|168.220001|169.990005|167.770004|169.960007|1540700|0.9940065930|168.941360
2026-06-12|196|LRCX|359.390015|373.820007|354.890015|366.809998|9253300|0.9992960416|366.551788
2026-06-12|197|MU|971.809998|1012.619995|960.190002|981.609985|40785200|0.9998462422|981.459045
2026-06-12|198|AJG|220.789993|222.399994|217.220001|218.690002|1790800|1.0000000000|218.690002
2026-06-12|199|AME|228.339996|229.149994|225.389999|227.119995|1422100|0.9985029940|226.779984
2026-06-12|200|SWKS|72.349998|74.190002|71.269997|73.970001|2261700|1.0000000000|73.970001
2026-06-12|201|EXPD|168.240005|168.520004|165.289993|166.619995|866000|1.0000000000|166.619995
2026-06-12|202|UNH|409.010010|409.890015|404.809998|408.519989|7269600|0.9943209633|406.200012
2026-06-12|203|BBY|77.790001|78.940002|77.070000|78.529999|2907900|0.9868673048|77.498688
2026-06-12|204|DOC|20.389999|20.799999|20.389999|20.690001|5278000|0.9857012064|20.394159
2026-06-12|205|ADSK|206.600006|208.740005|194.470001|198.429993|5631600|1.0000000000|198.429993
2026-06-12|206|DVN|44.180000|45.540001|44.009998|45.310001|14816500|0.9929375416|44.990002
2026-06-12|207|NVR|6501.000000|6525.000000|6374.930176|6374.930176|23400|1.0000000000|6374.930176
2026-06-12|208|ROST|241.360001|242.809998|239.160004|240.130005|2927200|1.0000000000|240.130005
2026-06-12|209|JKHY|125.959999|128.830002|124.629997|128.229996|1411600|1.0000000000|128.229996
2026-06-12|210|MNST|92.629997|93.080002|91.599998|92.830002|4619600|0.5000000000|92.830002
2026-06-12|211|ORCL|185.009995|185.580002|179.000000|184.130005|29562300|0.9965330745|183.491638
2026-06-12|212|MSFT|391.429993|391.739990|382.269989|390.739990|34865800|0.9981210382|390.005798
2026-06-12|213|TROW|109.099998|110.510002|108.750000|109.639999|2020900|0.9881430134|108.340004
2026-06-12|214|COST|975.520020|984.780029|970.000000|982.349976|1737300|0.9984126298|980.790588
2026-06-12|215|ADBE|202.399994|205.649994|196.899994|204.020004|25030700|1.0000000000|204.020004
2026-06-12|216|FISV|53.209999|54.040001|52.380001|53.779999|4340000|1.0000000000|53.779999
2026-06-12|217|BKR|63.180000|63.799999|62.500000|63.139999|7098300|0.9963346614|62.908569
2026-06-12|218|CDNS|381.220001|389.799988|375.940002|384.959991|1366100|1.0000000000|384.959991
2026-06-12|219|TJX|169.500000|169.850006|166.990005|168.410004|4875300|0.9968547277|167.880310
2026-06-12|220|FICO|1196.119995|1199.709961|1163.619995|1179.189941|289100|1.0000000000|1179.189941
2026-06-12|221|CCL|28.740000|29.200001|27.930000|29.180000|29553300|0.9947898578|29.027967
2026-06-12|222|FAST|46.590000|47.160000|46.290001|46.570000|4629300|0.9945424013|46.315842
2026-06-12|223|SCHW|89.529999|92.209999|89.250000|91.099998|11399400|0.9970924949|90.835121
2026-06-12|224|JCI|145.830002|146.279999|143.529999|144.960007|2809300|0.9972406182|144.559998
2026-06-12|225|COHR|374.269989|394.500000|354.190002|385.029999|5386600|1.0000000000|385.029999
2026-06-12|226|KEY|22.570000|22.790001|22.500000|22.700001|12028500|1.0000000000|22.700001
2026-06-12|227|MOS|21.500000|22.850000|21.350000|22.690001|14295800|1.0000000000|22.690001
2026-06-12|228|MGM|48.150002|49.360001|47.939999|48.970001|4814400|1.0000000000|48.970001
2026-06-12|229|WM|218.750000|220.520004|218.029999|219.449997|3062100|1.0000000000|219.449997
2026-06-12|230|TECH|54.060001|54.619999|53.290001|54.000000|2558200|0.9988938053|53.940266
2026-06-12|231|IEX|218.550003|219.320007|216.179993|218.490005|477300|0.9967384506|217.777390
2026-06-12|232|GEN|23.969999|24.330000|23.570000|24.320000|4831400|0.9956109550|24.213259
2026-06-12|233|CRH|106.940002|107.309998|104.720001|106.480003|3859900|0.9960081882|106.054955
2026-06-12|234|EOG|135.559998|138.820007|134.449997|136.649994|3652900|0.9926332518|135.643326
2026-06-12|235|PTC|118.279999|118.709999|108.500000|113.680000|3869300|1.0000000000|113.680000
2026-06-12|236|CSCO|122.349998|122.790001|120.730003|121.099998|18222800|0.9962729613|120.648659
2026-06-12|237|LH|266.500000|267.809998|263.130005|266.160004|483400|1.0000000000|265.590576
2026-06-12|238|TRMB|50.000000|50.570000|49.169998|50.419998|2706800|1.0000000000|50.419998
2026-06-12|239|AZO|3100.000000|3135.000000|3050.389893|3116.300049|142500|1.0000000000|3116.300049
2026-06-12|240|REGN|613.109985|616.549988|605.010010|612.140015|717700|0.9988336456|611.426025
2026-06-12|241|IDXX|558.440002|561.739990|552.229980|560.880005|516600|1.0000000000|560.880005
2026-06-12|242|AES|14.680000|14.710000|14.660000|14.680000|5948400|0.9881481485|14.506015
2026-06-12|243|VRTX|440.019989|447.700012|440.019989|444.929993|924200|1.0000000000|444.929993
2026-06-12|244|ZBRA|222.750000|228.770004|220.710007|228.419998|584200|1.0000000000|228.419998
2026-06-12|245|BIIB|200.570007|203.449997|199.059998|200.050003|837300|1.0000000000|200.050003
2026-06-12|246|ODFL|247.809998|248.940002|241.869995|245.750000|1075100|1.0000000000|245.750000
2026-06-12|247|APH|153.770004|155.289993|151.779999|153.800003|9393000|0.9984936130|153.568314
2026-06-12|248|KIM|25.770000|26.080000|25.670000|25.910000|6563200|1.0000000000|25.910000
2026-06-12|249|QCOM|201.850006|215.009995|200.100006|211.720001|14123700|1.0000000000|211.720001
2026-06-12|250|GILD|126.129997|126.510002|124.290001|125.589996|5214600|0.9934708175|124.769989
2026-06-12|251|ROP|331.359985|337.640015|329.690002|334.970001|1127700|0.9974983506|334.132019
2026-06-12|252|SNPS|457.089996|461.089996|445.010010|453.890015|1289500|1.0000000000|453.890015
2026-06-12|253|STZ|143.199997|149.570007|143.119995|148.509995|2183400|0.9921821632|147.348969
2026-06-12|254|BSX|47.599998|47.799999|45.990002|46.910000|16762400|1.0000000000|46.910000
2026-06-12|255|STE|208.110001|209.360001|205.130005|207.559998|628300|1.0000000000|207.559998
2026-06-12|256|DHI|154.210007|155.619995|152.169998|154.089996|2404000|0.9970287223|153.632156
2026-06-12|257|LIN|518.400024|525.820007|517.190002|523.570007|2191200|1.0000000000|523.570007
2026-06-12|258|SBUX|102.779999|103.690002|101.800003|103.040001|5305500|0.9942883465|102.451469
2026-06-12|259|MS|215.050003|217.619995|212.660004|214.039993|4694300|0.9945253736|212.868210
2026-06-12|260|INTU|276.019989|276.859985|268.010010|276.730011|5153700|0.9955898568|275.509583
2026-06-12|261|MCHP|92.959999|95.699997|91.900002|95.239998|8384800|0.9940194534|94.670410
2026-06-12|262|CB|325.619995|328.649994|319.709991|328.140015|1595300|1.0000000000|328.140015
2026-06-12|263|ORLY|90.099998|91.269997|88.480003|91.019997|6523200|1.0000000000|91.019997
2026-06-12|264|RCL|289.000000|294.779999|283.450012|294.380005|2003500|1.0000000000|294.380005
2026-06-12|265|JBL|379.399994|386.640015|374.779999|384.820007|978100|0.9997839939|384.736877
2026-06-12|266|ALL|219.139999|221.940002|218.289993|221.630005|1023100|1.0000000000|221.630005
2026-06-12|267|CPT|114.660004|116.160004|114.389999|114.980003|989000|0.9909199930|113.935989
2026-06-12|268|VMRK|67.050003|67.349998|66.750000|67.339996|2315500|0.9897192157|66.647690
2026-06-12|269|IT|146.110001|149.009995|143.490005|148.169998|1139900|1.0000000000|148.169998
2026-06-12|270|DECK|116.500000|116.500000|113.680000|113.830002|1487900|1.0000000000|113.830002
2026-06-12|271|REG|80.470001|81.040001|79.949997|80.279999|1370900|1.0000000000|80.279999
2026-06-12|272|INCY|107.830002|109.639999|106.529999|108.529999|1488900|1.0000000000|108.529999
2026-06-12|273|SPG|216.990005|220.440002|216.500000|219.039993|1965400|1.0000000000|219.039993
2026-06-12|274|MAA|138.679993|140.160004|138.270004|138.929993|975200|0.9885547570|137.339905
2026-06-12|275|MLM|572.179993|578.739990|565.000000|577.330017|473500|1.0000000000|577.330017
2026-06-12|276|TSCO|31.280001|31.450001|30.920000|31.250000|11955300|0.9931389364|31.035591
2026-06-12|277|ALB|161.580002|174.330002|161.580002|170.419998|3265100|1.0000000000|170.419998
2026-06-12|278|CPRT|31.059999|31.150000|30.450001|30.750000|8868100|1.0000000000|30.750000
2026-06-12|279|FLEX|149.669998|152.520004|148.360001|149.710007|5115000|1.0000000000|149.710007
2026-06-12|280|ESS|281.269989|284.070007|280.730011|283.750000|377200|0.9912479300|281.266602
2026-06-12|281|O|62.180000|62.840000|62.160000|62.720001|5768600|0.9915131085|62.187702
2026-06-12|282|MCO|445.000000|448.480011|438.170013|447.850006|672300|0.9978911593|446.905579
2026-06-12|283|SJM|117.739998|117.739998|114.790001|116.489998|1600600|0.9907154105|115.408432
2026-06-12|284|MCK|790.710022|796.539978|782.469971|784.049988|608800|1.0000000000|784.049988
2026-06-12|285|COF|184.029999|185.500000|181.699997|184.729996|4172100|0.9964810416|184.079941
2026-06-12|286|EME|817.130005|831.799988|811.440002|823.049988|247000|0.9994836978|822.625061
2026-06-12|287|DLTR|115.580002|116.120003|113.089996|114.000000|1861400|1.0000000000|114.000000
2026-06-12|288|COR|282.630005|283.839996|279.619995|281.670013|1061900|0.9980645786|281.124878
2026-06-12|289|DRI|213.250000|214.139999|209.720001|211.470001|1119300|0.9919770205|209.773392
2026-06-12|290|RMD|194.970001|197.100006|192.520004|194.779999|1085600|0.9971385215|194.222641
2026-06-12|291|WAB|264.690002|265.250000|261.239990|265.200012|622600|0.9989689007|264.926575
2026-06-12|292|FCX|67.209999|68.919998|66.830002|68.410004|12609400|0.9975786925|68.244362
2026-06-12|293|IVZ|28.639999|29.129999|28.480000|28.920000|3024800|0.9933559952|28.727856
2026-06-12|294|ACGL|91.180000|91.809998|90.230003|91.660004|2001000|1.0000000000|91.660004
2026-06-12|295|ERIE|226.860001|230.000000|222.559998|226.669998|138500|0.9943102712|225.380310
2026-06-12|296|EG|339.459991|339.910004|333.600006|339.399994|403000|1.0000000000|339.399994
2026-06-12|297|DVA|204.809998|211.800003|204.059998|208.660004|936600|1.0000000000|208.660004
2026-06-12|298|HSIC|80.559998|82.169998|79.610001|81.250000|1122200|1.0000000000|81.250000
2026-06-12|299|EL|87.839996|89.930000|87.839996|89.680000|2798100|1.0000000000|89.680000
2026-06-12|300|WAT|359.820007|365.000000|354.779999|355.529999|780900|1.0000000000|355.529999
2026-06-12|301|NTAP|159.500000|163.059998|156.410004|161.610001|1774600|0.9969719908|161.120636
2026-06-12|302|HIG|128.550003|129.679993|127.410004|129.619995|1325600|1.0000000000|129.619995
2026-06-12|303|IRM|125.739998|127.949997|125.529999|127.239998|928200|0.9932096824|126.375992
2026-06-12|304|BRK-B|486.670013|489.989990|484.510010|489.250000|4591300|1.0000000000|489.250000
2026-06-12|305|FDS|237.000000|243.240005|231.149994|241.160004|2059000|1.0000000000|241.160004
2026-06-12|306|STLD|283.739990|285.880005|279.649994|282.760010|799500|0.9977371702|282.120178
2026-06-12|307|DGX|205.529999|205.960007|202.380005|203.059998|898800|0.9959506546|202.237732
2026-06-12|308|CIEN|445.220001|458.470001|440.709991|445.980011|2665200|1.0000000000|445.980011
2026-06-12|309|TTWO|211.259995|213.259995|209.000000|211.750000|1495200|1.0000000000|211.750000
2026-06-12|310|VTR|84.559998|85.019997|83.940002|84.599998|2976900|0.9941769319|84.107368
2026-06-12|311|AMZN|243.210007|243.360001|233.589996|238.550003|51186600|1.0000000000|238.550003
2026-06-12|312|ARE|52.639999|54.349998|52.560001|53.169998|1352700|0.9870480303|52.481342
2026-06-12|313|RL|400.000000|405.489990|396.130005|403.980011|794800|0.9975616297|402.994965
2026-06-12|314|BXP|66.300003|67.269997|65.959999|66.279999|1421600|0.9895631429|65.588249
2026-06-12|315|FIX|1849.219971|1912.869995|1845.189941|1877.609985|451700|0.9994824076|1876.638062
2026-06-12|316|YUM|154.559998|155.100006|153.009995|154.309998|1654000|1.0000000000|154.309998
2026-06-12|317|CHRW|194.479996|195.000000|191.770004|193.740005|1032700|1.0000000000|193.740005
2026-06-12|318|FE|47.000000|47.360001|46.570000|47.029999|3227600|0.9901836603|46.568336
2026-06-12|319|MTD|1146.349976|1157.760010|1122.709961|1131.489990|116100|1.0000000000|1131.489990
2026-06-12|320|PLD|148.410004|149.699997|147.850006|148.740005|2452700|0.9927946128|147.668274
2026-06-12|321|URI|1084.420044|1087.319946|1063.150024|1074.239990|450500|0.9982773546|1072.389526
2026-06-12|322|AEE|108.699997|109.660004|108.430000|109.000000|1331500|1.0000000000|109.000000
2026-06-12|323|VRSN|280.019989|281.739990|278.609985|279.890015|513900|0.9970730649|279.070801
2026-06-12|324|PWR|688.020020|710.000000|684.000000|707.739990|1029900|0.9998472307|707.631897
2026-06-12|325|AMT|187.729996|190.139999|186.789993|187.179993|2985700|1.0000000000|187.179993
2026-06-12|326|MAR|399.390015|403.250000|396.980011|402.540009|1115800|0.9979719406|401.723633
2026-06-12|327|CTSH|51.480000|52.310001|50.430000|52.169998|6732600|0.9941706413|51.865883
2026-06-12|328|SRE|91.720001|92.959999|91.720001|92.290001|3057700|0.9929041305|91.635124
2026-06-12|329|CSGP|32.570000|33.189999|31.629999|32.840000|4914800|1.0000000000|32.840000
2026-06-12|330|RSG|207.419998|209.940002|207.169998|209.910004|1342800|0.9970890970|209.298981
2026-06-12|331|CCI|92.500000|93.650002|91.870003|92.160004|4401200|0.9884657123|91.097008
2026-06-12|332|EBAY|110.169998|110.300003|107.010002|108.610001|2857800|1.0000000000|108.280785
2026-06-12|333|NVDA|204.860001|207.070007|203.440002|205.190002|112001800|1.0000000000|205.190002
2026-06-12|334|BKNG|166.210007|168.440002|161.690002|164.940002|6491800|1.0000000000|164.940002
2026-06-12|335|GS|1053.000000|1073.739990|1048.060059|1062.750000|2206000|1.0000000000|1062.750000
2026-06-12|336|FFIV|397.890015|398.790009|390.589996|396.160004|289300|1.0000000000|396.160004
2026-06-12|337|SBAC|205.190002|207.169998|203.550003|204.789993|550000|0.9931480565|203.386780
2026-06-12|338|LII|521.239990|523.700012|508.779999|512.150024|272300|0.9976091276|510.925537
2026-06-12|339|BLK|1028.380005|1041.449951|1022.000000|1032.000000|549400|1.0000000000|1032.000000
2026-06-12|340|TKO|215.669998|216.699997|198.820007|203.360001|1889600|0.9961152636|202.570007
2026-06-12|341|AKAM|133.500000|134.619995|130.110001|133.500000|2661700|1.0000000000|133.500000
2026-06-12|342|UPS|109.970001|110.459999|107.250000|108.099998|3714500|0.9843062201|106.403503
2026-06-12|343|A|130.330002|130.419998|128.300003|129.839996|2288100|0.9980802530|129.590744
2026-06-12|344|TDY|628.289978|628.289978|617.849976|626.020020|270200|1.0000000000|626.020020
2026-06-12|345|PKG|227.160004|229.369995|223.690002|228.229996|730300|0.9934276825|226.729996
2026-06-12|346|EW|86.480003|86.510002|83.169998|85.110001|4571600|1.0000000000|85.110001
2026-06-12|347|MET|88.250000|89.440002|88.029999|88.839996|3149500|0.9938427991|88.292992
2026-06-12|348|ON|115.959999|118.589996|113.989998|116.790001|7348600|1.0000000000|116.790001
2026-06-12|349|ISRG|415.010010|415.760010|402.730011|411.059998|1777000|1.0000000000|411.059998
2026-06-12|350|CRL|186.910004|190.789993|185.160004|187.509995|493900|1.0000000000|187.509995
2026-06-12|351|MRVL|270.070007|287.980011|267.309998|279.700012|42047300|0.9997533605|279.631012
2026-06-12|352|EQIX|1048.780029|1055.880005|1043.750000|1055.849976|500200|0.9952446339|1050.828979
2026-06-12|353|TPR|149.830002|150.550003|146.070007|147.419998|2032000|1.0000000000|147.419998
2026-06-12|354|GRMN|240.000000|240.449997|236.500000|238.100006|466500|0.9955900883|237.050003
2026-06-12|355|GPN|65.949997|68.029999|65.620003|67.709999|4199800|1.0000000000|67.709999
2026-06-12|356|ALGN|176.509995|177.490005|172.429993|174.839996|574500|1.0000000000|174.839996
2026-06-12|357|WTW|261.790009|265.160004|259.649994|262.630005|588000|0.9963732529|261.677521
2026-06-12|358|MDLZ|63.320000|63.529999|62.240002|62.990002|8009400|0.9916874483|62.466396
2026-06-12|359|AXON|446.890015|450.000000|427.000000|441.730011|723100|1.0000000000|441.730011
2026-06-12|360|FIS|38.410000|39.220001|37.910000|39.200001|7218000|1.0000000000|39.200001
2026-06-12|361|ACN|168.440002|171.770004|164.649994|170.279999|4040100|0.9881186678|168.256836
2026-06-12|362|ZBH|87.160004|88.779999|86.919998|88.570000|1784500|0.9973498233|88.335274
2026-06-12|363|BG|125.620003|128.080002|124.139999|127.169998|1129400|0.9937342270|126.373184
2026-06-12|364|PFG|109.919998|111.510002|109.860001|111.120003|893700|1.0000000000|111.120003
2026-06-12|365|ELV|398.570007|404.070007|393.350006|404.070007|1553700|1.0000000000|404.070007
2026-06-12|366|CNC|64.190002|65.910004|63.270000|65.190002|4784300|1.0000000000|65.190002
2026-06-12|367|PRU|107.139999|108.559998|106.760002|108.500000|1837800|0.9885872665|107.261719
2026-06-12|368|NFLX|81.580002|82.000000|79.279999|80.339996|35309700|1.0000000000|80.339996
2026-06-12|369|NDAQ|87.879997|88.989998|86.760002|88.980003|2854100|1.0000000000|88.980003
2026-06-12|370|WYNN|108.790001|111.290001|106.830002|107.269997|1325600|0.9975578784|107.008034
2026-06-12|371|CME|263.500000|270.000000|263.450012|269.529999|2863100|1.0000000000|269.529999
2026-06-12|372|STX|880.190002|946.239990|868.140015|931.039978|3189700|0.9992874955|930.376587
2026-06-12|373|NRG|125.180000|130.000000|123.900002|125.470001|2483800|0.9964628787|125.026199
2026-06-12|374|AIZ|259.209991|261.100006|255.369995|260.989990|251200|1.0000000000|260.989990
2026-06-12|375|CBRE|132.460007|134.600006|131.949997|133.410004|1134500|1.0000000000|133.410004
2026-06-12|376|CRM|164.740005|166.539993|161.399994|165.889999|13589400|1.0000000000|165.889999
2026-06-12|377|DPZ|314.790009|324.230011|314.000000|323.880005|840500|0.9938557491|321.890015
2026-06-12|378|EXR|149.580002|151.699997|149.070007|150.600006|890100|0.9892430283|148.980011
2026-06-12|379|GOOG|361.100006|364.773010|353.339996|358.160004|17637100|1.0000000000|358.160004
2026-06-12|380|GOOGL|362.619995|366.570007|354.940002|359.679993|24704600|1.0000000000|359.679993
2026-06-12|381|DLR|183.910004|185.440002|183.190002|184.199997|2613400|0.9933767643|182.979996
2026-06-12|382|MPWR|1592.209961|1598.420044|1558.189941|1577.319946|567500|0.9984765039|1574.916870
2026-06-12|383|LVS|50.500000|51.669998|50.169998|50.669998|3713000|0.9936548222|50.348488
2026-06-12|384|DXCM|75.570000|76.250000|73.529999|75.370003|4773800|1.0000000000|75.370003
2026-06-12|385|BLDR|79.000000|79.760002|77.449997|77.769997|1451400|1.0000000000|77.769997
2026-06-12|386|WBD|26.780001|27.040001|26.520000|26.980000|16096800|1.0000000000|26.980000
2026-06-12|387|EXPE|226.350006|229.740005|220.490005|224.889999|1257400|0.9985604607|224.566269
2026-06-12|388|CF|106.370003|110.110001|106.370003|109.480003|2492800|0.9948739856|108.918808
2026-06-12|389|AMP|452.880005|463.910004|451.339996|459.130005|681900|0.9968855344|457.700073
2026-06-12|390|ICE|139.460007|140.800003|137.759995|140.529999|3172100|0.9962997224|140.009995
2026-06-12|391|PSKY|10.460000|10.530000|10.170000|10.470000|4767900|0.9952244509|10.420000
2026-06-12|392|LYV|173.910004|174.000000|170.869995|172.509995|1552200|1.0000000000|172.509995
2026-06-12|393|CMG|31.500000|32.590000|31.500000|32.230000|20467400|1.0000000000|32.230000
2026-06-12|394|UAL|114.010002|116.510002|111.830002|115.519997|5367500|1.0000000000|115.519997
2026-06-12|395|TDG|1260.959961|1265.430054|1231.010010|1256.050049|245800|1.0000000000|1256.050049
2026-06-12|396|MA|488.880005|492.369995|484.540009|489.980011|3984200|0.9983264725|489.160034
2026-06-12|397|LDOS|123.000000|124.500000|121.449997|122.160004|1199200|0.9964800263|121.730003
2026-06-12|398|FSLR|276.739990|279.179993|266.329987|267.309998|1793500|1.0000000000|267.309998
2026-06-12|399|BR|143.460007|145.320007|141.229996|144.869995|1202100|1.0000000000|144.869995
2026-06-12|400|SMCI|30.760000|31.809999|29.450001|30.459999|84317400|1.0000000000|30.459999
2026-06-12|401|TMUS|186.570007|189.639999|184.300003|189.100006|4237100|1.0000000000|188.014877
2026-06-12|402|DAL|83.160004|83.440002|80.930000|83.059998|6867900|0.9975369458|82.855415
2026-06-12|403|IBKR|90.449997|93.099998|89.949997|90.809998|4181500|1.0000000000|90.809998
2026-06-12|404|PODD|149.610001|150.600006|145.139999|149.699997|992600|1.0000000000|149.699997
2026-06-12|405|TEL|210.389999|212.330002|207.570007|210.380005|1945900|0.9961105015|209.561737
2026-06-12|406|BX|122.419998|124.980003|120.989998|122.790001|4447200|0.9899021526|121.550087
2026-06-12|407|LULU|121.989998|122.610001|118.500000|118.769997|2847700|1.0000000000|118.769997
2026-06-12|408|ULTA|480.869995|482.100006|465.309998|467.739990|699800|1.0000000000|467.739990
2026-06-12|409|MSCI|599.000000|600.809998|588.309998|599.119995|390200|0.9964362700|596.984924
2026-06-12|410|ECHO|131.130005|131.220001|106.559998|114.080002|50142900|1.0000000000|114.080002
2026-06-12|411|PM|181.000000|185.119995|180.419998|184.300003|3325800|0.9917776037|182.784607
2026-06-12|412|V|321.760010|325.929993|319.799988|322.390015|5543200|0.9981456881|321.792206
2026-06-12|413|AWK|124.739998|126.540001|124.190002|126.309998|2379700|0.9933923956|125.475395
2026-06-12|414|KDP|31.070000|31.730000|31.070000|31.709999|13011600|0.9929274294|31.485727
2026-06-12|415|SW|43.330002|43.619999|41.855000|43.320000|5863200|0.9909636146|42.928543
2026-06-12|416|AVGO|383.720001|384.980011|377.000000|382.070007|27600900|0.9984198371|381.466278
2026-06-12|417|VRSK|181.000000|184.500000|177.830002|183.800003|2199600|0.9972796518|183.300003
2026-06-12|418|DG|115.099998|116.650002|114.379997|114.800003|2619800|0.9949256041|114.217461
2026-06-12|419|FTNT|143.639999|146.380005|142.149994|146.300003|5083700|1.0000000000|146.300003
2026-06-12|420|CHTR|138.869995|146.009995|138.000000|145.820007|3367400|1.0000000000|145.820007
2026-06-12|421|FERG|230.509995|230.889999|225.580002|230.080002|1169400|0.9962829937|229.224792
2026-06-12|422|GNRC|264.709991|264.709991|255.690002|262.359985|520000|1.0000000000|262.359985
2026-06-12|423|LYB|64.190002|64.930000|62.619999|64.580002|5668800|0.9897823188|63.920143
2026-06-12|424|CBOE|295.260010|298.299988|290.649994|294.910004|1159700|1.0000000000|294.910004
2026-06-12|425|TSLA|399.489990|406.679993|386.760010|406.429993|63514500|1.0000000000|406.429993
2026-06-12|426|KKR|96.110001|98.660004|95.599998|96.239998|3937500|0.9981032973|96.057465
2026-06-12|427|NXPI|302.250000|307.220001|298.119995|304.859985|2127000|0.9966193239|303.829346
2026-06-12|428|GM|81.720001|82.129997|80.500000|81.500000|4953800|1.0000000000|81.500000
2026-06-12|429|TRGP|267.540009|274.839996|265.959991|272.600006|1173900|0.9953417306|271.330170
2026-06-12|430|CPAY|353.839996|358.290009|348.829987|356.109985|409400|1.0000000000|356.109985
2026-06-12|431|KMI|31.360001|32.240002|31.250000|31.940001|8396900|0.9907395899|31.644222
2026-06-12|432|HCA|380.600006|389.959991|378.769989|387.179993|1811000|0.9979998461|386.405579
2026-06-12|433|HII|303.290009|303.480011|296.809998|297.679993|317500|1.0000000000|296.298187
2026-06-12|434|APO|135.070007|136.320007|133.309998|133.880005|2310500|0.9957937992|133.316879
2026-06-12|435|MPC|260.910004|267.829987|259.019989|263.579987|1701500|0.9972693263|262.860229
2026-06-12|436|XYL|110.099998|110.410004|108.800003|110.080002|1429200|0.9962087815|109.662666
2026-06-12|437|APTV|68.860001|69.599998|67.739998|68.050003|1965800|1.0000000000|68.050003
2026-06-12|438|PSX|177.610001|181.869995|176.710007|179.449997|2706700|0.9947204324|178.502579
2026-06-12|439|AMCR|40.599998|40.950001|40.189999|40.599998|2976200|1.0000000000|40.599998
2026-06-12|440|META|572.950012|576.070007|560.900024|566.979980|14326400|0.9990740414|566.454956
2026-06-12|441|NOW|103.379997|103.449997|98.419998|102.150002|26049400|1.0000000000|102.150002
2026-06-12|442|PANW|276.940002|281.980011|271.489990|279.619995|6773000|1.0000000000|279.619995
2026-06-12|443|FANG|190.000000|195.429993|189.449997|192.130005|2033000|0.9945230033|191.077713
2026-06-12|444|WDAY|129.630005|131.029999|125.019997|130.800003|6670400|1.0000000000|130.800003
2026-06-12|445|ABBV|227.500000|228.399994|224.320007|227.729996|4086500|0.9929324291|226.120499
2026-06-12|446|NCLH|19.250000|19.610001|18.760000|19.430000|18440900|1.0000000000|19.430000
2026-06-12|447|ZTS|82.349998|82.400002|79.169998|79.570000|6557600|0.9930773248|79.019165
2026-06-12|448|IQV|181.160004|182.410004|177.979996|181.460007|1254300|1.0000000000|181.460007
2026-06-12|449|NWS|30.040001|30.209999|29.219999|29.260000|2240800|1.0000000000|29.260000
2026-06-12|450|NWSA|26.719999|26.750000|25.520000|25.680000|6804000|1.0000000000|25.680000
2026-06-12|451|CDW|129.130005|133.039993|127.360001|132.190002|2582600|0.9952456416|131.561523
2026-06-12|452|VEEV|162.500000|163.770004|156.220001|159.539993|1909100|1.0000000000|159.539993
2026-06-12|453|ALLE|135.229996|135.389999|133.320007|133.970001|797800|0.9958946033|133.419998
2026-06-12|454|HLT|346.040009|349.029999|344.260010|345.950012|1344500|0.9995449167|345.792572
2026-06-12|455|ARES|134.679993|137.500000|133.429993|134.899994|1500800|0.9900265958|133.554581
2026-06-12|456|ANET|160.110001|165.250000|159.134995|163.240005|6052500|1.0000000000|163.240005
2026-06-12|457|SYF|73.440002|73.709999|71.980003|73.360001|3197000|0.9957005565|73.044594
2026-06-12|458|CFG|67.449997|67.879997|66.879997|67.650002|4065200|0.9935492916|67.213608
2026-06-12|459|KEYS|343.089996|352.200012|339.398010|350.670013|1307100|1.0000000000|350.670013
2026-06-12|460|GDDY|74.589996|76.330002|71.589996|76.239998|2842900|1.0000000000|76.239998
2026-06-12|461|KHC|24.209999|24.410000|24.084999|24.389999|7921100|1.0000000000|24.389999
2026-06-12|462|PYPL|41.294998|41.590000|40.869999|41.529999|12304100|1.0000000000|41.529999
2026-06-12|463|LITE|889.424988|934.260010|863.000000|921.559998|4553700|1.0000000000|921.559998
2026-06-12|464|HPE|46.509998|49.779999|45.970001|48.169998|23521900|0.9970828234|48.029476
2026-06-12|465|XYZ|69.750000|70.150002|68.680000|69.519997|4632700|1.0000000000|69.519997
2026-06-12|466|FTV|59.630001|60.805000|59.615002|60.139999|2171900|0.9990168769|60.080875
2026-06-12|467|DELL|385.000000|408.380005|381.109985|395.570007|6059100|0.9983502671|394.917419
2026-06-12|468|TTD|18.770000|19.990000|18.312000|19.280001|30936200|1.0000000000|19.280001
2026-06-12|469|VST|148.000000|150.500000|147.000000|148.020004|4573500|0.9986015267|147.813004
2026-06-12|470|HWM|267.940002|268.029999|261.089996|264.670013|1796900|0.9995167748|264.542114
2026-06-12|471|INVH|29.600000|29.834999|29.530001|29.680000|5898600|0.9898785423|29.379595
2026-06-12|472|CVNA|67.410004|68.099998|63.744999|64.099998|10036800|1.0000000000|64.099998
2026-06-12|473|IR|73.959999|74.680000|72.995003|74.000000|2322400|0.9997640396|73.982536
2026-06-12|474|VICI|28.150000|28.530001|28.120001|28.520000|10888200|0.9834741092|28.048683
2026-06-12|475|VRT|303.480011|305.190002|295.100006|302.869995|4958100|0.9997919900|302.807007
2026-06-12|476|MRNA|49.980000|51.750000|49.619999|49.910000|5080100|1.0000000000|49.910000
2026-06-12|477|FOXA|68.730003|68.849998|64.800003|65.849998|3499400|1.0000000000|65.849998
2026-06-12|478|FOX|61.680000|61.959999|58.169998|58.919998|1534700|1.0000000000|58.919998
2026-06-12|479|DOW|33.320000|34.189999|32.750000|33.849998|15932500|1.0000000000|33.849998
2026-06-12|480|UBER|70.019997|70.230003|67.400002|68.849998|19678100|1.0000000000|68.849998
2026-06-12|481|CTVA|75.080002|76.330002|75.010002|76.139999|4116200|1.0000000000|76.139999
2026-06-12|482|CRWD|690.659973|702.169983|678.000000|682.799988|2310900|0.2500000000|170.699997
2026-06-12|483|DDOG|235.429993|236.809998|227.235001|229.899994|5754100|1.0000000000|229.899994
2026-06-12|484|CARR|70.110001|70.500000|68.735001|69.910004|4414900|0.9964168410|69.659508
2026-06-12|485|OTIS|71.000000|71.500000|70.110001|70.750000|2924200|0.9939750786|70.323738
2026-06-12|486|PLTR|130.914993|131.089996|126.650002|127.989998|35378000|1.0000000000|127.989998
2026-06-12|487|DASH|155.240005|155.705002|147.149994|150.580002|3910500|1.0000000000|150.580002
2026-06-12|488|ABNB|132.330002|132.720001|128.824997|132.279999|2615700|1.0000000000|132.279999
2026-06-12|489|EXE|87.080002|89.419998|87.080002|88.779999|3200200|0.9940278354|88.249794
2026-06-12|490|COIN|160.429993|165.490005|155.419998|159.779999|6489500|1.0000000000|159.779999
2026-06-12|491|APP|479.019989|499.799988|472.049988|496.769989|4334700|1.0000000000|496.769989
2026-06-12|492|HOOD|92.735001|96.099998|90.220001|93.190002|33030900|1.0000000000|93.190002
2026-06-12|493|CEG|249.830002|255.119995|247.649994|253.759995|3409500|0.9984651331|253.370499
2026-06-12|494|GEHC|64.610001|65.410004|63.700001|65.180000|3174800|0.9994353928|65.143196
2026-06-12|495|KVUE|18.160000|18.260000|18.000000|18.139999|14702600|0.9889763775|17.940031
2026-06-12|496|VLTO|83.050003|84.050003|82.175003|83.360001|1580300|0.9985280797|83.237297
2026-06-12|497|RDDT|172.490005|173.000000|158.360001|162.100006|5768000|1.0000000000|162.100006
2026-06-12|498|SOLV|79.320000|79.320000|77.589996|78.870003|1124600|1.0000000000|78.870003
2026-06-12|499|GEV|907.500000|943.679993|907.500000|940.659973|2787700|0.9994893113|940.179565
2026-06-12|500|SNDK|1890.979980|2021.650024|1865.109985|1980.099976|11926100|1.0000000000|1980.099976
2026-06-12|501|Q|148.860001|152.490005|147.020004|150.649994|1350700|1.0000000000|150.649994
2026-06-12|502|FDXF|180.539993|182.000000|168.110001|174.759995|1477800|1.0000000000|174.759995
