date|security_id|ticker|open|high|low|close|volume|adj_factor|adj_close_vendor
2026-06-15|1|AEP|128.320007|130.050003|127.599998|129.309998|5285800|0.9924441265|128.332947
2026-06-15|2|BA|225.300003|231.339996|225.220001|228.949997|8596000|1.0000000000|228.949997
2026-06-15|3|CAT|935.000000|946.099976|928.500000|933.929993|2449600|0.9981483165|932.200684
2026-06-15|4|CNP|42.619999|43.330002|42.480000|43.070000|3984600|0.9940594062|42.814137
2026-06-15|5|CVX|178.899994|181.669998|177.759995|180.399994|10184900|0.9913483039|178.839233
2026-06-15|6|DIS|100.879997|102.400002|100.589996|101.690002|10265100|0.9923958226|100.916733
2026-06-15|7|DTE|147.039993|148.800003|145.610001|148.039993|954100|0.9921049063|146.871201
2026-06-15|8|ED|107.110001|108.589996|106.349998|107.720001|2228400|0.9918651523|106.843719
2026-06-15|9|GD|360.600006|362.500000|357.209991|359.529999|1585800|0.9956181446|357.954590
2026-06-15|10|GE|343.450012|348.899994|341.959991|342.260010|5252700|0.9987550328|341.833923
2026-06-15|11|HON|226.999999|231.349994|225.050006|227.409997|8337200|1.0456302247|237.786774
2026-06-15|12|HPQ|25.379999|25.760000|24.520000|24.600000|15045700|1.0000000000|24.600000
2026-06-15|13|IBM|272.000000|272.250000|264.799988|268.709991|7178800|0.9928776129|266.796143
2026-06-15|14|IP|37.080002|37.810001|36.320000|36.389999|7483300|0.9887402721|35.980259
2026-06-15|15|JNJ|239.000000|239.500000|233.580002|235.660004|7732000|0.9950922943|234.503448
2026-06-15|16|KO|81.080002|81.199997|80.250000|80.910004|20055200|1.0000000000|80.910004
2026-06-15|17|KR|63.820000|64.980003|63.779999|64.059998|7603700|0.9931853922|63.623455
2026-06-15|18|LMT|535.419983|535.799988|528.590027|530.359985|1196900|1.0000000000|530.359985
2026-06-15|19|MMM|161.410004|162.399994|157.210007|158.229996|4426200|0.9956414843|157.540344
2026-06-15|20|MO|70.080002|70.309998|69.190002|69.589996|11461600|1.0000000000|69.589996
2026-06-15|21|MRK|118.709999|118.949997|114.870003|114.900002|15395700|1.0000000000|114.900002
2026-06-15|22|MSI|412.989990|415.000000|408.290009|411.720001|1345300|0.9970118292|410.489716
2026-06-15|23|PG|148.759995|151.500000|148.759995|150.460007|9158900|0.9925903246|149.345139
2026-06-15|24|XOM|139.740005|141.979996|137.720001|140.919998|23631400|0.9935665212|140.013397
2026-06-15|25|RTX|183.860001|186.460007|182.880005|183.639999|6073900|0.9966890420|183.031967
2026-06-15|26|MCD|284.230011|288.239990|283.600006|286.119995|4388500|1.0000000000|286.119995
2026-06-15|27|AXP|329.700012|340.000000|329.700012|335.380005|3353000|0.9972701149|334.464447
2026-06-15|28|BMY|56.950001|57.240002|56.009998|56.240002|13561200|0.9888377035|55.612236
2026-06-15|29|DD|49.049998|49.559998|48.529999|48.539998|4231101|3.0000000000|145.619995
2026-06-15|30|DE|583.909973|593.349976|574.729980|575.469971|1541300|0.9974147424|573.982239
2026-06-15|31|EMR|146.259995|149.570007|145.229996|146.520004|2517800|0.9966201816|146.024796
2026-06-15|32|ETN|403.079987|412.040009|402.950012|407.059998|2336700|0.9975456838|406.060944
2026-06-15|33|ETR|110.059998|111.860001|109.639999|111.080002|2769300|0.9940658321|110.420830
2026-06-15|34|F|15.220000|15.480000|14.740000|14.770000|48551900|0.9892857143|14.611751
2026-06-15|35|HAL|38.750000|38.900002|38.049999|38.180000|14416900|1.0000000000|38.180000
2026-06-15|36|LLY|1134.000000|1137.489990|1112.010010|1129.349976|3167200|0.9985690653|1127.734009
2026-06-15|37|PCG|16.709999|16.969999|16.350000|16.580000|21604100|0.9970997679|16.531914
2026-06-15|38|PEP|143.020004|146.770004|142.809998|146.250000|8976400|1.0000000000|146.250000
2026-06-15|39|PFE|26.250000|26.420000|25.980000|26.000000|34194100|0.9828068774|25.552979
2026-06-15|40|TXN|310.109985|315.859985|307.869995|313.339996|7459200|0.9949060125|311.743835
2026-06-15|41|WFC|84.419998|84.930000|83.029999|83.139999|14526900|0.9942915856|82.665405
2026-06-15|42|HUBB|482.269989|497.029999|482.040009|489.730011|672152|1.0000000000|489.730011
2026-06-15|43|WMT|119.739998|121.489998|118.580002|120.820000|20722500|0.9976117102|120.531448
2026-06-15|44|AIG|75.400002|75.839996|74.610001|74.879997|2633100|1.0000000000|74.879997
2026-06-15|45|AVY|161.070007|162.029999|159.800003|159.820007|624900|1.0000000000|159.820007
2026-06-15|46|BAC|56.619999|57.000000|55.740002|55.869999|31666500|1.0000000000|55.869999
2026-06-15|47|BALL|57.450001|58.410000|57.220001|57.349998|3024900|1.0000000000|57.349998
2026-06-15|48|BDX|146.600006|147.940002|145.440002|145.520004|1760200|1.0000000000|145.520004
2026-06-15|49|CLX|96.980003|97.989998|94.769997|95.980003|2129800|0.9884526559|94.871689
2026-06-15|50|CMI|679.359985|688.000000|673.849976|679.710022|856700|0.9962915514|677.189392
2026-06-15|51|CMS|73.139999|74.269997|72.980003|73.650002|2985400|0.9919943817|73.060387
2026-06-15|52|CVS|100.860001|101.379997|98.870003|100.680000|7417100|0.9938471504|100.060532
2026-06-15|53|ECL|268.709991|271.149994|267.500000|268.579987|2046200|0.9972820015|267.850006
2026-06-15|54|ES|68.680000|69.910004|68.430000|69.260002|2456700|1.0000000000|69.260002
2026-06-15|55|EVRG|83.370003|83.739998|82.699997|83.440002|2169600|0.9917192899|82.749062
2026-06-15|56|GWW|1319.000000|1332.680054|1305.010010|1313.920044|244300|0.9980509570|1311.359131
2026-06-15|57|LNT|72.839996|73.739998|72.239998|73.550003|1551700|0.9924530963|72.994926
2026-06-15|58|MKC|48.610001|48.939999|47.450001|47.869999|3799500|0.9910196447|47.440109
2026-06-15|59|MRSH|167.919998|167.990005|165.600006|166.190002|2331600|0.9943746806|165.255127
2026-06-15|60|NEE|85.529999|86.660004|85.070000|86.120003|10284300|1.0000000000|85.477226
2026-06-15|61|NI|47.049999|47.799999|46.930000|47.470001|3521800|0.9933436876|47.154026
2026-06-15|62|PNW|102.980003|103.730003|102.150002|103.269997|953700|0.9909892067|102.339455
2026-06-15|63|RVTY|101.029999|103.029999|100.029999|100.550003|942400|0.9993733214|100.486992
2026-06-15|64|SNA|391.010010|393.940002|386.299988|386.630005|306700|0.9938338681|384.245972
2026-06-15|65|SPGI|418.260010|429.389992|417.999985|424.069993|1650300|0.9439543647|400.302734
2026-06-15|66|TER|426.450012|437.769989|423.029999|432.410004|4558000|1.0000000000|432.410004
2026-06-15|67|TGT|136.000000|137.869995|133.059998|133.169998|7287900|0.9923829532|132.155640
2026-06-15|68|TXT|94.010002|95.010002|92.650002|93.750000|1869100|1.0000000000|93.750000
2026-06-15|69|VMC|292.290009|299.369995|287.869995|292.989990|1178400|0.9981453742|292.446625
2026-06-15|70|XEL|78.339996|79.370003|77.769997|79.349998|6542700|1.0000000000|79.349998
2026-06-15|71|ITW|259.850006|263.470001|259.309998|262.510010|1725900|0.9939806334|260.929871
2026-06-15|72|CL|89.290001|90.830002|89.290001|90.580002|5627100|0.9942998496|90.063683
2026-06-15|73|EXC|46.099998|46.580002|45.430000|46.180000|6809600|1.0000000000|46.180000
2026-06-15|74|MDT|80.250000|80.790001|79.980003|80.379997|6492200|0.9910581218|79.661247
2026-06-15|75|BNY|146.000000|146.449997|142.350006|142.500000|2521200|0.9960354919|141.935059
2026-06-15|76|EIX|72.190002|72.730003|71.750000|72.139999|1886400|0.9882683051|71.293678
2026-06-15|77|FRT|125.419998|126.040001|124.309998|124.709999|1091400|0.9908457552|123.568375
2026-06-15|78|PNR|75.000000|76.580002|74.129997|74.209999|1590100|0.9956500725|73.887192
2026-06-15|79|USB|59.470001|59.560001|57.750000|57.790001|9352600|0.9915143601|57.299618
2026-06-15|80|WY|25.129999|25.420000|24.559999|24.650000|5154700|1.0000000000|24.650000
2026-06-15|81|SYY|78.959999|79.720001|78.339996|79.690002|4565200|0.9934155392|79.165283
2026-06-15|82|WRB|68.160004|68.500000|67.779999|68.029999|1568800|0.9910634494|67.422050
2026-06-15|83|IFF|79.699997|80.459999|78.180000|78.360001|1580500|0.9947403026|77.947853
2026-06-15|84|TAP|41.290001|42.040001|40.610001|40.889999|2802600|1.0000000000|40.418873
2026-06-15|85|PNC|238.770004|239.839996|229.740005|230.559998|3834300|0.9920904849|228.736374
2026-06-15|86|TRV|305.109985|309.010010|299.170013|306.470001|2082300|1.0000000000|306.470001
2026-06-15|87|C|142.429993|143.559998|140.880005|141.210007|12775600|0.9949414872|140.495697
2026-06-15|88|FDX|340.859985|345.369995|337.820007|338.750000|1956300|0.9962599634|337.483063
2026-06-15|89|WDC|618.780029|658.799988|612.000000|653.530029|9522900|1.0000000000|653.530029
2026-06-15|90|DHR|180.919998|182.000000|179.570007|181.100006|3931600|0.9979297139|180.725067
2026-06-15|91|APA|34.730000|35.349998|34.389999|34.770000|7714600|0.9930109031|34.526989
2026-06-15|92|LUV|47.060001|47.689999|45.790001|46.080002|6768900|1.0000000000|46.080002
2026-06-15|93|PEG|79.629997|80.830002|79.349998|80.150002|2380900|1.0000000000|80.150002
2026-06-15|94|UNP|272.390015|272.640015|267.040009|267.320007|2552700|1.0000000000|267.320007
2026-06-15|95|ABT|88.260002|89.160004|87.730003|88.669998|10950100|0.9929181654|88.042053
2026-06-15|96|ADI|429.170013|433.000000|424.899994|427.579987|4530800|1.0000000000|427.579987
2026-06-15|97|ADM|79.059998|79.419998|77.720001|79.269997|3456600|0.9936931471|78.770058
2026-06-15|98|ADP|224.360001|226.539993|222.330002|223.220001|2314700|1.0000000000|223.220001
2026-06-15|99|AFL|117.080002|118.099998|116.660004|116.959999|2439200|0.9949889100|116.373901
2026-06-15|100|AMAT|589.979980|599.619995|580.510010|585.780029|11664400|0.9989318178|585.154297
2026-06-15|101|AMD|535.750000|558.369995|530.500000|547.260010|33482400|1.0000000000|547.260010
2026-06-15|102|APD|280.010010|283.989990|276.660004|282.959991|1164500|0.9938263181|281.213104
2026-06-15|103|BF-B|26.940001|27.360001|26.879999|26.940001|2981100|1.0000000000|26.940001
2026-06-15|104|CHD|97.900002|98.779999|96.510002|98.320000|1891200|0.9969601263|98.021118
2026-06-15|105|CINF|169.009995|170.610001|168.179993|169.339996|748100|0.9945494610|168.417007
2026-06-15|106|CMCSA|24.320000|24.629999|23.940001|23.969999|23585900|0.9865580444|23.647795
2026-06-15|107|D|67.540001|68.629997|67.330002|68.150002|7790000|1.0000000000|68.150002
2026-06-15|108|DOV|221.720001|223.479996|219.910004|220.669998|811000|1.0000000000|220.669998
2026-06-15|109|DUK|124.000000|126.019997|123.059998|125.279999|4018800|0.9912844404|124.188110
2026-06-15|110|EFX|165.669998|168.309998|164.169998|165.130005|1645500|1.0000000000|165.130005
2026-06-15|111|EQT|50.759998|52.169998|50.610001|50.750000|7793500|0.9968732234|50.591316
2026-06-15|112|FITB|55.000000|55.299999|52.959999|53.000000|10265700|0.9929552658|52.626629
2026-06-15|113|GIS|34.369999|34.860001|34.230000|34.270000|8660000|0.9829846576|33.686886
2026-06-15|114|GPC|104.500000|105.779999|104.480003|104.639999|2239900|1.0000000000|104.639999
2026-06-15|115|HAS|84.760002|86.029999|84.160004|84.989998|1874900|0.9925523990|84.357025
2026-06-15|116|HBAN|17.750000|17.750000|17.200001|17.209999|28430200|0.9910508082|17.055983
2026-06-15|117|HRL|24.600000|24.719999|24.459999|24.580000|3878400|0.9881520418|24.288776
2026-06-15|118|HST|25.080000|25.290001|24.660000|24.809999|11071800|0.9630818621|23.894060
2026-06-15|119|HSY|181.660004|182.320007|178.039993|181.110001|2984100|0.9921985814|179.697083
2026-06-15|120|INTC|129.490005|132.610001|126.660004|127.860001|134507500|1.0000000000|127.860001
2026-06-15|121|J|128.889999|128.899994|124.220001|124.570000|1351700|0.9975665811|124.266869
2026-06-15|122|JPM|323.920013|325.920013|318.839996|319.399994|7988900|0.9955152929|317.967590
2026-06-15|123|KMB|102.500000|104.070000|102.209999|103.139999|4456800|1.0000000000|103.139999
2026-06-15|124|L|107.639999|108.730003|107.639999|108.279999|810600|0.9994397510|108.219337
2026-06-15|125|LEN|91.910004|92.389999|89.580002|89.750000|4189000|0.9940723176|89.217987
2026-06-15|126|LOW|225.000000|226.199997|219.990005|220.190002|2860900|0.9938577955|218.837555
2026-06-15|127|MAS|75.360001|76.320000|74.269997|74.330002|1973400|0.9956337837|74.005463
2026-06-15|128|MTB|233.229996|233.229996|225.639999|225.940002|1317900|1.0000000000|225.940002
2026-06-15|129|NEM|107.000000|107.970001|105.050003|105.800003|9216700|1.0000000000|105.800003
2026-06-15|130|NTRS|175.889999|176.080002|172.479996|172.720001|894500|1.0000000000|172.720001
2026-06-15|131|NUE|270.000000|270.899994|256.549988|259.320007|2180900|0.9975500919|258.684692
2026-06-15|132|OMC|76.470001|77.230003|75.940002|76.510002|3698500|1.0000000000|76.510002
2026-06-15|133|PCAR|120.639999|121.839996|119.739998|120.690002|2834100|0.9973590885|120.371269
2026-06-15|134|PGR|201.289993|205.380005|200.360001|203.500000|2565500|0.9995561474|203.409668
2026-06-15|135|PH|923.270020|932.989990|918.340027|918.859985|784400|1.0000000000|918.859985
2026-06-15|136|PHM|124.900002|126.940002|122.220001|122.839996|1536400|0.9978834255|122.579994
2026-06-15|137|PPG|123.169998|124.180000|121.290001|121.529999|1588500|0.9938189109|120.778816
2026-06-15|138|PPL|35.650002|36.349998|35.380001|36.169998|11139300|1.0000000000|36.169998
2026-06-15|139|RF|29.490000|29.590000|28.570000|28.600000|12012100|1.0000000000|28.600000
2026-06-15|140|ROL|47.060001|47.349998|46.650002|46.900002|2396700|0.9951510336|46.672585
2026-06-15|141|SHW|324.640015|327.329987|319.390015|320.239990|2678800|0.9976939264|319.501495
2026-06-15|142|STT|170.000000|170.539993|166.910004|167.369995|2372500|0.9950471700|166.541031
2026-06-15|143|SWK|85.839996|87.290001|84.660004|84.800003|1428900|1.0000000000|84.800003
2026-06-15|144|SYK|310.190002|312.309998|306.670013|307.940002|2444400|0.9973375287|307.120117
2026-06-15|145|TMO|470.279999|476.339996|468.500000|473.720001|1873600|1.0000000000|473.720001
2026-06-15|146|TPL|366.899994|372.880005|361.920013|362.779999|440600|1.0000000000|362.779999
2026-06-15|147|TSN|57.290001|57.500000|56.660000|57.299999|3564000|1.0000000000|57.299999
2026-06-15|148|TT|468.119995|477.459991|463.480011|472.540009|1334000|1.0000000000|472.540009
2026-06-15|149|TYL|298.119995|300.000000|286.010010|289.839996|782400|1.0000000000|289.839996
2026-06-15|150|UDR|39.310001|39.419998|38.849998|38.900002|4220200|0.9926177659|38.612831
2026-06-15|151|VTRS|16.540001|16.629999|16.290001|16.320000|10845100|0.9925558317|16.198511
2026-06-15|152|WEC|112.629997|114.540001|112.199997|114.000000|2634600|0.9913583604|113.014854
2026-06-15|153|WST|330.000000|331.549988|326.679993|331.429993|558900|0.9993471810|331.213654
2026-06-15|154|NDSN|292.179993|297.070007|292.070007|292.239990|815900|0.9971745572|291.414276
2026-06-15|155|TFC|51.549999|52.070000|48.310001|48.480000|22998900|0.9901868280|48.004257
2026-06-15|156|WELL|212.649994|215.619995|211.649994|212.820007|4469500|0.9962391044|212.019623
2026-06-15|157|AON|336.709991|338.209991|327.980011|329.510010|1405800|0.9977256968|328.760620
2026-06-15|158|GL|166.690002|169.580002|165.779999|167.389999|688100|0.9981716439|167.083954
2026-06-15|159|OKE|87.419998|88.980003|86.139999|87.449997|3945600|0.9882171564|86.419586
2026-06-15|160|KLAC|263.570007|267.170013|251.110001|256.420013|18368200|0.9988709994|256.130524
2026-06-15|161|CSX|47.680000|47.740002|46.820000|47.389999|13764800|1.0000000000|47.389999
2026-06-15|162|PSA|322.799988|326.529999|319.739990|320.980011|1204900|1.0000000000|320.980011
2026-06-15|163|NKE|45.360001|46.090000|45.090000|45.200001|14345100|1.0000000000|45.200001
2026-06-15|164|AAPL|294.119995|297.779999|291.700012|296.420013|45732600|0.9991382887|296.164581
2026-06-15|165|BRO|59.340000|60.230000|58.900002|59.279999|2821000|0.9976903696|59.143085
2026-06-15|166|UHS|147.389999|148.000000|143.500000|145.970001|1009300|1.0000000000|145.970001
2026-06-15|167|HD|333.760010|338.000000|329.540009|329.820007|4695000|1.0000000000|329.820007
2026-06-15|168|BAX|21.030001|21.299999|20.780001|20.809999|6022400|1.0000000000|20.801973
2026-06-15|169|COP|111.129997|113.629997|110.730003|112.260002|10860500|0.9933743492|111.516205
2026-06-15|170|GLW|187.470001|190.000000|185.229996|187.880005|9190800|1.0000000000|187.880005
2026-06-15|171|HUM|374.040009|380.790009|363.790009|380.260010|1784600|0.9976462766|379.364990
2026-06-15|172|LHX|307.500000|308.570007|300.359985|304.170013|1405400|1.0000000000|304.170013
2026-06-15|173|NOC|542.349976|546.070007|536.739990|544.729980|1073300|1.0000000000|544.729980
2026-06-15|174|OXY|53.450001|54.980000|53.110001|54.459999|10657300|1.0000000000|54.459999
2026-06-15|175|ROK|469.279999|473.910004|463.500000|463.570007|498300|0.9969290339|462.146393
2026-06-15|176|SLB|55.369999|55.660000|53.520000|53.709999|15240800|1.0000000000|53.709999
2026-06-15|177|SO|93.379997|94.750000|92.750000|93.820000|6925400|0.9918103451|93.051643
2026-06-15|178|WMB|70.430000|72.180000|70.019997|71.489998|5888500|1.0000000000|71.489998
2026-06-15|179|VLO|244.699997|249.199997|241.149994|247.160004|4348100|0.9961502678|246.208496
2026-06-15|180|CI|296.600006|298.000000|291.489990|293.829987|1125100|1.0000000000|293.829987
2026-06-15|181|NSC|313.959991|314.029999|309.190002|310.279999|1002800|0.9960579337|309.056854
2026-06-15|182|COO|68.220001|68.650002|67.559998|67.760002|2641500|1.0000000000|67.760002
2026-06-15|183|AMGN|355.500000|358.299988|349.559998|350.529999|4371400|0.9941899340|348.493378
2026-06-15|184|RJF|155.919998|156.889999|154.229996|154.710007|1512500|0.9964480694|154.160477
2026-06-15|185|WSM|228.789993|230.500000|222.750000|223.289993|1407800|0.9966722130|222.546936
2026-06-15|186|CAH|222.779999|226.660004|221.029999|226.399994|2397200|0.9978279171|225.908234
2026-06-15|187|CTAS|174.470001|176.970001|173.479996|174.740005|1914100|0.9974090682|174.287262
2026-06-15|188|PAYX|102.900002|103.300003|100.250000|100.900002|3593900|0.9896951856|99.860245
2026-06-15|189|BEN|32.930000|32.930000|32.419998|32.509998|3360200|0.9900632337|32.186954
2026-06-15|190|AOS|60.060001|60.849998|59.630001|60.020000|1848000|0.9939809398|59.658737
2026-06-15|191|CASY|900.650024|900.650024|853.450012|872.390015|582900|0.9992507205|871.736328
2026-06-15|192|T|23.350000|23.510000|23.170000|23.290001|48293300|0.9867870728|22.982271
2026-06-15|193|VZ|47.320000|47.750000|47.020000|47.070000|24208500|0.9832386370|46.281044
2026-06-15|194|JBHT|290.459991|293.529999|281.609985|283.160004|868100|0.9983161833|282.683197
2026-06-15|195|ATO|168.820007|170.850006|168.399994|169.600006|1576900|0.9940065930|168.583527
2026-06-15|196|LRCX|385.989990|393.070007|382.390015|388.920013|13459800|0.9992960416|388.646240
2026-06-15|197|MU|1055.890015|1097.469971|1051.500000|1087.989990|44994600|0.9998462422|1087.822632
2026-06-15|198|AJG|217.380005|218.750000|214.490005|215.740005|1544700|1.0000000000|215.740005
2026-06-15|199|AME|229.210007|232.970001|229.149994|230.449997|1676800|1.0000000000|230.449997
2026-06-15|200|SWKS|75.779999|76.720001|73.599998|76.260002|4384200|1.0000000000|76.260002
2026-06-15|201|EXPD|165.580002|166.259995|163.000000|163.229996|1718000|1.0000000000|163.229996
2026-06-15|202|UNH|406.700012|414.160004|399.649994|411.040009|6777900|1.0000000000|411.040009
2026-06-15|203|BBY|79.000000|79.510002|77.239998|77.410004|3718900|0.9868673048|76.393402
2026-06-15|204|DOC|20.690001|20.740000|20.250000|20.430000|9183200|0.9905847075|20.237646
2026-06-15|205|ADSK|199.919998|202.869995|195.960007|198.600006|3306900|1.0000000000|198.600006
2026-06-15|206|DVN|42.959999|44.630001|42.810001|43.529999|17051200|1.0000000000|43.529999
2026-06-15|207|NVR|6474.259766|6547.310059|6328.890137|6335.000000|22000|1.0000000000|6335.000000
2026-06-15|208|ROST|240.029999|241.020004|235.839996|236.770004|2311700|1.0000000000|236.770004
2026-06-15|209|JKHY|129.470001|133.130005|128.289993|130.350006|2208700|1.0000000000|130.350006
2026-06-15|210|MNST|93.230003|93.300003|91.449997|93.230003|4762100|0.5000000000|93.230003
2026-06-15|211|ORCL|187.389999|195.320007|186.210007|192.639999|20279900|0.9965330745|191.972137
2026-06-15|212|MSFT|396.799988|401.750000|392.850006|399.760010|32266400|0.9981210382|399.008881
2026-06-15|213|TROW|109.620003|110.849998|108.480003|108.610001|2013100|1.0000000000|108.610001
2026-06-15|214|COST|974.190002|987.000000|968.000000|979.450012|1893700|0.9984126298|977.895264
2026-06-15|215|ADBE|206.880005|211.990005|205.720001|206.360001|9676900|1.0000000000|206.360001
2026-06-15|216|FISV|49.310001|50.650002|47.369999|47.910000|26925800|1.0000000000|47.910000
2026-06-15|217|BKR|62.380001|62.770000|61.439999|62.459999|7436600|0.9963346614|62.231064
2026-06-15|218|CDNS|391.000000|397.820007|389.329987|394.500000|1846500|1.0000000000|394.500000
2026-06-15|219|TJX|168.389999|168.740005|164.509995|167.330002|5819300|0.9968547277|166.803696
2026-06-15|220|FICO|1191.000000|1197.000000|1163.319946|1181.619995|333400|1.0000000000|1181.619995
2026-06-15|221|CCL|30.410000|31.150000|29.990000|30.120001|37900600|0.9947898578|29.963070
2026-06-15|222|FAST|46.840000|46.910000|46.020000|46.099998|5959700|0.9945424013|45.848404
2026-06-15|223|SCHW|91.610001|92.389999|90.760002|90.949997|11479900|0.9970924949|90.685562
2026-06-15|224|JCI|147.669998|149.229996|145.960007|146.059998|3602500|1.0000000000|146.059998
2026-06-15|225|COHR|403.350006|420.570007|394.000000|413.839996|5158700|1.0000000000|413.839996
2026-06-15|226|KEY|22.910000|22.969999|22.370001|22.420000|12559000|1.0000000000|22.420000
2026-06-15|227|MOS|23.250000|24.290001|22.400000|22.520000|14375800|1.0000000000|22.520000
2026-06-15|228|MGM|49.250000|49.810001|48.520000|48.619999|4960000|1.0000000000|48.619999
2026-06-15|229|WM|216.029999|218.160004|215.559998|216.940002|2570900|1.0000000000|216.940002
2026-06-15|230|TECH|55.310001|56.500000|54.650002|56.169998|3298700|0.9988938053|56.107864
2026-06-15|231|IEX|220.779999|223.990005|219.440002|222.039993|581500|0.9967384506|221.315796
2026-06-15|232|GEN|24.540001|24.910000|24.230000|24.410000|4718600|0.9956109550|24.302864
2026-06-15|233|CRH|110.000000|113.519997|109.000000|109.589996|5295600|0.9960081882|109.152534
2026-06-15|234|EOG|130.960007|133.860001|129.720001|131.979996|4867700|0.9926332518|131.007736
2026-06-15|235|PTC|116.419998|118.400002|113.650002|114.849998|2978800|1.0000000000|114.849998
2026-06-15|236|CSCO|122.559998|122.589996|119.529999|120.169998|23148000|0.9962729613|119.722122
2026-06-15|237|LH|265.649994|266.920013|263.170013|265.029999|461400|1.0000000000|264.462982
2026-06-15|238|TRMB|51.270000|51.529999|49.880001|50.209999|3107200|1.0000000000|50.209999
2026-06-15|239|AZO|3140.389893|3170.120117|3101.510010|3105.479980|205400|1.0000000000|3105.479980
2026-06-15|240|REGN|613.349976|615.950012|608.590027|614.979980|815900|0.9988336456|614.262695
2026-06-15|241|IDXX|565.169983|572.099976|565.070007|570.000000|556800|1.0000000000|570.000000
2026-06-15|242|AES|14.680000|14.700000|14.650000|14.680000|5581400|0.9881481485|14.506015
2026-06-15|243|VRTX|446.690002|453.679993|439.500000|450.459991|1482900|1.0000000000|450.459991
2026-06-15|244|ZBRA|234.429993|240.789993|232.210007|240.050003|919800|1.0000000000|240.050003
2026-06-15|245|BIIB|198.369995|199.369995|195.889999|198.639999|883900|1.0000000000|198.639999
2026-06-15|246|ODFL|243.380005|244.389999|235.020004|237.419998|1980300|1.0000000000|237.419998
2026-06-15|247|APH|156.550003|159.360001|154.809998|158.589996|9036400|0.9984936130|158.351105
2026-06-15|248|KIM|25.840000|26.010000|25.350000|25.350000|7404300|1.0000000000|25.350000
2026-06-15|249|QCOM|219.770004|226.460007|216.279999|220.809998|13993800|1.0000000000|220.809998
2026-06-15|250|GILD|125.290001|125.400002|122.699997|124.300003|6653100|1.0000000000|124.300003
2026-06-15|251|ROP|334.329987|338.109985|330.640015|332.450012|1209800|0.9974983506|331.618347
2026-06-15|252|SNPS|462.299988|463.500000|453.019989|454.380005|2359700|1.0000000000|454.380005
2026-06-15|253|STZ|148.899994|150.990005|147.250000|148.130005|1669800|0.9921821632|146.971939
2026-06-15|254|BSX|47.160000|47.730000|46.189999|46.759998|16285200|1.0000000000|46.759998
2026-06-15|255|STE|209.279999|209.619995|205.679993|205.929993|676100|1.0000000000|205.929993
2026-06-15|256|DHI|157.149994|160.350006|154.899994|155.089996|2105200|0.9970287223|154.629181
2026-06-15|257|LIN|519.070007|525.869995|517.770020|521.479980|2860700|1.0000000000|521.479980
2026-06-15|258|SBUX|103.489998|103.610001|101.410004|101.589996|7054400|0.9942883465|101.009750
2026-06-15|259|MS|218.759995|220.600006|216.850006|217.979996|5862500|0.9945253736|216.786636
2026-06-15|260|INTU|277.760010|287.690002|276.209991|281.769989|5098600|0.9955898568|280.527344
2026-06-15|261|MCHP|98.790001|100.959999|98.000000|100.320000|11611700|0.9940194534|99.720032
2026-06-15|262|CB|324.959991|328.450012|323.700012|326.950012|1408600|1.0000000000|326.950012
2026-06-15|263|ORLY|90.959999|91.889999|89.510002|90.260002|5940000|1.0000000000|90.260002
2026-06-15|264|RCL|308.000000|315.480011|308.000000|313.670013|3049000|1.0000000000|313.670013
2026-06-15|265|JBL|398.109985|398.890015|383.850006|385.630005|1210900|0.9997839939|385.546692
2026-06-15|266|ALL|219.820007|222.679993|218.830002|221.809998|1310400|1.0000000000|221.809998
2026-06-15|267|CPT|114.669998|115.480003|113.250000|113.500000|1221300|0.9909199930|112.469421
2026-06-15|268|VMRK|67.160004|67.680000|65.959999|66.180000|4916100|0.9897192157|65.499619
2026-06-15|269|IT|147.169998|150.309998|141.110001|142.770004|1743700|1.0000000000|142.770004
2026-06-15|270|DECK|115.000000|116.059998|112.250000|112.500000|2038400|1.0000000000|112.500000
2026-06-15|271|REG|79.959999|80.180000|78.879997|79.260002|2294900|1.0000000000|79.260002
2026-06-15|272|INCY|107.980003|107.980003|101.320000|101.980003|2815000|1.0000000000|101.980003
2026-06-15|273|SPG|219.039993|219.869995|214.440002|215.660004|2222700|1.0000000000|215.660004
2026-06-15|274|MAA|138.839996|140.580002|137.179993|137.330002|974300|0.9885547570|135.758224
2026-06-15|275|MLM|591.099976|603.690002|587.719971|588.890015|572800|1.0000000000|588.890015
2026-06-15|276|TSCO|31.280001|31.510000|30.500000|30.879999|13746400|0.9931389364|30.668129
2026-06-15|277|ALB|171.759995|173.259995|165.500000|168.899994|2843400|1.0000000000|168.899994
2026-06-15|278|CPRT|31.030001|31.030001|30.090000|30.299999|13345100|1.0000000000|30.299999
2026-06-15|279|FLEX|154.839996|155.699997|145.320007|149.220001|4655900|1.0000000000|149.220001
2026-06-15|280|ESS|281.829987|285.190002|280.329987|281.390015|414700|0.9912479300|278.927277
2026-06-15|281|O|62.720001|62.970001|62.070000|62.139999|5327100|0.9915131085|61.612621
2026-06-15|282|MCO|450.760010|460.880005|450.709991|454.059998|964700|0.9978911593|453.102478
2026-06-15|283|SJM|114.739998|116.019997|113.500000|115.940002|1190200|0.9907154105|114.863541
2026-06-15|284|MCK|778.880005|781.809998|762.539978|779.780029|824600|1.0000000000|779.780029
2026-06-15|285|COF|188.850006|197.440002|188.839996|194.619995|7223100|0.9964810416|193.935135
2026-06-15|286|EME|842.320007|853.020020|838.219971|842.299988|403600|0.9994836978|841.865112
2026-06-15|287|DLTR|115.370003|117.410004|111.970001|112.879997|2188700|1.0000000000|112.879997
2026-06-15|288|COR|279.799988|282.119995|274.709991|281.429993|1818000|0.9980645786|280.885315
2026-06-15|289|DRI|209.850006|212.509995|208.690002|208.759995|1235200|0.9919770205|207.085114
2026-06-15|290|RMD|195.770004|197.410004|191.649994|192.740005|1523700|0.9971385215|192.188477
2026-06-15|291|WAB|270.200012|272.750000|268.029999|268.890015|695100|0.9989689007|268.612762
2026-06-15|292|FCX|71.190002|71.879997|69.250000|70.129997|16652600|0.9975786925|69.960190
2026-06-15|293|IVZ|29.600000|29.820000|29.049999|29.100000|3339800|0.9933559952|28.906660
2026-06-15|294|ACGL|91.599998|91.889999|91.019997|91.500000|2084300|1.0000000000|91.500000
2026-06-15|295|ERIE|226.990005|228.600006|222.919998|224.039993|141200|0.9943102712|222.765259
2026-06-15|296|EG|337.700012|342.160004|337.500000|338.600006|340400|1.0000000000|338.600006
2026-06-15|297|DVA|207.929993|210.589996|204.979996|209.750000|846300|1.0000000000|209.750000
2026-06-15|298|HSIC|81.690002|82.309998|81.000000|81.089996|1185100|1.0000000000|81.089996
2026-06-15|299|EL|91.000000|91.500000|89.349998|90.000000|3554600|1.0000000000|90.000000
2026-06-15|300|WAT|358.420013|360.079987|353.630005|357.760010|653400|1.0000000000|357.760010
2026-06-15|301|NTAP|163.149994|164.149994|159.179993|161.820007|3001700|0.9969719908|161.330017
2026-06-15|302|HIG|129.630005|130.580002|129.149994|129.820007|1512500|1.0000000000|129.820007
2026-06-15|303|IRM|128.789993|128.820007|125.690002|126.279999|1257000|1.0000000000|126.279999
2026-06-15|304|BRK-B|487.559998|497.109985|487.559998|495.519989|6253600|1.0000000000|495.519989
2026-06-15|305|FDS|238.740005|247.080002|234.660004|235.860001|579200|1.0000000000|235.860001
2026-06-15|306|STLD|288.029999|288.739990|270.510010|272.190002|1614100|0.9977371702|271.574097
2026-06-15|307|DGX|202.250000|203.199997|200.369995|202.179993|1009300|0.9959506546|201.361298
2026-06-15|308|CIEN|469.950012|479.510010|447.630005|463.410004|3955900|1.0000000000|463.410004
2026-06-15|309|TTWO|213.009995|217.369995|211.750000|216.229996|1632500|1.0000000000|216.229996
2026-06-15|310|VTR|83.730003|84.839996|83.070000|83.459999|4183200|0.9941769319|82.974007
2026-06-15|311|AMZN|245.020004|247.809998|244.729996|246.020004|41711600|1.0000000000|246.020004
2026-06-15|312|ARE|54.240002|54.689999|52.310001|52.380001|1301700|0.9870480303|51.701576
2026-06-15|313|RL|413.929993|421.600006|410.850006|412.359985|1191800|0.9975616297|411.354492
2026-06-15|314|BXP|66.620003|67.199997|65.610001|65.980003|1096400|0.9895631429|65.291382
2026-06-15|315|FIX|1964.000000|1993.699951|1932.560059|1952.020020|380700|0.9994824076|1951.009644
2026-06-15|316|YUM|154.220001|155.449997|153.559998|154.669998|2212100|1.0000000000|154.669998
2026-06-15|317|CHRW|192.220001|193.250000|188.410004|190.250000|1140900|1.0000000000|190.250000
2026-06-15|318|FE|46.799999|47.660000|46.560001|47.340000|4278200|0.9901836603|46.875294
2026-06-15|319|MTD|1142.189941|1167.390015|1135.989990|1154.469971|207000|1.0000000000|1154.469971
2026-06-15|320|PLD|149.240005|150.179993|148.240005|148.500000|4177600|0.9927946128|147.430008
2026-06-15|321|URI|1086.069946|1093.569946|1075.920044|1084.010010|671200|0.9982773546|1082.142700
2026-06-15|322|AEE|108.309998|110.110001|107.900002|109.570000|1470000|1.0000000000|109.570000
2026-06-15|323|VRSN|279.209991|280.489990|269.420013|272.959991|778100|0.9970730649|272.161041
2026-06-15|324|PWR|724.030029|735.330017|714.469971|724.349976|1095800|0.9998472307|724.239319
2026-06-15|325|AMT|186.119995|188.020004|183.690002|185.759995|3906300|1.0000000000|185.759995
2026-06-15|326|MAR|406.429993|410.980011|399.260010|400.630005|1515700|0.9979719406|399.817505
2026-06-15|327|CTSH|52.130001|52.130001|50.080002|50.820000|11623700|0.9941706413|50.523754
2026-06-15|328|SRE|91.879997|92.650002|91.199997|91.930000|4876800|0.9929041305|91.277679
2026-06-15|329|CSGP|32.680000|34.080002|31.910000|32.040001|6018600|1.0000000000|32.040001
2026-06-15|330|RSG|207.020004|209.279999|207.000000|208.089996|1379000|0.9970890970|207.484268
2026-06-15|331|CCI|91.000000|91.400002|87.989998|88.739998|5846700|1.0000000000|88.739998
2026-06-15|332|EBAY|109.250000|111.110001|108.639999|109.180000|4771600|1.0000000000|108.849052
2026-06-15|333|NVDA|208.919998|212.710007|208.339996|212.449997|149936700|1.0000000000|212.449997
2026-06-15|334|BKNG|169.020004|176.800003|169.020004|174.639999|9471700|1.0000000000|174.639999
2026-06-15|335|GS|1089.520020|1094.180054|1075.000000|1076.170044|2364000|1.0000000000|1076.170044
2026-06-15|336|FFIV|397.709991|404.000000|392.880005|396.809998|544300|1.0000000000|396.809998
2026-06-15|337|SBAC|202.910004|204.919998|189.330002|195.820007|2653700|0.9931480565|194.478256
2026-06-15|338|LII|522.690002|532.030029|522.099976|524.169983|286000|0.9976091276|522.916748
2026-06-15|339|BLK|1050.000000|1060.000000|1040.829956|1042.869995|543100|1.0000000000|1042.869995
2026-06-15|340|TKO|203.130005|204.979996|199.639999|201.190002|2218900|1.0000000000|201.190002
2026-06-15|341|AKAM|135.460007|136.850006|133.119995|134.199997|2852400|1.0000000000|134.199997
2026-06-15|342|UPS|108.720001|110.620003|108.260002|108.830002|4890000|0.9843062201|107.122047
2026-06-15|343|A|130.919998|132.169998|129.410004|130.589996|1530100|0.9980802530|130.339294
2026-06-15|344|TDY|635.710022|636.830017|623.489990|628.340027|244600|1.0000000000|628.340027
2026-06-15|345|PKG|230.600006|233.139999|229.389999|229.960007|669300|1.0000000000|229.960007
2026-06-15|346|EW|85.300003|86.309998|84.610001|86.279999|2929800|1.0000000000|86.279999
2026-06-15|347|MET|89.209999|89.620003|87.589996|87.660004|3159600|0.9938427991|87.120262
2026-06-15|348|ON|123.489998|126.220001|121.279999|125.900002|11015800|1.0000000000|125.900002
2026-06-15|349|ISRG|412.940002|420.589996|412.880005|416.549988|2601700|1.0000000000|416.549988
2026-06-15|350|CRL|189.279999|191.270004|187.279999|188.470001|690500|1.0000000000|188.470001
2026-06-15|351|MRVL|296.709991|312.980011|288.089996|308.880005|54963600|0.9997533605|308.803833
2026-06-15|352|EQIX|1050.449951|1077.209961|1044.339966|1064.380005|672800|0.9952446339|1059.318481
2026-06-15|353|TPR|150.130005|156.740005|149.979996|150.990005|3558600|1.0000000000|150.990005
2026-06-15|354|GRMN|239.449997|242.360001|238.089996|238.169998|877500|1.0000000000|238.169998
2026-06-15|355|GPN|69.180000|70.500000|67.089996|67.480003|3597600|1.0000000000|67.480003
2026-06-15|356|ALGN|177.880005|182.589996|177.210007|178.259995|1091800|1.0000000000|178.259995
2026-06-15|357|WTW|262.820007|263.410004|256.929993|257.850006|525100|0.9963732529|256.914856
2026-06-15|358|MDLZ|62.990002|62.990002|61.400002|61.500000|10084600|0.9916874483|60.988781
2026-06-15|359|AXON|448.720001|457.570007|434.529999|443.209991|959000|1.0000000000|443.209991
2026-06-15|360|FIS|39.349998|40.150002|38.799999|38.970001|6870000|1.0000000000|38.970001
2026-06-15|361|ACN|167.600006|172.589996|165.050003|165.360001|6026500|0.9881186678|163.395294
2026-06-15|362|ZBH|88.669998|89.699997|87.540001|88.260002|1536100|0.9973498233|88.026093
2026-06-15|363|BG|124.680000|124.680000|120.949997|123.000000|1809000|0.9937342270|122.229309
2026-06-15|364|PFG|111.489998|112.070000|110.050003|110.589996|976800|1.0000000000|110.589996
2026-06-15|365|ELV|402.559998|405.579987|395.000000|401.890015|1019900|1.0000000000|401.890015
2026-06-15|366|CNC|64.620003|65.110001|62.209999|63.400002|6468500|1.0000000000|63.400002
2026-06-15|367|PRU|109.000000|109.660004|108.580002|108.690002|2198400|0.9885872665|107.449554
2026-06-15|368|NFLX|80.620003|81.709999|80.459999|81.669998|36430800|1.0000000000|81.669998
2026-06-15|369|NDAQ|89.629997|91.790001|89.629997|91.040001|3288500|1.0000000000|91.040001
2026-06-15|370|WYNN|108.849998|110.629997|105.589996|105.959999|1537000|0.9975578784|105.701233
2026-06-15|371|CME|267.500000|269.529999|264.010010|266.079987|2658300|1.0000000000|266.079987
2026-06-15|372|STX|1032.520020|1032.520020|990.780029|1018.799988|5774200|0.9992874955|1018.074097
2026-06-15|373|NRG|128.690002|131.429993|126.430000|130.399994|1904900|0.9964628787|129.938751
2026-06-15|374|AIZ|260.309998|262.989990|258.739990|259.459991|359600|1.0000000000|259.459991
2026-06-15|375|CBRE|134.500000|137.169998|132.839996|134.160004|1695800|1.0000000000|134.160004
2026-06-15|376|CRM|166.029999|169.949997|164.169998|164.550003|13541800|1.0000000000|164.550003
2026-06-15|377|DPZ|321.890015|326.850006|316.140015|316.519989|852000|1.0000000000|316.519989
2026-06-15|378|EXR|149.949997|149.949997|146.490005|146.649994|1249100|1.0000000000|146.649994
2026-06-15|379|GOOG|365.989990|370.649994|364.649994|367.109985|17268600|1.0000000000|367.109985
2026-06-15|380|GOOGL|367.929993|372.989990|366.549988|369.350006|27727500|1.0000000000|369.350006
2026-06-15|381|DLR|184.839996|186.830002|183.470001|184.899994|2887400|1.0000000000|184.899994
2026-06-15|382|MPWR|1652.560059|1666.640015|1605.010010|1652.290039|761200|0.9984765039|1649.772827
2026-06-15|383|LVS|50.750000|50.889999|49.160000|49.740002|6615600|0.9936548222|49.424393
2026-06-15|384|DXCM|75.699997|75.699997|73.529999|74.220001|5388500|1.0000000000|74.220001
2026-06-15|385|BLDR|80.680000|82.320000|77.370003|77.809998|2004100|1.0000000000|77.809998
2026-06-15|386|WBD|27.110001|27.299999|26.799999|26.830000|30819000|1.0000000000|26.830000
2026-06-15|387|EXPE|229.899994|239.490005|229.229996|236.979996|1675300|0.9985604607|236.638855
2026-06-15|388|CF|103.309998|107.500000|101.510002|106.900002|3299600|0.9948739856|106.352036
2026-06-15|389|AMP|463.309998|467.089996|459.170013|459.880005|588100|0.9968855344|458.447723
2026-06-15|390|ICE|140.009995|142.220001|139.690002|140.100006|3519500|1.0000000000|140.100006
2026-06-15|391|PSKY|10.850000|10.970000|10.370000|10.490000|10877700|1.0000000000|10.490000
2026-06-15|392|LYV|173.419998|176.000000|171.720001|175.850006|2574400|1.0000000000|175.850006
2026-06-15|393|CMG|32.639999|33.060001|32.419998|32.730000|19527200|1.0000000000|32.730000
2026-06-15|394|UAL|120.900002|124.790001|118.559998|119.970001|7737200|1.0000000000|119.970001
2026-06-15|395|TDG|1273.380005|1288.170044|1265.949951|1277.349976|346000|1.0000000000|1277.349976
2026-06-15|396|MA|490.500000|493.549988|486.660004|490.640015|3888500|0.9983264725|489.818909
2026-06-15|397|LDOS|121.160004|121.910004|113.279999|114.599998|2581700|1.0000000000|114.599998
2026-06-15|398|FSLR|272.670013|275.940002|264.040009|273.510010|2060500|1.0000000000|273.510010
2026-06-15|399|BR|144.389999|146.809998|142.529999|142.779999|1042800|1.0000000000|142.779999
2026-06-15|400|SMCI|31.730000|32.070000|30.719999|30.850000|61776800|1.0000000000|30.850000
2026-06-15|401|TMUS|185.990005|189.500000|185.000000|188.860001|5285600|1.0000000000|187.776245
2026-06-15|402|DAL|86.050003|87.389999|83.889999|84.070000|9785300|0.9975369458|83.862930
2026-06-15|403|IBKR|94.680000|94.730003|92.620003|92.760002|3530200|1.0000000000|92.760002
2026-06-15|404|PODD|149.229996|150.580002|147.460007|148.139999|1041200|1.0000000000|148.139999
2026-06-15|405|TEL|217.339996|218.990005|214.740005|216.139999|2148900|0.9961105015|215.299316
2026-06-15|406|BX|125.550003|128.740005|124.419998|124.629997|5703200|0.9899021526|123.371498
2026-06-15|407|LULU|119.209999|120.529999|115.919998|116.209999|3344400|1.0000000000|116.209999
2026-06-15|408|ULTA|479.000000|479.000000|463.769989|471.649994|812100|1.0000000000|471.649994
2026-06-15|409|MSCI|600.200012|615.450012|598.760010|611.169983|539500|0.9964362700|608.991943
2026-06-15|410|ECHO|117.330002|118.879997|108.900002|117.870003|17880600|1.0000000000|117.870003
2026-06-15|411|PM|182.000000|183.929993|180.639999|181.809998|6070500|0.9917776037|180.315079
2026-06-15|412|V|323.359985|326.440002|322.750000|323.820007|6803000|0.9981456881|323.219543
2026-06-15|413|AWK|123.800003|127.940002|123.330002|126.870003|3111800|0.9933923956|126.031700
2026-06-15|414|KDP|31.600000|31.840000|31.290001|31.770000|15744700|0.9929274294|31.545305
2026-06-15|415|SW|44.680000|45.575001|44.490002|44.509998|7661900|0.9909636146|44.107788
2026-06-15|416|AVGO|395.510010|396.200012|388.600006|393.940002|32394200|0.9984198371|393.317505
2026-06-15|417|VRSK|179.539993|184.550003|179.229996|180.460007|2810700|1.0000000000|180.460007
2026-06-15|418|DG|116.489998|119.199997|115.449997|116.389999|3617700|0.9949256041|115.799393
2026-06-15|419|FTNT|146.320007|149.500000|143.979996|149.490005|5207300|1.0000000000|149.490005
2026-06-15|420|CHTR|145.869995|147.850006|141.199997|143.710007|2614900|1.0000000000|143.710007
2026-06-15|421|FERG|234.750000|237.570007|233.850006|235.559998|2012400|0.9962829937|234.684418
2026-06-15|422|GNRC|271.269989|274.000000|267.250000|270.100006|857100|1.0000000000|270.100006
2026-06-15|423|LYB|62.330002|63.840000|60.849998|63.299999|5820100|0.9897823188|62.653221
2026-06-15|424|CBOE|290.200012|300.350006|289.200012|292.910004|1570600|1.0000000000|292.910004
2026-06-15|425|TSLA|412.369995|416.000000|407.100006|411.149994|45620500|1.0000000000|411.149994
2026-06-15|426|KKR|98.489998|101.050003|97.809998|98.080002|3554000|0.9981032973|97.893974
2026-06-15|427|NXPI|315.570007|320.970001|313.510010|315.880005|3543800|0.9966193239|314.812134
2026-06-15|428|GM|82.639999|84.959999|82.639999|84.070000|7893300|1.0000000000|84.070000
2026-06-15|429|TRGP|263.239990|268.149994|262.019989|262.329987|1261700|0.9953417306|261.107971
2026-06-15|430|CPAY|359.320007|361.750000|350.320007|353.470001|537200|1.0000000000|353.470001
2026-06-15|431|KMI|31.100000|31.719999|31.000000|31.459999|13116300|0.9907395899|31.168667
2026-06-15|432|HCA|392.000000|393.000000|385.130005|389.970001|1883700|0.9979998461|389.190002
2026-06-15|433|HII|300.160004|302.059998|297.769989|299.660004|417800|1.0000000000|298.268982
2026-06-15|434|APO|136.990005|139.529999|136.070007|136.110001|3186400|0.9957937992|135.537491
2026-06-15|435|MPC|253.750000|255.960007|248.679993|250.860001|3457000|0.9972693263|250.174988
2026-06-15|436|XYL|111.610001|112.519997|110.730003|110.970001|1237300|0.9962087815|110.549294
2026-06-15|437|APTV|69.279999|70.360001|66.510002|66.620003|2707800|1.0000000000|66.620003
2026-06-15|438|PSX|173.589996|174.500000|171.020004|173.259995|3029300|0.9947204324|172.345261
2026-06-15|439|AMCR|41.650002|42.320000|41.110001|41.110001|3393800|1.0000000000|41.110001
2026-06-15|440|META|579.900024|601.270020|579.299988|593.479980|17653300|1.0000000000|593.479980
2026-06-15|441|NOW|104.800003|107.180000|103.349998|104.150002|23018000|1.0000000000|104.150002
2026-06-15|442|PANW|280.549988|285.119995|274.329987|284.540009|7394100|1.0000000000|284.540009
2026-06-15|443|FANG|183.110001|190.839996|182.300003|189.960007|3360400|0.9945230033|188.919586
2026-06-15|444|WDAY|131.000000|133.880005|128.619995|129.600006|3497700|1.0000000000|129.600006
2026-06-15|445|ABBV|226.000000|226.500000|220.000000|221.589996|5261900|0.9929324291|220.023895
2026-06-15|446|NCLH|20.330000|20.590000|20.020000|20.139999|23959600|1.0000000000|20.139999
2026-06-15|447|ZTS|80.809998|82.050003|78.930000|79.949997|5770100|0.9930773248|79.396530
2026-06-15|448|IQV|182.110001|183.339996|176.130005|178.389999|1732200|1.0000000000|178.389999
2026-06-15|449|NWS|29.200001|29.350000|28.780001|29.250000|2276300|1.0000000000|29.250000
2026-06-15|450|NWSA|25.680000|25.830000|25.280001|25.700001|7544800|1.0000000000|25.700001
2026-06-15|451|CDW|132.910004|135.800003|131.100006|131.300003|2851200|0.9952456416|130.675751
2026-06-15|452|VEEV|162.210007|166.899994|161.669998|162.169998|2285500|1.0000000000|162.169998
2026-06-15|453|ALLE|134.850006|136.919998|133.660004|133.699997|702700|1.0000000000|133.699997
2026-06-15|454|HLT|350.000000|351.700012|345.220001|347.109985|1146100|0.9995449167|346.952026
2026-06-15|455|ARES|138.839996|141.899994|135.160004|135.360001|2319700|0.9900265958|134.009995
2026-06-15|456|ANET|165.960007|169.279999|163.509995|169.089996|7240800|1.0000000000|169.089996
2026-06-15|457|SYF|74.849998|76.239998|74.400002|74.610001|3146500|0.9957005565|74.289215
2026-06-15|458|CFG|68.690002|68.750000|66.529999|66.650002|4408800|0.9935492916|66.220062
2026-06-15|459|KEYS|359.549988|360.940002|351.820007|356.940002|946200|1.0000000000|356.940002
2026-06-15|460|GDDY|77.720001|79.510002|76.290001|77.489998|3063200|1.0000000000|77.489998
2026-06-15|461|KHC|24.235001|24.370001|23.965000|23.990000|10704400|1.0000000000|23.990000
2026-06-15|462|PYPL|42.358002|43.340000|42.099998|42.490002|22555300|1.0000000000|42.490002
2026-06-15|463|LITE|965.979980|998.500000|923.950012|957.239990|5266100|1.0000000000|957.239990
2026-06-15|464|HPE|49.474998|49.599998|48.099998|49.020000|30500700|0.9970828234|48.876999
2026-06-15|465|XYZ|72.089996|74.790001|71.889999|74.349998|9545400|1.0000000000|74.349998
2026-06-15|466|FTV|60.939999|61.160000|59.669998|60.279999|3108200|0.9990168769|60.220737
2026-06-15|467|DELL|411.399994|415.910004|394.100006|409.070007|7036600|0.9983502671|408.395142
2026-06-15|468|TTD|19.474001|19.639999|18.885000|19.270000|24055600|1.0000000000|19.270000
2026-06-15|469|VST|152.809998|155.449997|150.248993|153.520004|4455200|0.9986015267|153.305313
2026-06-15|470|HWM|270.899994|273.049988|268.570007|270.440002|2257900|0.9995167748|270.309326
2026-06-15|471|INVH|29.590000|29.870001|29.059999|29.170000|8774800|0.9898785423|28.874758
2026-06-15|472|CVNA|66.959999|70.519997|66.925003|68.900002|15290700|1.0000000000|68.900002
2026-06-15|473|IR|75.900002|77.904999|75.900002|76.769997|5643900|0.9997640396|76.751884
2026-06-15|474|VICI|28.360001|28.570000|27.889999|27.990000|10362100|0.9834741092|27.527441
2026-06-15|475|VRT|316.000000|319.838989|310.371002|311.929993|5346400|1.0000000000|311.929993
2026-06-15|476|MRNA|51.369999|52.230000|49.840000|52.130001|6342100|1.0000000000|52.130001
2026-06-15|477|FOXA|56.980000|58.400002|53.244999|54.759998|33618700|1.0000000000|54.759998
2026-06-15|478|FOX|52.029999|52.869999|48.310001|49.955002|6970000|1.0000000000|49.955002
2026-06-15|479|DOW|32.709999|33.310001|31.910000|33.230000|15288000|1.0000000000|33.230000
2026-06-15|480|UBER|70.620003|73.480003|70.459999|72.849998|24748700|1.0000000000|72.849998
2026-06-15|481|CTVA|75.930000|77.360001|75.525002|75.709999|4117300|1.0000000000|75.709999
2026-06-15|482|CRWD|692.669983|697.494995|668.859985|692.909973|2546000|0.2500000000|173.227493
2026-06-15|483|DDOG|236.000000|238.669998|228.250000|233.089996|5812800|1.0000000000|233.089996
2026-06-15|484|CARR|71.529999|72.650002|71.099998|71.129997|5412100|0.9964168410|70.875130
2026-06-15|485|OTIS|71.760002|72.589996|71.550003|71.809998|4272700|0.9939750786|71.377350
2026-06-15|486|PLTR|130.020004|134.979996|129.699997|134.710007|41748200|1.0000000000|134.710007
2026-06-15|487|DASH|152.000000|169.070007|151.949997|168.089996|6828800|1.0000000000|168.089996
2026-06-15|488|ABNB|134.419998|140.160004|134.304001|138.960007|4695200|1.0000000000|138.960007
2026-06-15|489|EXE|87.190002|89.709999|87.139999|87.900002|3971700|0.9940278354|87.375053
2026-06-15|490|COIN|170.000000|174.440002|168.630005|169.619995|8972000|1.0000000000|169.619995
2026-06-15|491|APP|509.500000|530.549988|507.010010|520.859985|7521000|1.0000000000|520.859985
2026-06-15|492|HOOD|98.720001|100.870003|97.449997|98.120003|36576900|1.0000000000|98.120003
2026-06-15|493|CEG|259.734985|264.924988|256.119995|262.350006|3832700|0.9984651331|261.947327
2026-06-15|494|GEHC|66.059998|66.440002|64.639999|64.760002|3406600|0.9994353928|64.723434
2026-06-15|495|KVUE|18.080000|18.385000|18.080000|18.250000|11515300|0.9889763775|18.048819
2026-06-15|496|VLTO|83.349998|84.309998|82.260002|82.680000|1629400|0.9985280797|82.558304
2026-06-15|497|RDDT|168.809998|182.000000|167.904999|181.880005|4844000|1.0000000000|181.880005
2026-06-15|498|SOLV|79.820000|80.000000|76.669998|76.900002|1400000|1.0000000000|76.900002
2026-06-15|499|GEV|970.000000|987.219971|957.359985|979.070007|3428200|0.9994893113|978.570007
2026-06-15|500|SNDK|2101.120117|2119.899902|2021.109985|2107.860107|9156400|1.0000000000|2107.860107
2026-06-15|501|Q|157.399994|161.830002|153.750000|161.020004|1637500|1.0000000000|161.020004
2026-06-15|502|FDXF|173.910004|177.809998|166.039993|167.160004|1707700|1.0000000000|167.160004
2026-06-15|503|HONA|200.000000|200.000000|200.000000|200.000000|400|1.0000000000|200.000000
