date|security_id|ticker|open|high|low|close|volume|adj_factor|adj_close_vendor
2026-06-23|1|AEP|131.429993|134.050003|130.250000|133.740005|10421600|0.9924441265|132.729477
2026-06-23|2|BA|218.889999|221.479996|216.639999|216.710007|4572500|1.0000000000|216.710007
2026-06-23|3|CAT|985.250000|994.599976|972.650024|984.239990|4286900|0.9981483165|982.417480
2026-06-23|4|CNP|43.360001|43.650002|42.849998|43.500000|13225500|0.9940594062|43.241585
2026-06-23|5|CVX|175.779999|176.399994|174.699997|175.979996|6555300|0.9913483039|174.457474
2026-06-23|6|DIS|102.019997|104.040001|101.800003|103.529999|14457400|0.9923958226|102.742737
2026-06-23|7|DTE|147.750000|149.520004|146.679993|149.190002|1171100|1.0000000000|149.190002
2026-06-23|8|ED|107.680000|109.070000|107.000000|108.750000|2420300|0.9918651523|107.865334
2026-06-23|9|GD|346.000000|350.779999|344.440002|350.339996|1354200|0.9956181446|348.804871
2026-06-23|10|GE|349.279999|359.920013|347.769989|356.470001|4735200|0.9987550328|356.026215
2026-06-23|11|HON|225.629998|225.780001|220.639996|222.370004|6402500|1.0456302247|232.516800
2026-06-23|12|HPQ|23.480000|24.080000|23.180000|23.670000|16469100|1.0000000000|23.670000
2026-06-23|13|IBM|261.579987|267.529999|255.259995|264.940002|15686100|0.9928776129|263.053009
2026-06-23|14|IP|36.250000|37.209999|36.119999|36.560001|4954700|0.9887402721|36.148346
2026-06-23|15|JNJ|235.639999|239.800003|234.350006|239.080002|11802000|0.9950922943|237.906662
2026-06-23|16|KO|81.330002|81.330002|79.830002|80.309998|16854000|1.0000000000|80.309998
2026-06-23|17|KR|56.520000|57.549999|56.230000|57.049999|14932300|0.9931853922|56.661228
2026-06-23|18|LMT|498.829987|504.299988|496.529999|503.670013|827500|1.0000000000|503.670013
2026-06-23|19|MMM|162.029999|164.169998|161.000000|161.839996|2816100|0.9956414843|161.134613
2026-06-23|20|MO|70.930000|71.739998|70.330002|71.610001|9851000|1.0000000000|71.610001
2026-06-23|21|MRK|116.529999|119.800003|116.529999|119.599998|10469300|1.0000000000|119.599998
2026-06-23|22|MSI|391.799988|395.809998|389.410004|389.440002|966600|1.0000000000|389.440002
2026-06-23|23|PG|149.660004|151.369995|149.369995|150.860001|7259600|0.9925903246|149.742172
2026-06-23|24|XOM|139.460007|140.389999|138.500000|139.729996|13699400|0.9935665212|138.831039
2026-06-23|25|RTX|183.000000|186.720001|181.830002|186.389999|3908600|0.9966890420|185.772873
2026-06-23|26|MCD|273.890015|274.250000|270.510010|271.660004|3783500|1.0000000000|271.660004
2026-06-23|27|AXP|335.179993|338.529999|333.940002|337.779999|3549800|0.9972701149|336.857910
2026-06-23|28|BMY|55.389999|55.939999|54.959999|55.529999|13251000|0.9888377035|54.910156
2026-06-23|29|DD|47.429998|47.880000|46.590001|46.669998|3534900|3.0000000000|140.009995
2026-06-23|30|DE|590.059998|601.380005|583.380005|591.940002|1384000|0.9974147424|590.409729
2026-06-23|31|EMR|146.839996|146.929993|143.089996|143.139999|2925400|0.9966201816|142.656204
2026-06-23|32|ETN|421.549988|421.549988|405.279999|405.279999|2459000|0.9975456838|404.285309
2026-06-23|33|ETR|112.790001|113.959999|111.839996|113.809998|3513700|0.9940658321|113.134628
2026-06-23|34|F|13.840000|14.220000|13.740000|14.000000|65368300|0.9892857143|13.850000
2026-06-23|35|HAL|34.900002|35.410000|34.610001|35.110001|13682000|1.0000000000|35.110001
2026-06-23|36|LLY|1117.000000|1122.020020|1079.219971|1107.079956|3316300|0.9985690653|1105.495850
2026-06-23|37|PCG|16.670000|16.920000|16.580000|16.770000|29572300|0.9970997679|16.721363
2026-06-23|38|PEP|143.679993|143.679993|140.869995|142.050003|7589000|1.0000000000|142.050003
2026-06-23|39|PFE|24.990000|25.240000|24.690001|24.719999|82009200|0.9828068774|24.294985
2026-06-23|40|TXN|313.910004|316.260010|301.079987|304.359985|10814300|0.9949060125|302.809570
2026-06-23|41|WFC|84.010002|84.330002|83.050003|84.129997|11612300|0.9942915856|83.649750
2026-06-23|42|HUBB|524.989990|524.989990|507.769989|509.959991|674695|1.0000000000|509.959991
2026-06-23|43|WMT|119.709999|120.250000|116.339996|119.419998|23411400|0.9976117102|119.134789
2026-06-23|44|AIG|76.790001|77.089996|75.889999|76.529999|3576600|1.0000000000|76.529999
2026-06-23|45|AVY|157.839996|159.080002|157.009995|157.860001|587700|1.0000000000|157.860001
2026-06-23|46|BAC|57.520000|58.009998|57.200001|57.910000|30045700|1.0000000000|57.910000
2026-06-23|47|BALL|58.290001|60.900002|58.119999|60.490002|5135400|1.0000000000|60.490002
2026-06-23|48|BDX|142.550003|145.589996|141.250000|143.919998|2908100|1.0000000000|143.919998
2026-06-23|49|CLX|92.470001|93.459999|91.820000|92.639999|2409800|0.9884526559|91.570251
2026-06-23|50|CMI|700.880005|711.359985|685.260010|699.049988|812500|0.9962915514|696.457642
2026-06-23|51|CMS|74.250000|75.430000|73.809998|75.330002|3742500|0.9919943817|74.726936
2026-06-23|52|CVS|101.559998|102.050003|100.790001|101.570000|6435000|0.9938471504|100.945053
2026-06-23|53|ECL|267.899994|273.459991|267.100006|268.660004|1724400|1.0000000000|268.660004
2026-06-23|54|ES|70.239998|71.290001|69.870003|71.029999|3501100|1.0000000000|71.029999
2026-06-23|55|EVRG|83.730003|85.000000|83.129997|84.839996|1981500|0.9917192899|84.137459
2026-06-23|56|GWW|1328.510010|1341.420044|1312.160034|1320.479980|339800|0.9980509570|1317.906250
2026-06-23|57|LNT|73.650002|74.660004|73.150002|74.570000|3222600|0.9924530963|74.007225
2026-06-23|58|MKC|46.529999|47.619999|46.400002|47.380001|5511900|0.9910196447|46.954514
2026-06-23|59|MRSH|162.070007|164.660004|161.800003|163.839996|2585400|0.9943746806|162.918350
2026-06-23|60|NEE|86.000000|86.830002|85.660004|86.430000|12881700|1.0000000000|85.784904
2026-06-23|61|NI|47.209999|47.740002|46.169998|47.259998|6335800|0.9933436876|46.945423
2026-06-23|62|PNW|103.239998|104.459999|102.660004|104.050003|1348100|0.9909892067|103.112427
2026-06-23|63|RVTY|99.180000|101.400002|98.889999|99.900002|1116200|0.9993733214|99.837395
2026-06-23|64|SNA|387.350006|391.140015|384.220001|385.850006|590600|0.9938338681|383.470795
2026-06-23|65|SPGI|412.120003|415.000012|399.879990|400.160014|1845000|0.9439543647|377.732788
2026-06-23|66|TER|410.170013|428.670013|408.769989|420.119995|7671700|1.0000000000|420.119995
2026-06-23|67|TGT|131.910004|134.899994|131.220001|134.110001|4793100|0.9923829532|133.088470
2026-06-23|68|TXT|86.919998|87.559998|86.360001|86.400002|1591400|1.0000000000|86.400002
2026-06-23|69|VMC|301.750000|305.140015|299.029999|299.089996|878700|0.9981453742|298.535309
2026-06-23|70|XEL|79.309998|80.529999|78.690002|80.330002|4221100|1.0000000000|80.330002
2026-06-23|71|ITW|263.029999|264.899994|261.250000|261.640015|1330300|0.9939806334|260.065125
2026-06-23|72|CL|89.839996|91.709999|89.839996|91.430000|6377500|0.9942998496|90.908836
2026-06-23|73|EXC|46.299999|46.840000|45.930000|46.619999|8580500|1.0000000000|46.619999
2026-06-23|74|MDT|79.750000|80.750000|79.580002|80.629997|8482600|0.9910581218|79.909012
2026-06-23|75|BNY|146.720001|148.500000|145.300003|147.289993|4830700|0.9960354919|146.706070
2026-06-23|76|EIX|71.879997|73.180000|71.620003|72.940002|2562700|0.9882683051|72.084297
2026-06-23|77|FRT|122.370003|123.739998|122.040001|123.680000|636300|0.9908457552|122.547798
2026-06-23|78|PNR|73.260002|74.330002|72.540001|73.160004|1493800|0.9956500725|72.841759
2026-06-23|79|USB|58.919998|60.130001|58.580002|60.049999|10932400|0.9915143601|59.540440
2026-06-23|80|WY|24.340000|24.480000|24.100000|24.440001|5111700|1.0000000000|24.440001
2026-06-23|81|SYY|78.970001|79.580002|78.250000|79.279999|3641500|0.9934155392|78.757980
2026-06-23|82|WRB|67.879997|69.059998|67.309998|68.959999|2959400|1.0000000000|68.959999
2026-06-23|83|IFF|75.570000|76.220001|74.320000|74.709999|1848100|1.0000000000|74.709999
2026-06-23|84|TAP|40.220001|40.279999|39.490002|39.709999|2800200|1.0000000000|39.252468
2026-06-23|85|PNC|235.690002|238.860001|234.369995|238.669998|2586300|0.9920904849|236.782227
2026-06-23|86|TRV|313.239990|317.579987|309.589996|316.959991|4129600|1.0000000000|316.959991
2026-06-23|87|C|144.130005|146.139999|143.139999|144.970001|13297300|0.9949414872|144.236664
2026-06-23|88|FDX|326.010010|327.399994|316.359985|317.239990|3551000|1.0000000000|317.239990
2026-06-23|89|WDC|665.210022|682.530029|653.000000|670.750000|12684400|1.0000000000|670.750000
2026-06-23|90|DHR|179.070007|181.710007|177.070007|178.970001|4149800|0.9979297139|178.599472
2026-06-23|91|APA|33.799999|34.360001|33.799999|34.220001|5394600|0.9930109031|33.980835
2026-06-23|92|LUV|47.889999|50.200001|47.779999|49.410000|6106100|1.0000000000|49.410000
2026-06-23|93|PEG|80.699997|81.820000|80.129997|81.389999|3240800|1.0000000000|81.389999
2026-06-23|94|UNP|261.040009|262.869995|258.130005|258.609985|2090000|1.0000000000|258.609985
2026-06-23|95|ABT|88.949997|90.930000|88.730003|90.529999|12201500|0.9929181654|89.888885
2026-06-23|96|ADI|426.859985|426.859985|403.209991|407.260010|7559600|1.0000000000|407.260010
2026-06-23|97|ADM|76.029999|76.750000|75.680000|75.839996|3369300|0.9936931471|75.361687
2026-06-23|98|ADP|220.789993|220.929993|217.889999|220.500000|2550800|1.0000000000|220.500000
2026-06-23|99|AFL|117.800003|118.980003|116.570000|118.790001|3460500|0.9949889100|118.194733
2026-06-23|100|AMAT|581.929993|592.500000|573.510010|585.880005|12035100|0.9989318178|585.254211
2026-06-23|101|AMD|509.079987|528.489990|506.809998|519.849976|30196800|1.0000000000|519.849976
2026-06-23|102|APD|281.440002|284.549988|279.630005|282.450012|1874200|0.9938263181|280.706268
2026-06-23|103|BF-B|27.330000|27.690001|27.150000|27.240000|2297200|1.0000000000|27.240000
2026-06-23|104|CHD|95.550003|96.830002|95.000000|96.480003|1884600|0.9969601263|96.186714
2026-06-23|105|CINF|173.210007|175.979996|171.619995|175.809998|956700|1.0000000000|175.809998
2026-06-23|106|CMCSA|22.559999|23.049999|22.240000|22.799999|40351900|0.9865580444|22.493523
2026-06-23|107|D|68.209999|68.870003|68.070000|68.449997|5393800|1.0000000000|68.449997
2026-06-23|108|DOV|225.250000|227.139999|221.850006|223.539993|1033800|1.0000000000|223.539993
2026-06-23|109|DUK|124.750000|125.580002|123.449997|125.050003|3674000|0.9912844404|123.960121
2026-06-23|110|EFX|153.830002|158.619995|152.449997|152.529999|1868100|1.0000000000|152.529999
2026-06-23|111|EQT|51.500000|51.799999|50.930000|51.660000|9762800|0.9968732234|51.498470
2026-06-23|112|FITB|53.389999|54.849998|53.209999|54.669998|6819500|0.9929552658|54.284863
2026-06-23|113|GIS|33.840000|34.840000|33.840000|34.430000|12590000|0.9829846576|33.844162
2026-06-23|114|GPC|105.500000|107.680000|104.809998|106.470001|1649200|1.0000000000|106.470001
2026-06-23|115|HAS|84.059998|84.360001|82.400002|82.870003|2056200|0.9925523990|82.252823
2026-06-23|116|HBAN|17.070000|17.450001|16.969999|17.400000|19749600|1.0000000000|17.400000
2026-06-23|117|HRL|24.360001|24.799999|24.360001|24.719999|3447100|0.9881520418|24.427118
2026-06-23|118|HST|24.860001|25.320000|24.770000|24.820000|6347800|0.9630818621|23.903690
2026-06-23|119|HSY|174.679993|179.410004|173.410004|179.270004|2860900|0.9921985814|177.871445
2026-06-23|120|INTC|129.729996|137.979996|128.300003|132.279999|132976700|1.0000000000|132.279999
2026-06-23|121|J|118.800003|121.099998|117.129997|120.900002|1180200|0.9975665811|120.605804
2026-06-23|122|JPM|329.470001|335.369995|327.209991|334.140015|7582200|0.9955152929|332.641479
2026-06-23|123|KMB|101.919998|104.199997|101.260002|103.949997|4012400|1.0000000000|103.949997
2026-06-23|124|L|109.150002|110.669998|108.139999|110.580002|923600|0.9994397510|110.518051
2026-06-23|125|LEN|87.489998|88.269997|87.300003|87.349998|2003200|0.9940723176|86.832214
2026-06-23|126|LOW|213.850006|216.500000|212.139999|213.539993|2766400|0.9938577955|212.228394
2026-06-23|127|MAS|73.290001|76.209999|73.180000|73.209999|2068500|0.9956337837|72.890350
2026-06-23|128|MTB|228.330002|231.759995|226.899994|231.240005|1054900|1.0000000000|231.240005
2026-06-23|129|NEM|97.910004|99.220001|97.199997|97.839996|7895100|1.0000000000|97.839996
2026-06-23|130|NTRS|174.910004|177.779999|173.949997|176.259995|811700|1.0000000000|176.259995
2026-06-23|131|NUE|240.149994|241.970001|237.500000|239.630005|2538500|0.9975500919|239.042923
2026-06-23|132|OMC|73.570000|73.629997|71.820000|72.959999|3992300|1.0000000000|72.959999
2026-06-23|133|PCAR|120.029999|120.029999|116.760002|116.779999|3336700|0.9973590885|116.471596
2026-06-23|134|PGR|211.520004|216.429993|210.190002|215.690002|5353100|0.9995561474|215.594269
2026-06-23|135|PH|938.760010|957.559998|930.200012|947.580017|613300|1.0000000000|947.580017
2026-06-23|136|PHM|125.769997|127.000000|124.849998|126.550003|1398000|1.0000000000|126.550003
2026-06-23|137|PPG|117.360001|119.529999|117.330002|117.699997|2251200|0.9938189109|116.972488
2026-06-23|138|PPL|35.680000|36.330002|35.380001|36.290001|13416800|1.0000000000|36.290001
2026-06-23|139|RF|28.820000|29.360001|28.639999|29.290001|13810100|1.0000000000|29.290001
2026-06-23|140|ROL|45.209999|45.270000|44.250000|44.639999|3599700|0.9951510336|44.423542
2026-06-23|141|SHW|322.000000|329.880005|320.230011|322.899994|3080600|0.9976939264|322.155365
2026-06-23|142|STT|172.979996|175.460007|171.419998|173.729996|2135900|0.9950471700|172.869537
2026-06-23|143|SWK|84.769997|85.940002|83.199997|83.809998|1687800|1.0000000000|83.809998
2026-06-23|144|SYK|308.779999|311.679993|304.040009|310.000000|2260500|0.9973375287|309.174622
2026-06-23|145|TMO|469.890015|471.119995|460.130005|469.350006|1824600|1.0000000000|469.350006
2026-06-23|146|TPL|352.880005|379.000000|352.850006|369.899994|499400|1.0000000000|369.899994
2026-06-23|147|TSN|56.160000|57.560001|56.160000|57.419998|3624100|1.0000000000|57.419998
2026-06-23|148|TT|484.880005|485.339996|470.690002|474.339996|1519500|1.0000000000|474.339996
2026-06-23|149|TYL|279.059998|286.000000|275.299988|279.140015|1119100|1.0000000000|279.140015
2026-06-23|150|UDR|37.950001|38.450001|37.860001|38.279999|4709500|0.9926177659|37.997406
2026-06-23|151|VTRS|15.320000|15.800000|15.220000|15.750000|8811000|0.9925558317|15.632754
2026-06-23|152|WEC|114.309998|114.889999|113.080002|114.139999|2717400|0.9913583604|113.153641
2026-06-23|153|WST|328.450012|336.500000|327.609985|336.390015|784600|0.9993471810|336.170410
2026-06-23|154|NDSN|291.369995|294.429993|287.029999|291.070007|394800|1.0000000000|291.070007
2026-06-23|155|TFC|48.980000|49.730000|48.689999|49.669998|15988700|0.9901868280|49.182575
2026-06-23|156|WELL|213.059998|219.000000|211.660004|217.669998|3593400|0.9962391044|216.851364
2026-06-23|157|AON|318.290009|323.570007|316.690002|320.739990|2626900|0.9977256968|320.010529
2026-06-23|158|GL|173.830002|176.169998|172.949997|175.580002|646900|0.9981716439|175.258972
2026-06-23|159|OKE|86.360001|88.190002|85.650002|88.059998|3943700|0.9882171564|87.022400
2026-06-23|160|KLAC|248.059998|251.220001|240.559998|244.490005|18703800|0.9988709994|244.213989
2026-06-23|161|CSX|46.240002|46.520000|46.020000|46.160000|13016600|1.0000000000|46.160000
2026-06-23|162|PSA|322.670013|325.869995|319.739990|321.290009|1031300|1.0000000000|321.290009
2026-06-23|163|NKE|42.389999|43.189999|42.320000|42.380001|31517900|1.0000000000|42.380001
2026-06-23|164|AAPL|297.540009|301.640015|294.179993|294.299988|52010900|0.9991382887|294.046387
2026-06-23|165|BRO|59.180000|60.650002|59.130001|60.400002|3662700|0.9976903696|60.260502
2026-06-23|166|UHS|143.059998|147.610001|143.059998|145.850006|823400|1.0000000000|145.850006
2026-06-23|167|HD|323.869995|329.019989|321.700012|324.450012|4788000|1.0000000000|324.450012
2026-06-23|168|BAX|19.500000|20.170000|19.420000|20.100000|5072500|1.0000000000|20.092249
2026-06-23|169|COP|109.480003|110.570000|108.849998|109.970001|7226200|0.9933743492|109.241379
2026-06-23|170|GLW|192.449997|194.809998|186.600006|194.070007|17968900|1.0000000000|194.070007
2026-06-23|171|HUM|361.899994|365.989990|358.730011|359.130005|1568500|0.9976462766|358.284698
2026-06-23|172|LHX|288.579987|294.279999|286.660004|293.769989|2396200|1.0000000000|293.769989
2026-06-23|173|NOC|519.070007|519.630005|509.480011|513.219971|790800|1.0000000000|513.219971
2026-06-23|174|OXY|52.099998|52.580002|51.660000|52.230000|9887700|1.0000000000|52.230000
2026-06-23|175|ROK|464.239990|467.059998|455.709991|456.359985|688500|0.9969290339|454.958527
2026-06-23|176|SLB|47.400002|48.259998|47.070000|47.790001|28651100|1.0000000000|47.790001
2026-06-23|177|SO|94.279999|95.110001|93.500000|94.930000|7586600|0.9918103451|94.152557
2026-06-23|178|WMB|74.209999|75.879997|73.620003|75.790001|7972500|1.0000000000|75.790001
2026-06-23|179|VLO|242.839996|245.770004|241.169998|243.679993|3267600|0.9961502678|242.741882
2026-06-23|180|CI|286.730011|286.730011|281.040009|283.079987|1401900|1.0000000000|283.079987
2026-06-23|181|NSC|304.790009|305.540009|302.109985|303.390015|1593000|0.9960579337|302.194031
2026-06-23|182|COO|66.019997|66.690002|65.629997|66.150002|2768000|1.0000000000|66.150002
2026-06-23|183|AMGN|348.309998|349.399994|345.489990|347.010010|2304600|0.9941899340|344.993866
2026-06-23|184|RJF|155.509995|157.649994|154.630005|157.440002|1603600|0.9964480694|156.880783
2026-06-23|185|WSM|222.600006|227.350006|222.600006|226.139999|1175800|0.9966722130|225.387451
2026-06-23|186|CAH|225.210007|229.259995|222.500000|228.910004|2110400|0.9978279171|228.412781
2026-06-23|187|CTAS|172.580002|172.740005|167.860001|168.800003|1687100|0.9974090682|168.362656
2026-06-23|188|PAYX|97.910004|98.849998|97.550003|97.989998|4562300|0.9896951856|96.980232
2026-06-23|189|BEN|33.660000|34.419998|33.270000|33.790001|6605500|0.9900632337|33.454239
2026-06-23|190|AOS|57.189999|58.349998|57.130001|57.439999|1585700|0.9939809398|57.094265
2026-06-23|191|CASY|835.010010|839.510010|826.000000|831.890015|441400|0.9992507205|831.266663
2026-06-23|192|T|22.309999|22.980000|22.190001|22.809999|73551900|0.9867870728|22.508614
2026-06-23|193|VZ|45.709999|46.849998|45.400002|46.730000|23019100|0.9832386370|45.946739
2026-06-23|194|JBHT|272.880005|274.660004|268.980011|269.239990|669900|0.9983161833|268.786621
2026-06-23|195|ATO|170.889999|172.770004|169.949997|171.089996|1101400|0.9940065930|170.064575
2026-06-23|196|LRCX|369.709991|377.100006|365.260010|371.329987|16065200|1.0000000000|371.329987
2026-06-23|197|MU|1080.000000|1125.000000|1038.500000|1051.770020|60243300|0.9998462422|1051.608276
2026-06-23|198|AJG|213.679993|217.869995|211.990005|215.779999|2312700|1.0000000000|215.779999
2026-06-23|199|AME|237.630005|237.630005|233.399994|234.080002|1273100|1.0000000000|234.080002
2026-06-23|200|SWKS|72.879997|75.099998|71.980003|73.440002|8503800|1.0000000000|73.440002
2026-06-23|201|EXPD|164.000000|164.440002|160.820007|161.339996|974700|1.0000000000|161.339996
2026-06-23|202|UNH|409.519989|409.899994|402.839996|409.250000|6675900|1.0000000000|409.250000
2026-06-23|203|BBY|73.839996|75.349998|72.519997|75.150002|5358400|1.0000000000|75.150002
2026-06-23|204|DOC|20.010000|20.680000|19.990000|20.559999|5214600|0.9905847075|20.366423
2026-06-23|205|ADSK|193.270004|193.770004|187.240005|188.779999|3327000|1.0000000000|188.779999
2026-06-23|206|DVN|42.990002|43.549999|42.849998|43.389999|10131100|1.0000000000|43.389999
2026-06-23|207|NVR|6331.000000|6445.609863|6325.009766|6389.569824|27000|1.0000000000|6389.569824
2026-06-23|208|ROST|233.110001|234.990005|227.619995|229.050003|3526600|1.0000000000|229.050003
2026-06-23|209|JKHY|125.199997|126.959999|125.040001|125.250000|1528600|1.0000000000|125.250000
2026-06-23|210|MNST|94.879997|94.879997|92.620003|93.690002|5366100|0.5000000000|93.690002
2026-06-23|211|ORCL|170.229996|174.330002|164.610001|165.160004|33327900|0.9965330745|164.587402
2026-06-23|212|MSFT|372.380005|377.220001|370.670013|373.940002|40647600|0.9981210382|373.237366
2026-06-23|213|TROW|107.199997|107.900002|105.900002|106.000000|2130000|1.0000000000|106.000000
2026-06-23|214|COST|964.500000|966.380005|953.489990|957.679993|2529800|0.9984126298|956.159790
2026-06-23|215|ADBE|197.960007|200.550003|195.350006|197.429993|6910500|1.0000000000|197.429993
2026-06-23|216|FISV|47.849998|48.139999|47.169998|47.299999|6597500|1.0000000000|47.299999
2026-06-23|217|BKR|58.630001|59.340000|58.220001|58.680000|6471500|0.9963346614|58.464920
2026-06-23|218|CDNS|383.170013|386.549988|377.329987|379.059998|2139700|1.0000000000|379.059998
2026-06-23|219|TJX|164.869995|166.529999|163.429993|164.350006|4903200|0.9968547277|163.833084
2026-06-23|220|FICO|1098.800049|1113.510010|1080.810059|1099.410034|277300|1.0000000000|1099.410034
2026-06-23|221|CCL|27.400000|28.889999|27.000000|28.719999|40341600|0.9947898578|28.570364
2026-06-23|222|FAST|46.130001|46.189999|45.410000|45.599998|6004000|0.9945424013|45.351131
2026-06-23|223|SCHW|92.389999|93.300003|92.029999|93.169998|11700800|0.9970924949|92.899101
2026-06-23|224|JCI|143.759995|145.949997|141.070007|141.279999|5000600|1.0000000000|141.279999
2026-06-23|225|COHR|388.690002|399.140015|379.519989|381.220001|5954800|1.0000000000|381.220001
2026-06-23|226|KEY|22.780001|23.059999|22.709999|23.020000|11301500|1.0000000000|23.020000
2026-06-23|227|MOS|21.500000|21.780001|21.070000|21.250000|8999800|1.0000000000|21.250000
2026-06-23|228|MGM|46.259998|46.980000|46.220001|46.919998|2154200|1.0000000000|46.919998
2026-06-23|229|WM|216.970001|219.039993|214.000000|218.839996|2109200|1.0000000000|218.839996
2026-06-23|230|TECH|55.759998|57.310001|55.759998|56.259998|2314100|0.9988938053|56.197762
2026-06-23|231|IEX|219.119995|224.169998|219.119995|221.169998|580200|0.9967384506|220.448639
2026-06-23|232|GEN|23.360001|23.580000|23.100000|23.260000|7206300|0.9956109550|23.157911
2026-06-23|233|CRH|109.629997|111.800003|108.970001|110.279999|4993300|0.9960081882|109.839783
2026-06-23|234|EOG|132.080002|135.220001|131.619995|134.899994|4738300|0.9926332518|133.906219
2026-06-23|235|PTC|117.309998|118.050003|112.000000|112.330002|1977900|1.0000000000|112.330002
2026-06-23|236|CSCO|118.540001|122.339996|117.650002|121.150002|22654400|0.9962729613|120.698471
2026-06-23|237|LH|257.679993|260.320007|256.429993|258.589996|414700|1.0000000000|258.036774
2026-06-23|238|TRMB|49.250000|49.939999|48.720001|49.189999|2933100|1.0000000000|49.189999
2026-06-23|239|AZO|2983.899902|3079.199951|2966.969971|3046.459961|819000|1.0000000000|3046.459961
2026-06-23|240|REGN|607.919983|621.789978|607.919983|618.030029|1279700|0.9988336456|617.309204
2026-06-23|241|IDXX|548.750000|552.250000|538.440002|541.309998|652200|1.0000000000|541.309998
2026-06-23|242|AES|14.630000|14.700000|14.630000|14.700000|8684400|0.9881481485|14.525778
2026-06-23|243|VRTX|469.670013|470.820007|463.760010|468.420013|1203800|1.0000000000|468.420013
2026-06-23|244|ZBRA|241.639999|244.550003|237.679993|237.720001|621000|1.0000000000|237.720001
2026-06-23|245|BIIB|198.880005|201.220001|197.009995|197.190002|1053500|1.0000000000|197.190002
2026-06-23|246|ODFL|222.369995|222.369995|217.020004|217.580002|1760700|1.0000000000|217.580002
2026-06-23|247|APH|159.710007|162.270004|158.500000|158.699997|10010600|1.0000000000|158.699997
2026-06-23|248|KIM|24.990000|25.200001|24.750000|25.190001|4771500|1.0000000000|25.190001
2026-06-23|249|QCOM|207.339996|209.179993|198.440002|204.130005|23781900|1.0000000000|204.130005
2026-06-23|250|GILD|126.629997|126.629997|124.440002|125.050003|8462600|1.0000000000|125.050003
2026-06-23|251|ROP|331.149994|333.529999|327.230011|329.540009|1510200|0.9974983506|328.715607
2026-06-23|252|SNPS|465.000000|479.799988|461.480011|461.500000|2160700|1.0000000000|461.500000
2026-06-23|253|STZ|144.610001|145.330002|141.500000|143.380005|2520000|0.9921821632|142.259079
2026-06-23|254|BSX|44.630001|45.689999|44.400002|45.599998|18696100|1.0000000000|45.599998
2026-06-23|255|STE|202.389999|203.619995|201.529999|203.210007|863200|1.0000000000|203.210007
2026-06-23|256|DHI|155.550003|157.899994|154.649994|156.080002|1561200|0.9970287223|155.616241
2026-06-23|257|LIN|523.880005|523.880005|508.730011|512.260010|2215800|1.0000000000|512.260010
2026-06-23|258|SBUX|100.459999|101.330002|99.250000|101.050003|6001600|0.9942883465|100.472839
2026-06-23|259|MS|222.509995|227.949997|222.119995|226.029999|6052800|0.9945253736|224.792572
2026-06-23|260|INTU|262.339996|263.670013|255.649994|258.049988|5781700|0.9955898568|256.911957
2026-06-23|261|MCHP|97.089996|98.379997|92.070000|93.260002|17126000|0.9940194534|92.702255
2026-06-23|262|CB|330.880005|333.170013|326.390015|332.109985|1225700|1.0000000000|332.109985
2026-06-23|263|ORLY|86.870003|88.000000|86.480003|87.540001|7495800|1.0000000000|87.540001
2026-06-23|264|RCL|291.989990|310.940002|279.230011|309.529999|4334300|1.0000000000|309.529999
2026-06-23|265|JBL|361.200012|373.739990|359.000000|372.989990|2339900|0.9997839939|372.909424
2026-06-23|266|ALL|226.470001|232.389999|224.649994|231.550003|1810900|1.0000000000|231.550003
2026-06-23|267|CPT|109.760002|110.620003|109.139999|110.500000|936400|0.9909199930|109.496658
2026-06-23|268|VMRK|65.139999|65.839996|64.849998|65.699997|3187600|0.9897192157|65.024551
2026-06-23|269|IT|129.979996|131.360001|127.489998|129.179993|1409000|1.0000000000|129.179993
2026-06-23|270|DECK|103.589996|104.919998|102.919998|103.629997|2178400|1.0000000000|103.629997
2026-06-23|271|REG|77.790001|78.809998|77.760002|78.669998|1275800|1.0000000000|78.669998
2026-06-23|272|INCY|104.610001|105.480003|103.070000|104.400002|1671000|1.0000000000|104.400002
2026-06-23|273|SPG|215.039993|217.710007|214.190002|216.740005|2595400|1.0000000000|216.740005
2026-06-23|274|MAA|133.020004|134.279999|132.470001|133.889999|814500|0.9885547570|132.357605
2026-06-23|275|MLM|604.059998|612.559998|600.460022|604.179993|280000|1.0000000000|604.179993
2026-06-23|276|TSCO|30.100000|30.320000|29.459999|29.680000|12078800|0.9931389364|29.476362
2026-06-23|277|ALB|150.229996|152.940002|149.000000|149.979996|1950900|1.0000000000|149.979996
2026-06-23|278|CPRT|29.830000|30.059999|29.520000|29.600000|9924300|1.0000000000|29.600000
2026-06-23|279|FLEX|148.570007|152.789993|144.690002|151.850006|7937800|1.0000000000|151.850006
2026-06-23|280|ESS|278.119995|279.899994|276.390015|279.299988|353500|0.9912479300|276.855530
2026-06-23|281|O|60.950001|61.689999|60.939999|61.529999|6680800|0.9915131085|61.007797
2026-06-23|282|MCO|450.029999|452.399994|442.290009|443.970001|1095700|0.9978911593|443.033752
2026-06-23|283|SJM|109.550003|110.599998|108.320000|110.470001|1725200|0.9907154105|109.444328
2026-06-23|284|MCK|762.760010|768.760010|754.489990|763.909973|1363600|1.0000000000|763.909973
2026-06-23|285|COF|198.279999|200.699997|196.470001|197.809998|5449800|0.9964810416|197.113922
2026-06-23|286|EME|852.789978|860.909973|835.580017|838.609985|483100|0.9994836978|838.177002
2026-06-23|287|DLTR|113.800003|115.430000|112.760002|113.410004|3017300|1.0000000000|113.410004
2026-06-23|288|COR|275.700012|283.760010|274.380005|281.100006|1725900|0.9980645786|280.555969
2026-06-23|289|DRI|209.759995|214.190002|208.800003|210.589996|1559000|0.9919770205|208.900436
2026-06-23|290|RMD|191.529999|193.850006|190.160004|191.259995|1235500|0.9971385215|190.712708
2026-06-23|291|WAB|271.149994|276.040009|267.299988|270.260010|755900|0.9989689007|269.981354
2026-06-23|292|FCX|65.430000|65.889999|63.700001|64.400002|16705900|0.9975786925|64.244072
2026-06-23|293|IVZ|28.209999|28.490000|26.690001|27.020000|11272800|0.9933559952|26.840479
2026-06-23|294|ACGL|93.500000|93.900002|92.510002|93.709999|2365200|1.0000000000|93.709999
2026-06-23|295|ERIE|215.970001|222.300003|215.300003|221.119995|244400|0.9943102712|219.861877
2026-06-23|296|EG|341.140015|344.160004|339.040009|343.559998|516600|1.0000000000|343.559998
2026-06-23|297|DVA|210.570007|213.820007|209.949997|210.929993|858100|1.0000000000|210.929993
2026-06-23|298|HSIC|79.059998|80.550003|78.739998|80.099998|1368000|1.0000000000|80.099998
2026-06-23|299|EL|83.430000|85.029999|82.589996|83.760002|3247500|1.0000000000|83.760002
2026-06-23|300|WAT|360.109985|365.769989|354.410004|357.200012|843300|1.0000000000|357.200012
2026-06-23|301|NTAP|154.559998|159.199997|152.330002|157.820007|3274000|0.9969719908|157.342117
2026-06-23|302|HIG|130.500000|131.589996|129.210007|131.330002|2561900|1.0000000000|131.330002
2026-06-23|303|IRM|129.750000|133.570007|129.399994|133.059998|1969200|1.0000000000|133.059998
2026-06-23|304|BRK-B|490.920013|494.339996|490.000000|492.809998|4428100|1.0000000000|492.809998
2026-06-23|305|FDS|224.000000|227.580002|216.399994|218.149994|1055600|1.0000000000|218.149994
2026-06-23|306|STLD|246.250000|248.720001|242.679993|243.690002|1678200|0.9977371702|243.138580
2026-06-23|307|DGX|195.779999|197.789993|194.149994|197.179993|988000|0.9959506546|196.381546
2026-06-23|308|CIEN|437.000000|467.890015|432.489990|459.850006|3816500|1.0000000000|459.850006
2026-06-23|309|TTWO|240.479996|247.419998|240.100006|242.639999|3151200|1.0000000000|242.639999
2026-06-23|310|VTR|83.660004|85.690002|83.559998|85.370003|3827300|0.9941769319|84.872887
2026-06-23|311|AMZN|232.550003|236.869995|232.000000|234.110001|60492600|1.0000000000|234.110001
2026-06-23|312|ARE|50.740002|52.020000|50.630001|51.599998|1393100|0.9870480303|50.931675
2026-06-23|313|RL|405.510010|408.980011|398.220001|407.010010|590100|0.9975616297|406.017578
2026-06-23|314|BXP|64.690002|65.309998|64.199997|64.339996|1862700|0.9895631429|63.668491
2026-06-23|315|FIX|1940.000000|1990.619995|1888.010010|1908.069946|674600|0.9994824076|1907.082275
2026-06-23|316|YUM|151.270004|153.500000|150.779999|151.600006|2578500|1.0000000000|151.600006
2026-06-23|317|CHRW|187.770004|190.000000|177.550003|178.839996|1910300|1.0000000000|178.839996
2026-06-23|318|FE|46.900002|47.509998|46.750000|47.450001|3718500|0.9901836603|46.984215
2026-06-23|319|MTD|1169.329956|1175.520020|1146.010010|1156.640015|306100|1.0000000000|1156.640015
2026-06-23|320|PLD|143.610001|146.160004|143.389999|145.250000|3117300|1.0000000000|145.250000
2026-06-23|321|URI|1062.170044|1075.329956|1055.699951|1063.140015|447000|0.9982773546|1061.308594
2026-06-23|322|AEE|110.459999|111.940002|109.610001|111.699997|2019600|1.0000000000|111.699997
2026-06-23|323|VRSN|250.000000|251.039993|245.369995|247.220001|1180300|0.9970730649|246.496399
2026-06-23|324|PWR|709.750000|720.640015|692.679993|702.289978|1693200|0.9998472307|702.182678
2026-06-23|325|AMT|178.490005|179.750000|175.990005|179.380005|3507900|1.0000000000|179.380005
2026-06-23|326|MAR|384.459991|390.359985|381.429993|386.829987|2019500|0.9979719406|386.045471
2026-06-23|327|CTSH|42.369999|42.700001|40.900002|40.950001|24430400|0.9941706413|40.711288
2026-06-23|328|SRE|91.839996|92.470001|91.089996|92.290001|5280300|0.9929041305|91.635124
2026-06-23|329|CSGP|29.730000|30.600000|29.730000|30.260000|8313800|1.0000000000|30.260000
2026-06-23|330|RSG|207.919998|209.389999|205.889999|209.100006|2217300|0.9970890970|208.491333
2026-06-23|331|CCI|84.269997|84.730003|82.750000|84.330002|3716700|1.0000000000|84.330002
2026-06-23|332|EBAY|105.089996|109.589996|105.089996|108.970001|3531200|1.0000000000|108.639694
2026-06-23|333|NVDA|202.169998|203.770004|200.000000|200.039993|153496200|1.0000000000|200.039993
2026-06-23|334|BKNG|167.570007|170.110001|165.850006|168.940002|9166100|1.0000000000|168.940002
2026-06-23|335|GS|1077.339966|1103.550049|1069.000000|1094.439941|2066900|1.0000000000|1094.439941
2026-06-23|336|FFIV|387.200012|393.679993|386.670013|389.529999|695600|1.0000000000|389.529999
2026-06-23|337|SBAC|189.070007|190.490005|187.509995|189.589996|690800|0.9931480565|188.290924
2026-06-23|338|LII|527.909973|531.049988|519.479980|523.590027|348300|0.9976091276|522.338196
2026-06-23|339|BLK|1049.130005|1050.000000|1009.239990|1015.330017|1455300|1.0000000000|1015.330017
2026-06-23|340|TKO|197.440002|203.330002|197.160004|202.699997|1287900|1.0000000000|202.699997
2026-06-23|341|AKAM|119.699997|123.290001|119.199997|119.870003|2885800|1.0000000000|119.870003
2026-06-23|342|UPS|106.949997|107.389999|105.300003|105.830002|4023900|0.9843062201|104.169128
2026-06-23|343|A|127.279999|128.679993|126.510002|126.669998|2117600|0.9980802530|126.426826
2026-06-23|344|TDY|607.190002|621.000000|605.679993|612.909973|335900|1.0000000000|612.909973
2026-06-23|345|PKG|231.009995|234.929993|228.300003|232.830002|530200|1.0000000000|232.830002
2026-06-23|346|EW|86.190002|87.220001|85.459999|86.949997|4228200|1.0000000000|86.949997
2026-06-23|347|MET|87.669998|88.339996|87.150002|88.029999|2798400|0.9938427991|87.487976
2026-06-23|348|ON|123.239998|124.050003|116.269997|117.059998|15490000|1.0000000000|117.059998
2026-06-23|349|ISRG|403.250000|407.329987|399.290009|403.179993|2705200|1.0000000000|403.179993
2026-06-23|350|CRL|182.210007|187.639999|181.529999|186.600006|632100|1.0000000000|186.600006
2026-06-23|351|MRVL|278.820007|290.950012|276.250000|279.040009|46361100|0.9997533605|278.971191
2026-06-23|352|EQIX|1104.599976|1124.000000|1096.010010|1115.930054|872800|0.9952446339|1110.623413
2026-06-23|353|TPR|148.320007|151.110001|145.940002|150.529999|2755900|1.0000000000|150.529999
2026-06-23|354|GRMN|235.979996|237.940002|232.470001|236.410004|1322400|1.0000000000|236.410004
2026-06-23|355|GPN|64.720001|65.500000|63.660000|64.279999|2872900|1.0000000000|64.279999
2026-06-23|356|ALGN|172.669998|174.669998|168.289993|168.490005|1112500|1.0000000000|168.490005
2026-06-23|357|WTW|256.750000|258.920013|254.729996|257.549988|652100|0.9963732529|256.615906
2026-06-23|358|MDLZ|60.900002|61.270000|60.380001|61.060001|10836900|0.9916874483|60.552437
2026-06-23|359|AXON|414.440002|441.109985|414.440002|433.040009|1120200|1.0000000000|433.040009
2026-06-23|360|FIS|38.040001|38.419998|37.660000|38.029999|5601700|1.0000000000|38.029999
2026-06-23|361|ACN|124.790001|127.830002|124.419998|127.010002|23534700|0.9881186678|125.500954
2026-06-23|362|ZBH|87.849998|88.779999|87.279999|87.570000|1789600|0.9973498233|87.337921
2026-06-23|363|BG|111.510002|112.589996|110.650002|110.860001|1663200|0.9937342270|110.165375
2026-06-23|364|PFG|111.070000|112.449997|110.720001|112.360001|1067400|1.0000000000|112.360001
2026-06-23|365|ELV|398.880005|399.279999|393.279999|395.100006|1257000|1.0000000000|395.100006
2026-06-23|366|CNC|63.619999|64.250000|63.139999|63.139999|4990600|1.0000000000|63.139999
2026-06-23|367|PRU|108.129997|108.760002|107.820000|108.480003|1376500|0.9885872665|107.241951
2026-06-23|368|NFLX|73.260002|73.959999|72.629997|72.820000|50806800|1.0000000000|72.820000
2026-06-23|369|NDAQ|83.599998|83.809998|82.330002|82.489998|4468000|1.0000000000|82.489998
2026-06-23|370|WYNN|103.050003|105.360001|102.650002|104.150002|1011800|0.9975578784|103.895653
2026-06-23|371|CME|248.570007|249.750000|241.449997|242.259995|3297100|1.0000000000|242.259995
2026-06-23|372|STX|984.260010|1044.880005|983.000000|1038.589966|5211300|0.9992874955|1037.849976
2026-06-23|373|NRG|134.509995|138.869995|133.000000|137.660004|2264100|0.9964628787|137.173080
2026-06-23|374|AIZ|263.709991|266.899994|262.440002|265.299988|405800|1.0000000000|265.299988
2026-06-23|375|CBRE|130.559998|133.660004|130.110001|133.210007|2111700|1.0000000000|133.210007
2026-06-23|376|CRM|151.649994|155.179993|150.850006|153.419998|20720700|1.0000000000|153.419998
2026-06-23|377|DPZ|291.410004|294.359985|282.000000|283.029999|1491400|1.0000000000|283.029999
2026-06-23|378|EXR|146.559998|148.520004|145.770004|147.759995|1272200|1.0000000000|147.759995
2026-06-23|379|GOOG|340.105011|348.720001|339.714996|346.079987|21820900|1.0000000000|346.079987
2026-06-23|380|GOOGL|340.690002|349.290009|340.200012|346.130005|34007700|1.0000000000|346.130005
2026-06-23|381|DLR|193.660004|196.919998|191.529999|195.000000|2980500|1.0000000000|195.000000
2026-06-23|382|MPWR|1443.040039|1486.920044|1403.359985|1423.760010|1636600|0.9984765039|1421.590942
2026-06-23|383|LVS|47.590000|48.400002|47.459999|47.759998|5549600|0.9936548222|47.456955
2026-06-23|384|DXCM|70.239998|70.269997|68.720001|68.919998|6347300|1.0000000000|68.919998
2026-06-23|385|BLDR|76.019997|79.320000|76.019997|76.730003|1570200|1.0000000000|76.730003
2026-06-23|386|WBD|26.950001|27.030001|26.629999|26.879999|21616800|1.0000000000|26.879999
2026-06-23|387|EXPE|237.979996|245.589996|237.979996|245.070007|1692000|0.9985604607|244.717224
2026-06-23|388|CF|102.930000|103.690002|101.639999|102.169998|2039700|0.9948739856|101.646278
2026-06-23|389|AMP|466.529999|473.559998|464.769989|466.109985|854900|0.9968855344|464.658295
2026-06-23|390|ICE|133.600006|133.850006|132.070007|133.000000|4574900|1.0000000000|133.000000
2026-06-23|391|PSKY|9.800000|9.890000|9.590000|9.720000|7896600|1.0000000000|9.720000
2026-06-23|392|LYV|169.589996|171.720001|167.479996|168.600006|3102500|1.0000000000|168.600006
2026-06-23|393|CMG|30.889999|31.400000|30.719999|30.950001|14234800|1.0000000000|30.950001
2026-06-23|394|UAL|116.769997|121.849998|116.769997|121.550003|5414000|1.0000000000|121.550003
2026-06-23|395|TDG|1291.829956|1308.319946|1280.699951|1297.680054|334600|1.0000000000|1297.680054
2026-06-23|396|MA|488.829987|491.559998|484.420013|488.070007|3936400|0.9983264725|487.253204
2026-06-23|397|LDOS|106.550003|106.860001|104.250000|106.110001|1754400|1.0000000000|106.110001
2026-06-23|398|FSLR|254.000000|264.450012|248.860001|249.240005|1799400|1.0000000000|249.240005
2026-06-23|399|BR|139.440002|139.440002|136.289993|136.330002|1577600|1.0000000000|136.330002
2026-06-23|400|SMCI|33.250000|34.410000|32.810001|33.320000|60658800|1.0000000000|33.320000
2026-06-23|401|TMUS|181.500000|185.449997|180.000000|184.570007|8197000|1.0000000000|183.510880
2026-06-23|402|DAL|84.529999|86.970001|84.250000|86.720001|6895000|0.9975369458|86.506409
2026-06-23|403|IBKR|92.699997|96.589996|92.330002|94.699997|6269300|1.0000000000|94.699997
2026-06-23|404|PODD|143.000000|145.740005|141.399994|143.899994|1854800|1.0000000000|143.899994
2026-06-23|405|TEL|206.300003|207.960007|203.039993|203.050003|2359200|0.9961105015|202.260239
2026-06-23|406|BX|120.970001|122.389999|119.019997|120.070000|5303000|0.9899021526|118.857552
2026-06-23|407|LULU|105.480003|109.930000|105.209999|108.919998|4660900|1.0000000000|108.919998
2026-06-23|408|ULTA|465.279999|468.489990|458.890015|459.329987|616100|1.0000000000|459.329987
2026-06-23|409|MSCI|586.700012|590.130005|578.039978|581.510010|711400|0.9964362700|579.437683
2026-06-23|410|ECHO|103.410004|105.379997|100.320000|103.919998|11744100|1.0000000000|103.919998
2026-06-23|411|PM|177.669998|179.380005|175.610001|178.690002|3444200|0.9917776037|177.220749
2026-06-23|412|V|328.820007|331.279999|328.089996|328.480011|11113400|0.9981456881|327.870911
2026-06-23|413|AWK|126.750000|127.239998|125.690002|126.599998|1558300|0.9933923956|125.763474
2026-06-23|414|KDP|30.870001|31.190001|29.830000|30.870001|18323200|0.9929274294|30.651670
2026-06-23|415|SW|44.910000|45.669998|44.360001|44.360001|5039300|0.9909636146|43.959148
2026-06-23|416|AVGO|377.869995|391.019989|376.660004|380.149994|33122200|1.0000000000|380.149994
2026-06-23|417|VRSK|175.600006|175.600006|171.220001|174.759995|2733700|1.0000000000|174.759995
2026-06-23|418|DG|114.080002|115.089996|112.779999|114.580002|2442900|0.9949256041|113.998581
2026-06-23|419|FTNT|144.830002|148.360001|143.470001|148.000000|5921200|1.0000000000|148.000000
2026-06-23|420|CHTR|126.150002|132.070007|124.800003|131.750000|2972100|1.0000000000|131.750000
2026-06-23|421|FERG|231.250000|236.179993|228.580002|234.050003|1062800|0.9962829937|233.180038
2026-06-23|422|GNRC|282.000000|283.839996|272.019989|274.540009|1180100|1.0000000000|274.540009
2026-06-23|423|LYB|57.740002|58.580002|57.490002|57.599998|4466500|0.9897823188|57.011459
2026-06-23|424|CBOE|255.220001|264.600006|254.240005|257.420013|1500900|1.0000000000|257.420013
2026-06-23|425|TSLA|392.609985|392.869995|379.059998|381.609985|50420200|1.0000000000|381.609985
2026-06-23|426|KKR|95.910004|96.690002|92.529999|93.500000|6533800|0.9981032973|93.322662
2026-06-23|427|NXPI|307.559998|310.359985|296.040009|299.940002|6167800|0.9966193239|298.925995
2026-06-23|428|GM|79.190002|80.209999|78.599998|78.949997|7860800|1.0000000000|78.949997
2026-06-23|429|TRGP|263.489990|268.820007|260.250000|268.720001|1068200|0.9953417306|267.468231
2026-06-23|430|CPAY|347.140015|347.390015|337.950012|339.359985|707800|1.0000000000|339.359985
2026-06-23|431|KMI|32.110001|32.570000|31.620001|32.540001|11621300|0.9907395899|32.238667
2026-06-23|432|HCA|384.160004|389.839996|381.019989|386.920013|1107500|1.0000000000|386.920013
2026-06-23|433|HII|279.579987|283.489990|277.440002|283.480011|432500|1.0000000000|282.164124
2026-06-23|434|APO|132.000000|134.529999|130.410004|130.610001|4019800|0.9957937992|130.060638
2026-06-23|435|MPC|245.279999|249.669998|244.470001|248.520004|1501600|0.9972693263|247.841385
2026-06-23|436|XYL|110.080002|112.080002|109.050003|110.400002|1743700|0.9962087815|109.981453
2026-06-23|437|APTV|62.270000|62.849998|61.389999|61.419998|2614700|1.0000000000|61.419998
2026-06-23|438|PSX|168.500000|171.809998|166.960007|170.339996|3320200|0.9947204324|169.440674
2026-06-23|439|AMCR|40.160000|40.939999|40.080002|40.430000|2425000|1.0000000000|40.430000
2026-06-23|440|META|562.250000|572.200012|561.020020|562.200012|13103300|1.0000000000|562.200012
2026-06-23|441|NOW|95.139999|97.500000|94.610001|95.940002|32559700|1.0000000000|95.940002
2026-06-23|442|PANW|285.720001|292.140015|282.519989|290.920013|5430500|1.0000000000|290.920013
2026-06-23|443|FANG|186.449997|188.979996|186.259995|187.910004|2188600|0.9945230033|186.880814
2026-06-23|444|WDAY|117.540001|118.900002|113.279999|115.129997|5045600|1.0000000000|115.129997
2026-06-23|445|ABBV|232.970001|235.309998|231.300003|234.759995|7365600|0.9929324291|233.100815
2026-06-23|446|NCLH|19.309999|20.459999|19.010000|20.389999|18338300|1.0000000000|20.389999
2026-06-23|447|ZTS|76.680000|78.000000|76.320000|76.839996|5859200|0.9930773248|76.308060
2026-06-23|448|IQV|169.949997|172.839996|168.750000|171.279999|1622200|1.0000000000|171.279999
2026-06-23|449|NWS|28.049999|28.379999|27.900000|28.299999|2809900|1.0000000000|28.299999
2026-06-23|450|NWSA|24.639999|25.040001|24.410000|24.980000|6682900|1.0000000000|24.980000
2026-06-23|451|CDW|127.379997|131.500000|125.160004|130.059998|2394600|0.9952456416|129.441650
2026-06-23|452|VEEV|157.000000|160.839996|155.740005|159.710007|3066400|1.0000000000|159.710007
2026-06-23|453|ALLE|130.449997|131.509995|128.740005|128.759995|781900|1.0000000000|128.759995
2026-06-23|454|HLT|341.549988|346.850006|339.010010|343.829987|2199200|0.9995449167|343.673523
2026-06-23|455|ARES|124.010002|125.068001|117.320000|120.779999|3486100|1.0000000000|120.779999
2026-06-23|456|ANET|165.429993|165.429993|159.360001|162.199997|7770100|1.0000000000|162.199997
2026-06-23|457|SYF|75.019997|75.500000|74.220001|75.040001|3766500|0.9957005565|74.717369
2026-06-23|458|CFG|67.750000|69.084999|67.456001|68.989998|4390900|0.9935492916|68.544960
2026-06-23|459|KEYS|359.065002|359.660004|351.799988|352.579987|1212100|1.0000000000|352.579987
2026-06-23|460|GDDY|76.730003|78.580002|75.999001|76.099998|3309300|1.0000000000|76.099998
2026-06-23|461|KHC|22.360001|22.600000|22.235001|22.469999|12665500|1.0000000000|22.469999
2026-06-23|462|PYPL|42.130001|42.470001|41.650002|41.700001|13930000|1.0000000000|41.700001
2026-06-23|463|LITE|832.150024|856.599976|812.799988|827.919983|4817100|1.0000000000|827.919983
2026-06-23|464|HPE|46.250000|49.715000|45.830002|48.919998|20640100|1.0000000000|48.919998
2026-06-23|465|XYZ|71.510002|73.339996|71.500000|72.370003|4715900|1.0000000000|72.370003
2026-06-23|466|FTV|61.169998|61.310001|60.099998|60.340000|1882900|1.0000000000|60.340000
2026-06-23|467|DELL|395.000000|434.989990|391.000000|427.779999|6643900|0.9983502671|427.074280
2026-06-23|468|TTD|17.700001|18.219999|17.209999|17.930000|23125600|1.0000000000|17.930000
2026-06-23|469|VST|160.080002|165.824997|159.145004|162.389999|3855400|1.0000000000|162.389999
2026-06-23|470|HWM|276.470001|279.149994|269.220001|275.130005|3050800|0.9995167748|274.997070
2026-06-23|471|INVH|28.660000|29.110001|28.559999|29.049999|5067300|0.9898785423|28.755970
2026-06-23|472|CVNA|66.000000|67.205002|64.709999|64.830002|9475100|1.0000000000|64.830002
2026-06-23|473|IR|76.730003|78.239998|76.110001|76.639999|2337800|0.9997640396|76.621918
2026-06-23|474|VICI|26.334999|26.650000|26.275000|26.620001|15595900|1.0000000000|26.620001
2026-06-23|475|VRT|337.959991|337.970001|316.510010|318.320007|10277700|1.0000000000|318.320007
2026-06-23|476|MRNA|59.049999|63.980000|58.340000|61.000000|6814200|1.0000000000|61.000000
2026-06-23|477|FOXA|49.910000|49.910000|48.599998|48.790001|8128000|1.0000000000|48.790001
2026-06-23|478|FOX|45.509998|45.509998|44.169998|44.549999|2263900|1.0000000000|44.549999
2026-06-23|479|DOW|30.530001|31.084999|30.184999|30.330000|14159300|1.0000000000|30.330000
2026-06-23|480|UBER|71.080002|71.555000|69.565002|69.669998|20733900|1.0000000000|69.669998
2026-06-23|481|CTVA|78.410004|80.275002|77.980003|79.110001|5827900|1.0000000000|79.110001
2026-06-23|482|CRWD|669.010010|690.900024|662.000000|680.919983|2372000|0.2500000000|170.229996
2026-06-23|483|DDOG|221.059998|225.679993|219.440002|220.570007|3280500|1.0000000000|220.570007
2026-06-23|484|CARR|70.199997|71.760002|70.180000|70.750000|5385400|0.9964168410|70.496490
2026-06-23|485|OTIS|72.489998|72.775002|71.750000|71.750000|3356700|0.9939750786|71.317711
2026-06-23|486|PLTR|120.150002|120.940002|116.180000|116.699997|44661900|1.0000000000|116.699997
2026-06-23|487|DASH|173.199997|176.500000|171.270004|171.520004|6170900|1.0000000000|171.520004
2026-06-23|488|ABNB|139.309998|141.225006|138.559998|138.850006|3428900|1.0000000000|138.850006
2026-06-23|489|EXE|88.739998|89.300003|87.449997|88.730003|3871700|0.9940278354|88.200096
2026-06-23|490|COIN|156.979996|164.160004|156.309998|158.179993|7590000|1.0000000000|158.179993
2026-06-23|491|APP|462.959991|474.230011|458.160004|467.019989|5083700|1.0000000000|467.019989
2026-06-23|492|HOOD|101.644997|105.989998|101.029999|103.250000|40632300|1.0000000000|103.250000
2026-06-23|493|CEG|268.404999|275.420013|267.500000|270.260010|3387400|0.9984651331|269.845184
2026-06-23|494|GEHC|61.490002|64.000000|61.000000|63.720001|7762700|0.9994353928|63.684021
2026-06-23|495|KVUE|18.070000|18.440001|17.990000|18.410000|13460100|0.9889763775|18.207054
2026-06-23|496|VLTO|83.940002|84.779999|83.040001|84.599998|2950600|0.9985280797|84.475471
2026-06-23|497|RDDT|167.000000|174.000000|164.669998|165.630005|3364900|1.0000000000|165.630005
2026-06-23|498|SOLV|73.779999|74.379997|73.040001|73.989998|1536800|1.0000000000|73.989998
2026-06-23|499|GEV|1055.150024|1073.000000|1034.000000|1034.979980|3919200|1.0000000000|1034.979980
2026-06-23|500|SNDK|2007.699951|2060.000000|1949.959961|1963.599976|12868300|1.0000000000|1963.599976
2026-06-23|501|Q|163.979996|167.130005|160.078003|161.190002|2416700|1.0000000000|161.190002
2026-06-23|502|FDXF|162.000000|171.660004|161.000000|166.470001|1694400|1.0000000000|166.470001
2026-06-23|503|HONA|255.100006|256.570007|245.000000|245.000000|8400|1.0000000000|245.000000
