date|security_id|ticker|open|high|low|close|volume|adj_factor|adj_close_vendor
2026-06-01|1|AEP|125.669998|125.669998|123.739998|123.790001|3274200|0.9924441265|122.854652
2026-06-01|2|BA|228.360001|228.800003|222.210007|224.300003|6400900|1.0000000000|224.300003
2026-06-01|3|CAT|860.159973|873.770020|853.369995|865.359985|2675000|0.9981483165|863.757629
2026-06-01|4|CNP|41.939999|42.080002|41.250000|41.290001|5711200|0.9940594062|41.044712
2026-06-01|5|CVX|184.380005|187.940002|184.020004|185.830002|8850500|0.9913483039|184.222260
2026-06-01|6|DIS|101.660004|103.010002|100.300003|102.849998|8219000|0.9923958226|102.067909
2026-06-01|7|DTE|141.729996|142.149994|139.779999|139.830002|1666700|0.9921049063|138.726028
2026-06-01|8|ED|105.000000|105.150002|103.599998|103.599998|1940500|0.9918651523|102.757233
2026-06-01|9|GD|343.350006|344.320007|338.170013|339.200012|854600|0.9956181446|337.713684
2026-06-01|10|GE|321.480011|326.399994|314.920013|324.600006|4633500|0.9987550328|324.195892
2026-06-01|11|HON|233.999995|237.269999|232.700005|236.540004|5015700|1.0456302247|247.333389
2026-06-01|12|HPQ|27.500000|29.540001|27.309999|29.340000|41596500|0.9879711310|28.987074
2026-06-01|13|IBM|322.549988|327.980011|308.000000|320.420013|32880200|0.9928776129|318.137848
2026-06-01|14|IP|32.939999|33.830002|32.320000|33.689999|6007900|0.9887402721|33.310658
2026-06-01|15|JNJ|223.199997|224.440002|220.839996|223.509995|8041000|0.9950922943|222.413071
2026-06-01|16|KO|78.580002|79.199997|78.430000|78.639999|12776300|0.9935850886|78.135536
2026-06-01|17|KR|62.599998|63.000000|61.389999|61.520000|8256400|0.9931853922|61.100765
2026-06-01|18|LMT|523.979980|525.989990|515.880005|516.500000|1374600|1.0000000000|516.500000
2026-06-01|19|MMM|150.330002|151.059998|148.399994|150.929993|2691100|0.9956414843|150.272156
2026-06-01|20|MO|69.669998|70.000000|68.430000|68.650002|7182300|0.9852654995|67.638481
2026-06-01|21|MRK|117.550003|117.959999|114.360001|115.169998|9406700|0.9928601430|114.347702
2026-06-01|22|MSI|407.000000|415.559998|405.200012|411.579987|1067100|0.9970118292|410.350128
2026-06-01|23|PG|141.520004|141.820007|138.860001|140.279999|11093800|0.9925903246|139.240570
2026-06-01|24|XOM|147.020004|149.649994|147.000000|149.380005|16732100|0.9935665212|148.418976
2026-06-01|25|RTX|177.440002|178.690002|174.130005|174.410004|5482000|0.9966890420|173.832535
2026-06-01|26|MCD|278.119995|278.890015|273.399994|276.109985|4594600|0.9932635540|274.249969
2026-06-01|27|AXP|313.160004|314.799988|310.600006|313.540009|2621800|0.9972701149|312.684082
2026-06-01|28|BMY|57.400002|57.450001|54.709999|54.950001|20579800|0.9888377035|54.336632
2026-06-01|29|DD|47.899999|48.230001|47.100001|47.590001|3376200|3.0000000000|142.770004
2026-06-01|30|DE|538.219971|544.570007|528.450012|542.429993|2214300|0.9974147424|541.027710
2026-06-01|31|EMR|140.660004|142.600006|140.110001|141.649994|2037500|0.9966201816|141.171249
2026-06-01|32|ETN|396.079987|404.230011|393.600006|400.079987|2339300|0.9975456838|399.098053
2026-06-01|33|ETR|107.550003|107.970001|104.930000|104.970001|3046100|0.9940658321|104.347092
2026-06-01|34|F|17.379999|17.480000|16.629999|16.629999|97586400|0.9892857143|16.451820
2026-06-01|35|HAL|39.340000|39.939999|38.950001|39.349998|8708100|0.9957637679|39.183304
2026-06-01|36|LLY|1095.000000|1106.170044|1071.599976|1082.199951|2693400|0.9985690653|1080.651367
2026-06-01|37|PCG|16.129999|16.389999|16.129999|16.150000|12793700|0.9970997679|16.103161
2026-06-01|38|PEP|142.589996|144.110001|141.320007|141.520004|8077300|0.9895884624|140.046555
2026-06-01|39|PFE|25.900000|25.910000|25.480000|25.629999|35553600|0.9828068774|25.189339
2026-06-01|40|TXN|297.380005|302.000000|289.929993|293.200012|9623100|0.9949060125|291.706451
2026-06-01|41|WFC|76.750000|78.019997|76.500000|77.169998|15566900|0.9942915856|76.729485
2026-06-01|42|HUBB|463.790009|467.979004|457.976990|462.929993|446311|1.0000000000|462.929993
2026-06-01|43|WMT|114.730003|115.980003|113.559998|114.599998|26176200|0.9976117102|114.326302
2026-06-01|44|AIG|73.440002|74.309998|73.419998|73.449997|2518200|0.9933984683|72.965118
2026-06-01|45|AVY|157.110001|157.550003|155.149994|155.479996|537000|0.9936321953|154.489929
2026-06-01|46|BAC|51.310001|51.830002|50.849998|51.509998|34303700|0.9948310871|51.243748
2026-06-01|47|BALL|53.849998|54.700001|53.570000|53.700001|2862300|1.0000000000|53.700001
2026-06-01|48|BDX|146.149994|147.919998|145.130005|145.330002|2387000|0.9929995336|144.312622
2026-06-01|49|CLX|89.000000|90.029999|87.910004|89.089996|2886200|0.9884526559|88.061249
2026-06-01|50|CMI|638.770020|645.010010|628.619995|643.500000|906900|0.9962915514|641.113647
2026-06-01|51|CMS|72.029999|72.309998|70.570000|70.580002|2313200|0.9919943817|70.014969
2026-06-01|52|CVS|91.129997|91.849998|90.190002|90.620003|5153800|0.9938471504|90.062431
2026-06-01|53|ECL|253.270004|254.309998|247.839996|250.470001|1307100|0.9972820015|249.789230
2026-06-01|54|ES|67.540001|68.050003|66.599998|66.610001|2297600|1.0000000000|66.610001
2026-06-01|55|EVRG|81.230003|81.589996|80.220001|80.389999|2195600|0.9917192899|79.724312
2026-06-01|56|GWW|1245.160034|1245.160034|1220.000000|1243.030029|227600|0.9980509570|1240.607300
2026-06-01|57|LNT|70.900002|71.080002|69.559998|69.570000|2198200|0.9924530963|69.044960
2026-06-01|58|MKC|47.000000|47.369999|46.200001|46.580002|3021200|0.9910196447|46.161697
2026-06-01|59|MRSH|159.839996|162.580002|159.839996|162.550003|2844000|0.9943746806|161.635605
2026-06-01|60|NEE|85.889999|86.199997|83.570000|83.660004|14192200|0.9927287582|82.431808
2026-06-01|61|NI|45.779999|45.869999|45.099998|45.099998|3376800|0.9933436876|44.799801
2026-06-01|62|PNW|98.940002|99.379997|97.360001|97.480003|904900|0.9909892067|96.601631
2026-06-01|63|RVTY|103.919998|104.650002|100.169998|100.519997|2165800|0.9993733214|100.457001
2026-06-01|64|SNA|366.070007|369.119995|363.000000|366.450012|225100|0.9938338681|364.190430
2026-06-01|65|SPGI|425.740007|430.910011|420.869994|428.559986|2101300|0.9439543647|404.541077
2026-06-01|66|TER|366.510010|376.700012|360.140015|369.470001|2523400|1.0000000000|369.470001
2026-06-01|67|TGT|126.480003|126.720001|121.570000|123.709999|4859100|0.9923829532|122.767693
2026-06-01|68|TXT|90.580002|90.580002|89.019997|89.589996|1415100|0.9997866667|89.570885
2026-06-01|69|VMC|278.690002|284.200012|275.489990|281.559998|1415500|0.9981453742|281.037811
2026-06-01|70|XEL|78.449997|78.820000|76.160004|76.410004|5024800|0.9925145167|75.838036
2026-06-01|71|ITW|245.839996|246.289993|242.050003|245.809998|1339100|0.9939806334|244.330383
2026-06-01|72|CL|89.830002|89.830002|87.250000|88.430000|6343900|0.9942998496|87.925934
2026-06-01|73|EXC|45.310001|45.439999|44.599998|44.709999|8110500|0.9906832302|44.293449
2026-06-01|74|MDT|74.000000|75.029999|73.769997|73.980003|14209800|0.9910581218|73.318481
2026-06-01|75|BNY|138.600006|143.250000|137.500000|142.589996|3270000|0.9960354919|142.024704
2026-06-01|76|EIX|69.000000|69.879997|68.849998|69.089996|2182500|0.9882683051|68.279457
2026-06-01|77|FRT|120.529999|120.779999|118.760002|118.760002|946700|0.9908457552|117.672844
2026-06-01|78|PNR|70.430000|71.500000|69.930000|70.800003|2426300|0.9956500725|70.492027
2026-06-01|79|USB|53.880001|54.490002|53.209999|53.549999|8420600|0.9915143601|53.095596
2026-06-01|80|WY|24.480000|24.480000|23.600000|23.709999|5724400|0.9914979760|23.508417
2026-06-01|81|SYY|74.830002|75.300003|73.419998|73.720001|3315600|0.9934155392|73.234596
2026-06-01|82|WRB|63.200001|64.470001|62.869999|64.349998|2496200|0.9910634494|63.774933
2026-06-01|83|IFF|73.959999|75.279999|72.500000|74.260002|2376300|0.9947403026|73.869415
2026-06-01|84|TAP|39.220001|40.529999|39.020000|39.029999|3755400|1.0000000000|38.580303
2026-06-01|85|PNC|217.800003|219.940002|215.779999|216.070007|1496000|0.9920904849|214.360992
2026-06-01|86|TRV|289.510010|292.670013|288.750000|288.929993|1579800|0.9958368027|287.727112
2026-06-01|87|C|124.080002|129.100006|123.599998|129.089996|12543700|0.9949414872|128.436996
2026-06-01|88|FDX|325.010010|341.140015|321.809998|338.489990|2399300|0.9962599634|337.224030
2026-06-01|89|WDC|536.000000|564.140015|534.270020|546.200012|6240900|0.9997393571|546.057617
2026-06-01|90|DHR|182.550003|182.550003|178.990005|179.869995|3652500|0.9979297139|179.497604
2026-06-01|91|APA|37.430000|38.430000|37.299999|37.750000|4976000|0.9930109031|37.486160
2026-06-01|92|LUV|42.369999|42.880001|41.500000|42.759998|5605300|0.9956521741|42.574085
2026-06-01|93|PEG|77.889999|78.230003|76.470001|76.669998|2059600|0.9913815279|76.009216
2026-06-01|94|UNP|260.190002|263.790009|258.660004|263.500000|2578700|1.0000000000|263.500000
2026-06-01|95|ABT|85.779999|87.930000|85.599998|87.779999|10561100|0.9929181654|87.158356
2026-06-01|96|ADI|404.250000|409.989990|399.910004|402.690002|4335600|0.9972683702|401.589996
2026-06-01|97|ADM|79.720001|82.830002|79.050003|82.620003|2983000|0.9936931471|82.098930
2026-06-01|98|ADP|223.960007|234.729996|223.949997|233.740005|3970100|0.9924702132|231.979996
2026-06-01|99|AFL|111.839996|113.050003|110.540001|112.110001|2281500|0.9949889100|111.548210
2026-06-01|100|AMAT|444.540009|463.880005|438.220001|458.170013|6613700|0.9989318178|457.680603
2026-06-01|101|AMD|500.160004|517.500000|486.799988|510.130005|33309200|1.0000000000|510.130005
2026-06-01|102|APD|278.630005|279.529999|275.200012|278.890015|1253400|0.9938263181|277.168243
2026-06-01|103|BF-B|25.559999|25.879999|25.080000|25.160000|3146000|0.9913580245|24.942568
2026-06-01|104|CHD|95.570000|96.000000|94.370003|95.300003|2169800|0.9969601263|95.010300
2026-06-01|105|CINF|156.360001|158.490005|155.610001|156.830002|768000|0.9945494610|155.975189
2026-06-01|106|CMCSA|24.730000|25.090000|24.530001|25.049999|24059700|0.9865580444|24.713278
2026-06-01|107|D|66.250000|66.430000|64.550003|64.610001|6493700|1.0000000000|64.610001
2026-06-01|108|DOV|208.210007|208.369995|204.520004|207.539993|673600|1.0000000000|207.539993
2026-06-01|109|DUK|121.419998|122.160004|119.790001|119.889999|3215700|0.9912844404|118.845093
2026-06-01|110|EFX|164.889999|173.690002|162.990005|173.589996|1616500|1.0000000000|173.589996
2026-06-01|111|EQT|54.900002|55.689999|54.610001|55.259998|5866000|0.9968732234|55.087212
2026-06-01|112|FITB|49.410000|49.650002|48.310001|48.560001|6682900|0.9929552658|48.217911
2026-06-01|113|GIS|33.750000|34.160000|33.450001|33.630001|8914000|0.9829846576|33.057774
2026-06-01|114|GPC|97.510002|98.610001|96.449997|97.260002|1867500|0.9892223458|96.211769
2026-06-01|115|HAS|84.629997|85.160004|82.620003|85.070000|2403500|0.9925523990|84.436432
2026-06-01|116|HBAN|16.200001|16.250000|15.780000|15.830000|20583400|0.9910508082|15.688334
2026-06-01|117|HRL|23.230000|23.400000|23.030001|23.350000|6428600|0.9881520418|23.073351
2026-06-01|118|HST|22.889999|23.320000|22.780001|23.180000|5997000|0.9630818621|22.324238
2026-06-01|119|HSY|192.300003|193.000000|183.539993|186.399994|1890100|0.9921985814|184.945816
2026-06-01|120|INTC|109.430000|113.300003|106.330002|109.330002|134900400|1.0000000000|109.330002
2026-06-01|121|J|119.209999|124.529999|118.349998|123.019997|1319000|0.9975665811|122.720634
2026-06-01|122|JPM|297.690002|299.549988|295.269989|296.579987|7930000|0.9955152929|295.249908
2026-06-01|123|KMB|97.589996|98.519997|97.169998|97.949997|4636400|0.9864507253|96.622849
2026-06-01|124|L|102.699997|104.599998|102.169998|103.830002|1137600|0.9994397510|103.771835
2026-06-01|125|LEN|91.230003|91.849998|89.209999|90.110001|2986100|0.9940723176|89.575859
2026-06-01|126|LOW|213.000000|213.949997|207.550003|207.699997|3304600|0.9938577955|206.424255
2026-06-01|127|MAS|69.370003|69.809998|67.830002|68.980003|2362700|0.9956337837|68.678818
2026-06-01|128|MTB|211.570007|213.490005|210.729996|211.619995|935400|1.0000000000|211.619995
2026-06-01|129|NEM|105.000000|108.580002|105.000000|108.190002|7360600|1.0000000000|108.190002
2026-06-01|130|NTRS|164.289993|169.360001|164.279999|168.339996|748200|0.9953773257|167.561813
2026-06-01|131|NUE|247.580002|252.220001|245.880005|251.490005|1164800|0.9975500919|250.873871
2026-06-01|132|OMC|73.550003|76.199997|73.360001|75.970001|3335100|0.9894221866|75.166405
2026-06-01|133|PCAR|108.879997|109.699997|106.769997|109.470001|3338800|0.9973590885|109.180901
2026-06-01|134|PGR|190.199997|195.070007|189.690002|192.669998|4898100|0.9995561474|192.584473
2026-06-01|135|PH|840.200012|840.969971|815.010010|823.299988|1638500|1.0000000000|823.299988
2026-06-01|136|PHM|120.000000|120.000000|117.110001|117.699997|1311800|0.9978834255|117.450874
2026-06-01|137|PPG|111.279999|112.099998|109.139999|112.070000|1806300|0.9938189109|111.377289
2026-06-01|138|PPL|35.049999|35.169998|34.490002|34.520000|7337900|0.9920279720|34.244808
2026-06-01|139|RF|27.420000|27.760000|27.180000|27.340000|10629600|1.0000000000|27.340000
2026-06-01|140|ROL|47.540001|47.810001|46.070000|46.320000|6088100|0.9951510336|46.095394
2026-06-01|141|SHW|299.950012|303.690002|292.390015|294.859985|2396300|0.9976939264|294.180023
2026-06-01|142|STT|155.339996|160.080002|155.089996|159.789993|1321400|0.9950471700|158.998581
2026-06-01|143|SWK|78.120003|78.279999|75.559998|78.169998|1168800|0.9894240575|77.343277
2026-06-01|144|SYK|303.769989|305.320007|297.880005|299.459991|2950200|0.9973375287|298.662689
2026-06-01|145|TMO|489.829987|496.279999|483.500000|494.040009|3194400|0.9989985938|493.545258
2026-06-01|146|TPL|392.450012|396.109985|368.049988|368.230011|519300|1.0000000000|368.230011
2026-06-01|147|TSN|60.270000|60.790001|59.560001|59.930000|3619900|1.0000000000|59.930000
2026-06-01|148|TT|448.260010|451.829987|440.950012|448.470001|1269000|0.9977358979|447.454620
2026-06-01|149|TYL|321.890015|331.540009|317.309998|329.829987|780900|1.0000000000|329.829987
2026-06-01|150|UDR|37.000000|37.410000|36.599998|36.599998|7463900|0.9926177659|36.329807
2026-06-01|151|VTRS|16.170000|16.170000|15.730000|15.810000|12469700|0.9925558317|15.692308
2026-06-01|152|WEC|110.279999|111.050003|108.589996|108.599998|2593800|0.9913583604|107.661514
2026-06-01|153|WST|321.649994|321.649994|308.500000|316.299988|702500|0.9993471810|316.093506
2026-06-01|154|NDSN|284.540009|284.869995|278.779999|281.309998|339400|0.9971745572|280.515167
2026-06-01|155|TFC|47.599998|47.889999|46.779999|46.869999|11593300|0.9901868280|46.410053
2026-06-01|156|WELL|205.029999|207.399994|197.330002|197.360001|3483400|0.9962391044|196.617752
2026-06-01|157|AON|313.779999|321.420013|313.230011|320.410004|1431600|0.9977256968|319.681305
2026-06-01|158|GL|153.169998|153.740005|152.100006|152.119995|454400|0.9981716439|151.841858
2026-06-01|159|OKE|84.919998|86.720001|84.510002|84.949997|3093900|0.9882171564|83.949043
2026-06-01|160|KLAC|1898.549957|1948.049927|1886.000061|1940.039978|735900|0.0998870999|193.784973
2026-06-01|161|CSX|44.860001|46.009998|44.790001|45.860001|15184700|1.0000000000|45.860001
2026-06-01|162|PSA|299.089996|301.239990|295.670013|295.799988|731200|0.9907958521|293.077393
2026-06-01|163|NKE|45.520000|46.279999|45.049999|45.930000|26885100|1.0000000000|45.930000
2026-06-01|164|AAPL|309.630005|310.940002|305.019989|306.309998|48849900|0.9991382887|306.046051
2026-06-01|165|BRO|56.130001|58.299999|56.110001|56.980000|4506400|0.9976903696|56.848396
2026-06-01|166|UHS|145.039993|146.059998|142.690002|144.690002|1439800|0.9986223049|144.490662
2026-06-01|167|HD|315.130005|315.890015|307.690002|310.690002|4544200|0.9925551970|308.376984
2026-06-01|168|BAX|18.570000|18.680000|18.110001|18.400000|8560400|1.0000000000|18.392904
2026-06-01|169|COP|115.699997|117.599998|115.320000|115.580002|7449900|0.9933743492|114.814209
2026-06-01|170|GLW|176.110001|178.839996|172.429993|176.699997|10897000|1.0000000000|176.699997
2026-06-01|171|HUM|318.549988|333.309998|316.000000|328.309998|1954600|0.9976462766|327.537231
2026-06-01|172|LHX|312.380005|313.029999|307.529999|309.589996|1060400|0.9959648783|308.340759
2026-06-01|173|NOC|559.929993|559.929993|538.619995|539.219971|1321700|1.0000000000|539.219971
2026-06-01|174|OXY|57.939999|59.889999|57.860001|58.919998|12362400|0.9954022988|58.649101
2026-06-01|175|ROK|452.149994|457.410004|446.000000|456.709991|815900|0.9969290339|455.307465
2026-06-01|176|SLB|55.040001|55.209999|53.970001|54.750000|12977800|0.9947843000|54.464439
2026-06-01|177|SO|91.269997|91.559998|89.019997|89.029999|8510700|0.9918103451|88.300873
2026-06-01|178|WMB|71.300003|71.660004|70.040001|70.040001|7461400|0.9926696456|69.526581
2026-06-01|179|VLO|248.500000|255.970001|248.100006|252.520004|2383600|0.9961502678|251.547867
2026-06-01|180|CI|275.619995|277.980011|273.070007|274.190002|1077900|0.9942378017|272.610046
2026-06-01|181|NSC|304.429993|305.839996|301.260010|305.160004|931600|0.9960579337|303.957031
2026-06-01|182|COO|60.590000|60.830002|59.349998|60.189999|4245100|1.0000000000|60.189999
2026-06-01|183|AMGN|333.380005|333.829987|326.350006|329.130005|2120500|0.9941899340|327.217743
2026-06-01|184|RJF|142.050003|146.720001|142.050003|145.820007|1507700|0.9964480694|145.302063
2026-06-01|185|WSM|201.470001|202.880005|197.820007|202.139999|811500|0.9966722130|201.467316
2026-06-01|186|CAH|195.360001|196.850006|194.000000|195.149994|2036100|0.9978279171|194.726105
2026-06-01|187|CTAS|170.750000|174.250000|169.649994|172.899994|1904200|0.9974090682|172.452011
2026-06-01|188|PAYX|97.919998|102.919998|97.790001|102.440002|4135500|0.9896951856|101.384377
2026-06-01|189|BEN|30.620001|31.309999|30.610001|30.940001|3752100|0.9900632337|30.632557
2026-06-01|190|AOS|56.419998|56.779999|55.419998|55.779999|1683000|0.9939809398|55.444256
2026-06-01|191|CASY|759.179993|770.000000|739.179993|745.580017|638600|0.9992507205|745.021362
2026-06-01|192|T|24.750000|24.900000|24.490000|24.549999|29675700|0.9867870728|24.225622
2026-06-01|193|VZ|47.500000|48.040001|47.470001|47.730000|14647700|0.9832386370|46.929981
2026-06-01|194|JBHT|273.119995|279.920013|269.040009|279.459991|898700|0.9983161833|278.989441
2026-06-01|195|ATO|168.100006|169.059998|167.110001|167.149994|1992600|0.9940065930|166.148193
2026-06-01|196|LRCX|309.269989|320.829987|307.040009|317.119995|8052800|0.9992960416|316.896759
2026-06-01|197|MU|1009.719971|1046.969971|1009.500000|1035.500000|46552100|0.9998462422|1035.340820
2026-06-01|198|AJG|200.570007|206.250000|200.000000|206.100006|1416000|0.9966824645|205.416260
2026-06-01|199|AME|222.589996|224.720001|220.100006|223.360001|1186300|0.9985029940|223.025620
2026-06-01|200|SWKS|77.800003|77.809998|74.160004|75.489998|4868300|1.0000000000|75.489998
2026-06-01|201|EXPD|156.800003|160.410004|156.289993|160.029999|1315500|1.0000000000|160.029999
2026-06-01|202|UNH|376.109985|383.350006|375.920013|379.859985|6623700|0.9943209633|377.702759
2026-06-01|203|BBY|76.559998|77.010002|74.370003|74.980003|6661600|0.9868673048|73.995316
2026-06-01|204|DOC|19.110001|19.260000|18.990000|19.000000|6470700|0.9857012064|18.728323
2026-06-01|205|ADSK|237.009995|250.490005|237.009995|248.160004|3590500|1.0000000000|248.160004
2026-06-01|206|DVN|45.599998|47.080002|45.480000|46.310001|18765000|0.9929375416|45.982941
2026-06-01|207|NVR|6135.000000|6158.810059|6035.879883|6121.310059|50900|1.0000000000|6121.310059
2026-06-01|208|ROST|227.990005|229.559998|223.309998|224.070007|2875700|0.9980432679|223.631561
2026-06-01|209|JKHY|136.429993|141.600006|136.259995|140.199997|1969500|1.0000000000|140.199997
2026-06-01|210|MNST|88.250000|89.860001|87.820000|89.099998|5806700|0.5000000000|89.099998
2026-06-01|211|ORCL|230.500000|250.250000|224.600006|248.149994|48390000|0.9965330745|247.289688
2026-06-01|212|MSFT|464.839996|466.320007|458.269989|460.519989|53628900|0.9981210382|459.654694
2026-06-01|213|TROW|103.860001|105.669998|103.430000|103.919998|2508800|0.9881430134|102.687820
2026-06-01|214|COST|955.000000|959.210022|936.510010|946.109985|2816300|0.9984126298|944.608154
2026-06-01|215|ADBE|270.000000|275.440002|262.299988|274.029999|8535300|1.0000000000|274.029999
2026-06-01|216|FISV|56.799999|59.080002|56.430000|59.049999|7968600|1.0000000000|59.049999
2026-06-01|217|BKR|63.610001|63.689999|62.340000|62.970001|5839800|0.9963346614|62.739197
2026-06-01|218|CDNS|393.000000|414.920013|383.940002|414.160004|4522700|1.0000000000|414.160004
2026-06-01|219|TJX|153.380005|154.330002|152.429993|152.750000|5892800|0.9968547277|152.269562
2026-06-01|220|FICO|1256.930054|1320.150024|1218.400024|1284.750000|306500|1.0000000000|1284.750000
2026-06-01|221|CCL|27.510000|28.090000|27.020000|27.510000|23438100|0.9947898578|27.366669
2026-06-01|222|FAST|43.660000|44.180000|43.259998|43.990002|7588600|0.9945424013|43.749924
2026-06-01|223|SCHW|86.809998|89.199997|86.019997|88.739998|13961600|0.9970924949|88.481987
2026-06-01|224|JCI|132.050003|135.529999|131.320007|133.910004|3278600|0.9972406182|133.540497
2026-06-01|225|COHR|350.929993|366.000000|346.630005|362.899994|6065900|1.0000000000|362.899994
2026-06-01|226|KEY|21.120001|21.219999|20.889999|20.900000|10584000|0.9901913874|20.695000
2026-06-01|227|MOS|23.780001|23.900000|23.139999|23.330000|7063500|1.0000000000|23.330000
2026-06-01|228|MGM|48.459999|51.590000|48.299999|50.689999|27683900|1.0000000000|50.689999
2026-06-01|229|WM|211.389999|214.669998|211.369995|212.509995|1743200|0.9956851284|211.593033
2026-06-01|230|TECH|51.450001|51.810001|50.630001|50.790001|2207600|0.9988938053|50.733818
2026-06-01|231|IEX|208.820007|210.369995|206.380005|207.589996|441300|0.9967384506|206.912933
2026-06-01|232|GEN|26.340000|27.809999|25.980000|27.760000|10626300|0.9956109550|27.638161
2026-06-01|233|CRH|106.720001|107.410004|104.190002|106.750000|3779200|0.9960081882|106.323875
2026-06-01|234|EOG|135.000000|138.110001|134.919998|136.619995|3025100|0.9926332518|135.613541
2026-06-01|235|PTC|141.000000|146.949997|140.000000|145.080002|2315000|1.0000000000|145.080002
2026-06-01|236|CSCO|119.800003|121.949997|118.300003|121.330002|23966800|0.9962729613|120.877800
2026-06-01|237|LH|260.230011|260.920013|255.830002|256.869995|533200|1.0000000000|256.320465
2026-06-01|238|TRMB|56.770000|58.299999|56.080002|58.150002|3780500|1.0000000000|58.150002
2026-06-01|239|AZO|2942.060059|3046.429932|2928.110107|3020.949951|447000|1.0000000000|3020.949951
2026-06-01|240|REGN|607.539978|614.000000|598.799988|600.659973|1079900|0.9988336456|599.959412
2026-06-01|241|IDXX|555.960022|571.880005|552.250000|566.789978|604400|1.0000000000|566.789978
2026-06-01|242|AES|14.690000|14.740000|14.660000|14.700000|10223300|0.9881481485|14.525778
2026-06-01|243|VRTX|439.910004|443.540009|433.260010|438.399994|1115200|1.0000000000|438.399994
2026-06-01|244|ZBRA|244.389999|251.970001|243.190002|249.960007|1137800|1.0000000000|249.960007
2026-06-01|245|BIIB|194.500000|195.279999|191.669998|192.229996|841500|1.0000000000|192.229996
2026-06-01|246|ODFL|219.320007|230.600006|218.130005|228.529999|2004400|0.9987340667|228.240692
2026-06-01|247|APH|146.949997|148.649994|144.199997|146.339996|8718000|0.9984936130|146.119553
2026-06-01|248|KIM|24.480000|24.480000|23.639999|23.639999|3531000|0.9891711788|23.384007
2026-06-01|249|QCOM|233.330002|238.020004|226.809998|228.990005|21185200|0.9963201471|228.147354
2026-06-01|250|GILD|133.990005|133.990005|130.529999|131.100006|6259200|0.9934708175|130.244034
2026-06-01|251|ROP|330.079987|347.079987|328.070007|344.250000|1219400|0.9974983506|343.388794
2026-06-01|252|SNPS|484.070007|494.250000|470.739990|492.290009|2586600|1.0000000000|492.290009
2026-06-01|253|STZ|137.750000|139.490005|135.250000|136.250000|2083500|0.9921821632|135.184814
2026-06-01|254|BSX|48.310001|48.660000|47.349998|47.980000|29188500|1.0000000000|47.980000
2026-06-01|255|STE|212.509995|213.949997|210.169998|211.070007|702400|0.9970332000|210.443802
2026-06-01|256|DHI|148.500000|149.110001|145.990005|146.979996|2103900|0.9970287223|146.543274
2026-06-01|257|LIN|496.149994|498.339996|488.880005|497.410004|2507300|0.9968477255|495.842041
2026-06-01|258|SBUX|98.250000|98.339996|95.589996|96.510002|8191500|0.9942883465|95.958771
2026-06-01|259|MS|207.610001|212.110001|206.600006|211.009995|6431200|0.9945253736|209.854797
2026-06-01|260|INTU|338.700012|363.179993|337.579987|353.760010|6565200|0.9955898568|352.199890
2026-06-01|261|MCHP|92.879997|94.199997|90.230003|91.519997|11345100|0.9940194534|90.972656
2026-06-01|262|CB|310.119995|313.279999|309.429993|309.779999|1745900|0.9968895800|308.816467
2026-06-01|263|ORLY|86.379997|87.650002|85.449997|86.639999|5725800|1.0000000000|86.639999
2026-06-01|264|RCL|279.989990|293.100006|275.350006|289.049988|2881300|0.9948418155|287.559021
2026-06-01|265|JBL|355.000000|364.630005|353.750000|359.970001|1454200|0.9997839939|359.892242
2026-06-01|266|ALL|202.910004|208.080002|202.210007|207.210007|1753200|1.0000000000|207.210007
2026-06-01|267|CPT|106.000000|108.150002|105.750000|106.080002|1007300|0.9909199930|105.116798
2026-06-01|268|VMRK|65.279999|66.930000|65.279999|65.809998|3933800|0.9897192157|65.133415
2026-06-01|269|IT|165.039993|180.449997|165.039993|179.589996|2031400|1.0000000000|179.589996
2026-06-01|270|DECK|112.430000|113.500000|110.050003|110.820000|1739000|1.0000000000|110.820000
2026-06-01|271|REG|77.040001|77.250000|76.120003|76.139999|1199500|0.9906432027|75.427574
2026-06-01|272|INCY|96.480003|97.000000|94.209999|95.589996|1592400|1.0000000000|95.589996
2026-06-01|273|SPG|203.660004|204.800003|202.199997|202.699997|1641300|0.9891482587|200.500351
2026-06-01|274|MAA|127.940002|130.589996|127.930000|128.130005|914600|0.9885547570|126.663528
2026-06-01|275|MLM|570.580017|573.080017|560.700012|570.960022|635600|1.0000000000|570.960022
2026-06-01|276|TSCO|31.280001|31.790001|31.020000|31.780001|11898600|0.9931389364|31.561954
2026-06-01|277|ALB|176.380005|176.380005|170.009995|171.130005|2177500|0.9974537910|170.694275
2026-06-01|278|CPRT|32.709999|32.950001|31.950001|32.320000|9288900|1.0000000000|32.320000
2026-06-01|279|FLEX|149.630005|151.160004|145.509995|148.009995|4588900|1.0000000000|148.009995
2026-06-01|280|ESS|274.290009|280.739990|273.600006|276.929993|740000|0.9912479300|274.506287
2026-06-01|281|O|60.720001|60.900002|59.529999|59.549999|7512600|0.9915131085|59.044605
2026-06-01|282|MCO|453.670013|465.670013|448.959991|464.200012|894100|0.9978911593|463.221100
2026-06-01|283|SJM|102.559998|102.800003|100.279999|100.610001|1489100|0.9907154105|99.675873
2026-06-01|284|MCK|735.500000|743.000000|730.659973|734.820007|913600|1.0000000000|734.820007
2026-06-01|285|COF|185.589996|186.470001|182.020004|184.559998|4715200|0.9964810416|183.910538
2026-06-01|286|EME|815.530029|841.650024|812.000000|830.950012|456000|0.9994836978|830.520996
2026-06-01|287|DLTR|116.839996|116.849998|111.180000|111.349998|5337400|1.0000000000|111.349998
2026-06-01|288|COR|268.149994|269.359985|262.670013|264.690002|1625800|0.9980645786|264.177704
2026-06-01|289|DRI|202.779999|205.070007|201.330002|201.910004|1020900|0.9919770205|200.290085
2026-06-01|290|RMD|188.360001|190.130005|184.589996|186.440002|2439000|0.9971385215|185.906509
2026-06-01|291|WAB|258.549988|258.549988|251.149994|256.010010|864000|0.9989689007|255.746033
2026-06-01|292|FCX|65.260002|67.480003|64.480003|67.040001|10051200|0.9975786925|66.877678
2026-06-01|293|IVZ|28.080000|28.500000|27.280001|27.620001|8460600|0.9933559952|27.436493
2026-06-01|294|ACGL|89.209999|89.570000|88.269997|88.739998|2193900|1.0000000000|88.739998
2026-06-01|295|ERIE|210.669998|218.740005|210.669998|211.610001|141500|0.9943102712|210.405991
2026-06-01|296|EG|322.000000|327.309998|320.500000|324.839996|476100|0.9940520446|322.907867
2026-06-01|297|DVA|193.669998|194.440002|188.630005|189.809998|966100|1.0000000000|189.809998
2026-06-01|298|HSIC|76.040001|77.040001|75.739998|76.400002|1356100|1.0000000000|76.400002
2026-06-01|299|EL|87.769997|88.400002|84.730003|85.580002|4159200|1.0000000000|85.580002
2026-06-01|300|WAT|382.790009|383.700012|371.040009|378.160004|1529400|1.0000000000|378.160004
2026-06-01|301|NTAP|171.669998|179.949997|170.789993|179.699997|5893600|0.9969719908|179.155853
2026-06-01|302|HIG|125.589996|127.230003|125.589996|126.570000|1880200|1.0000000000|126.570000
2026-06-01|303|IRM|126.699997|129.869995|125.430000|126.379997|1508200|0.9932096824|125.521835
2026-06-01|304|BRK-B|473.049988|473.390015|467.959991|470.290009|6203600|1.0000000000|470.290009
2026-06-01|305|FDS|249.149994|272.399994|247.639999|270.850006|1674800|1.0000000000|270.850006
2026-06-01|306|STLD|257.329987|262.239990|255.199997|261.589996|901400|0.9977371702|260.998077
2026-06-01|307|DGX|194.139999|196.479996|191.850006|192.199997|609500|0.9959506546|191.421707
2026-06-01|308|CIEN|559.520020|579.969971|552.590027|569.609985|2894200|1.0000000000|569.609985
2026-06-01|309|TTWO|227.990005|231.020004|223.880005|226.979996|2625800|1.0000000000|226.979996
2026-06-01|310|VTR|83.720001|84.300003|81.559998|81.709999|2876200|0.9941769319|81.234192
2026-06-01|311|AMZN|266.290009|266.630005|260.700012|261.260010|53604400|1.0000000000|261.260010
2026-06-01|312|ARE|48.700001|49.720001|48.500000|48.630001|1435400|0.9870480303|48.000145
2026-06-01|313|RL|361.760010|371.119995|360.609985|366.309998|674900|0.9975616297|365.416809
2026-06-01|314|BXP|59.610001|60.169998|59.040001|59.130001|1035100|0.9895631429|58.512871
2026-06-01|315|FIX|1765.750000|1826.989990|1750.000000|1787.880005|476700|0.9994824076|1786.954590
2026-06-01|316|YUM|147.559998|149.100006|145.440002|147.509995|2486500|1.0000000000|147.509995
2026-06-01|317|CHRW|178.570007|180.860001|175.899994|179.889999|1473300|0.9965870306|179.276047
2026-06-01|318|FE|46.110001|46.450001|45.349998|45.380001|4118500|0.9901836603|44.934536
2026-06-01|319|MTD|1167.569946|1192.500000|1166.780029|1183.569946|209500|1.0000000000|1183.569946
2026-06-01|320|PLD|141.589996|142.149994|138.919998|139.020004|2981600|0.9927946128|138.018311
2026-06-01|321|URI|987.080017|1001.659973|974.210022|997.820007|502400|0.9982773546|996.101135
2026-06-01|322|AEE|106.690002|106.970001|105.059998|105.089996|1589900|0.9930004667|104.354416
2026-06-01|323|VRSN|286.109985|299.489990|285.420013|296.589996|888600|0.9970730649|295.721893
2026-06-01|324|PWR|702.000000|709.000000|683.260010|687.479980|1193300|0.9998472307|687.374939
2026-06-01|325|AMT|184.820007|187.899994|184.009995|187.529999|2479200|0.9905446092|185.756836
2026-06-01|326|MAR|371.329987|378.329987|370.579987|376.959991|1396800|0.9979719406|376.195496
2026-06-01|327|CTSH|56.209999|57.650002|55.009998|57.160000|9403700|0.9941706413|56.826794
2026-06-01|328|SRE|88.220001|89.370003|87.099998|87.129997|2968100|0.9929041305|86.511734
2026-06-01|329|CSGP|32.619999|33.880001|32.009998|33.860001|8038400|1.0000000000|33.860001
2026-06-01|330|RSG|201.240005|203.309998|200.759995|200.830002|1474400|0.9970890970|200.245407
2026-06-01|331|CCI|90.529999|91.239998|89.940002|91.029999|3737600|0.9884657123|89.980034
2026-06-01|332|EBAY|109.910004|110.830002|107.529999|110.349998|4383400|1.0000000000|110.015503
2026-06-01|333|NVDA|215.729996|224.869995|215.699997|224.360001|212850700|0.9988358556|224.098816
2026-06-01|334|BKNG|168.690002|171.250000|164.889999|169.250000|6638700|0.9974923877|168.825577
2026-06-01|335|GS|1015.330017|1051.199951|1011.599976|1048.579956|2666700|1.0000000000|1048.579956
2026-06-01|336|FFIV|383.290009|396.510010|382.589996|395.619995|654100|1.0000000000|395.619995
2026-06-01|337|SBAC|201.000000|205.139999|200.970001|204.050003|950100|0.9931480565|202.651855
2026-06-01|338|LII|497.029999|508.429993|489.529999|496.769989|265900|0.9976091276|495.582275
2026-06-01|339|BLK|1041.119995|1053.239990|1015.309998|1020.729980|904800|0.9943964168|1015.010193
2026-06-01|340|TKO|205.460007|212.000000|204.339996|208.470001|1247500|0.9961152636|207.660156
2026-06-01|341|AKAM|149.669998|156.309998|149.669998|154.009995|3982000|1.0000000000|154.009995
2026-06-01|342|UPS|105.559998|109.720001|105.059998|109.019997|6088500|0.9843062201|107.309059
2026-06-01|343|A|133.500000|137.059998|132.880005|135.979996|2677900|0.9980802530|135.718948
2026-06-01|344|TDY|611.820007|614.030029|603.750000|609.469971|371300|1.0000000000|609.469971
2026-06-01|345|PKG|215.880005|223.300003|214.550003|221.669998|665200|0.9934276825|220.213120
2026-06-01|346|EW|86.550003|89.139999|86.250000|88.160004|7649500|1.0000000000|88.160004
2026-06-01|347|MET|81.570000|82.889999|81.360001|81.839996|3065800|0.9938427991|81.336090
2026-06-01|348|ON|119.389999|121.050003|115.809998|120.919998|9129300|1.0000000000|120.919998
2026-06-01|349|ISRG|420.470001|423.950012|411.829987|412.260010|3033600|1.0000000000|412.260010
2026-06-01|350|CRL|180.279999|184.679993|178.059998|182.070007|996200|1.0000000000|182.070007
2026-06-01|351|MRVL|198.910004|225.139999|195.119995|219.429993|32926900|0.9997533605|219.375870
2026-06-01|352|EQIX|1066.270020|1066.270020|1050.000000|1050.770020|325300|0.9952446339|1045.773193
2026-06-01|353|TPR|145.460007|145.460007|137.589996|138.809998|2173100|0.9971524169|138.414719
2026-06-01|354|GRMN|232.970001|238.190002|229.880005|236.800003|771900|0.9955900883|235.755737
2026-06-01|355|GPN|75.750000|76.059998|73.910004|75.459999|5335600|0.9961797067|75.171722
2026-06-01|356|ALGN|172.399994|173.399994|169.300003|169.770004|856800|1.0000000000|169.770004
2026-06-01|357|WTW|248.539993|257.619995|248.539993|257.040009|681500|0.9963732529|256.107788
2026-06-01|358|MDLZ|60.619999|61.150002|59.950001|61.049999|8749300|0.9916874483|60.542519
2026-06-01|359|AXON|455.450012|484.839996|452.019989|476.880005|1477200|1.0000000000|476.880005
2026-06-01|360|FIS|43.320000|43.770000|42.669998|43.599998|6932500|0.9887092639|43.107723
2026-06-01|361|ACN|193.440002|198.000000|188.990005|196.589996|7179500|0.9881186678|194.254242
2026-06-01|362|ZBH|82.440002|83.650002|81.620003|82.940002|2704100|0.9973498233|82.720192
2026-06-01|363|BG|123.949997|130.619995|123.230003|129.970001|2054300|0.9937342270|129.155640
2026-06-01|364|PFG|101.739998|103.760002|101.440002|102.900002|899900|1.0000000000|102.900002
2026-06-01|365|ELV|390.820007|403.269989|390.820007|402.660004|2037800|0.9959475060|401.028229
2026-06-01|366|CNC|59.900002|62.099998|59.470001|62.000000|5743000|1.0000000000|62.000000
2026-06-01|367|PRU|99.980003|101.370003|99.629997|100.489998|1552600|0.9885872665|99.343132
2026-06-01|368|NFLX|85.730003|87.230003|85.320000|85.849998|32747200|1.0000000000|85.849998
2026-06-01|369|NDAQ|92.489998|93.940002|92.000000|92.809998|3313400|0.9964261009|92.478302
2026-06-01|370|WYNN|103.330002|107.769997|102.129997|106.529999|2135400|0.9975578784|106.269836
2026-06-01|371|CME|272.149994|274.190002|257.220001|257.760010|6266200|0.9948418839|256.430450
2026-06-01|372|STX|885.330017|940.789978|882.919983|921.260010|3358000|0.9992874955|920.603577
2026-06-01|373|NRG|131.089996|131.649994|127.110001|129.470001|2642800|0.9964628787|129.012054
2026-06-01|374|AIZ|247.300003|249.460007|246.630005|248.770004|524200|0.9965805324|247.919342
2026-06-01|375|CBRE|124.459999|124.970001|121.690002|124.639999|3845400|1.0000000000|124.639999
2026-06-01|376|CRM|198.750000|211.339996|198.210007|209.600006|27594800|0.9974256962|209.060425
2026-06-01|377|DPZ|311.329987|315.529999|309.170013|313.709991|706900|0.9938557491|311.782501
2026-06-01|378|EXR|142.869995|143.440002|140.240005|140.320007|729300|0.9892430283|138.810593
2026-06-01|379|GOOG|372.575012|374.600006|369.709991|372.579987|19091900|0.9993985127|372.355896
2026-06-01|380|GOOGL|376.519989|378.559998|373.519989|376.369995|28672100|0.9994030337|376.145325
2026-06-01|381|DLR|189.570007|189.610001|184.410004|185.000000|1815500|0.9933767643|183.774704
2026-06-01|382|MPWR|1536.079956|1569.989990|1508.239990|1542.390015|593200|0.9984765039|1540.040161
2026-06-01|383|LVS|51.000000|53.540001|50.930000|53.270000|5268600|0.9936548222|52.931995
2026-06-01|384|DXCM|73.489998|76.349998|72.500000|74.870003|6140900|1.0000000000|74.870003
2026-06-01|385|BLDR|76.000000|76.669998|74.339996|75.620003|2082000|1.0000000000|75.620003
2026-06-01|386|WBD|26.950001|27.320000|26.950001|27.250000|21503500|1.0000000000|27.250000
2026-06-01|387|EXPE|228.479996|230.309998|221.539993|228.369995|1483300|0.9985604607|228.041260
2026-06-01|388|CF|114.660004|117.040001|113.239998|113.300003|2953400|0.9948739856|112.719231
2026-06-01|389|AMP|443.769989|453.660004|442.000000|447.149994|745300|0.9968855344|445.757355
2026-06-01|390|ICE|148.009995|148.880005|143.009995|144.960007|5439900|0.9962997224|144.423615
2026-06-01|391|PSKY|10.600000|11.170000|10.450000|10.980000|7128000|0.9952244509|10.927565
2026-06-01|392|LYV|169.100006|171.309998|166.830002|170.449997|1633500|1.0000000000|170.449997
2026-06-01|393|CMG|32.000000|32.240002|30.480000|30.549999|32465900|1.0000000000|30.549999
2026-06-01|394|UAL|111.400002|112.910004|108.910004|111.760002|4778400|1.0000000000|111.760002
2026-06-01|395|TDG|1243.880005|1255.239990|1232.510010|1238.410034|434000|1.0000000000|1238.410034
2026-06-01|396|MA|494.250000|497.130005|488.649994|495.250000|4653400|0.9983264725|494.421204
2026-06-01|397|LDOS|129.100006|131.139999|127.690002|127.720001|1290100|0.9964800263|127.270432
2026-06-01|398|FSLR|302.089996|306.779999|292.339996|303.000000|3371500|1.0000000000|303.000000
2026-06-01|399|BR|155.050003|160.000000|155.050003|159.960007|1343900|0.9932693636|158.883377
2026-06-01|400|SMCI|45.799999|48.080002|45.660000|46.880001|50422400|1.0000000000|46.880001
2026-06-01|401|TMUS|185.259995|188.820007|185.009995|186.740005|3448700|1.0000000000|185.668427
2026-06-01|402|DAL|81.070000|81.839996|79.300003|81.470001|7337000|0.9975369458|81.269341
2026-06-01|403|IBKR|86.099998|91.019997|85.019997|88.690002|6862500|1.0000000000|88.690002
2026-06-01|404|PODD|146.509995|150.419998|142.800003|148.130005|1316200|1.0000000000|148.130005
2026-06-01|405|TEL|211.000000|216.279999|208.570007|211.089996|2106200|0.9961105015|210.268967
2026-06-01|406|BX|116.809998|119.839996|115.500000|116.940002|5576000|0.9899021526|115.759155
2026-06-01|407|LULU|132.339996|134.380005|131.130005|132.089996|3672400|1.0000000000|132.089996
2026-06-01|408|ULTA|504.609985|510.640015|496.540009|500.769989|938200|1.0000000000|500.769989
2026-06-01|409|MSCI|633.690002|644.679993|631.390015|643.830017|766100|0.9964362700|641.535583
2026-06-01|410|ECHO|128.380005|129.880005|123.570000|127.419998|5758900|1.0000000000|127.419998
2026-06-01|411|PM|175.639999|176.119995|172.179993|172.660004|3786200|0.9917776037|171.240326
2026-06-01|412|V|327.260010|327.859985|318.679993|322.769989|10079300|0.9981456881|322.171478
2026-06-01|413|AWK|122.989998|123.290001|120.610001|121.129997|1746900|0.9933923956|120.329620
2026-06-01|414|KDP|29.809999|30.330000|29.670000|30.200001|10422500|0.9929274294|29.986410
2026-06-01|415|SW|40.130001|41.650002|39.730000|41.250000|5619000|0.9909636146|40.877251
2026-06-01|416|AVGO|450.089996|466.049988|442.220001|459.970001|30586000|0.9984198371|459.243164
2026-06-01|417|VRSK|174.990005|184.449997|174.990005|183.970001|1949100|0.9972796518|183.469543
2026-06-01|418|DG|111.050003|111.989998|108.150002|109.930000|7146500|0.9949256041|109.372177
2026-06-01|419|FTNT|141.160004|147.490005|140.250000|147.139999|7537400|1.0000000000|147.139999
2026-06-01|420|CHTR|143.399994|146.169998|141.000000|142.600006|3107800|1.0000000000|142.600006
2026-06-01|421|FERG|222.029999|224.619995|219.820007|224.380005|1321800|0.9962829937|223.545990
2026-06-01|422|GNRC|272.179993|276.809998|265.209991|269.260010|1033900|1.0000000000|269.260010
2026-06-01|423|LYB|67.500000|68.330002|66.720001|67.139999|5495200|0.9897823188|66.453987
2026-06-01|424|CBOE|328.540009|330.429993|300.500000|300.989990|2829200|1.0000000000|300.989990
2026-06-01|425|TSLA|427.489990|429.600006|415.429993|415.880005|44937900|1.0000000000|415.880005
2026-06-01|426|KKR|96.750000|98.790001|94.760002|95.010002|4028800|0.9981032973|94.829796
2026-06-01|427|NXPI|315.000000|318.549988|305.630005|311.380005|2881000|0.9966193239|310.327332
2026-06-01|428|GM|83.430000|83.440002|80.449997|82.680000|7510600|0.9978370584|82.501167
2026-06-01|429|TRGP|257.359985|259.700012|256.730011|259.079987|996600|0.9953417306|257.873108
2026-06-01|430|CPAY|361.500000|367.429993|357.910004|364.130005|539100|1.0000000000|364.130005
2026-06-01|431|KMI|31.059999|31.350000|30.820000|30.850000|7738100|0.9907395899|30.564316
2026-06-01|432|HCA|371.000000|375.570007|367.429993|370.959991|2397500|0.9979998461|370.218018
2026-06-01|433|HII|304.500000|306.309998|291.709991|296.410004|895100|1.0000000000|295.034088
2026-06-01|434|APO|127.680000|131.149994|127.680000|128.220001|3087800|0.9957937992|127.680687
2026-06-01|435|MPC|252.679993|260.970001|251.500000|258.660004|2426900|0.9972693263|257.953674
2026-06-01|436|XYL|108.000000|109.139999|106.739998|108.330002|2284800|0.9962087815|107.919296
2026-06-01|437|APTV|67.309998|68.839996|66.779999|68.599998|5021900|1.0000000000|68.599998
2026-06-01|438|PSX|178.000000|182.619995|177.250000|180.240005|1881200|0.9947204324|179.288422
2026-06-01|439|AMCR|38.299999|38.299999|37.400002|37.730000|3750500|1.0000000000|37.730000
2026-06-01|440|META|630.400024|635.750000|599.530029|600.469971|29138800|0.9990740414|599.913940
2026-06-01|441|NOW|135.770004|139.199997|131.610001|135.860001|68789000|1.0000000000|135.860001
2026-06-01|442|PANW|285.429993|302.950012|283.799988|300.480011|13714500|1.0000000000|300.480011
2026-06-01|443|FANG|194.490005|201.660004|194.130005|199.029999|1819300|0.9945230033|197.939911
2026-06-01|444|WDAY|152.000000|158.639999|149.059998|157.229996|9317500|1.0000000000|157.229996
2026-06-01|445|ABBV|215.259995|216.500000|211.509995|212.929993|4858400|0.9929324291|211.425095
2026-06-01|446|NCLH|17.879999|18.469999|17.790001|18.059999|17954900|1.0000000000|18.059999
2026-06-01|447|ZTS|77.059998|78.480003|76.589996|77.559998|5046700|0.9930773248|77.023079
2026-06-01|448|IQV|182.839996|188.860001|182.000000|186.820007|1404800|1.0000000000|186.820007
2026-06-01|449|NWS|29.790001|30.680000|29.629999|30.680000|1385500|1.0000000000|30.680000
2026-06-01|450|NWSA|26.139999|26.870001|25.990000|26.799999|3495800|1.0000000000|26.799999
2026-06-01|451|CDW|128.380005|141.460007|127.970001|140.979996|3240300|0.9952456416|140.309723
2026-06-01|452|VEEV|182.740005|191.970001|179.320007|188.660004|5645900|1.0000000000|188.660004
2026-06-01|453|ALLE|128.850006|130.270004|127.199997|130.199997|771200|0.9958946033|129.665482
2026-06-01|454|HLT|323.459991|333.679993|323.239990|332.649994|1954900|0.9995449167|332.498596
2026-06-01|455|ARES|127.620003|131.699997|126.779999|128.740005|3193200|0.9900265958|127.456032
2026-06-01|456|ANET|162.139999|172.330002|161.279999|170.679993|9991500|1.0000000000|170.679993
2026-06-01|457|SYF|70.489998|71.235001|69.410004|70.820000|3445800|0.9957005565|70.515511
2026-06-01|458|CFG|61.250000|61.500000|60.275002|60.779999|5423100|0.9935492916|60.387924
2026-06-01|459|KEYS|332.730011|335.000000|326.109985|330.000000|2396900|1.0000000000|330.000000
2026-06-01|460|GDDY|85.449997|94.099998|85.449997|92.989998|2959700|1.0000000000|92.989998
2026-06-01|461|KHC|23.802000|23.959999|23.450001|23.629999|13313000|0.9821984863|23.209349
2026-06-01|462|PYPL|44.529999|45.985001|44.200001|45.189999|16231000|0.9967143863|45.041523
2026-06-01|463|LITE|825.250000|931.849976|806.619995|905.000000|7932700|1.0000000000|905.000000
2026-06-01|464|HPE|44.180000|47.970001|43.400002|47.000000|115597800|0.9970828234|46.862892
2026-06-01|465|XYZ|76.349998|77.624001|75.529999|76.099998|7923900|1.0000000000|76.099998
2026-06-01|466|FTV|58.110001|59.209999|57.880001|58.720001|5553500|0.9990168769|58.662273
2026-06-01|467|DELL|426.149994|469.470001|426.149994|465.959991|20849200|0.9983502671|465.191284
2026-06-01|468|TTD|21.990000|23.570000|21.785000|23.219999|22967900|1.0000000000|23.219999
2026-06-01|469|VST|157.000000|158.550003|151.330002|154.759995|4322700|0.9986015267|154.543564
2026-06-01|470|HWM|253.619995|257.279999|249.029999|255.520004|2928400|0.9995167748|255.396530
2026-06-01|471|INVH|29.250000|29.674999|29.090000|29.100000|4964500|0.9898785423|28.805466
2026-06-01|472|CVNA|72.300003|72.809998|69.110001|71.000000|9450100|1.0000000000|71.000000
2026-06-01|473|IR|70.570000|71.480003|69.709999|70.959999|3493400|0.9997640396|70.943253
2026-06-01|474|VICI|28.084999|28.200001|27.719999|27.770000|9498900|0.9834741092|27.311077
2026-06-01|475|VRT|317.989990|328.579987|313.130005|323.390015|6162100|0.9997919900|323.322754
2026-06-01|476|MRNA|47.070000|47.070000|44.200001|46.060001|6177800|1.0000000000|46.060001
2026-06-01|477|FOXA|64.290001|66.910004|63.990002|66.809998|3109800|1.0000000000|66.809998
2026-06-01|478|FOX|57.435001|60.099998|57.150002|59.840000|924400|1.0000000000|59.840000
2026-06-01|479|DOW|34.250000|35.410000|34.205002|34.689999|10533500|1.0000000000|34.689999
2026-06-01|480|UBER|71.330002|74.555000|71.330002|73.769997|24119800|1.0000000000|73.769997
2026-06-01|481|CTVA|78.150002|78.580002|77.029999|77.680000|2658100|1.0000000000|77.680000
2026-06-01|482|CRWD|735.809998|785.659973|734.000000|782.169983|4590300|0.2500000000|195.542496
2026-06-01|483|DDOG|251.774994|278.704987|249.440002|277.489990|11191000|1.0000000000|277.489990
2026-06-01|484|CARR|63.049999|65.320000|62.669998|65.110001|8101400|0.9964168410|64.876701
2026-06-01|485|OTIS|70.260002|70.839996|69.160004|69.339996|4171700|0.9939750786|68.922234
2026-06-01|486|PLTR|159.979996|163.699997|155.880005|160.649994|57654000|1.0000000000|160.649994
2026-06-01|487|DASH|161.539993|166.520004|157.404999|164.779999|4522800|1.0000000000|164.779999
2026-06-01|488|ABNB|133.309998|138.039993|132.074997|137.869995|4354300|1.0000000000|137.869995
2026-06-01|489|EXE|92.989998|93.407997|91.790001|92.089996|3265300|0.9940278354|91.540024
2026-06-01|490|COIN|179.210007|186.600006|176.179993|182.610001|9063100|1.0000000000|182.610001
2026-06-01|491|APP|615.200012|622.000000|584.859985|613.700012|4303800|1.0000000000|613.700012
2026-06-01|492|HOOD|89.940002|92.400002|85.559998|90.730003|42590800|1.0000000000|90.730003
2026-06-01|493|CEG|275.000000|278.609985|264.209991|265.700012|11480600|0.9984651331|265.292206
2026-06-01|494|GEHC|62.562000|62.735001|60.869999|62.689999|8589500|0.9994353928|62.654602
2026-06-01|495|KVUE|17.290001|17.485001|17.254999|17.350000|18663700|0.9889763775|17.158741
2026-06-01|496|VLTO|82.230003|84.720001|82.230003|83.599998|2842700|0.9985280797|83.476944
2026-06-01|497|RDDT|179.899994|182.645004|174.850006|177.850006|5794900|1.0000000000|177.850006
2026-06-01|498|SOLV|74.330002|76.309998|74.330002|75.839996|2350900|1.0000000000|75.839996
2026-06-01|499|GEV|959.969971|970.640015|939.000000|950.539978|2679300|0.9994893113|950.054565
2026-06-01|500|SNDK|1731.150024|1804.000000|1686.160034|1761.430054|9681700|1.0000000000|1761.430054
2026-06-01|501|Q|152.100006|154.500000|148.919998|151.919998|2210400|1.0000000000|151.919998
2026-06-01|502|FDXF|164.000000|166.899994|141.330002|149.529999|7419200|1.0000000000|149.529999
