date|security_id|ticker|open|high|low|close|volume|adj_factor|adj_close_vendor
2026-06-05|1|AEP|128.500000|130.220001|128.210007|129.139999|3544500|0.9924441265|128.164230
2026-06-05|2|BA|216.580002|218.369995|213.630005|215.449997|4804000|1.0000000000|215.449997
2026-06-05|3|CAT|929.929993|934.030029|901.500000|904.280029|2780500|0.9981483165|902.605591
2026-06-05|4|CNP|42.090000|43.040001|42.070000|42.689999|4075100|0.9940594062|42.436394
2026-06-05|5|CVX|189.059998|189.610001|186.589996|187.309998|6310900|0.9913483039|185.689453
2026-06-05|6|DIS|99.680000|100.199997|99.089996|99.709999|9501600|0.9923958226|98.951790
2026-06-05|7|DTE|143.539993|146.649994|143.539993|145.770004|1325100|0.9921049063|144.619141
2026-06-05|8|ED|104.919998|107.449997|104.500000|106.260002|1810100|0.9918651523|105.395592
2026-06-05|9|GD|343.140015|347.320007|342.750000|346.440002|1192100|0.9956181446|344.921967
2026-06-05|10|GE|326.899994|332.489990|322.529999|328.000000|3951500|0.9987550328|327.591644
2026-06-05|11|HON|218.870006|218.989994|213.000007|213.970006|4925900|1.0456302247|223.733505
2026-06-05|12|HPQ|26.010000|26.280001|24.950001|25.580000|17560500|0.9879711310|25.272301
2026-06-05|13|IBM|300.000000|302.299988|281.070007|284.839996|12509500|0.9928776129|282.811249
2026-06-05|14|IP|33.540001|34.290001|33.169998|33.610001|5145100|0.9887402721|33.231560
2026-06-05|15|JNJ|230.000000|235.220001|229.000000|232.770004|8034900|0.9950922943|231.627640
2026-06-05|16|KO|77.510002|80.739998|77.480003|79.480003|25708100|0.9935850886|78.970146
2026-06-05|17|KR|62.700001|64.199997|62.700001|63.570000|8814700|0.9931853922|63.136795
2026-06-05|18|LMT|520.000000|528.010010|519.950012|523.760010|903100|1.0000000000|523.760010
2026-06-05|19|MMM|153.589996|154.639999|152.690002|153.759995|2488400|0.9956414843|153.089828
2026-06-05|20|MO|71.269997|73.180000|71.150002|72.190002|8059500|0.9852654995|71.126320
2026-06-05|21|MRK|120.940002|123.459999|120.360001|120.790001|15967200|0.9928601430|119.927574
2026-06-05|22|MSI|411.230011|412.899994|407.450012|410.339996|910400|0.9970118292|409.113831
2026-06-05|23|PG|142.220001|148.229996|141.800003|146.539993|10963200|0.9925903246|145.454178
2026-06-05|24|XOM|152.009995|152.130005|149.300003|149.919998|16584000|0.9935665212|148.955490
2026-06-05|25|RTX|179.169998|182.529999|178.009995|180.990005|6272200|0.9966890420|180.390747
2026-06-05|26|MCD|274.399994|280.760010|274.399994|279.839996|5428100|1.0000000000|279.839996
2026-06-05|27|AXP|313.920013|314.500000|308.309998|310.660004|2445700|0.9972701149|309.811920
2026-06-05|28|BMY|57.029999|57.820000|56.790001|57.270000|9575900|0.9888377035|56.630737
2026-06-05|29|DD|47.370000|47.840001|46.630000|46.850001|2675700|3.0000000000|140.550003
2026-06-05|30|DE|590.659973|597.820007|579.219971|583.440002|1751600|0.9974147424|581.931702
2026-06-05|31|EMR|140.929993|141.160004|137.289993|138.119995|2232600|0.9966201816|137.653168
2026-06-05|32|ETN|408.549988|410.609985|393.170013|395.940002|2538000|0.9975456838|394.968231
2026-06-05|33|ETR|109.419998|111.769997|109.269997|110.739998|5273400|0.9940658321|110.082848
2026-06-05|34|F|15.230000|15.260000|14.680000|14.900000|65372100|0.9892857143|14.740356
2026-06-05|35|HAL|41.040001|41.150002|39.049999|39.180000|7483700|1.0000000000|39.180000
2026-06-05|36|LLY|1142.969971|1166.290039|1131.030029|1131.420044|4126200|0.9985690653|1129.801025
2026-06-05|37|PCG|16.860001|17.250000|16.830000|17.110001|14408100|0.9970997679|17.060377
2026-06-05|38|PEP|141.559998|144.339996|141.210007|141.919998|13228700|1.0000000000|141.919998
2026-06-05|39|PFE|25.850000|26.209999|25.790001|26.040001|32218500|0.9828068774|25.592291
2026-06-05|40|TXN|298.720001|298.809998|284.179993|285.059998|11937400|0.9949060125|283.607910
2026-06-05|41|WFC|82.150002|82.449997|81.449997|81.940002|15110600|0.9942915856|81.472260
2026-06-05|42|HUBB|480.489990|484.500000|474.140015|476.820007|786765|1.0000000000|476.820007
2026-06-05|43|WMT|118.349998|120.889999|118.099998|118.879997|36638100|0.9976117102|118.596077
2026-06-05|44|AIG|74.129997|75.709999|73.980003|75.489998|3136300|0.9933984683|74.991653
2026-06-05|45|AVY|153.550003|156.229996|152.729996|155.179993|589000|1.0000000000|155.179993
2026-06-05|46|BAC|54.169998|54.279999|53.320000|53.830002|38829400|1.0000000000|53.830002
2026-06-05|47|BALL|52.750000|53.570000|52.680000|52.919998|2391600|1.0000000000|52.919998
2026-06-05|48|BDX|151.779999|153.240005|150.699997|151.160004|2077400|0.9929995336|150.101822
2026-06-05|49|CLX|90.379997|94.370003|90.150002|94.139999|3290400|0.9884526559|93.052933
2026-06-05|50|CMI|669.539978|671.030029|650.650024|651.219971|981800|0.9962915514|648.804993
2026-06-05|51|CMS|70.800003|72.580002|70.589996|72.040001|4707800|0.9919943817|71.463280
2026-06-05|52|CVS|94.970001|96.629997|94.970001|95.930000|9704800|0.9938471504|95.339752
2026-06-05|53|ECL|256.779999|261.290009|256.350006|257.970001|2353700|0.9972820015|257.268860
2026-06-05|54|ES|70.019997|71.459999|69.900002|70.599998|3105800|1.0000000000|70.599998
2026-06-05|55|EVRG|82.000000|83.690002|81.989998|83.269997|1708000|0.9917192899|82.580460
2026-06-05|56|GWW|1288.739990|1306.510010|1283.459961|1300.010010|255800|0.9980509570|1297.476196
2026-06-05|57|LNT|71.559998|73.239998|71.550003|72.870003|2776100|0.9924530963|72.320061
2026-06-05|58|MKC|47.029999|47.900002|46.509998|47.240002|2969500|0.9910196447|46.815769
2026-06-05|59|MRSH|163.309998|166.210007|162.559998|165.440002|3006700|0.9943746806|164.509354
2026-06-05|60|NEE|85.080002|86.099998|84.610001|85.839996|11843200|1.0000000000|85.199310
2026-06-05|61|NI|46.020000|46.860001|46.000000|46.610001|2949200|0.9933436876|46.299751
2026-06-05|62|PNW|101.150002|103.720001|100.639999|103.059998|1517900|0.9909892067|102.131348
2026-06-05|63|RVTY|101.750000|101.989998|97.599998|98.370003|868600|0.9993733214|98.308357
2026-06-05|64|SNA|377.440002|383.529999|377.230011|379.769989|307900|0.9938338681|377.428253
2026-06-05|65|SPGI|422.879998|427.239994|420.550004|424.440014|2259900|0.9439543647|400.652008
2026-06-05|66|TER|389.540009|392.920013|354.130005|357.929993|5471100|1.0000000000|357.929993
2026-06-05|67|TGT|124.000000|124.080002|121.790001|122.570000|4384500|0.9923829532|121.636375
2026-06-05|68|TXT|91.209999|92.430000|90.660004|91.080002|1289900|0.9997866667|91.060570
2026-06-05|69|VMC|283.730011|285.559998|280.390015|281.380005|1416000|0.9981453742|280.858154
2026-06-05|70|XEL|78.339996|79.559998|78.169998|79.040001|5334900|0.9925145167|78.448349
2026-06-05|71|ITW|252.389999|253.789993|251.789993|252.720001|1582600|0.9939806334|251.198792
2026-06-05|72|CL|85.970001|89.589996|85.699997|88.580002|5961600|0.9942998496|88.075081
2026-06-05|73|EXC|44.900002|46.029999|44.759998|45.750000|8491400|1.0000000000|45.750000
2026-06-05|74|MDT|82.099998|82.680000|81.110001|81.669998|15286800|0.9910581218|80.939713
2026-06-05|75|BNY|144.139999|144.839996|142.089996|142.389999|2996300|0.9960354919|141.825500
2026-06-05|76|EIX|72.000000|73.830002|71.970001|73.330002|2517600|0.9882683051|72.469719
2026-06-05|77|FRT|120.660004|123.589996|120.510002|122.559998|1167300|0.9908457552|121.438049
2026-06-05|78|PNR|72.839996|73.879997|72.480003|73.150002|2265200|0.9956500725|72.831802
2026-06-05|79|USB|55.520000|55.959999|55.290001|55.689999|6500200|0.9915143601|55.217434
2026-06-05|80|WY|24.379999|24.879999|24.290001|24.480000|4968500|1.0000000000|24.480000
2026-06-05|81|SYY|74.620003|76.400002|74.500000|76.290001|3605300|0.9934155392|75.787674
2026-06-05|82|WRB|67.019997|68.790001|66.989998|68.570000|1923800|0.9910634494|67.957222
2026-06-05|83|IFF|72.970001|74.440002|72.500000|73.010002|1740100|0.9947403026|72.625992
2026-06-05|84|TAP|38.709999|39.349998|38.650002|39.060001|2714300|1.0000000000|38.609959
2026-06-05|85|PNC|227.720001|230.440002|225.699997|228.369995|1298300|0.9920904849|226.563690
2026-06-05|86|TRV|295.709991|303.890015|295.429993|303.250000|1151500|0.9958368027|301.987518
2026-06-05|87|C|135.410004|135.830002|131.190002|132.470001|12557900|0.9949414872|131.799896
2026-06-05|88|FDX|327.730011|333.399994|326.109985|331.000000|2584700|0.9962599634|329.762054
2026-06-05|89|WDC|545.250000|554.159973|511.329987|511.720001|9009200|1.0000000000|511.720001
2026-06-05|90|DHR|188.000000|188.750000|183.789993|184.300003|3305400|0.9979297139|183.918442
2026-06-05|91|APA|38.029999|38.150002|36.549999|36.570000|3605100|0.9930109031|36.314407
2026-06-05|92|LUV|41.299999|41.860001|41.000000|41.540001|4886000|0.9956521741|41.359394
2026-06-05|93|PEG|78.080002|79.760002|77.820000|79.480003|2336900|0.9913815279|78.795006
2026-06-05|94|UNP|264.489990|274.130005|264.489990|272.320007|2784100|1.0000000000|272.320007
2026-06-05|95|ABT|91.750000|92.730003|90.959999|91.070000|11933700|0.9929181654|90.425056
2026-06-05|96|ADI|419.489990|419.640015|401.260010|401.390015|7242600|1.0000000000|401.390015
2026-06-05|97|ADM|83.000000|83.190002|80.870003|80.919998|3512900|0.9936931471|80.409653
2026-06-05|98|ADP|233.080002|234.850006|231.179993|231.949997|2980400|0.9924702132|230.203461
2026-06-05|99|AFL|116.139999|118.830002|114.690002|118.239998|2090800|0.9949889100|117.647484
2026-06-05|100|AMAT|479.709991|484.899994|452.910004|453.010010|11909400|0.9989318178|452.526123
2026-06-05|101|AMD|499.529999|505.619995|463.950012|466.380005|46900600|1.0000000000|466.380005
2026-06-05|102|APD|283.089996|287.600006|282.119995|282.350006|1154000|0.9938263181|280.606873
2026-06-05|103|BF-B|25.320000|26.230000|25.320000|26.160000|3507900|0.9913580245|25.933926
2026-06-05|104|CHD|94.809998|98.029999|94.199997|96.739998|2157000|0.9969601263|96.445915
2026-06-05|105|CINF|162.139999|165.649994|162.139999|165.289993|523400|0.9945494610|164.389069
2026-06-05|106|CMCSA|23.400000|23.940001|23.389999|23.820000|37177900|0.9865580444|23.499811
2026-06-05|107|D|66.199997|67.519997|66.199997|66.900002|5119200|1.0000000000|66.900002
2026-06-05|108|DOV|213.600006|215.710007|212.300003|214.759995|778300|1.0000000000|214.759995
2026-06-05|109|DUK|122.500000|125.300003|122.269997|124.220001|3362900|0.9912844404|123.137352
2026-06-05|110|EFX|171.789993|174.000000|168.910004|172.130005|1242600|1.0000000000|172.130005
2026-06-05|111|EQT|55.189999|55.509998|53.669998|53.750000|4992500|0.9968732234|53.581936
2026-06-05|112|FITB|51.869999|52.369999|51.419998|52.009998|6349200|0.9929552658|51.643600
2026-06-05|113|GIS|32.490002|33.650002|32.380001|33.150002|12690700|0.9829846576|32.585941
2026-06-05|114|GPC|97.660004|98.980003|96.949997|98.150002|1383700|1.0000000000|98.150002
2026-06-05|115|HAS|84.360001|84.980003|83.800003|84.180000|1510700|0.9925523990|83.553062
2026-06-05|116|HBAN|16.600000|16.680000|16.440001|16.520000|14277200|0.9910508082|16.372160
2026-06-05|117|HRL|23.480000|23.730000|23.309999|23.620001|4371700|0.9881520418|23.340151
2026-06-05|118|HST|24.469999|24.780001|24.350000|24.620001|9228600|0.9630818621|23.711075
2026-06-05|119|HSY|184.490005|187.429993|183.360001|184.580002|1618300|0.9921985814|183.140015
2026-06-05|120|INTC|106.480003|106.480003|98.330002|99.169998|145209400|1.0000000000|99.169998
2026-06-05|121|J|124.150002|124.720001|122.510002|122.550003|981600|0.9975665811|122.251785
2026-06-05|122|JPM|314.290009|315.000000|309.600006|312.369995|9118800|0.9955152929|310.969116
2026-06-05|123|KMB|94.000000|99.620003|93.949997|99.040001|6361000|1.0000000000|99.040001
2026-06-05|124|L|105.809998|108.040001|105.169998|107.570000|751000|0.9994397510|107.509735
2026-06-05|125|LEN|90.510002|92.199997|90.260002|90.489998|2122100|0.9940723176|89.953606
2026-06-05|126|LOW|208.000000|211.860001|207.449997|210.740005|2423900|0.9938577955|209.445602
2026-06-05|127|MAS|69.220001|70.059998|68.699997|69.410004|2706500|0.9956337837|69.106941
2026-06-05|128|MTB|222.500000|224.669998|221.889999|222.440002|1181300|1.0000000000|222.440002
2026-06-05|129|NEM|104.889999|105.480003|99.650002|99.709999|9875500|1.0000000000|99.709999
2026-06-05|130|NTRS|172.000000|172.970001|169.970001|170.470001|960100|1.0000000000|170.470001
2026-06-05|131|NUE|260.049988|261.459991|252.410004|254.389999|1439500|0.9975500919|253.766754
2026-06-05|132|OMC|76.059998|76.169998|75.019997|75.309998|2903800|0.9894221866|74.513382
2026-06-05|133|PCAR|117.620003|118.730003|116.190002|116.680000|3675400|0.9973590885|116.371857
2026-06-05|134|PGR|198.279999|204.509995|197.000000|204.020004|2746300|0.9995561474|203.929443
2026-06-05|135|PH|874.789978|898.979980|871.940002|882.340027|1015700|1.0000000000|882.340027
2026-06-05|136|PHM|117.059998|118.910004|116.309998|118.400002|1281900|0.9978834255|118.149399
2026-06-05|137|PPG|111.629997|114.180000|111.629997|113.800003|1935000|0.9938189109|113.096596
2026-06-05|138|PPL|35.270000|35.889999|35.189999|35.740002|8899400|0.9920279720|35.455082
2026-06-05|139|RF|28.480000|28.680000|28.240000|28.540001|9464500|1.0000000000|28.540001
2026-06-05|140|ROL|47.000000|47.860001|46.720001|47.099998|4685000|0.9951510336|46.871613
2026-06-05|141|SHW|301.339996|308.000000|301.339996|305.299988|2470200|0.9976939264|304.595947
2026-06-05|142|STT|162.289993|163.369995|160.289993|161.750000|1743900|0.9950471700|160.948883
2026-06-05|143|SWK|78.760002|79.230003|77.930000|78.480003|1299400|0.9894240575|77.650002
2026-06-05|144|SYK|305.609985|311.000000|303.760010|305.660004|2123100|0.9973375287|304.846191
2026-06-05|145|TMO|484.220001|486.790009|469.619995|472.799988|1728100|0.9989985938|472.326508
2026-06-05|146|TPL|400.940002|400.940002|386.769989|389.790009|291100|1.0000000000|389.790009
2026-06-05|147|TSN|57.410000|59.549999|56.990002|58.730000|4506400|1.0000000000|58.730000
2026-06-05|148|TT|457.559998|460.609985|452.130005|456.839996|1209800|1.0000000000|456.839996
2026-06-05|149|TYL|312.989990|316.010010|305.170013|312.070007|658100|1.0000000000|312.070007
2026-06-05|150|UDR|38.720001|39.480000|38.700001|39.200001|3767300|0.9926177659|38.910618
2026-06-05|151|VTRS|15.870000|16.190001|15.860000|15.880000|8981400|0.9925558317|15.761787
2026-06-05|152|WEC|111.779999|114.169998|111.360001|112.949997|2843700|0.9913583604|111.973923
2026-06-05|153|WST|315.410004|318.899994|310.570007|314.500000|636000|0.9993471810|314.294708
2026-06-05|154|NDSN|285.529999|285.730011|281.720001|282.730011|317000|0.9971745572|281.931183
2026-06-05|155|TFC|49.320000|49.660000|48.990002|49.200001|6861800|0.9901868280|48.717194
2026-06-05|156|WELL|200.880005|210.410004|200.000000|206.929993|3176800|0.9962391044|206.151749
2026-06-05|157|AON|325.000000|331.130005|324.119995|328.529999|1341000|0.9977256968|327.782837
2026-06-05|158|GL|155.009995|159.360001|155.009995|159.179993|396900|0.9981716439|158.888947
2026-06-05|159|OKE|88.830002|89.650002|88.040001|88.250000|2631500|0.9882171564|87.210167
2026-06-05|160|KLAC|2043.040009|2054.960022|1927.729950|1929.199982|1858600|0.0998870999|192.702194
2026-06-05|161|CSX|46.369999|47.209999|46.200001|46.990002|13615300|1.0000000000|46.990002
2026-06-05|162|PSA|305.440002|312.459991|303.640015|309.679993|842900|0.9907958521|306.829651
2026-06-05|163|NKE|43.299999|43.740002|42.790001|42.980000|18406500|1.0000000000|42.980000
2026-06-05|164|AAPL|312.859985|315.170013|307.149994|307.339996|65310500|0.9991382887|307.075165
2026-06-05|165|BRO|58.259998|59.259998|58.049999|58.860001|2278100|0.9976903696|58.724056
2026-06-05|166|UHS|144.600006|148.580002|144.000000|145.169998|1330900|0.9986223049|144.970001
2026-06-05|167|HD|310.829987|314.049988|308.630005|310.779999|3946300|1.0000000000|310.779999
2026-06-05|168|BAX|19.440001|19.750000|19.320000|19.379999|6838800|1.0000000000|19.372526
2026-06-05|169|COP|119.500000|119.769997|116.989998|117.139999|5989900|0.9933743492|116.363869
2026-06-05|170|GLW|189.380005|190.110001|174.300003|177.580002|15676300|1.0000000000|177.580002
2026-06-05|171|HUM|348.839996|351.880005|342.709991|350.079987|1739400|0.9976462766|349.255981
2026-06-05|172|LHX|309.980011|311.459991|306.450012|307.829987|793300|1.0000000000|307.829987
2026-06-05|173|NOC|550.000000|551.960022|540.169983|544.400024|1069700|1.0000000000|544.400024
2026-06-05|174|OXY|58.799999|58.889999|56.849998|56.930000|8194300|0.9954022988|56.668251
2026-06-05|175|ROK|456.100006|456.119995|441.200012|446.709991|844000|0.9969290339|445.338165
2026-06-05|176|SLB|57.599998|57.919998|54.490002|54.869999|10062100|1.0000000000|54.869999
2026-06-05|177|SO|92.139999|93.570000|91.959999|92.599998|5619900|0.9918103451|91.841637
2026-06-05|178|WMB|72.290001|72.730003|71.730003|71.959999|5749600|0.9926696456|71.432503
2026-06-05|179|VLO|258.440002|262.850006|253.380005|255.820007|2427900|0.9961502678|254.835159
2026-06-05|180|CI|283.000000|290.320007|283.000000|289.480011|1703900|1.0000000000|289.480011
2026-06-05|181|NSC|308.049988|316.040009|308.049988|313.450012|1445900|0.9960579337|312.214355
2026-06-05|182|COO|65.239998|67.610001|65.000000|67.339996|9091100|1.0000000000|67.339996
2026-06-05|183|AMGN|348.760010|356.500000|347.660004|349.579987|3450800|0.9941899340|347.548889
2026-06-05|184|RJF|150.800003|152.229996|150.259995|151.449997|884100|0.9964480694|150.912048
2026-06-05|185|WSM|205.990005|207.770004|204.710007|204.979996|829800|0.9966722130|204.297867
2026-06-05|186|CAH|203.080002|207.550003|203.080002|205.710007|1590800|0.9978279171|205.263184
2026-06-05|187|CTAS|181.460007|182.729996|179.190002|179.850006|2508500|0.9974090682|179.384018
2026-06-05|188|PAYX|99.739998|101.330002|99.690002|100.529999|2410100|0.9896951856|99.494057
2026-06-05|189|BEN|31.570000|31.879999|31.150000|31.330000|3425200|0.9900632337|31.018682
2026-06-05|190|AOS|57.029999|57.669998|56.549999|57.200001|1811100|0.9939809398|56.855709
2026-06-05|191|CASY|760.679993|771.440002|759.169983|761.909973|434900|0.9992507205|761.339111
2026-06-05|192|T|22.900000|23.040001|22.590000|22.750000|60825900|0.9867870728|22.449406
2026-06-05|193|VZ|45.240002|46.110001|45.000000|45.369999|23121400|0.9832386370|44.609535
2026-06-05|194|JBHT|285.369995|289.950012|279.130005|284.950012|1146900|0.9983161833|284.470215
2026-06-05|195|ATO|168.940002|171.949997|168.449997|170.240005|1467600|0.9940065930|169.219681
2026-06-05|196|LRCX|320.369995|323.420013|302.739990|303.279999|13309000|0.9992960416|303.066498
2026-06-05|197|MU|944.400024|961.890015|864.010010|864.010010|77250500|0.9998462422|863.877136
2026-06-05|198|AJG|212.279999|216.729996|212.089996|216.139999|1462900|1.0000000000|216.139999
2026-06-05|199|AME|228.000000|228.880005|225.600006|226.550003|999600|0.9985029940|226.210846
2026-06-05|200|SWKS|78.000000|78.370003|72.800003|73.570000|7170200|1.0000000000|73.570000
2026-06-05|201|EXPD|160.270004|162.000000|159.940002|160.440002|1611300|1.0000000000|160.440002
2026-06-05|202|UNH|399.540009|404.040009|397.200012|399.470001|10897300|0.9943209633|397.201416
2026-06-05|203|BBY|71.059998|71.709999|69.709999|71.540001|3901500|0.9868673048|70.600487
2026-06-05|204|DOC|19.459999|19.870001|19.450001|19.790001|5488500|0.9857012064|19.507029
2026-06-05|205|ADSK|235.080002|236.500000|229.240005|229.960007|2684600|1.0000000000|229.960007
2026-06-05|206|DVN|45.860001|46.119999|44.240002|44.279999|11095800|0.9929375416|43.967274
2026-06-05|207|NVR|6155.950195|6254.000000|6125.060059|6182.549805|29500|1.0000000000|6182.549805
2026-06-05|208|ROST|232.899994|235.250000|227.820007|230.369995|4163300|0.9980432679|229.919220
2026-06-05|209|JKHY|130.960007|132.460007|129.250000|130.110001|1621000|1.0000000000|130.110001
2026-06-05|210|MNST|89.000000|90.389999|88.779999|89.550003|5676600|0.5000000000|89.550003
2026-06-05|211|ORCL|229.490005|231.440002|209.449997|213.679993|29019900|0.9965330745|212.939178
2026-06-05|212|MSFT|428.339996|429.470001|414.399994|416.670013|34782200|0.9981210382|415.887085
2026-06-05|213|TROW|106.519997|107.230003|105.239998|105.989998|1482900|0.9881430134|104.733276
2026-06-05|214|COST|977.500000|997.409973|971.599976|971.869995|3092000|0.9984126298|970.327271
2026-06-05|215|ADBE|259.279999|262.529999|249.050003|251.440002|4909200|1.0000000000|251.440002
2026-06-05|216|FISV|55.099998|55.830002|53.480000|54.430000|7137500|1.0000000000|54.430000
2026-06-05|217|BKR|65.449997|65.559998|62.580002|62.590000|7172800|0.9963346614|62.360588
2026-06-05|218|CDNS|402.000000|407.000000|373.540009|376.190002|3520100|1.0000000000|376.190002
2026-06-05|219|TJX|159.289993|161.779999|158.649994|160.710007|4867000|0.9968547277|160.204529
2026-06-05|220|FICO|1171.900024|1184.099976|1134.099976|1137.329956|199400|1.0000000000|1137.329956
2026-06-05|221|CCL|27.639999|28.090000|27.020000|27.410000|15915100|0.9947898578|27.267189
2026-06-05|222|FAST|47.330002|47.779999|46.599998|46.790001|7276500|0.9945424013|46.534641
2026-06-05|223|SCHW|88.459999|88.940002|87.680000|88.839996|9213900|0.9970924949|88.581696
2026-06-05|224|JCI|145.750000|146.630005|142.300003|143.649994|4685700|0.9972406182|143.253601
2026-06-05|225|COHR|405.269989|417.760010|375.089996|376.989990|6418700|1.0000000000|376.989990
2026-06-05|226|KEY|21.670000|21.930000|21.559999|21.760000|12561100|1.0000000000|21.760000
2026-06-05|227|MOS|22.820000|22.850000|21.990000|22.240000|8371500|1.0000000000|22.240000
2026-06-05|228|MGM|48.119999|48.209999|47.200001|47.509998|3272000|1.0000000000|47.509998
2026-06-05|229|WM|219.339996|222.419998|219.339996|220.399994|2239000|1.0000000000|220.399994
2026-06-05|230|TECH|53.040001|53.180000|51.270000|51.990002|2947800|0.9988938053|51.932491
2026-06-05|231|IEX|215.399994|217.339996|213.889999|215.350006|600300|0.9967384506|214.647629
2026-06-05|232|GEN|26.580000|26.809999|26.139999|26.280001|6939300|0.9956109550|26.164656
2026-06-05|233|CRH|106.160004|107.059998|104.180000|105.059998|2971100|0.9960081882|104.640617
2026-06-05|234|EOG|140.970001|141.690002|137.630005|137.779999|2750300|0.9926332518|136.764999
2026-06-05|235|PTC|140.990005|141.500000|136.750000|137.000000|1111200|1.0000000000|137.000000
2026-06-05|236|CSCO|128.660004|128.839996|121.550003|121.639999|33169300|0.9962729613|121.186646
2026-06-05|237|LH|262.239990|266.619995|260.920013|265.149994|429300|1.0000000000|264.582733
2026-06-05|238|TRMB|55.689999|55.820000|53.790001|54.189999|2362900|1.0000000000|54.189999
2026-06-05|239|AZO|3100.000000|3142.479980|3089.169922|3116.429932|408000|1.0000000000|3116.429932
2026-06-05|240|REGN|632.260010|640.820007|632.090027|635.450012|975800|0.9988336456|634.708862
2026-06-05|241|IDXX|567.070007|569.059998|560.380005|562.159973|459100|1.0000000000|562.159973
2026-06-05|242|AES|14.720000|14.730000|14.670000|14.670000|5353400|0.9881481485|14.496134
2026-06-05|243|VRTX|445.609985|453.160004|443.859985|446.829987|1530000|1.0000000000|446.829987
2026-06-05|244|ZBRA|242.309998|243.619995|228.970001|232.110001|1154900|1.0000000000|232.110001
2026-06-05|245|BIIB|196.449997|200.660004|195.139999|195.339996|880400|1.0000000000|195.339996
2026-06-05|246|ODFL|245.520004|249.139999|241.009995|242.570007|2123500|1.0000000000|242.570007
2026-06-05|247|APH|143.250000|144.970001|138.199997|138.809998|7168100|0.9984936130|138.600891
2026-06-05|248|KIM|23.740000|24.330000|23.740000|24.230000|4259700|1.0000000000|24.230000
2026-06-05|249|QCOM|237.649994|238.440002|215.000000|215.940002|24189200|1.0000000000|215.940002
2026-06-05|250|GILD|130.089996|131.660004|128.919998|129.160004|15369400|0.9934708175|128.316696
2026-06-05|251|ROP|335.410004|336.929993|330.390015|332.179993|882700|0.9974983506|331.348999
2026-06-05|252|SNPS|487.980011|488.950012|458.529999|464.850006|1839400|1.0000000000|464.850006
2026-06-05|253|STZ|138.809998|142.070007|138.809998|140.910004|2640300|0.9921821632|139.808395
2026-06-05|254|BSX|49.450001|50.139999|48.279999|48.549999|20257900|1.0000000000|48.549999
2026-06-05|255|STE|212.000000|213.830002|210.800003|212.350006|1132700|0.9970332000|211.720001
2026-06-05|256|DHI|144.419998|147.059998|144.210007|145.600006|1431400|0.9970287223|145.167389
2026-06-05|257|LIN|512.289978|517.619995|507.019989|507.899994|2886200|1.0000000000|507.899994
2026-06-05|258|SBUX|94.290001|95.989998|93.639999|95.290001|7623300|0.9942883465|94.745735
2026-06-05|259|MS|218.320007|218.320007|211.160004|211.929993|6171000|0.9945253736|210.769760
2026-06-05|260|INTU|303.820007|307.000000|293.670013|296.760010|6306300|0.9955898568|295.451263
2026-06-05|261|MCHP|93.570000|93.949997|87.559998|88.339996|19736600|0.9940194534|87.811676
2026-06-05|262|CB|317.589996|328.600006|316.309998|326.269989|1910800|0.9968895800|325.255157
2026-06-05|263|ORLY|89.260002|90.570000|88.830002|90.330002|11549800|1.0000000000|90.330002
2026-06-05|264|RCL|291.959991|297.000000|279.589996|280.000000|2696900|1.0000000000|280.000000
2026-06-05|265|JBL|369.320007|369.320007|350.209991|353.239990|1011400|0.9997839939|353.163696
2026-06-05|266|ALL|213.479996|221.710007|212.580002|221.009995|1638200|1.0000000000|221.009995
2026-06-05|267|CPT|111.599998|113.570000|111.150002|112.599998|1606800|0.9909199930|111.577591
2026-06-05|268|VMRK|67.629997|68.750000|67.610001|68.190002|2159700|0.9897192157|67.488953
2026-06-05|269|IT|167.529999|171.000000|160.029999|164.020004|1312700|1.0000000000|164.020004
2026-06-05|270|DECK|108.010002|109.779999|107.209999|108.129997|1181300|1.0000000000|108.129997
2026-06-05|271|REG|76.709999|78.099998|76.430000|77.720001|1581300|0.9906432027|76.992790
2026-06-05|272|INCY|101.190002|106.370003|100.809998|102.379997|2641100|1.0000000000|102.379997
2026-06-05|273|SPG|205.479996|211.229996|205.229996|210.309998|1406500|0.9891482587|208.027771
2026-06-05|274|MAA|136.800003|138.660004|136.470001|137.539993|1180400|0.9885547570|135.965820
2026-06-05|275|MLM|577.369995|584.280029|574.099976|575.830017|657700|1.0000000000|575.830017
2026-06-05|276|TSCO|29.920000|30.209999|29.459999|29.780001|8602900|0.9931389364|29.575678
2026-06-05|277|ALB|162.289993|163.380005|155.130005|155.440002|1790600|0.9974537910|155.044220
2026-06-05|278|CPRT|31.059999|31.350000|30.639999|30.959999|12370200|1.0000000000|30.959999
2026-06-05|279|FLEX|155.250000|157.410004|149.300003|151.919998|5485900|1.0000000000|151.919998
2026-06-05|280|ESS|283.670013|288.309998|283.670013|285.429993|437100|0.9912479300|282.931885
2026-06-05|281|O|59.720001|61.480000|59.500000|60.840000|6835100|0.9915131085|60.323658
2026-06-05|282|MCO|451.690002|454.220001|447.850006|451.350006|660500|0.9978911593|450.398193
2026-06-05|283|SJM|101.400002|104.879997|101.349998|103.540001|1840800|0.9907154105|102.578674
2026-06-05|284|MCK|764.000000|781.270020|759.849976|775.659973|982000|1.0000000000|775.659973
2026-06-05|285|COF|183.929993|184.520004|179.320007|180.669998|6084000|0.9964810416|180.034225
2026-06-05|286|EME|833.190002|845.539978|813.679993|817.440002|358000|0.9994836978|817.017944
2026-06-05|287|DLTR|109.830002|110.769997|107.930000|108.800003|2036100|1.0000000000|108.800003
2026-06-05|288|COR|272.609985|277.989990|272.160004|275.040009|1319200|0.9980645786|274.507690
2026-06-05|289|DRI|194.990005|198.820007|194.500000|198.119995|960500|0.9919770205|196.530487
2026-06-05|290|RMD|196.279999|199.990005|194.729996|196.039993|1536500|0.9971385215|195.479019
2026-06-05|291|WAB|261.309998|264.279999|259.700012|260.399994|590000|0.9989689007|260.131500
2026-06-05|292|FCX|67.489998|67.489998|62.369999|63.369999|18101000|0.9975786925|63.216560
2026-06-05|293|IVZ|28.000000|28.090000|27.219999|27.350000|6776500|0.9933559952|27.168287
2026-06-05|294|ACGL|89.120003|91.489998|88.959999|91.190002|2328300|1.0000000000|91.190002
2026-06-05|295|ERIE|222.479996|227.679993|220.000000|227.220001|165700|0.9943102712|225.927185
2026-06-05|296|EG|321.399994|335.700012|320.209991|334.410004|724500|0.9940520446|332.420959
2026-06-05|297|DVA|193.210007|196.380005|191.600006|192.160004|624200|1.0000000000|192.160004
2026-06-05|298|HSIC|76.830002|77.760002|76.129997|77.449997|1285200|1.0000000000|77.449997
2026-06-05|299|EL|82.650002|83.980003|82.309998|83.489998|3165600|1.0000000000|83.489998
2026-06-05|300|WAT|372.679993|376.350006|363.609985|365.359985|676500|1.0000000000|365.359985
2026-06-05|301|NTAP|177.000000|177.619995|166.720001|167.039993|3258600|0.9969719908|166.534195
2026-06-05|302|HIG|128.429993|132.309998|128.429993|132.139999|1544600|1.0000000000|132.139999
2026-06-05|303|IRM|129.039993|129.320007|124.180000|124.660004|1706500|0.9932096824|123.813522
2026-06-05|304|BRK-B|480.989990|491.000000|479.350006|488.130005|8475800|1.0000000000|488.130005
2026-06-05|305|FDS|257.589996|259.000000|249.270004|255.619995|626300|1.0000000000|255.619995
2026-06-05|306|STLD|273.890015|276.179993|265.619995|268.500000|1120200|0.9977371702|267.892426
2026-06-05|307|DGX|197.410004|201.539993|197.309998|200.289993|816200|0.9959506546|199.478943
2026-06-05|308|CIEN|512.309998|525.150024|488.140015|488.209991|4195400|1.0000000000|488.209991
2026-06-05|309|TTWO|217.330002|220.289993|212.779999|214.389999|1989800|1.0000000000|214.389999
2026-06-05|310|VTR|79.050003|82.949997|78.779999|82.019997|3685700|0.9941769319|81.542389
2026-06-05|311|AMZN|254.259995|256.380005|245.779999|246.029999|55607800|1.0000000000|246.029999
2026-06-05|312|ARE|52.549999|53.029999|51.130001|51.279999|2760800|0.9870480303|50.615822
2026-06-05|313|RL|365.049988|369.410004|360.649994|366.549988|593000|0.9975616297|365.656219
2026-06-05|314|BXP|61.400002|62.439999|61.400002|62.330002|1306400|0.9895631429|61.679474
2026-06-05|315|FIX|1868.010010|1926.839966|1825.229980|1843.939941|365800|0.9994824076|1842.985474
2026-06-05|316|YUM|148.839996|151.410004|147.899994|150.869995|1782100|1.0000000000|150.869995
2026-06-05|317|CHRW|182.580002|186.610001|181.830002|184.089996|1004500|1.0000000000|184.089996
2026-06-05|318|FE|45.900002|46.750000|45.810001|46.419998|3879600|0.9901836603|45.964325
2026-06-05|319|MTD|1179.099976|1187.489990|1148.589966|1154.329956|255100|1.0000000000|1154.329956
2026-06-05|320|PLD|142.570007|145.720001|142.550003|144.539993|5442300|0.9927946128|143.498535
2026-06-05|321|URI|1080.000000|1082.869995|1053.849976|1067.770020|560900|0.9982773546|1065.930664
2026-06-05|322|AEE|107.699997|110.129997|107.519997|109.269997|2020100|0.9930004667|108.505157
2026-06-05|323|VRSN|292.970001|295.829987|291.059998|294.920013|516700|0.9970730649|294.056793
2026-06-05|324|PWR|705.940002|714.080017|690.049988|695.109985|1063700|0.9998472307|695.003784
2026-06-05|325|AMT|193.979996|196.080002|193.020004|194.119995|3060800|0.9905446092|192.284515
2026-06-05|326|MAR|388.109985|396.649994|386.450012|392.510010|1975900|0.9979719406|391.713989
2026-06-05|327|CTSH|54.270000|54.610001|52.330002|53.209999|9231700|0.9941706413|52.899818
2026-06-05|328|SRE|90.459999|92.120003|90.459999|91.419998|2958500|0.9929041305|90.771294
2026-06-05|329|CSGP|33.930000|34.270000|33.060001|33.889999|6998700|1.0000000000|33.889999
2026-06-05|330|RSG|210.710007|212.789993|209.699997|210.039993|1319500|0.9970890970|209.428589
2026-06-05|331|CCI|93.900002|95.070000|93.629997|94.489998|5481700|0.9884657123|93.400124
2026-06-05|332|EBAY|109.510002|111.750000|108.720001|109.349998|4018200|1.0000000000|109.018539
2026-06-05|333|NVDA|214.529999|214.869995|204.330002|205.100006|219655500|1.0000000000|205.100006
2026-06-05|334|BKNG|167.539993|171.919998|164.889999|165.839996|7810300|1.0000000000|165.839996
2026-06-05|335|GS|1092.819946|1098.359985|1035.599976|1038.680054|2643800|1.0000000000|1038.680054
2026-06-05|336|FFIV|405.140015|406.269989|393.040009|393.350006|433100|1.0000000000|393.350006
2026-06-05|337|SBAC|208.089996|210.880005|206.210007|208.020004|682600|0.9931480565|206.594650
2026-06-05|338|LII|510.989990|515.609985|503.760010|508.429993|363100|0.9976091276|507.214417
2026-06-05|339|BLK|1011.950012|1011.950012|991.179993|995.599976|724100|1.0000000000|995.599976
2026-06-05|340|TKO|202.589996|205.589996|201.330002|203.490005|1007300|0.9961152636|202.699509
2026-06-05|341|AKAM|157.559998|158.050003|147.789993|149.320007|3023500|1.0000000000|149.320007
2026-06-05|342|UPS|110.480003|110.699997|108.519997|108.540001|4048200|0.9843062201|106.836601
2026-06-05|343|A|137.949997|139.000000|134.910004|135.440002|2201100|0.9980802530|135.179993
2026-06-05|344|TDY|611.260010|615.020020|599.840027|602.270020|222200|1.0000000000|602.270020
2026-06-05|345|PKG|224.289993|226.830002|221.139999|222.820007|371200|0.9934276825|221.355560
2026-06-05|346|EW|88.239998|89.480003|84.699997|85.959999|5779000|1.0000000000|85.959999
2026-06-05|347|MET|83.930000|84.989998|83.220001|84.489998|3512100|0.9938427991|83.969772
2026-06-05|348|ON|126.180000|126.309998|116.720001|117.260002|19056600|1.0000000000|117.260002
2026-06-05|349|ISRG|420.000000|428.459991|419.500000|422.059998|2775600|1.0000000000|422.059998
2026-06-05|350|CRL|187.179993|187.350006|180.550003|181.339996|519300|1.0000000000|181.339996
2026-06-05|351|MRVL|299.500000|300.720001|261.390015|263.470001|93976400|0.9997533605|263.405029
2026-06-05|352|EQIX|1079.420044|1093.000000|1076.800049|1080.949951|524900|0.9952446339|1075.809570
2026-06-05|353|TPR|138.360001|140.809998|136.619995|140.100006|3127500|1.0000000000|140.100006
2026-06-05|354|GRMN|239.460007|241.100006|235.449997|236.570007|581400|0.9955900883|235.526749
2026-06-05|355|GPN|67.379997|67.529999|65.029999|66.320000|4600200|0.9961797067|66.066635
2026-06-05|356|ALGN|168.289993|171.000000|166.399994|167.740005|494400|1.0000000000|167.740005
2026-06-05|357|WTW|260.579987|264.700012|259.720001|263.540009|663500|0.9963732529|262.584198
2026-06-05|358|MDLZ|61.150002|63.139999|61.130001|62.040001|8567100|0.9916874483|61.524292
2026-06-05|359|AXON|506.760010|514.989990|481.000000|486.119995|1668400|1.0000000000|486.119995
2026-06-05|360|FIS|41.450001|41.980000|40.619999|40.950001|4683900|0.9887092639|40.487644
2026-06-05|361|ACN|180.910004|183.179993|176.330002|178.250000|3745700|0.9881186678|176.132156
2026-06-05|362|ZBH|87.599998|88.779999|86.529999|87.330002|1963600|0.9973498233|87.098557
2026-06-05|363|BG|128.529999|130.000000|125.559998|126.459999|1321000|0.9937342270|125.667633
2026-06-05|364|PFG|103.389999|105.559998|103.389999|105.220001|1421200|1.0000000000|105.220001
2026-06-05|365|ELV|410.829987|416.559998|408.970001|415.529999|1739200|0.9959475060|413.846069
2026-06-05|366|CNC|62.650002|62.959999|61.700001|62.330002|3961000|1.0000000000|62.330002
2026-06-05|367|PRU|103.589996|105.180000|103.500000|104.620003|2181800|0.9885872665|103.426003
2026-06-05|368|NFLX|82.330002|82.750000|81.000000|82.180000|43474100|1.0000000000|82.180000
2026-06-05|369|NDAQ|88.879997|89.099998|86.500000|87.279999|4355900|0.9964261009|86.968071
2026-06-05|370|WYNN|103.739998|106.260002|103.129997|104.480003|1380800|0.9975578784|104.224854
2026-06-05|371|CME|257.480011|259.450012|255.429993|257.399994|3515900|0.9948418839|256.072296
2026-06-05|372|STX|889.179993|910.659973|843.630005|847.469971|3611300|0.9992874955|846.866150
2026-06-05|373|NRG|131.589996|132.149994|127.830002|129.199997|1737800|0.9964628787|128.742996
2026-06-05|374|AIZ|252.940002|258.690002|252.940002|257.350006|613800|0.9965805324|256.470001
2026-06-05|375|CBRE|130.559998|131.929993|129.750000|130.929993|2482400|1.0000000000|130.929993
2026-06-05|376|CRM|189.800003|192.509995|184.830002|185.660004|13183900|0.9974256962|185.182053
2026-06-05|377|DPZ|309.670013|315.839996|307.959991|313.989990|878800|0.9938557491|312.060760
2026-06-05|378|EXR|144.990005|147.559998|144.699997|145.309998|1321500|0.9892430283|143.746902
2026-06-05|379|GOOG|363.380005|369.200012|361.630005|365.760010|23411500|0.9993985127|365.540009
2026-06-05|380|GOOGL|366.339996|372.079987|364.119995|368.529999|37471200|0.9994030337|368.309998
2026-06-05|381|DLR|187.190002|188.850006|186.080002|186.789993|1892200|0.9933767643|185.552841
2026-06-05|382|MPWR|1591.250000|1599.989990|1473.949951|1481.050049|1369000|0.9984765039|1478.793701
2026-06-05|383|LVS|50.529999|50.869999|50.020000|50.250000|2364000|0.9936548222|49.931156
2026-06-05|384|DXCM|73.470001|75.440002|72.519997|72.860001|4859300|1.0000000000|72.860001
2026-06-05|385|BLDR|73.839996|75.190002|72.059998|73.639999|2395200|1.0000000000|73.639999
2026-06-05|386|WBD|27.000000|27.010000|25.910000|26.240000|49422900|1.0000000000|26.240000
2026-06-05|387|EXPE|228.000000|234.449997|227.179993|228.880005|1838200|0.9985604607|228.550522
2026-06-05|388|CF|117.519997|117.589996|113.430000|113.489998|2234900|0.9948739856|112.908249
2026-06-05|389|AMP|456.130005|457.079987|452.839996|454.660004|615400|0.9968855344|453.243988
2026-06-05|390|ICE|142.600006|143.220001|139.000000|141.500000|5650000|0.9962997224|140.976410
2026-06-05|391|PSKY|10.650000|10.720000|9.810000|10.220000|14616000|0.9952244509|10.171194
2026-06-05|392|LYV|160.839996|161.250000|158.580002|160.070007|1786300|1.0000000000|160.070007
2026-06-05|393|CMG|29.090000|30.270000|28.950001|29.340000|40707100|1.0000000000|29.340000
2026-06-05|394|UAL|104.680000|106.379997|103.500000|105.730003|3835900|1.0000000000|105.730003
2026-06-05|395|TDG|1234.069946|1242.219971|1220.010010|1238.739990|266000|1.0000000000|1238.739990
2026-06-05|396|MA|484.000000|494.000000|484.000000|491.079987|4230700|0.9983264725|490.258148
2026-06-05|397|LDOS|126.059998|127.199997|124.019997|124.430000|1258600|0.9964800263|123.992012
2026-06-05|398|FSLR|305.500000|306.549988|276.059998|279.010010|3903900|1.0000000000|279.010010
2026-06-05|399|BR|155.500000|156.059998|151.250000|151.339996|1345300|0.9932693636|150.321381
2026-06-05|400|SMCI|45.000000|45.259998|41.040001|41.639999|49259600|1.0000000000|41.639999
2026-06-05|401|TMUS|179.729996|181.179993|177.119995|178.100006|6340600|1.0000000000|177.078003
2026-06-05|402|DAL|79.059998|80.050003|78.540001|79.419998|5067600|0.9975369458|79.224380
2026-06-05|403|IBKR|86.150002|86.230003|83.400002|84.400002|4274400|1.0000000000|84.400002
2026-06-05|404|PODD|149.229996|154.710007|149.210007|153.220001|2307300|1.0000000000|153.220001
2026-06-05|405|TEL|217.130005|217.910004|210.750000|212.649994|1876600|0.9961105015|211.822891
2026-06-05|406|BX|117.570000|118.400002|114.199997|115.349998|5562800|0.9899021526|114.185211
2026-06-05|407|LULU|110.430000|116.760002|109.360001|114.230003|16205900|1.0000000000|114.230003
2026-06-05|408|ULTA|466.989990|473.209991|461.000000|467.070007|1075700|1.0000000000|467.070007
2026-06-05|409|MSCI|621.409973|624.890015|612.440002|615.460022|457900|0.9964362700|613.266724
2026-06-05|410|ECHO|121.000000|121.849998|113.500000|116.279999|9733500|1.0000000000|116.279999
2026-06-05|411|PM|176.770004|180.360001|175.070007|178.289993|4599000|0.9917776037|176.824020
2026-06-05|412|V|322.399994|325.980011|320.970001|323.570007|7176300|0.9981456881|322.970001
2026-06-05|413|AWK|123.339996|126.699997|122.620003|124.470001|2580000|0.9933923956|123.647552
2026-06-05|414|KDP|30.379999|30.940001|30.209999|30.530001|9765400|0.9929274294|30.314075
2026-06-05|415|SW|41.650002|42.389999|41.139999|41.279999|3694000|0.9909636146|40.906979
2026-06-05|416|AVGO|407.609985|410.500000|385.589996|385.730011|51146100|0.9984198371|385.120483
2026-06-05|417|VRSK|182.970001|184.850006|180.550003|181.729996|1901000|0.9972796518|181.235626
2026-06-05|418|DG|104.260002|105.669998|102.650002|103.699997|2786800|0.9949256041|103.173782
2026-06-05|419|FTNT|148.460007|149.050003|143.460007|144.679993|7122700|1.0000000000|144.679993
2026-06-05|420|CHTR|130.960007|134.350006|127.820000|132.119995|2732100|1.0000000000|132.119995
2026-06-05|421|FERG|228.899994|231.300003|226.699997|229.580002|1374600|0.9962829937|228.726654
2026-06-05|422|GNRC|272.260010|273.600006|255.330002|261.540009|809200|1.0000000000|261.540009
2026-06-05|423|LYB|65.750000|66.029999|64.199997|64.500000|5784100|0.9897823188|63.840961
2026-06-05|424|CBOE|282.380005|288.010010|279.390015|281.910004|1520000|1.0000000000|281.910004
2026-06-05|425|TSLA|420.500000|424.679993|388.589996|391.000000|63420200|1.0000000000|391.000000
2026-06-05|426|KKR|95.879997|97.110001|92.430000|93.400002|3091000|0.9981032973|93.222855
2026-06-05|427|NXPI|312.510010|314.239990|295.890015|295.959991|8438100|0.9966193239|294.959442
2026-06-05|428|GM|81.970001|83.099998|81.400002|82.110001|7371600|1.0000000000|82.110001
2026-06-05|429|TRGP|266.500000|267.619995|262.890015|264.089996|821700|0.9953417306|262.859802
2026-06-05|430|CPAY|355.589996|355.790009|347.429993|347.450012|492400|1.0000000000|347.450012
2026-06-05|431|KMI|31.660000|31.930000|31.549999|31.680000|6904300|0.9907395899|31.386631
2026-06-05|432|HCA|365.480011|374.010010|363.329987|372.130005|2185900|0.9979998461|371.385681
2026-06-05|433|HII|294.890015|296.390015|290.239990|293.040009|347400|1.0000000000|291.679718
2026-06-05|434|APO|127.959999|128.229996|125.639999|128.029999|2858300|0.9957937992|127.491478
2026-06-05|435|MPC|265.290009|269.660004|261.899994|262.010010|2160700|0.9972693263|261.294556
2026-06-05|436|XYL|110.400002|111.339996|109.290001|109.940002|1973300|0.9962087815|109.523193
2026-06-05|437|APTV|72.010002|73.010002|68.349998|68.599998|5326100|1.0000000000|68.599998
2026-06-05|438|PSX|183.630005|186.050003|181.110001|183.080002|2229200|0.9947204324|182.113419
2026-06-05|439|AMCR|37.630001|38.299999|37.610001|38.130001|3389000|1.0000000000|38.130001
2026-06-05|440|META|623.460022|629.150024|582.909973|593.000000|30091600|0.9990740414|592.450928
2026-06-05|441|NOW|119.190002|121.199997|111.559998|112.449997|31452000|1.0000000000|112.449997
2026-06-05|442|PANW|278.989990|280.640015|269.399994|272.049988|7795500|1.0000000000|272.049988
2026-06-05|443|FANG|202.500000|203.529999|192.600006|192.619995|3749300|0.9945230033|191.565018
2026-06-05|444|WDAY|149.320007|151.500000|143.529999|144.279999|4596200|1.0000000000|144.279999
2026-06-05|445|ABBV|227.369995|230.470001|226.000000|227.229996|6248900|0.9929324291|225.624039
2026-06-05|446|NCLH|19.059999|19.559999|18.500000|18.750000|17128200|1.0000000000|18.750000
2026-06-05|447|ZTS|79.540001|81.190002|79.419998|79.440002|5297000|0.9930773248|78.890068
2026-06-05|448|IQV|187.309998|188.919998|182.369995|183.449997|1279000|1.0000000000|183.449997
2026-06-05|449|NWS|30.889999|31.280001|30.750000|31.190001|926000|1.0000000000|31.190001
2026-06-05|450|NWSA|26.940001|27.280001|26.889999|27.260000|3633700|1.0000000000|27.260000
2026-06-05|451|CDW|137.580002|140.320007|132.179993|133.039993|1641800|0.9952456416|132.407471
2026-06-05|452|VEEV|181.279999|181.750000|171.949997|172.610001|2500800|1.0000000000|172.610001
2026-06-05|453|ALLE|129.899994|131.089996|129.449997|130.160004|772200|0.9958946033|129.625641
2026-06-05|454|HLT|338.989990|346.850006|338.989990|343.100006|1291700|0.9995449167|342.943878
2026-06-05|455|ARES|129.850006|130.460007|124.230003|125.650002|1850500|0.9900265958|124.396843
2026-06-05|456|ANET|159.460007|161.192993|152.190002|154.270004|9094700|1.0000000000|154.270004
2026-06-05|457|SYF|71.230003|71.629997|70.489998|70.839996|3004100|0.9957005565|70.535423
2026-06-05|458|CFG|63.939999|64.570000|63.590000|63.980000|3671500|0.9935492916|63.567284
2026-06-05|459|KEYS|335.519989|338.890015|327.984985|329.829987|1251600|1.0000000000|329.829987
2026-06-05|460|GDDY|85.860001|87.580002|82.809998|84.379997|2203700|1.0000000000|84.379997
2026-06-05|461|KHC|22.280001|22.750000|22.150000|22.580000|14563800|1.0000000000|22.580000
2026-06-05|462|PYPL|41.889999|42.401001|41.070000|41.290001|23894900|1.0000000000|41.290001
2026-06-05|463|LITE|912.619995|974.000000|853.099976|863.659973|7543900|1.0000000000|863.659973
2026-06-05|464|HPE|52.904999|53.054001|48.540001|49.200001|37733400|0.9970828234|49.056477
2026-06-05|465|XYZ|70.180000|70.319000|67.629997|68.150002|4888100|1.0000000000|68.150002
2026-06-05|466|FTV|61.630001|61.750000|60.950001|61.279999|2328300|0.9990168769|61.219753
2026-06-05|467|DELL|405.769989|412.899994|386.279999|394.390015|10990300|0.9983502671|393.739380
2026-06-05|468|TTD|21.139999|21.420000|19.834999|19.950001|18202200|1.0000000000|19.950001
2026-06-05|469|VST|152.000000|154.289993|147.500000|148.759995|3673400|0.9986015267|148.551956
2026-06-05|470|HWM|248.740005|257.029999|248.119995|251.899994|2189600|0.9995167748|251.778275
2026-06-05|471|INVH|29.540001|30.115000|29.459999|30.040001|5643500|0.9898785423|29.735952
2026-06-05|472|CVNA|65.989998|68.470001|65.050003|66.510002|6721100|1.0000000000|66.510002
2026-06-05|473|IR|71.639999|72.370003|71.290001|72.250000|3923100|0.9997640396|72.232948
2026-06-05|474|VICI|27.270000|28.065001|27.260000|27.860001|8731500|0.9834741092|27.399590
2026-06-05|475|VRT|313.755005|315.000000|294.394989|300.510010|7330000|0.9997919900|300.447510
2026-06-05|476|MRNA|50.770000|51.529999|46.380001|47.439999|6084100|1.0000000000|47.439999
2026-06-05|477|FOXA|65.760002|67.084999|64.845001|66.889999|2607500|1.0000000000|66.889999
2026-06-05|478|FOX|58.910000|60.099998|58.910000|59.880001|918100|1.0000000000|59.880001
2026-06-05|479|DOW|34.529999|34.599998|33.654999|33.970001|8121900|1.0000000000|33.970001
2026-06-05|480|UBER|71.839996|72.529999|70.309998|70.709999|18532300|1.0000000000|70.709999
2026-06-05|481|CTVA|77.459999|78.599998|76.529999|77.029999|3343200|1.0000000000|77.029999
2026-06-05|482|CRWD|696.739990|706.219971|670.099976|671.020020|5238800|0.2500000000|167.755005
2026-06-05|483|DDOG|237.399994|241.610001|230.570007|234.110001|6792800|1.0000000000|234.110001
2026-06-05|484|CARR|67.660004|67.660004|66.430000|67.160004|6387800|0.9964168410|66.919357
2026-06-05|485|OTIS|70.150002|70.720001|69.949997|70.339996|2820800|0.9939750786|69.916206
2026-06-05|486|PLTR|140.324997|141.970001|134.024994|135.529999|38283500|1.0000000000|135.529999
2026-06-05|487|DASH|159.520004|161.535004|155.089996|156.800003|6439700|1.0000000000|156.800003
2026-06-05|488|ABNB|134.020004|135.929993|132.634995|133.539993|4044900|1.0000000000|133.539993
2026-06-05|489|EXE|93.669998|94.330002|92.019997|92.070000|3479300|0.9940278354|91.520142
2026-06-05|490|COIN|158.699997|158.699997|147.880005|152.399994|16718500|1.0000000000|152.399994
2026-06-05|491|APP|577.914978|595.000000|548.780029|557.200012|5547000|1.0000000000|557.200012
2026-06-05|492|HOOD|86.570000|87.330002|79.489998|82.470001|35905100|1.0000000000|82.470001
2026-06-05|493|CEG|261.000000|261.864990|253.679993|254.830002|4130700|0.9984651331|254.438873
2026-06-05|494|GEHC|63.799999|64.779999|63.580002|64.669998|4930900|0.9994353928|64.633484
2026-06-05|495|KVUE|17.010000|17.770000|16.950001|17.709999|24620500|0.9889763775|17.514771
2026-06-05|496|VLTO|85.519997|86.839996|85.355003|86.050003|1995700|0.9985280797|85.923340
2026-06-05|497|RDDT|182.179993|186.449997|167.039993|173.449997|5965600|1.0000000000|173.449997
2026-06-05|498|SOLV|83.010002|83.419998|80.639999|81.010002|1726900|1.0000000000|81.010002
2026-06-05|499|GEV|947.289978|953.000000|921.455017|933.609985|3053500|0.9994893113|933.133179
2026-06-05|500|SNDK|1678.880005|1682.000000|1514.359985|1559.319946|13289000|1.0000000000|1559.319946
2026-06-05|501|Q|150.000000|150.255005|141.470001|142.050003|1863000|1.0000000000|142.050003
2026-06-05|502|FDXF|157.479996|175.000000|157.479996|167.839996|2924900|1.0000000000|167.839996
