date|security_id|ticker|open|high|low|close|volume|adj_factor|adj_close_vendor
2026-06-02|1|AEP|124.209999|127.150002|124.000000|127.110001|4360900|0.9924441265|126.149567
2026-06-02|2|BA|222.520004|224.690002|215.009995|217.699997|7655600|1.0000000000|217.699997
2026-06-02|3|CAT|876.669983|911.960022|873.119995|909.809998|2822600|0.9981483165|908.125305
2026-06-02|4|CNP|41.169998|41.860001|41.169998|41.730000|4000000|0.9940594062|41.482098
2026-06-02|5|CVX|184.880005|188.449997|184.880005|187.550003|6549800|0.9913483039|185.927383
2026-06-02|6|DIS|102.349998|102.489998|100.089996|101.410004|8397400|0.9923958226|100.638863
2026-06-02|7|DTE|140.309998|143.320007|140.309998|142.649994|1789400|0.9921049063|141.523758
2026-06-02|8|ED|102.870003|104.750000|102.870003|103.790001|3356400|0.9918651523|102.945686
2026-06-02|9|GD|336.380005|340.290009|335.779999|337.609985|961400|0.9956181446|336.130646
2026-06-02|10|GE|323.000000|325.029999|316.660004|317.720001|4827600|0.9987550328|317.324463
2026-06-02|11|HON|235.910007|239.010002|232.080003|235.230004|4685800|1.0456302247|245.963608
2026-06-02|12|HPQ|29.500000|29.650000|27.200001|27.290001|29259800|0.9879711310|26.961733
2026-06-02|13|IBM|313.750000|332.459991|310.109985|329.230011|17210700|0.9928776129|326.885101
2026-06-02|14|IP|33.389999|34.270000|33.220001|33.830002|5582700|0.9887402721|33.449085
2026-06-02|15|JNJ|222.580002|225.500000|221.169998|222.889999|5669000|0.9950922943|221.796112
2026-06-02|16|KO|78.879997|79.199997|78.250000|78.410004|12533200|0.9935850886|77.907013
2026-06-02|17|KR|61.950001|62.250000|61.349998|61.560001|7847700|0.9931853922|61.140495
2026-06-02|18|LMT|514.500000|516.710022|510.100006|513.429993|1079200|1.0000000000|513.429993
2026-06-02|19|MMM|150.179993|153.160004|149.179993|152.899994|3391700|0.9956414843|152.233582
2026-06-02|20|MO|68.489998|69.430000|68.230003|69.239998|7732800|0.9852654995|68.219780
2026-06-02|21|MRK|114.500000|116.779999|114.500000|115.650002|8311500|0.9928601430|114.824280
2026-06-02|22|MSI|414.570007|417.010010|406.000000|415.420013|888400|0.9970118292|414.178680
2026-06-02|23|PG|140.119995|141.119995|139.029999|140.820007|9599500|0.9925903246|139.776581
2026-06-02|24|XOM|149.029999|150.830002|148.500000|149.559998|10462400|0.9935665212|148.597809
2026-06-02|25|RTX|173.889999|175.750000|172.990005|174.259995|4385900|0.9966890420|173.683029
2026-06-02|26|MCD|273.329987|278.010010|272.950012|276.359985|4211600|1.0000000000|276.359985
2026-06-02|27|AXP|313.329987|313.700012|310.339996|310.970001|2116700|0.9972701149|310.121094
2026-06-02|28|BMY|54.779999|55.590000|54.200001|54.459999|13739900|0.9888377035|53.852100
2026-06-02|29|DD|47.889999|49.340001|47.740000|48.659999|2485401|3.0000000000|145.979996
2026-06-02|30|DE|562.000000|580.739990|552.650024|579.250000|2045600|0.9974147424|577.752502
2026-06-02|31|EMR|142.039993|143.490005|140.059998|142.029999|2260100|0.9966201816|141.549957
2026-06-02|32|ETN|405.609985|419.679993|404.750000|417.619995|2074500|0.9975456838|416.595001
2026-06-02|33|ETR|105.489998|107.949997|104.970001|107.599998|2970000|0.9940658321|106.961479
2026-06-02|34|F|16.570000|16.750000|15.830000|16.150000|72847500|0.9892857143|15.976964
2026-06-02|35|HAL|39.560001|40.220001|39.490002|40.130001|8198400|0.9957637679|39.960003
2026-06-02|36|LLY|1067.369995|1078.219971|1052.150024|1064.150024|2408500|0.9985690653|1062.627319
2026-06-02|37|PCG|16.230000|16.709999|16.200001|16.570000|16146300|0.9970997679|16.521942
2026-06-02|38|PEP|141.539993|142.889999|140.809998|142.000000|7864700|0.9895884624|140.521561
2026-06-02|39|PFE|25.600000|25.700001|25.270000|25.549999|31295700|0.9828068774|25.110714
2026-06-02|40|TXN|301.260010|308.399994|298.980011|308.119995|11136800|0.9949060125|306.550446
2026-06-02|41|WFC|76.809998|79.540001|76.720001|79.440002|19447400|0.9942915856|78.986526
2026-06-02|42|HUBB|465.149994|482.209991|464.855011|480.459991|678780|1.0000000000|480.459991
2026-06-02|43|WMT|113.870003|114.570000|112.730003|113.059998|27366400|0.9976117102|112.789978
2026-06-02|44|AIG|73.239998|74.410004|73.000000|73.800003|3454000|0.9933984683|73.312813
2026-06-02|45|AVY|155.429993|157.800003|154.940002|157.039993|1006700|0.9936321953|156.039993
2026-06-02|46|BAC|51.259998|52.709999|51.259998|52.480000|42126500|0.9948310871|52.208736
2026-06-02|47|BALL|53.810001|54.560001|53.660000|53.750000|2593000|1.0000000000|53.750000
2026-06-02|48|BDX|145.000000|146.020004|143.130005|144.429993|2693500|0.9929995336|143.418915
2026-06-02|49|CLX|89.480003|89.870003|88.360001|89.629997|2494900|0.9884526559|88.595009
2026-06-02|50|CMI|650.169983|674.020020|648.619995|672.669983|1068500|0.9962915514|670.175415
2026-06-02|51|CMS|71.019997|71.910004|70.830002|71.849998|3289100|0.9919943817|71.274796
2026-06-02|52|CVS|90.550003|91.199997|89.419998|89.500000|5652000|0.9938471504|88.949318
2026-06-02|53|ECL|250.759995|258.549988|250.250000|256.260010|1929400|0.9972820015|255.563507
2026-06-02|54|ES|66.879997|68.720001|66.879997|68.510002|2335400|1.0000000000|68.510002
2026-06-02|55|EVRG|80.389999|81.599998|80.269997|81.349998|2518200|0.9917192899|80.676361
2026-06-02|56|GWW|1245.150024|1268.650024|1245.150024|1268.359985|195600|0.9980509570|1265.887817
2026-06-02|57|LNT|69.900002|71.370003|69.760002|70.959999|2432100|0.9924530963|70.424469
2026-06-02|58|MKC|46.580002|46.970001|45.529999|46.150002|4473900|0.9910196447|45.735558
2026-06-02|59|MRSH|161.710007|162.699997|159.050003|161.389999|2410000|0.9943746806|160.482132
2026-06-02|60|NEE|84.290001|85.760002|84.110001|85.680000|11709800|0.9927287582|84.422157
2026-06-02|61|NI|45.220001|45.869999|45.090000|45.860001|3134500|0.9933436876|45.554745
2026-06-02|62|PNW|98.110001|99.470001|97.349998|98.820000|848500|0.9909892067|97.929550
2026-06-02|63|RVTY|98.440002|100.680000|98.059998|100.389999|1421600|0.9993733214|100.327087
2026-06-02|64|SNA|365.959991|372.799988|364.809998|372.450012|226500|0.9938338681|370.153412
2026-06-02|65|SPGI|427.079998|427.079998|412.870013|417.460002|1936700|0.9439543647|394.063202
2026-06-02|66|TER|370.769989|392.899994|365.779999|392.619995|3413100|1.0000000000|392.619995
2026-06-02|67|TGT|123.230003|124.970001|123.019997|123.180000|3206500|0.9923829532|122.241730
2026-06-02|68|TXT|89.809998|91.849998|89.599998|91.370003|1451500|0.9997866667|91.350510
2026-06-02|69|VMC|278.519989|285.880005|278.519989|281.839996|1342400|0.9981453742|281.317291
2026-06-02|70|XEL|76.349998|78.080002|76.160004|77.870003|6010400|0.9925145167|77.287109
2026-06-02|71|ITW|246.880005|249.619995|246.110001|248.580002|1251600|0.9939806334|247.083710
2026-06-02|72|CL|88.480003|89.029999|87.800003|88.269997|4153300|0.9942998496|87.766846
2026-06-02|73|EXC|44.779999|45.310001|44.750000|45.000000|6411000|0.9906832302|44.580746
2026-06-02|74|MDT|73.809998|74.480003|73.309998|73.750000|14441700|0.9910581218|73.090538
2026-06-02|75|BNY|142.029999|143.949997|140.229996|141.279999|3821400|0.9960354919|140.719894
2026-06-02|76|EIX|69.559998|71.190002|69.339996|70.919998|2045500|0.9882683051|70.087990
2026-06-02|77|FRT|118.889999|120.070000|118.779999|119.320000|809300|0.9908457552|118.227715
2026-06-02|78|PNR|70.629997|71.570000|70.180000|71.260002|2735700|0.9956500725|70.950027
2026-06-02|79|USB|53.349998|54.730000|53.250000|54.599998|7243700|0.9915143601|54.136684
2026-06-02|80|WY|23.830000|24.450001|23.790001|24.389999|4674800|0.9914979760|24.182636
2026-06-02|81|SYY|73.540001|74.620003|73.029999|74.099998|3634900|0.9934155392|73.612091
2026-06-02|82|WRB|64.440002|65.470001|63.980000|65.180000|2029800|0.9910634494|64.597519
2026-06-02|83|IFF|73.720001|74.949997|72.610001|73.239998|1889800|0.9947403026|72.854774
2026-06-02|84|TAP|39.090000|39.419998|38.680000|38.910000|3476200|1.0000000000|38.461685
2026-06-02|85|PNC|215.800003|221.809998|215.199997|221.000000|1948400|0.9920904849|219.251999
2026-06-02|86|TRV|288.200012|293.700012|287.109985|291.859985|1663400|0.9958368027|290.644897
2026-06-02|87|C|128.690002|132.460007|128.690002|131.259995|13589300|0.9949414872|130.596008
2026-06-02|88|FDX|337.339996|337.339996|327.000000|329.000000|3307800|0.9962599634|327.769531
2026-06-02|89|WDC|559.000000|571.179993|541.000000|563.099976|5029100|0.9997393571|562.953186
2026-06-02|90|DHR|177.740005|179.339996|175.500000|176.110001|2914100|0.9979297139|175.745392
2026-06-02|91|APA|37.639999|38.410000|37.520000|37.810001|3898600|0.9930109031|37.545742
2026-06-02|92|LUV|42.599998|42.959999|41.980000|42.340000|4321600|0.9956521741|42.155914
2026-06-02|93|PEG|77.120003|78.349998|77.000000|78.320000|3691000|0.9913815279|77.645004
2026-06-02|94|UNP|263.540009|266.239990|262.369995|264.679993|2523500|1.0000000000|264.679993
2026-06-02|95|ABT|87.250000|87.849998|85.889999|86.970001|10283600|0.9929181654|86.354095
2026-06-02|96|ADI|409.500000|423.970001|409.000000|423.200012|4954100|1.0000000000|423.200012
2026-06-02|97|ADM|82.860001|83.599998|81.650002|82.459999|4174200|0.9936931471|81.939941
2026-06-02|98|ADP|229.500000|231.889999|225.210007|231.179993|3550500|0.9924702132|229.439255
2026-06-02|99|AFL|112.550003|113.910004|111.930000|113.629997|2617900|0.9949889100|113.060585
2026-06-02|100|AMAT|465.299988|491.510010|461.450012|490.049988|10440700|0.9989318178|489.526520
2026-06-02|101|AMD|506.299988|522.489990|501.220001|521.539978|24293200|1.0000000000|521.539978
2026-06-02|102|APD|279.179993|281.119995|277.700012|279.290009|961900|0.9938263181|277.565765
2026-06-02|103|BF-B|25.129999|25.260000|24.740000|24.940001|2577900|0.9913580245|24.724470
2026-06-02|104|CHD|95.529999|96.389999|95.099998|96.139999|2234800|0.9969601263|95.847740
2026-06-02|105|CINF|156.399994|159.009995|156.179993|158.000000|629900|0.9945494610|157.138809
2026-06-02|106|CMCSA|24.930000|25.129999|24.740000|24.850000|21999500|0.9865580444|24.515966
2026-06-02|107|D|64.599998|66.489998|64.599998|66.470001|7134900|1.0000000000|66.470001
2026-06-02|108|DOV|208.580002|212.509995|208.580002|211.839996|519500|1.0000000000|211.839996
2026-06-02|109|DUK|120.059998|121.239998|119.760002|121.089996|3445100|0.9912844404|120.034630
2026-06-02|110|EFX|171.649994|179.619995|169.490005|176.110001|1986400|1.0000000000|176.110001
2026-06-02|111|EQT|54.990002|55.500000|54.500000|54.680000|5266700|0.9968732234|54.509026
2026-06-02|112|FITB|48.320000|50.410000|48.240002|50.310001|10083800|0.9929552658|49.955582
2026-06-02|113|GIS|33.500000|33.549999|32.650002|33.070000|9385600|0.9829846576|32.507301
2026-06-02|114|GPC|98.150002|99.430000|97.489998|99.349998|1338400|0.9892223458|98.279236
2026-06-02|115|HAS|85.610001|85.940002|83.139999|83.879997|1744100|0.9925523990|83.255295
2026-06-02|116|HBAN|15.770000|16.260000|15.760000|16.230000|23802400|0.9910508082|16.084753
2026-06-02|117|HRL|23.250000|23.530001|23.120001|23.350000|4594300|0.9881520418|23.073351
2026-06-02|118|HST|23.240000|23.790001|23.160000|23.650000|8099700|0.9630818621|22.776886
2026-06-02|119|HSY|186.860001|187.169998|182.000000|184.089996|1297400|0.9921985814|182.653839
2026-06-02|120|INTC|107.449997|109.000000|104.169998|107.930000|106336200|1.0000000000|107.930000
2026-06-02|121|J|120.989998|122.480003|119.230003|121.940002|990400|0.9975665811|121.643272
2026-06-02|122|JPM|296.500000|302.070007|295.269989|300.959991|8296200|0.9955152929|299.610260
2026-06-02|123|KMB|98.349998|98.760002|96.360001|97.489998|4639800|0.9864507253|96.169083
2026-06-02|124|L|103.680000|106.120003|103.379997|104.930000|1055300|0.9994397510|104.871216
2026-06-02|125|LEN|90.139999|90.940002|88.839996|90.900002|1795500|0.9940723176|90.361176
2026-06-02|126|LOW|208.059998|208.500000|204.509995|206.639999|2959900|0.9938577955|205.370773
2026-06-02|127|MAS|69.269997|69.739998|67.809998|69.000000|2997500|0.9956337837|68.698730
2026-06-02|128|MTB|211.039993|218.059998|209.740005|217.289993|803100|1.0000000000|217.289993
2026-06-02|129|NEM|108.570000|109.910004|106.000000|109.500000|6538400|1.0000000000|109.500000
2026-06-02|130|NTRS|167.179993|170.160004|167.070007|169.789993|1321500|0.9953773257|169.005112
2026-06-02|131|NUE|251.440002|260.369995|251.350006|258.459991|1700600|0.9975500919|257.826782
2026-06-02|132|OMC|75.660004|75.709999|73.779999|75.220001|2678700|0.9894221866|74.424339
2026-06-02|133|PCAR|109.820000|114.050003|109.820000|112.889999|2595500|0.9973590885|112.591866
2026-06-02|134|PGR|192.679993|197.449997|192.300003|196.820007|2886200|0.9995561474|196.732651
2026-06-02|135|PH|828.280029|839.330017|822.099976|836.320007|1104100|1.0000000000|836.320007
2026-06-02|136|PHM|117.839996|118.360001|116.489998|117.769997|1183000|0.9978834255|117.520729
2026-06-02|137|PPG|112.610001|114.900002|112.180000|113.639999|1626200|0.9938189109|112.937584
2026-06-02|138|PPL|34.540001|34.939999|34.540001|34.830002|5047000|0.9920279720|34.552338
2026-06-02|139|RF|27.150000|28.180000|27.120001|28.030001|11126700|1.0000000000|28.030001
2026-06-02|140|ROL|46.459999|47.029999|44.630001|45.040001|8153300|0.9951510336|44.821606
2026-06-02|141|SHW|291.989990|295.570007|289.859985|293.000000|2048100|0.9976939264|292.324341
2026-06-02|142|STT|159.279999|161.800003|158.929993|159.779999|1679200|0.9950471700|158.988632
2026-06-02|143|SWK|78.720001|80.110001|77.379997|79.139999|1208000|0.9894240575|78.303017
2026-06-02|144|SYK|296.540009|297.059998|290.959991|293.299988|2995600|0.9973375287|292.519073
2026-06-02|145|TMO|489.420013|491.959991|476.510010|482.079987|1774500|0.9989985938|481.597229
2026-06-02|146|TPL|369.959991|375.250000|361.200012|370.820007|456400|1.0000000000|370.820007
2026-06-02|147|TSN|60.070000|60.349998|59.570000|59.590000|3466600|1.0000000000|59.590000
2026-06-02|148|TT|453.630005|462.790009|451.100006|458.920013|1962000|0.9977358979|457.880981
2026-06-02|149|TYL|321.690002|322.500000|307.140015|313.559998|645100|1.0000000000|313.559998
2026-06-02|150|UDR|36.650002|36.860001|36.410000|36.840000|6817700|0.9926177659|36.568039
2026-06-02|151|VTRS|15.870000|15.930000|15.600000|15.690000|8974200|0.9925558317|15.573201
2026-06-02|152|WEC|109.000000|110.400002|108.970001|110.230003|1709700|0.9913583604|109.277435
2026-06-02|153|WST|314.179993|316.739990|311.459991|312.170013|707600|0.9993471810|311.966217
2026-06-02|154|NDSN|281.329987|288.220001|280.540009|287.730011|283700|0.9971745572|286.917053
2026-06-02|155|TFC|46.759998|48.250000|46.599998|48.119999|13085200|0.9901868280|47.647789
2026-06-02|156|WELL|197.250000|198.460007|194.669998|195.350006|3348400|0.9962391044|194.615326
2026-06-02|157|AON|317.579987|319.350006|312.339996|317.859985|1051200|0.9977256968|317.137085
2026-06-02|158|GL|153.919998|154.500000|150.940002|151.050003|524900|0.9981716439|150.773834
2026-06-02|159|OKE|84.949997|86.849998|84.949997|86.720001|2277200|0.9882171564|85.698196
2026-06-02|160|KLAC|1966.499939|2047.500000|1950.000000|2045.200043|1061100|0.0998870999|204.289108
2026-06-02|161|CSX|45.970001|46.250000|45.419998|46.139999|10663600|1.0000000000|46.139999
2026-06-02|162|PSA|295.619995|299.839996|294.899994|299.140015|663100|0.9907958521|296.386688
2026-06-02|163|NKE|45.779999|45.779999|43.509998|43.730000|28345000|1.0000000000|43.730000
2026-06-02|164|AAPL|307.459991|315.450012|306.690002|315.200012|44534700|0.9991382887|314.928406
2026-06-02|165|BRO|56.520000|57.119999|55.400002|56.590000|3833200|0.9976903696|56.459297
2026-06-02|166|UHS|144.899994|146.669998|142.339996|142.550003|1094700|0.9986223049|142.353607
2026-06-02|167|HD|309.980011|312.200012|308.570007|311.519989|4310000|0.9925551970|309.200775
2026-06-02|168|BAX|18.330000|19.080000|18.219999|18.680000|5980600|1.0000000000|18.672796
2026-06-02|169|COP|115.480003|117.449997|115.370003|116.870003|6113600|0.9933743492|116.095665
2026-06-02|170|GLW|186.500000|201.550003|186.000000|200.399994|18152400|1.0000000000|200.399994
2026-06-02|171|HUM|325.149994|328.309998|318.130005|320.880005|919700|0.9976462766|320.124756
2026-06-02|172|LHX|308.119995|310.489990|307.170013|308.119995|804400|0.9959648783|306.876709
2026-06-02|173|NOC|535.169983|538.429993|531.799988|536.590027|1333400|1.0000000000|536.590027
2026-06-02|174|OXY|58.009998|59.410000|57.830002|59.090000|9612600|0.9954022988|58.818321
2026-06-02|175|ROK|458.079987|465.320007|456.140015|463.410004|496400|0.9969290339|461.986908
2026-06-02|176|SLB|54.840000|56.750000|54.619999|56.560001|11982700|0.9947843000|56.264999
2026-06-02|177|SO|89.339996|90.639999|89.070000|90.510002|5761800|0.9918103451|89.768753
2026-06-02|178|WMB|70.290001|71.519997|70.010002|71.309998|5416300|0.9926696456|70.787270
2026-06-02|179|VLO|254.179993|260.390015|250.460007|258.260010|2357800|0.9961502678|257.265778
2026-06-02|180|CI|273.700012|277.079987|271.459991|272.720001|1300500|0.9942378017|271.148529
2026-06-02|181|NSC|305.309998|309.130005|304.850006|307.549988|667200|0.9960579337|306.337616
2026-06-02|182|COO|60.080002|60.150002|59.139999|59.490002|4196200|1.0000000000|59.490002
2026-06-02|183|AMGN|326.170013|329.459991|322.299988|328.260010|1558800|0.9941899340|326.352783
2026-06-02|184|RJF|145.289993|147.660004|143.759995|146.750000|1417700|0.9964480694|146.228745
2026-06-02|185|WSM|201.240005|205.750000|200.710007|203.839996|865800|0.9966722130|203.161667
2026-06-02|186|CAH|194.199997|195.889999|194.199997|194.880005|1787000|0.9978279171|194.456711
2026-06-02|187|CTAS|171.089996|173.610001|168.339996|173.309998|2775500|0.9974090682|172.860962
2026-06-02|188|PAYX|99.919998|101.220001|98.629997|100.790001|2513100|0.9896951856|99.751381
2026-06-02|189|BEN|30.990000|31.420000|30.780001|31.120001|4048300|0.9900632337|30.810770
2026-06-02|190|AOS|56.230000|56.970001|56.060001|56.759998|1261800|0.9939809398|56.418358
2026-06-02|191|CASY|742.510010|764.000000|740.000000|754.210022|420800|0.9992507205|753.644897
2026-06-02|192|T|24.639999|24.709999|24.250000|24.639999|42080300|0.9867870728|24.314432
2026-06-02|193|VZ|47.779999|48.139999|47.270000|47.869999|14902900|0.9832386370|47.067631
2026-06-02|194|JBHT|279.459991|279.600006|273.230011|275.589996|970800|0.9983161833|275.125946
2026-06-02|195|ATO|168.130005|168.910004|166.470001|168.750000|1782700|0.9940065930|167.738617
2026-06-02|196|LRCX|324.420013|335.549988|320.859985|334.410004|8632400|0.9992960416|334.174591
2026-06-02|197|MU|1050.000000|1076.560059|1017.200012|1064.099976|47555400|0.9998462422|1063.936279
2026-06-02|198|AJG|204.289993|207.139999|200.699997|205.770004|1504400|0.9966824645|205.087357
2026-06-02|199|AME|225.190002|228.389999|224.529999|227.729996|927600|0.9985029940|227.389084
2026-06-02|200|SWKS|77.190002|80.629997|75.839996|79.120003|6927000|1.0000000000|79.120003
2026-06-02|201|EXPD|160.419998|160.460007|156.820007|157.869995|1114300|1.0000000000|157.869995
2026-06-02|202|UNH|377.980011|380.079987|374.720001|377.920013|3874400|0.9943209633|375.773804
2026-06-02|203|BBY|74.529999|74.980003|72.769997|72.779999|4534900|0.9868673048|71.824203
2026-06-02|204|DOC|18.969999|19.549999|18.900000|19.450001|8968500|0.9857012064|19.171890
2026-06-02|205|ADSK|241.619995|243.160004|235.699997|236.660004|2354400|1.0000000000|236.660004
2026-06-02|206|DVN|46.049999|46.860001|45.750000|46.220001|11827800|0.9929375416|45.893574
2026-06-02|207|NVR|6117.029785|6196.859863|6060.000000|6180.959961|28600|1.0000000000|6180.959961
2026-06-02|208|ROST|222.970001|224.710007|222.000000|223.820007|2540300|0.9980432679|223.382050
2026-06-02|209|JKHY|138.770004|138.809998|135.660004|136.029999|1243400|1.0000000000|136.029999
2026-06-02|210|MNST|89.169998|89.269997|87.230003|88.239998|7387600|0.5000000000|88.239998
2026-06-02|211|ORCL|242.800003|249.000000|238.839996|244.580002|30294800|0.9965330745|243.732071
2026-06-02|212|MSFT|446.880005|453.500000|440.429993|441.309998|37036800|0.9981210382|440.480774
2026-06-02|213|TROW|104.239998|105.290001|103.769997|104.309998|1542800|0.9881430134|103.073196
2026-06-02|214|COST|942.289978|955.390015|939.450012|954.270020|2218200|0.9984126298|952.755249
2026-06-02|215|ADBE|267.980011|272.029999|260.049988|262.109985|5821800|1.0000000000|262.109985
2026-06-02|216|FISV|58.000000|58.099998|56.349998|56.459999|8441400|1.0000000000|56.459999
2026-06-02|217|BKR|62.560001|64.599998|62.549999|64.540001|5429500|0.9963346614|64.303444
2026-06-02|218|CDNS|405.980011|416.690002|401.040009|416.390015|3168100|1.0000000000|416.390015
2026-06-02|219|TJX|152.860001|154.199997|152.339996|153.690002|5004200|0.9968547277|153.206604
2026-06-02|220|FICO|1263.459961|1280.000000|1212.650024|1251.630005|413600|1.0000000000|1251.630005
2026-06-02|221|CCL|27.400000|27.660000|27.100000|27.639999|18117200|0.9947898578|27.495991
2026-06-02|222|FAST|44.220001|44.770000|43.900002|44.730000|4478100|0.9945424013|44.485882
2026-06-02|223|SCHW|87.940002|88.620003|86.220001|87.610001|11612000|0.9970924949|87.355270
2026-06-02|224|JCI|137.419998|142.240005|136.539993|141.990005|4048600|0.9972406182|141.598206
2026-06-02|225|COHR|381.859985|433.690002|377.579987|426.890015|9124000|1.0000000000|426.890015
2026-06-02|226|KEY|20.600000|21.280001|20.580000|21.180000|13515500|1.0000000000|21.180000
2026-06-02|227|MOS|23.209999|23.790001|23.090000|23.299999|5536600|1.0000000000|23.299999
2026-06-02|228|MGM|50.500000|50.500000|48.220001|48.360001|9835700|1.0000000000|48.360001
2026-06-02|229|WM|211.800003|213.089996|210.119995|211.929993|1529500|0.9956851284|211.015533
2026-06-02|230|TECH|50.070000|50.410000|49.270000|49.770000|2282200|0.9988938053|49.714943
2026-06-02|231|IEX|209.970001|215.210007|208.839996|212.130005|776500|0.9967384506|211.438126
2026-06-02|232|GEN|26.990000|27.549999|26.590000|27.530001|7554000|0.9956109550|27.409170
2026-06-02|233|CRH|105.540001|108.070000|105.540001|106.519997|3112600|0.9960081882|106.094795
2026-06-02|234|EOG|136.429993|139.240005|136.220001|138.580002|2963600|0.9926332518|137.559113
2026-06-02|235|PTC|141.919998|145.250000|139.630005|142.339996|1374100|1.0000000000|142.339996
2026-06-02|236|CSCO|122.489998|128.220001|122.489998|128.000000|26451500|0.9962729613|127.522942
2026-06-02|237|LH|255.399994|258.260010|254.669998|257.700012|506800|1.0000000000|257.148682
2026-06-02|238|TRMB|57.520000|57.959999|55.970001|57.740002|2847200|1.0000000000|57.740002
2026-06-02|239|AZO|3014.090088|3044.149902|2974.850098|3029.360107|199100|1.0000000000|3029.360107
2026-06-02|240|REGN|596.520020|604.630005|591.520020|602.919983|1066700|0.9988336456|602.216797
2026-06-02|241|IDXX|560.159973|560.159973|548.929993|550.820007|669100|1.0000000000|550.820007
2026-06-02|242|AES|14.690000|14.720000|14.680000|14.680000|9525300|0.9881481485|14.506015
2026-06-02|243|VRTX|432.399994|434.000000|424.899994|425.089996|1147100|1.0000000000|425.089996
2026-06-02|244|ZBRA|250.779999|255.679993|248.419998|254.440002|930900|1.0000000000|254.440002
2026-06-02|245|BIIB|190.089996|190.580002|184.899994|188.830002|1097800|1.0000000000|188.830002
2026-06-02|246|ODFL|226.710007|229.699997|224.089996|229.080002|1850700|0.9987340667|228.789993
2026-06-02|247|APH|146.660004|149.539993|141.500000|148.399994|11441800|0.9984936130|148.176453
2026-06-02|248|KIM|23.639999|23.840000|23.530001|23.709999|3006000|0.9891711788|23.453249
2026-06-02|249|QCOM|232.000000|245.190002|226.050003|240.839996|18508500|0.9963201471|239.953735
2026-06-02|250|GILD|128.990005|130.600006|127.070000|127.570000|8082600|0.9934708175|126.737068
2026-06-02|251|ROP|338.579987|340.660004|329.239990|336.500000|1001200|0.9974983506|335.658203
2026-06-02|252|SNPS|485.630005|508.720001|485.630005|508.350006|2347200|1.0000000000|508.350006
2026-06-02|253|STZ|136.330002|137.210007|135.500000|136.759995|2403700|0.9921821632|135.690826
2026-06-02|254|BSX|48.000000|48.430000|47.369999|47.680000|21665400|1.0000000000|47.680000
2026-06-02|255|STE|208.660004|211.869995|207.750000|209.759995|600300|0.9970332000|209.137680
2026-06-02|256|DHI|147.169998|147.979996|145.330002|147.910004|1342700|0.9970287223|147.470520
2026-06-02|257|LIN|493.470001|499.790009|490.440002|495.910004|3010900|0.9968477255|494.346771
2026-06-02|258|SBUX|95.800003|97.900002|95.400002|95.510002|9546600|0.9942883465|94.964478
2026-06-02|259|MS|210.259995|217.029999|210.259995|214.979996|7664400|0.9945253736|213.803055
2026-06-02|260|INTU|329.880005|332.429993|315.500000|322.140015|7382800|0.9955898568|320.719330
2026-06-02|261|MCHP|96.750000|99.300003|94.160004|96.959999|13414800|0.9940194534|96.380127
2026-06-02|262|CB|309.140015|314.459991|308.609985|312.269989|1401800|0.9968895800|311.298706
2026-06-02|263|ORLY|86.599998|86.639999|85.349998|86.230003|6850800|1.0000000000|86.230003
2026-06-02|264|RCL|289.670013|294.000000|285.679993|290.799988|2774100|0.9948418155|289.299988
2026-06-02|265|JBL|368.209991|374.170013|366.429993|373.160004|1647300|0.9997839939|373.079407
2026-06-02|266|ALL|208.020004|212.270004|206.289993|210.460007|1941700|1.0000000000|210.460007
2026-06-02|267|CPT|106.250000|106.459999|104.970001|106.099998|1117300|0.9909199930|105.136612
2026-06-02|268|VMRK|65.900002|66.260002|65.330002|66.209999|3562400|0.9897192157|65.529305
2026-06-02|269|IT|174.479996|175.399994|169.270004|170.619995|1533200|1.0000000000|170.619995
2026-06-02|270|DECK|110.720001|112.750000|110.459999|110.790001|1565000|1.0000000000|110.790001
2026-06-02|271|REG|76.139999|76.449997|75.839996|76.029999|1451000|0.9906432027|75.318604
2026-06-02|272|INCY|94.699997|94.900002|92.180000|92.239998|2021800|1.0000000000|92.239998
2026-06-02|273|SPG|202.699997|205.389999|202.259995|203.529999|2009200|0.9891482587|201.321350
2026-06-02|274|MAA|128.220001|129.169998|127.599998|128.960007|787400|0.9885547570|127.484032
2026-06-02|275|MLM|565.799988|580.539978|564.330017|576.929993|494400|1.0000000000|576.929993
2026-06-02|276|TSCO|31.379999|31.580000|29.959999|30.010000|16898300|0.9931389364|29.804098
2026-06-02|277|ALB|170.229996|173.839996|163.589996|171.770004|2636000|0.9974537910|171.332642
2026-06-02|278|CPRT|31.990000|32.000000|30.440001|30.860001|10904200|1.0000000000|30.860001
2026-06-02|279|FLEX|150.470001|159.860001|149.369995|159.429993|5526000|1.0000000000|159.429993
2026-06-02|280|ESS|280.100006|280.100006|275.790009|277.570007|375500|0.9912479300|275.140686
2026-06-02|281|O|59.709999|60.070000|59.480000|59.910000|5252500|0.9915131085|59.401550
2026-06-02|282|MCO|460.630005|462.000000|446.660004|453.600006|1040500|0.9978911593|452.643463
2026-06-02|283|SJM|100.870003|101.230003|99.419998|100.470001|1678000|0.9907154105|99.537178
2026-06-02|284|MCK|735.270020|738.969971|730.150024|736.780029|885200|1.0000000000|736.780029
2026-06-02|285|COF|183.360001|186.339996|182.580002|183.839996|3868400|0.9964810416|183.193069
2026-06-02|286|EME|833.299988|854.780029|824.900024|827.280029|511500|0.9994836978|826.852905
2026-06-02|287|DLTR|113.019997|114.529999|108.610001|109.389999|4540900|1.0000000000|109.389999
2026-06-02|288|COR|263.869995|268.200012|263.829987|264.839996|1477100|0.9980645786|264.327423
2026-06-02|289|DRI|200.020004|200.020004|196.000000|198.270004|990400|0.9919770205|196.679291
2026-06-02|290|RMD|182.779999|184.839996|180.270004|182.820007|1734400|0.9971385215|182.296875
2026-06-02|291|WAB|257.320007|265.140015|256.570007|264.510010|715500|0.9989689007|264.237274
2026-06-02|292|FCX|67.870003|72.089996|67.720001|71.720001|18969700|0.9975786925|71.546341
2026-06-02|293|IVZ|27.459999|28.090000|27.020000|27.580000|8322900|0.9933559952|27.396759
2026-06-02|294|ACGL|88.410004|89.150002|87.610001|87.620003|2289600|1.0000000000|87.620003
2026-06-02|295|ERIE|211.500000|211.500000|206.179993|207.539993|163200|0.9943102712|206.359146
2026-06-02|296|EG|324.510010|327.540009|320.779999|320.790009|424500|0.9940520446|318.881958
2026-06-02|297|DVA|189.809998|192.059998|186.619995|187.889999|925100|1.0000000000|187.889999
2026-06-02|298|HSIC|76.040001|76.790001|75.839996|76.040001|1492800|1.0000000000|76.040001
2026-06-02|299|EL|85.790001|86.930000|82.589996|83.410004|4309700|1.0000000000|83.410004
2026-06-02|300|WAT|372.489990|375.250000|367.880005|371.929993|665400|1.0000000000|371.929993
2026-06-02|301|NTAP|183.000000|186.529999|173.570007|175.639999|4710000|0.9969719908|175.108154
2026-06-02|302|HIG|126.650002|128.740005|126.290001|127.169998|2183600|1.0000000000|127.169998
2026-06-02|303|IRM|126.620003|129.479996|126.529999|128.460007|1465800|0.9932096824|127.587723
2026-06-02|304|BRK-B|470.000000|473.880005|468.209991|471.510010|4704700|1.0000000000|471.510010
2026-06-02|305|FDS|265.420013|265.929993|249.240005|255.820007|1166700|1.0000000000|255.820007
2026-06-02|306|STLD|263.320007|273.549988|260.329987|271.410004|1089500|0.9977371702|270.795837
2026-06-02|307|DGX|192.929993|193.309998|191.020004|193.160004|678300|0.9959506546|192.377823
2026-06-02|308|CIEN|583.580017|629.609985|581.630005|627.000000|2725900|1.0000000000|627.000000
2026-06-02|309|TTWO|222.259995|224.000000|217.360001|222.380005|2682900|1.0000000000|222.380005
2026-06-02|310|VTR|81.610001|82.279999|79.650002|80.129997|3871800|0.9941769319|79.663391
2026-06-02|311|AMZN|257.160004|261.200012|254.369995|256.519989|41811000|1.0000000000|256.519989
2026-06-02|312|ARE|48.610001|53.369999|47.880001|52.740002|4337000|0.9870480303|52.056915
2026-06-02|313|RL|364.230011|367.269989|358.130005|363.510010|643900|0.9975616297|362.623627
2026-06-02|314|BXP|58.990002|61.259998|58.820000|61.209999|1310600|0.9895631429|60.571159
2026-06-02|315|FIX|1812.449951|1895.130005|1812.449951|1883.260010|479800|0.9994824076|1882.285278
2026-06-02|316|YUM|147.270004|148.190002|145.910004|146.580002|1849000|1.0000000000|146.580002
2026-06-02|317|CHRW|181.220001|181.220001|177.289993|178.520004|1049600|0.9965870306|177.910721
2026-06-02|318|FE|45.520000|45.950001|45.259998|45.320000|5419000|0.9901836603|44.875122
2026-06-02|319|MTD|1167.650024|1175.619995|1154.660034|1170.000000|181500|1.0000000000|1170.000000
2026-06-02|320|PLD|139.009995|140.429993|137.220001|140.410004|3130900|0.9927946128|139.398300
2026-06-02|321|URI|998.590027|1015.000000|993.479980|994.820007|321800|0.9982773546|993.106323
2026-06-02|322|AEE|105.089996|107.040001|105.089996|106.779999|1867100|0.9930004667|106.032585
2026-06-02|323|VRSN|293.450012|302.970001|292.480011|297.410004|933900|0.9970730649|296.539490
2026-06-02|324|PWR|691.130005|708.669983|691.109985|706.059998|1053900|0.9998472307|705.952148
2026-06-02|325|AMT|187.320007|187.369995|183.070007|185.529999|2610600|0.9905446092|183.775742
2026-06-02|326|MAR|376.700012|377.660004|373.160004|373.760010|1186800|0.9979719406|373.002014
2026-06-02|327|CTSH|55.900002|55.900002|53.419998|55.139999|9205200|0.9941706413|54.818569
2026-06-02|328|SRE|87.660004|89.650002|87.660004|89.550003|4150800|0.9929041305|88.914566
2026-06-02|329|CSGP|33.080002|33.759998|31.700001|33.660000|9188500|1.0000000000|33.660000
2026-06-02|330|RSG|200.479996|201.800003|197.619995|201.669998|1867900|0.9970890970|201.082962
2026-06-02|331|CCI|90.800003|91.290001|88.620003|89.919998|3090900|0.9884657123|88.882835
2026-06-02|332|EBAY|110.760002|112.000000|107.779999|108.879997|4625200|1.0000000000|108.549957
2026-06-02|333|NVDA|227.179993|232.279999|221.350006|222.820007|193362900|0.9988358556|222.560608
2026-06-02|334|BKNG|167.539993|168.229996|162.419998|167.210007|7011700|0.9974923877|166.790710
2026-06-02|335|GS|1049.739990|1073.969971|1047.890015|1064.579956|2125600|1.0000000000|1064.579956
2026-06-02|336|FFIV|397.799988|410.109985|394.019989|409.130005|734200|1.0000000000|409.130005
2026-06-02|337|SBAC|204.000000|204.300003|193.830002|196.210007|890500|0.9931480565|194.865585
2026-06-02|338|LII|541.469971|542.190002|511.920013|516.369995|554600|0.9976091276|515.135437
2026-06-02|339|BLK|1017.219971|1036.109985|1007.000000|1018.960022|727600|0.9943964168|1013.250183
2026-06-02|340|TKO|206.639999|208.190002|203.070007|204.589996|1139300|0.9961152636|203.795212
2026-06-02|341|AKAM|151.990005|163.250000|150.509995|160.320007|4190700|1.0000000000|160.320007
2026-06-02|342|UPS|109.279999|110.339996|108.120003|108.930000|5894400|0.9843062201|107.220474
2026-06-02|343|A|133.279999|136.399994|132.130005|135.050003|3021600|0.9980802530|134.790741
2026-06-02|344|TDY|611.390015|619.349976|607.710022|618.809998|251300|1.0000000000|618.809998
2026-06-02|345|PKG|222.160004|227.889999|221.740005|224.830002|637900|0.9934276825|223.352356
2026-06-02|346|EW|87.599998|88.599998|86.169998|87.660004|6186800|1.0000000000|87.660004
2026-06-02|347|MET|81.550003|83.730003|81.510002|82.820000|3230200|0.9938427991|82.310059
2026-06-02|348|ON|125.190002|130.479996|123.330002|128.639999|10796100|1.0000000000|128.639999
2026-06-02|349|ISRG|408.500000|414.000000|396.679993|402.299988|3985900|1.0000000000|402.299988
2026-06-02|350|CRL|179.000000|181.759995|172.169998|174.789993|752100|1.0000000000|174.789993
2026-06-02|351|MRVL|253.460007|291.299988|252.429993|290.790009|112646200|0.9997533605|290.718292
2026-06-02|352|EQIX|1049.290039|1076.719971|1049.290039|1071.800049|465700|0.9952446339|1066.703247
2026-06-02|353|TPR|138.550003|140.619995|137.630005|138.649994|2280800|0.9971524169|138.255173
2026-06-02|354|GRMN|236.279999|241.119995|235.949997|241.029999|663200|0.9955900883|239.967072
2026-06-02|355|GPN|74.330002|74.849998|73.029999|74.029999|3729700|0.9961797067|73.747185
2026-06-02|356|ALGN|169.770004|173.470001|165.990005|166.690002|901900|1.0000000000|166.690002
2026-06-02|357|WTW|256.179993|257.540009|252.399994|256.410004|664000|0.9963732529|255.480072
2026-06-02|358|MDLZ|61.029999|61.750000|60.830002|61.070000|7236600|0.9916874483|60.562355
2026-06-02|359|AXON|460.649994|493.750000|456.609985|490.119995|1282600|1.0000000000|490.119995
2026-06-02|360|FIS|43.099998|43.150002|41.669998|42.520000|9105000|0.9887092639|42.039917
2026-06-02|361|ACN|190.690002|191.899994|183.410004|186.220001|5282800|0.9881186678|184.007462
2026-06-02|362|ZBH|82.800003|84.779999|82.169998|83.750000|2601900|0.9973498233|83.528046
2026-06-02|363|BG|129.399994|130.729996|128.539993|129.130005|2400100|0.9937342270|128.320908
2026-06-02|364|PFG|102.449997|104.190002|102.449997|103.309998|873000|1.0000000000|103.309998
2026-06-02|365|ELV|401.000000|402.079987|387.230011|389.029999|2188800|0.9959475060|387.453461
2026-06-02|366|CNC|61.900002|62.000000|59.540001|59.990002|3798100|1.0000000000|59.990002
2026-06-02|367|PRU|101.000000|103.290001|100.540001|102.720001|1942500|0.9885872665|101.547684
2026-06-02|368|NFLX|85.610001|85.980003|83.290001|83.330002|42947200|1.0000000000|83.330002
2026-06-02|369|NDAQ|91.919998|92.070000|86.879997|87.910004|5714800|0.9964261009|87.595825
2026-06-02|370|WYNN|106.000000|106.190002|104.169998|104.620003|997100|0.9975578784|104.364510
2026-06-02|371|CME|258.500000|260.420013|244.559998|250.529999|8507200|0.9948418839|249.237732
2026-06-02|372|STX|929.880005|953.719971|914.989990|926.609985|2561900|0.9992874955|925.949768
2026-06-02|373|NRG|129.850006|135.850006|129.110001|133.509995|2742900|0.9964628787|133.037750
2026-06-02|374|AIZ|250.789993|253.149994|247.020004|248.479996|574500|0.9965805324|247.630325
2026-06-02|375|CBRE|123.830002|129.339996|122.690002|127.860001|2922000|1.0000000000|127.860001
2026-06-02|376|CRM|201.020004|204.389999|195.759995|200.839996|19216600|0.9974256962|200.322968
2026-06-02|377|DPZ|310.109985|312.589996|307.000000|307.529999|530500|0.9938557491|305.640472
2026-06-02|378|EXR|140.440002|142.339996|139.880005|142.289993|818300|0.9892430283|140.759384
2026-06-02|379|GOOG|363.160004|369.790009|355.000000|358.390015|34648600|0.9993985127|358.174438
2026-06-02|380|GOOGL|366.589996|373.540009|358.440002|361.850006|50412300|0.9994030337|361.634003
2026-06-02|381|DLR|185.500000|187.419998|184.710007|187.259995|1587000|0.9933767643|186.019730
2026-06-02|382|MPWR|1572.000000|1627.849976|1558.109985|1624.989990|692900|0.9984765039|1622.514282
2026-06-02|383|LVS|53.009998|53.080002|51.000000|51.209999|4266400|0.9936548222|50.885063
2026-06-02|384|DXCM|74.300003|74.360001|72.570000|73.449997|3751600|1.0000000000|73.449997
2026-06-02|385|BLDR|75.779999|76.239998|73.629997|75.370003|1718500|1.0000000000|75.370003
2026-06-02|386|WBD|27.209999|27.360001|27.129999|27.180000|19093400|1.0000000000|27.180000
2026-06-02|387|EXPE|226.520004|227.490005|219.529999|226.369995|1303200|0.9985604607|226.044128
2026-06-02|388|CF|114.339996|115.500000|113.230003|113.480003|1692100|0.9948739856|112.898308
2026-06-02|389|AMP|443.510010|451.279999|438.660004|445.399994|636700|0.9968855344|444.012817
2026-06-02|390|ICE|145.270004|145.389999|136.669998|142.380005|9903900|0.9962997224|141.853165
2026-06-02|391|PSKY|10.910000|10.940000|10.630000|10.780000|8088700|0.9952244509|10.728519
2026-06-02|392|LYV|169.309998|170.149994|166.490005|167.639999|2593200|1.0000000000|167.639999
2026-06-02|393|CMG|30.120001|30.190001|29.100000|29.260000|25825900|1.0000000000|29.260000
2026-06-02|394|UAL|112.620003|112.620003|108.739998|108.820000|4599300|1.0000000000|108.820000
2026-06-02|395|TDG|1224.500000|1250.630005|1224.500000|1246.979980|397700|1.0000000000|1246.979980
2026-06-02|396|MA|493.059998|493.989990|477.679993|477.679993|5028300|0.9983264725|476.880585
2026-06-02|397|LDOS|126.000000|127.660004|123.250000|126.820000|1506800|0.9964800263|126.373596
2026-06-02|398|FSLR|302.000000|313.000000|296.890015|311.010010|2962700|1.0000000000|311.010010
2026-06-02|399|BR|157.160004|157.369995|152.029999|154.830002|1643400|0.9932693636|153.787903
2026-06-02|400|SMCI|48.759998|51.400002|48.560001|50.169998|54883700|1.0000000000|50.169998
2026-06-02|401|TMUS|187.399994|189.070007|185.100006|188.830002|4600700|1.0000000000|187.746429
2026-06-02|402|DAL|81.349998|81.930000|79.610001|80.019997|5198800|0.9975369458|79.822906
2026-06-02|403|IBKR|88.949997|90.500000|88.370003|88.720001|6537900|1.0000000000|88.720001
2026-06-02|404|PODD|145.649994|147.229996|141.059998|142.429993|1121000|1.0000000000|142.429993
2026-06-02|405|TEL|211.479996|216.169998|210.089996|214.729996|2218100|0.9961105015|213.894806
2026-06-02|406|BX|116.349998|118.239998|114.510002|114.910004|4873200|0.9899021526|113.749657
2026-06-02|407|LULU|131.110001|131.110001|126.410004|126.470001|3846800|1.0000000000|126.470001
2026-06-02|408|ULTA|500.019989|502.700012|492.339996|494.869995|1974400|1.0000000000|494.869995
2026-06-02|409|MSCI|638.109985|641.000000|622.039978|630.270020|974400|0.9964362700|628.023926
2026-06-02|410|ECHO|126.900002|128.850006|122.500000|123.550003|4555400|1.0000000000|123.550003
2026-06-02|411|PM|170.149994|175.229996|170.000000|173.660004|4029600|0.9917776037|172.232101
2026-06-02|412|V|322.510010|323.500000|313.390015|317.320007|10125300|0.9981456881|316.731598
2026-06-02|413|AWK|121.949997|123.699997|120.570000|123.680000|2236600|0.9933923956|122.862770
2026-06-02|414|KDP|30.209999|30.520000|29.920000|30.360001|10208100|0.9929274294|30.145277
2026-06-02|415|SW|41.200001|42.775002|41.049999|42.240002|3607900|0.9909636146|41.858307
2026-06-02|416|AVGO|488.790009|488.820007|470.459991|481.570007|38306700|0.9984198371|480.809052
2026-06-02|417|VRSK|180.550003|182.199997|175.190002|179.100006|2301600|0.9972796518|178.612793
2026-06-02|418|DG|113.250000|115.000000|105.550003|106.269997|9005600|0.9949256041|105.730743
2026-06-02|419|FTNT|144.339996|149.029999|141.750000|148.860001|7275600|1.0000000000|148.860001
2026-06-02|420|CHTR|142.770004|142.770004|139.399994|140.270004|2543200|1.0000000000|140.270004
2026-06-02|421|FERG|225.449997|229.600006|225.380005|227.600006|1390700|0.9962829937|226.754013
2026-06-02|422|GNRC|290.000000|294.179993|279.970001|284.579987|1555200|1.0000000000|284.579987
2026-06-02|423|LYB|66.709999|67.779999|65.949997|67.309998|3312800|0.9897823188|66.622246
2026-06-02|424|CBOE|297.679993|299.000000|269.959991|275.589996|5000100|1.0000000000|275.589996
2026-06-02|425|TSLA|418.220001|424.420013|413.649994|423.739990|37596000|1.0000000000|423.739990
2026-06-02|426|KKR|94.559998|96.000000|93.790001|94.449997|6039400|0.9981032973|94.270859
2026-06-02|427|NXPI|320.089996|325.589996|317.000000|323.619995|3871300|0.9966193239|322.525940
2026-06-02|428|GM|82.889999|84.209999|81.019997|81.730003|10550800|0.9978370584|81.553230
2026-06-02|429|TRGP|259.929993|264.220001|259.320007|263.299988|1040000|0.9953417306|262.073456
2026-06-02|430|CPAY|359.839996|362.190002|356.100006|359.820007|502700|1.0000000000|359.820007
2026-06-02|431|KMI|30.850000|31.510000|30.840000|31.440001|6298300|0.9907395899|31.148853
2026-06-02|432|HCA|371.429993|376.000000|364.290009|367.350006|1999700|0.9979998461|366.615265
2026-06-02|433|HII|298.329987|298.450012|291.640015|293.660004|527100|1.0000000000|292.296844
2026-06-02|434|APO|128.570007|130.000000|127.110001|128.759995|2538100|0.9957937992|128.218414
2026-06-02|435|MPC|257.019989|264.839996|256.970001|263.059998|2350400|0.9972693263|262.341675
2026-06-02|436|XYL|108.750000|110.610001|108.709999|110.290001|1739300|0.9962087815|109.871864
2026-06-02|437|APTV|69.000000|74.300003|68.839996|73.849998|6761500|1.0000000000|73.849998
2026-06-02|438|PSX|179.539993|183.199997|179.270004|182.559998|1309300|0.9947204324|181.596161
2026-06-02|439|AMCR|37.740002|38.910000|37.590000|38.410000|3539500|1.0000000000|38.410000
2026-06-02|440|META|603.239990|608.880005|596.679993|597.630005|18252000|0.9990740414|597.076599
2026-06-02|441|NOW|129.899994|132.740005|124.120003|127.650002|41371600|1.0000000000|127.650002
2026-06-02|442|PANW|287.459991|299.329987|287.269989|297.179993|20783700|1.0000000000|297.179993
2026-06-02|443|FANG|197.080002|203.619995|197.080002|202.399994|1819300|0.9945230033|201.291443
2026-06-02|444|WDAY|148.600006|152.009995|143.850006|148.880005|5400800|1.0000000000|148.880005
2026-06-02|445|ABBV|211.009995|216.570007|208.990005|215.399994|5861800|0.9929324291|213.877640
2026-06-02|446|NCLH|18.020000|18.230000|17.719999|18.129999|15030600|1.0000000000|18.129999
2026-06-02|447|ZTS|76.830002|77.209999|74.870003|76.389999|7651500|0.9930773248|75.861176
2026-06-02|448|IQV|185.000000|186.369995|178.860001|180.639999|1679300|1.0000000000|180.639999
2026-06-02|449|NWS|30.940001|30.940001|29.920000|30.180000|1595300|1.0000000000|30.180000
2026-06-02|450|NWSA|26.850000|27.059999|26.180000|26.410000|6084100|1.0000000000|26.410000
2026-06-02|451|CDW|140.460007|141.330002|136.740005|139.720001|2816900|0.9952456416|139.055725
2026-06-02|452|VEEV|184.740005|185.199997|179.169998|182.940002|3792500|1.0000000000|182.940002
2026-06-02|453|ALLE|130.539993|131.449997|128.479996|129.850006|865500|0.9958946033|129.316925
2026-06-02|454|HLT|331.570007|333.429993|329.989990|332.850006|1331200|0.9995449167|332.698547
2026-06-02|455|ARES|128.229996|130.050003|126.474998|128.279999|3552700|0.9900265958|127.000610
2026-06-02|456|ANET|170.699997|177.479996|170.690002|175.330002|9144300|1.0000000000|175.330002
2026-06-02|457|SYF|70.120003|71.550003|68.750000|70.970001|3032000|0.9957005565|70.664871
2026-06-02|458|CFG|60.669998|62.439999|60.560001|62.310001|5800400|0.9935492916|61.908058
2026-06-02|459|KEYS|334.839996|349.000000|333.475006|346.570007|1933400|1.0000000000|346.570007
2026-06-02|460|GDDY|91.089996|92.455002|88.449997|88.550003|2939300|1.0000000000|88.550003
2026-06-02|461|KHC|23.674999|23.740000|23.235001|23.330000|13837200|0.9821984863|22.914690
2026-06-02|462|PYPL|44.615002|45.139999|44.389999|44.529999|11441400|0.9967143863|44.383690
2026-06-02|463|LITE|935.130005|1035.000000|935.012024|1029.150024|8154600|1.0000000000|1029.150024
2026-06-02|464|HPE|63.060001|64.250000|53.470001|56.150002|153197800|0.9970828234|55.986202
2026-06-02|465|XYZ|76.309998|76.489998|73.930000|74.150002|4903500|1.0000000000|74.150002
2026-06-02|466|FTV|58.740002|60.320000|58.630001|60.160000|5343000|0.9990168769|60.100857
2026-06-02|467|DELL|466.109985|469.190002|433.429993|435.309998|16018500|0.9983502671|434.591858
2026-06-02|468|TTD|22.530001|22.600000|21.000000|21.100000|21905500|1.0000000000|21.100000
2026-06-02|469|VST|155.940002|160.779999|152.880005|157.970001|4544900|0.9986015267|157.749084
2026-06-02|470|HWM|254.119995|256.570007|249.009995|250.720001|2813300|0.9995167748|250.598846
2026-06-02|471|INVH|29.139999|29.240000|28.795000|28.870001|5521000|0.9898785423|28.577795
2026-06-02|472|CVNA|67.809998|68.320000|64.154999|65.599998|13402700|1.0000000000|65.599998
2026-06-02|473|IR|71.550003|72.250000|70.964996|71.620003|3235600|0.9997640396|71.603104
2026-06-02|474|VICI|27.780001|27.834999|27.400000|27.540001|7990000|0.9834741092|27.084879
2026-06-02|475|VRT|335.149994|345.179993|331.230011|334.489990|5077300|0.9997919900|334.420410
2026-06-02|476|MRNA|45.349998|46.169998|43.900002|45.639999|5690100|1.0000000000|45.639999
2026-06-02|477|FOXA|66.930000|67.239998|65.000000|65.690002|2683000|1.0000000000|65.690002
2026-06-02|478|FOX|59.919998|60.310001|58.029999|58.650002|1336700|1.0000000000|58.650002
2026-06-02|479|DOW|34.555000|34.924999|34.259998|34.720001|11207900|1.0000000000|34.720001
2026-06-02|480|UBER|72.599998|73.129997|71.315002|71.620003|16657700|1.0000000000|71.620003
2026-06-02|481|CTVA|77.730003|78.514999|77.120003|77.570000|2729100|1.0000000000|77.570000
2026-06-02|482|CRWD|764.849976|778.820007|745.380005|768.950012|4185300|0.2500000000|192.237503
2026-06-02|483|DDOG|264.250000|274.980011|260.369995|269.130005|9011200|1.0000000000|269.130005
2026-06-02|484|CARR|66.870003|69.830002|66.309998|66.419998|8157300|0.9964168410|66.182007
2026-06-02|485|OTIS|69.440002|70.489998|69.419998|70.330002|2957000|0.9939750786|69.906273
2026-06-02|486|PLTR|156.690002|159.550003|149.800003|152.169998|43163100|1.0000000000|152.169998
2026-06-02|487|DASH|160.539993|162.179993|154.899994|156.949997|3810900|1.0000000000|156.949997
2026-06-02|488|ABNB|136.240005|136.600006|131.839996|134.350006|3499400|1.0000000000|134.350006
2026-06-02|489|EXE|91.690002|92.555000|91.345001|91.540001|3212200|0.9940278354|90.993309
2026-06-02|490|COIN|177.169998|178.550003|171.669998|173.990005|9228400|1.0000000000|173.990005
2026-06-02|491|APP|613.859985|617.000000|591.000000|605.630005|2717800|1.0000000000|605.630005
2026-06-02|492|HOOD|88.669998|89.430000|86.129997|88.160004|26630600|1.0000000000|88.160004
2026-06-02|493|CEG|266.989990|275.000000|260.299988|272.649994|7774700|0.9984651331|272.231506
2026-06-02|494|GEHC|62.180000|62.598000|61.520000|61.990002|3234400|0.9994353928|61.955002
2026-06-02|495|KVUE|17.340000|17.480000|17.150000|17.320000|18528200|0.9889763775|17.129070
2026-06-02|496|VLTO|82.830002|83.430000|82.029999|82.430000|1969200|0.9985280797|82.308670
2026-06-02|497|RDDT|174.520004|175.750000|166.660004|169.130005|4316500|1.0000000000|169.130005
2026-06-02|498|SOLV|75.480003|76.709999|74.824997|76.430000|2374100|1.0000000000|76.430000
2026-06-02|499|GEV|962.780029|977.000000|944.150024|969.669983|2248200|0.9994893113|969.174805
2026-06-02|500|SNDK|1750.060059|1772.400024|1708.800049|1716.359985|7093300|1.0000000000|1716.359985
2026-06-02|501|Q|153.369995|156.639999|152.419998|155.740005|2460700|1.0000000000|155.740005
2026-06-02|502|FDXF|150.009995|158.490005|149.110001|153.339996|4482500|1.0000000000|153.339996
