date|security_id|ticker|open|high|low|close|volume|adj_factor|adj_close_vendor
2026-08-07|1|AEP|124.989998|126.370003|124.199997|125.730003|4311300|0.9924441265|124.779999
2026-08-07|2|BA|234.059998|235.600006|230.860001|234.419998|4107500|1.0000000000|234.419998
2026-08-07|3|CAT|865.630005|868.000000|836.010010|842.190002|2443800|1.0000000000|842.190002
2026-08-07|4|CNP|40.849998|41.259998|40.330002|40.680000|7331300|0.9940594062|40.438335
2026-08-07|5|CVX|186.210007|187.750000|185.869995|186.559998|7098800|0.9913483039|184.945938
2026-08-07|6|DIS|104.419998|105.250000|103.699997|104.910004|10929700|1.0000000000|104.910004
2026-08-07|7|DTE|139.449997|141.350006|138.550003|139.869995|1242300|1.0000000000|139.869995
2026-08-07|8|ED|108.040001|108.709999|106.559998|107.980003|2160900|0.9918651523|107.101601
2026-08-07|9|GD|386.970001|392.140015|383.260010|392.049988|1053000|1.0000000000|392.049988
2026-08-07|10|GE|376.390015|377.809998|368.440002|370.079987|2527700|1.0000000000|370.079987
2026-08-07|11|HON|240.550003|246.729996|239.479996|246.210007|2837400|0.9970084192|245.473450
2026-08-07|12|HPQ|28.309999|30.059999|28.100000|30.049999|17888600|1.0000000000|30.049999
2026-08-07|13|IBM|235.380005|237.320007|232.720001|237.279999|4763300|0.9928776129|235.589996
2026-08-07|14|IP|40.330002|41.880001|40.029999|41.580002|3594000|0.9887402721|41.111820
2026-08-07|15|JNJ|255.889999|259.600006|255.119995|259.239990|6532100|0.9950922943|257.967712
2026-08-07|16|KO|86.510002|87.169998|86.190002|87.050003|11221700|1.0000000000|87.050003
2026-08-07|17|KR|56.700001|56.910000|56.189999|56.730000|7375100|0.9931853922|56.343407
2026-08-07|18|LMT|581.109985|588.390015|577.000000|587.950012|749600|1.0000000000|587.950012
2026-08-07|19|MMM|180.220001|183.539993|179.169998|182.899994|2430400|0.9956414843|182.102814
2026-08-07|20|MO|67.150002|68.540001|67.150002|68.349998|9490700|1.0000000000|68.349998
2026-08-07|21|MRK|127.839996|128.750000|126.680000|128.580002|7347500|1.0000000000|128.580002
2026-08-07|22|MSI|478.339996|479.839996|467.309998|467.549988|996300|1.0000000000|467.549988
2026-08-07|23|PG|144.899994|146.000000|143.880005|145.789993|7565500|1.0000000000|145.789993
2026-08-07|24|XOM|152.639999|153.669998|151.529999|153.039993|18455200|0.9935665212|152.055420
2026-08-07|25|RTX|222.529999|224.309998|220.500000|223.029999|4975600|0.9966890420|222.291550
2026-08-07|26|MCD|274.510010|276.869995|273.290009|274.480011|4909700|1.0000000000|274.480011
2026-08-07|27|AXP|341.700012|343.320007|338.000000|340.910004|1793600|1.0000000000|340.910004
2026-08-07|28|BMY|64.239998|64.730003|63.790001|64.720001|7212900|1.0000000000|64.720001
2026-08-07|29|DD|144.800003|146.199997|141.789993|142.470001|1367000|1.0000000000|142.470001
2026-08-07|30|DE|612.349976|627.880005|611.210022|620.830017|942000|1.0000000000|620.830017
2026-08-07|31|EMR|157.970001|159.339996|156.910004|158.259995|2826800|0.9966201816|157.725098
2026-08-07|32|ETN|451.769989|455.820007|444.549988|448.679993|1721700|1.0000000000|448.679993
2026-08-07|33|ETR|107.220001|108.370003|105.620003|107.180000|2021100|0.9940658321|106.543976
2026-08-07|34|F|13.820000|14.090000|13.760000|13.980000|34589200|0.9892857143|13.830214
2026-08-07|35|HAL|32.189999|32.490002|31.770000|31.889999|8263200|1.0000000000|31.889999
2026-08-07|36|LLY|1188.000000|1196.800049|1161.199951|1185.709961|2898500|0.9985690653|1184.013306
2026-08-07|37|PCG|16.940001|17.600000|16.879999|17.459999|28791800|1.0000000000|17.459999
2026-08-07|38|PEP|137.539993|139.490005|137.149994|139.020004|4734000|1.0000000000|139.020004
2026-08-07|39|PFE|26.219999|26.760000|26.049999|26.760000|42744100|1.0000000000|26.760000
2026-08-07|40|TXN|283.739990|286.170013|280.970001|286.079987|7713700|1.0000000000|286.079987
2026-08-07|41|WFC|86.459999|87.360001|86.040001|87.250000|7391000|1.0000000000|87.250000
2026-08-07|42|HUBB|510.790009|519.695007|507.434998|513.989990|374215|1.0000000000|513.989990
2026-08-07|43|WMT|110.610001|112.290001|110.500000|111.849998|18819300|0.9976117102|111.582870
2026-08-07|44|AIG|79.150002|79.769997|77.870003|78.779999|4674300|1.0000000000|78.779999
2026-08-07|45|AVY|173.509995|178.000000|173.389999|177.179993|664500|1.0000000000|177.179993
2026-08-07|46|BAC|62.709999|63.220001|62.389999|63.169998|22620500|1.0000000000|63.169998
2026-08-07|47|BALL|63.459999|63.560001|62.400002|63.450001|1763100|1.0000000000|63.450001
2026-08-07|48|BDX|175.259995|177.550003|173.289993|176.860001|1851900|1.0000000000|176.860001
2026-08-07|49|CLX|105.930000|107.089996|104.769997|105.150002|2044100|0.9884526559|103.935799
2026-08-07|50|CMI|649.710022|650.289978|636.940002|644.260010|963700|0.9962915514|641.870850
2026-08-07|51|CMS|70.360001|71.410004|69.870003|71.029999|3615900|1.0000000000|71.029999
2026-08-07|52|CVS|95.199997|96.279999|94.570000|95.699997|12403400|1.0000000000|95.699997
2026-08-07|53|ECL|282.720001|287.709991|282.200012|285.170013|1106700|1.0000000000|285.170013
2026-08-07|54|ES|71.919998|73.050003|71.339996|72.330002|1491500|1.0000000000|72.330002
2026-08-07|55|EVRG|82.930000|83.989998|82.410004|83.379997|1655600|0.9917192899|82.689552
2026-08-07|56|GWW|1275.439941|1295.719971|1269.310059|1277.550049|301700|0.9980509570|1275.060059
2026-08-07|57|LNT|69.410004|69.860001|68.889999|69.370003|2152100|1.0000000000|69.370003
2026-08-07|58|MKC|52.020000|53.299999|51.910000|52.959999|1536300|1.0000000000|52.959999
2026-08-07|59|MRSH|191.179993|193.479996|190.289993|191.649994|1688600|1.0000000000|191.649994
2026-08-07|60|NEE|83.889999|85.370003|83.489998|84.650002|9327400|1.0000000000|84.018196
2026-08-07|61|NI|43.150002|43.310001|42.549999|42.610001|7667000|1.0000000000|42.610001
2026-08-07|62|PNW|100.400002|102.370003|100.260002|101.029999|1010000|1.0000000000|101.029999
2026-08-07|63|RVTY|114.980003|115.510002|113.739998|114.660004|1032400|1.0000000000|114.660004
2026-08-07|64|SNA|412.320007|416.910004|411.519989|416.350006|392200|0.9938338681|413.782715
2026-08-07|65|SPGI|405.000000|413.200012|404.200012|408.190002|1579200|0.9977597635|407.275574
2026-08-07|66|TER|397.600006|397.600006|372.799988|379.309998|3737900|1.0000000000|379.309998
2026-08-07|67|TGT|146.070007|149.800003|145.500000|149.699997|2848000|0.9923829532|148.559723
2026-08-07|68|TXT|87.860001|89.519997|87.129997|89.430000|1233500|1.0000000000|89.430000
2026-08-07|69|VMC|280.209991|287.329987|280.209991|284.690002|1215300|0.9981453742|284.162018
2026-08-07|70|XEL|76.690002|78.199997|76.080002|78.070000|5083000|1.0000000000|78.070000
2026-08-07|71|ITW|293.549988|297.670013|292.450012|296.660004|919000|1.0000000000|296.660004
2026-08-07|72|CL|92.180000|93.559998|91.699997|93.269997|3738700|1.0000000000|93.269997
2026-08-07|73|EXC|45.110001|45.889999|44.779999|45.610001|6992700|1.0000000000|45.610001
2026-08-07|74|MDT|85.459999|87.190002|84.959999|87.160004|5056700|1.0000000000|87.160004
2026-08-07|75|BNY|158.369995|158.919998|157.000000|157.610001|2793000|1.0000000000|157.610001
2026-08-07|76|EIX|67.290001|68.919998|67.050003|68.620003|3440900|1.0000000000|68.620003
2026-08-07|77|FRT|118.000000|119.290001|116.370003|118.690002|2434200|1.0000000000|118.690002
2026-08-07|78|PNR|69.680000|70.970001|68.680000|68.889999|3243100|1.0000000000|68.889999
2026-08-07|79|USB|63.599998|64.059998|63.110001|63.939999|4412500|1.0000000000|63.939999
2026-08-07|80|WY|25.670000|25.870001|25.490000|25.580000|7387000|1.0000000000|25.580000
2026-08-07|81|SYY|83.739998|84.300003|82.860001|84.290001|3278900|1.0000000000|84.290001
2026-08-07|82|WRB|71.480003|71.910004|70.559998|71.599998|1495900|1.0000000000|71.599998
2026-08-07|83|IFF|84.730003|85.900002|84.139999|85.889999|1420900|1.0000000000|85.889999
2026-08-07|84|TAP|42.240002|43.610001|42.180000|43.369999|3222500|1.0000000000|42.870296
2026-08-07|85|PNC|251.009995|253.179993|249.539993|252.559998|956200|1.0000000000|252.559998
2026-08-07|86|TRV|383.970001|386.239990|379.929993|384.309998|1235100|1.0000000000|384.309998
2026-08-07|87|C|133.820007|135.240005|132.520004|135.000000|10160300|1.0000000000|135.000000
2026-08-07|88|FDX|315.059998|319.690002|313.309998|318.570007|1214800|1.0000000000|318.570007
2026-08-07|89|WDC|457.450012|457.559998|422.500000|434.299988|11820800|1.0000000000|434.299988
2026-08-07|90|DHR|199.399994|205.190002|198.440002|204.759995|3323800|1.0000000000|204.759995
2026-08-07|91|APA|35.990002|37.900002|35.689999|37.630001|5653200|1.0000000000|37.630001
2026-08-07|92|LUV|46.919998|47.270000|46.250000|47.049999|3764400|1.0000000000|47.049999
2026-08-07|93|PEG|74.800003|75.940002|74.370003|75.660004|2351600|1.0000000000|75.660004
2026-08-07|94|UNP|292.739990|297.100006|291.299988|293.130005|2603100|1.0000000000|293.130005
2026-08-07|95|ABT|107.029999|107.970001|106.010002|107.809998|6606600|1.0000000000|107.809998
2026-08-07|96|ADI|386.730011|392.200012|385.000000|389.929993|2837500|1.0000000000|389.929993
2026-08-07|97|ADM|76.930000|77.589996|75.769997|76.589996|3083500|0.9936931471|76.106956
2026-08-07|98|ADP|272.779999|275.279999|270.140015|271.320007|2119300|1.0000000000|271.320007
2026-08-07|99|AFL|126.660004|126.989998|122.910004|124.610001|2452900|0.9949889100|123.985573
2026-08-07|100|AMAT|539.590027|545.940002|528.000000|539.140015|4555000|0.9989318178|538.564148
2026-08-07|101|AMD|497.940002|498.989990|476.059998|483.359985|26618800|1.0000000000|483.359985
2026-08-07|102|APD|297.239990|303.660004|295.859985|303.440002|749200|1.0000000000|303.440002
2026-08-07|103|BF-B|28.309999|28.700001|28.240000|28.520000|2220000|1.0000000000|28.520000
2026-08-07|104|CHD|103.059998|103.660004|102.379997|103.239998|1743900|0.9969601263|102.926163
2026-08-07|105|CINF|178.710007|178.710007|176.380005|176.860001|366200|1.0000000000|176.860001
2026-08-07|106|CMCSA|24.990000|25.500000|24.940001|25.360001|19058900|1.0000000000|25.360001
2026-08-07|107|D|66.419998|67.739998|66.000000|67.389999|4910500|1.0000000000|67.389999
2026-08-07|108|DOV|210.880005|213.630005|210.529999|211.130005|992600|1.0000000000|211.130005
2026-08-07|109|DUK|123.000000|125.400002|122.339996|124.849998|4309600|0.9912844404|123.761856
2026-08-07|110|EFX|176.779999|185.320007|176.490005|182.559998|1873400|1.0000000000|182.559998
2026-08-07|111|EQT|51.590000|51.980000|51.250000|51.689999|4827800|1.0000000000|51.689999
2026-08-07|112|FITB|56.669998|57.320000|56.380001|57.090000|3530200|1.0000000000|57.090000
2026-08-07|113|GIS|35.869999|36.889999|35.860001|36.889999|7907000|1.0000000000|36.889999
2026-08-07|114|GPC|133.360001|135.690002|132.850006|135.630005|827400|1.0000000000|135.630005
2026-08-07|115|HAS|92.260002|93.849998|91.669998|93.519997|1028400|0.9925523990|92.823494
2026-08-07|116|HBAN|17.309999|17.549999|17.200001|17.549999|21905800|1.0000000000|17.549999
2026-08-07|117|HRL|25.059999|25.389999|24.940001|25.020000|2209300|1.0000000000|25.020000
2026-08-07|118|HST|23.299999|23.650000|23.200001|23.290001|10608900|1.0000000000|23.290001
2026-08-07|119|HSY|182.210007|184.089996|181.500000|182.350006|1039900|0.9921985814|180.927414
2026-08-07|120|INTC|102.330002|103.660004|98.029999|101.650002|76760600|1.0000000000|101.650002
2026-08-07|121|J|143.669998|146.509995|143.669998|145.070007|665800|0.9975665811|144.716995
2026-08-07|122|JPM|355.760010|358.850006|353.329987|357.519989|4566200|1.0000000000|357.519989
2026-08-07|123|KMB|108.489998|109.830002|107.139999|109.680000|2705200|1.0000000000|109.680000
2026-08-07|124|L|115.209999|115.760002|114.239998|115.529999|453000|0.9994397510|115.465279
2026-08-07|125|LEN|85.940002|88.360001|85.330002|88.180000|2472800|1.0000000000|88.180000
2026-08-07|126|LOW|218.820007|223.580002|218.320007|223.350006|2360400|1.0000000000|223.350006
2026-08-07|127|MAS|75.779999|77.849998|75.680000|77.510002|1838800|0.9956337837|77.171577
2026-08-07|128|MTB|248.649994|251.500000|246.910004|250.449997|732400|1.0000000000|250.449997
2026-08-07|129|NEM|110.519997|113.769997|110.000000|112.980003|10675800|1.0000000000|112.980003
2026-08-07|130|NTRS|184.080002|185.759995|182.119995|185.500000|775700|1.0000000000|185.500000
2026-08-07|131|NUE|271.000000|273.160004|266.890015|272.630005|1045700|1.0000000000|272.630005
2026-08-07|132|OMC|82.650002|85.510002|82.269997|85.239998|2132100|1.0000000000|85.239998
2026-08-07|133|PCAR|131.759995|133.229996|130.910004|133.110001|3114700|0.9973590885|132.758469
2026-08-07|134|PGR|213.529999|215.410004|211.800003|215.330002|1755100|1.0000000000|215.330002
2026-08-07|135|PH|1078.869995|1089.349976|1072.469971|1073.869995|823500|1.0000000000|1073.869995
2026-08-07|136|PHM|129.789993|133.169998|128.779999|132.899994|1079200|1.0000000000|132.899994
2026-08-07|137|PPG|117.580002|119.989998|117.180000|119.720001|1266800|0.9938189109|118.980003
2026-08-07|138|PPL|34.900002|35.630001|34.410000|35.459999|10945500|1.0000000000|35.459999
2026-08-07|139|RF|31.309999|31.620001|31.120001|31.430000|7591900|1.0000000000|31.430000
2026-08-07|140|ROL|36.750000|37.849998|36.689999|37.740002|5675200|0.9951510336|37.557003
2026-08-07|141|SHW|365.410004|372.160004|363.859985|369.730011|1573300|0.9976939264|368.877411
2026-08-07|142|STT|183.729996|185.880005|181.979996|184.679993|1263400|1.0000000000|184.679993
2026-08-07|143|SWK|101.300003|104.400002|100.410004|103.889999|2958100|1.0000000000|103.889999
2026-08-07|144|SYK|336.670013|340.000000|332.540009|339.029999|1845900|1.0000000000|339.029999
2026-08-07|145|TMO|578.000000|594.260010|574.770020|594.000000|2206600|1.0000000000|594.000000
2026-08-07|146|TPL|360.839996|360.839996|340.579987|340.649994|491900|1.0000000000|340.649994
2026-08-07|147|TSN|58.669998|58.770000|57.860001|58.040001|2569700|1.0000000000|58.040001
2026-08-07|148|TT|479.720001|483.279999|476.779999|482.309998|996500|1.0000000000|482.309998
2026-08-07|149|TYL|309.529999|315.459991|307.790009|312.450012|693400|1.0000000000|312.450012
2026-08-07|150|UDR|38.080002|38.610001|37.840000|38.410000|2607300|0.9961781759|38.263203
2026-08-07|151|VTRS|16.480000|16.780001|16.200001|16.430000|13015400|0.9925558317|16.307693
2026-08-07|152|WEC|107.500000|108.589996|106.470001|107.629997|2359500|0.9913583604|106.699898
2026-08-07|153|WST|348.489990|356.000000|347.369995|354.070007|500700|1.0000000000|354.070007
2026-08-07|154|NDSN|309.200012|311.410004|307.700012|310.109985|243100|1.0000000000|310.109985
2026-08-07|155|TFC|52.220001|52.720001|52.009998|52.349998|6346400|0.9901868280|51.836277
2026-08-07|156|WELL|235.139999|238.360001|234.570007|236.919998|3527300|0.9962391044|236.028976
2026-08-07|157|AON|357.510010|360.600006|354.609985|358.299988|928700|1.0000000000|358.299988
2026-08-07|158|GL|185.490005|185.539993|182.309998|183.850006|537700|1.0000000000|183.850006
2026-08-07|159|OKE|86.870003|88.230003|86.199997|86.419998|2740900|1.0000000000|86.419998
2026-08-07|160|KLAC|197.979996|201.830002|195.050003|198.110001|8974100|0.9988709994|197.886337
2026-08-07|161|CSX|50.380001|50.880001|50.060001|50.270000|7239100|1.0000000000|50.270000
2026-08-07|162|PSA|326.399994|330.429993|324.000000|328.399994|978900|1.0000000000|328.399994
2026-08-07|163|NKE|42.020000|42.369999|41.610001|41.700001|22042300|1.0000000000|41.700001
2026-08-07|164|AAPL|311.450012|314.809998|310.739990|313.329987|34437200|0.9991382887|313.059998
2026-08-07|165|BRO|70.349998|72.190002|69.959999|71.430000|1665200|0.9976903696|71.265022
2026-08-07|166|UHS|168.479996|173.679993|168.000000|173.539993|413400|1.0000000000|173.539993
2026-08-07|167|HD|351.510010|356.829987|348.739990|355.619995|3584800|1.0000000000|355.619995
2026-08-07|168|BAX|26.930000|27.879999|26.559999|27.549999|8162700|1.0000000000|27.539375
2026-08-07|169|COP|115.610001|118.519997|114.889999|117.610001|7866000|0.9933743492|116.830757
2026-08-07|170|GLW|162.889999|170.429993|161.160004|165.679993|10740900|1.0000000000|165.679993
2026-08-07|171|HUM|364.000000|385.660004|363.779999|385.000000|1405000|1.0000000000|385.000000
2026-08-07|172|LHX|288.609985|289.170013|284.130005|286.670013|1094100|1.0000000000|286.670013
2026-08-07|173|NOC|566.799988|572.750000|560.539978|571.580017|442900|1.0000000000|571.580017
2026-08-07|174|OXY|55.750000|56.450001|55.130001|55.910000|7683200|1.0000000000|55.910000
2026-08-07|175|ROK|449.500000|449.500000|439.279999|441.040009|1122300|0.9969290339|439.685608
2026-08-07|176|SLB|51.049999|51.720001|50.279999|50.529999|8351400|1.0000000000|50.529999
2026-08-07|177|SO|92.199997|93.589996|91.750000|92.690002|7707900|0.9918103451|91.930901
2026-08-07|178|WMB|71.440002|72.180000|70.239998|70.400002|4592600|1.0000000000|70.400002
2026-08-07|179|VLO|298.500000|301.899994|291.459991|298.309998|3628200|1.0000000000|298.309998
2026-08-07|180|CI|274.489990|283.299988|273.029999|282.489990|2289000|1.0000000000|282.489990
2026-08-07|181|NSC|339.250000|342.059998|334.329987|334.359985|2393600|1.0000000000|334.359985
2026-08-07|182|COO|73.050003|74.580002|72.650002|74.230003|1561700|1.0000000000|74.230003
2026-08-07|183|AMGN|404.089996|411.600006|401.070007|410.950012|1821500|0.9941899340|408.562347
2026-08-07|184|RJF|178.050003|179.210007|176.169998|176.559998|598400|1.0000000000|176.559998
2026-08-07|185|WSM|246.389999|251.889999|245.210007|251.779999|995600|1.0000000000|251.779999
2026-08-07|186|CAH|237.229996|239.850006|236.300003|236.399994|1551100|1.0000000000|236.399994
2026-08-07|187|CTAS|200.630005|204.000000|200.229996|203.050003|1569000|0.9974090682|202.523911
2026-08-07|188|PAYX|119.440002|121.419998|119.059998|120.040001|1918500|1.0000000000|120.040001
2026-08-07|189|BEN|34.000000|34.160000|33.500000|33.770000|3543600|1.0000000000|33.770000
2026-08-07|190|AOS|63.000000|64.320000|62.590000|63.980000|1280700|1.0000000000|63.980000
2026-08-07|191|CASY|826.469971|837.599976|818.419983|833.950012|270000|1.0000000000|833.950012
2026-08-07|192|T|23.500000|23.910000|23.350000|23.790001|34887000|1.0000000000|23.790001
2026-08-07|193|VZ|46.340000|47.060001|46.090000|47.060001|20545000|1.0000000000|47.060001
2026-08-07|194|JBHT|266.339996|270.739990|265.299988|268.519989|599300|1.0000000000|268.519989
2026-08-07|195|ATO|170.960007|172.300003|169.699997|170.190002|907500|0.9940065930|169.169983
2026-08-07|196|LRCX|311.869995|315.589996|303.829987|311.350006|6714100|1.0000000000|311.350006
2026-08-07|197|MU|903.599976|904.799988|847.020020|877.570007|34568500|1.0000000000|877.570007
2026-08-07|198|AJG|247.960007|252.039993|246.289993|248.119995|1128700|1.0000000000|248.119995
2026-08-07|199|AME|252.960007|254.809998|251.490005|253.660004|1001500|1.0000000000|253.660004
2026-08-07|200|SWKS|67.459999|70.660004|67.129997|70.620003|3503300|1.0000000000|70.620003
2026-08-07|201|EXPD|178.100006|181.000000|177.500000|178.710007|816700|1.0000000000|178.710007
2026-08-07|202|UNH|401.589996|410.640015|400.660004|407.079987|4095900|1.0000000000|407.079987
2026-08-07|203|BBY|79.629997|82.169998|79.000000|82.000000|3778700|1.0000000000|82.000000
2026-08-07|204|DOC|21.090000|21.410000|21.010000|21.410000|4093900|0.9950937953|21.304958
2026-08-07|205|ADSK|245.000000|252.889999|245.000000|249.080002|1820900|1.0000000000|249.080002
2026-08-07|206|DVN|42.590000|43.560001|42.419998|42.980000|11843000|1.0000000000|42.980000
2026-08-07|207|NVR|6320.000000|6483.930176|6320.000000|6390.140137|40000|1.0000000000|6390.140137
2026-08-07|208|ROST|253.360001|255.979996|251.000000|255.229996|1214000|1.0000000000|255.229996
2026-08-07|209|JKHY|156.089996|157.759995|154.990005|155.949997|873500|1.0000000000|155.949997
2026-08-07|210|MNST|93.790001|93.900002|89.500000|90.360001|8504300|0.5000000000|90.360001
2026-08-07|211|ORCL|145.320007|147.160004|142.339996|147.020004|22874000|1.0000000000|147.020004
2026-08-07|212|MSFT|499.209991|505.179993|498.730011|499.989990|28846200|0.9981210382|499.050507
2026-08-07|213|TROW|114.220001|114.440002|112.839996|114.019997|1557900|1.0000000000|114.019997
2026-08-07|214|COST|943.510010|949.789978|937.510010|947.820007|1523800|1.0000000000|947.820007
2026-08-07|215|ADBE|262.820007|270.160004|261.290009|265.209991|4752600|1.0000000000|265.209991
2026-08-07|216|FISV|53.759998|53.759998|51.410000|52.410000|9426000|1.0000000000|52.410000
2026-08-07|217|BKR|62.090000|62.840000|61.540001|61.549999|7322500|1.0000000000|61.549999
2026-08-07|218|CDNS|343.000000|348.119995|335.579987|339.239990|2091700|1.0000000000|339.239990
2026-08-07|219|TJX|160.460007|162.500000|159.229996|161.360001|4722500|0.9968547277|160.852478
2026-08-07|220|FICO|1033.199951|1058.729980|1023.000000|1041.400024|308200|1.0000000000|1041.400024
2026-08-07|221|CCL|29.270000|29.270000|28.320000|28.990000|13380000|1.0000000000|28.990000
2026-08-07|222|FAST|50.580002|51.900002|50.200001|51.840000|10822000|1.0000000000|51.840000
2026-08-07|223|SCHW|107.070000|107.629997|106.190002|107.599998|7154300|0.9970924949|107.287148
2026-08-07|224|JCI|154.300003|154.850006|151.490005|152.210007|2759500|1.0000000000|152.210007
2026-08-07|225|COHR|360.019989|391.369995|353.149994|379.130005|11257200|1.0000000000|379.130005
2026-08-07|226|KEY|22.610001|22.809999|22.430000|22.730000|5589700|1.0000000000|22.730000
2026-08-07|227|MOS|23.270000|23.410000|22.850000|23.059999|5695100|1.0000000000|23.059999
2026-08-07|228|MGM|44.540001|44.880001|44.160000|44.470001|2842500|1.0000000000|44.470001
2026-08-07|229|WM|227.380005|231.559998|226.699997|227.679993|1684600|1.0000000000|227.679993
2026-08-07|230|TECH|72.000000|72.320000|71.959999|72.290001|5577400|0.9988938053|72.210037
2026-08-07|231|IEX|234.779999|237.889999|232.190002|234.460007|576900|1.0000000000|234.460007
2026-08-07|232|GEN|29.000000|29.700001|27.639999|29.170000|11324600|0.9956109550|29.041971
2026-08-07|233|CRH|97.529999|100.699997|97.320000|100.480003|6555500|0.9960081882|100.078911
2026-08-07|234|EOG|134.300003|136.490005|133.449997|134.740005|3244400|1.0000000000|134.740005
2026-08-07|235|PTC|148.000000|149.669998|146.380005|147.710007|1235200|1.0000000000|147.710007
2026-08-07|236|CSCO|121.879997|122.589996|119.449997|121.430000|15964600|1.0000000000|121.430000
2026-08-07|237|LH|316.399994|319.940002|313.320007|319.170013|429300|1.0000000000|318.487183
2026-08-07|238|TRMB|58.799999|59.869999|58.330002|59.509998|2116400|1.0000000000|59.509998
2026-08-07|239|AZO|3049.040039|3129.090088|3029.959961|3127.290039|203300|1.0000000000|3127.290039
2026-08-07|240|REGN|774.469971|785.989990|767.169983|784.359985|837600|0.9988336456|783.445129
2026-08-07|241|IDXX|587.739990|600.840027|583.440002|586.669983|594800|1.0000000000|586.669983
2026-08-07|242|AES|14.720000|14.730000|14.690000|14.730000|6795800|1.0000000000|14.730000
2026-08-07|243|VRTX|487.109985|497.399994|482.100006|496.070007|992400|1.0000000000|496.070007
2026-08-07|244|ZBRA|368.290009|383.630005|365.500000|376.489990|733700|1.0000000000|376.489990
2026-08-07|245|BIIB|207.380005|208.309998|204.160004|207.940002|840500|1.0000000000|207.940002
2026-08-07|246|ODFL|211.369995|217.960007|209.750000|216.360001|1253200|1.0000000000|216.360001
2026-08-07|247|APH|171.649994|172.410004|166.880005|169.179993|6062100|1.0000000000|169.179993
2026-08-07|248|KIM|24.389999|24.719999|24.180000|24.459999|3369100|1.0000000000|24.459999
2026-08-07|249|QCOM|163.070007|167.990005|162.300003|167.860001|9723300|1.0000000000|167.860001
2026-08-07|250|GILD|132.100006|134.089996|130.589996|133.210007|8201800|1.0000000000|133.210007
2026-08-07|251|ROP|400.320007|404.260010|394.720001|402.250000|686600|1.0000000000|402.250000
2026-08-07|252|SNPS|408.790009|416.440002|405.619995|415.989990|1161500|1.0000000000|415.989990
2026-08-07|253|STZ|132.910004|136.589996|132.559998|135.759995|1779600|1.0000000000|135.759995
2026-08-07|254|BSX|49.500000|50.119999|49.060001|49.310001|11447000|1.0000000000|49.310001
2026-08-07|255|STE|229.399994|238.449997|227.419998|237.470001|804000|1.0000000000|237.470001
2026-08-07|256|DHI|146.460007|151.339996|146.460007|151.080002|2268600|1.0000000000|151.080002
2026-08-07|257|LIN|486.579987|493.040009|486.200012|489.980011|1731300|1.0000000000|489.980011
2026-08-07|258|SBUX|104.029999|106.849998|103.669998|105.580002|6378200|0.9942883465|104.976967
2026-08-07|259|MS|213.740005|216.470001|211.809998|216.330002|5225800|1.0000000000|216.330002
2026-08-07|260|INTU|327.000000|336.299988|324.640015|325.250000|2977700|1.0000000000|325.250000
2026-08-07|261|MCHP|81.349998|85.970001|80.680000|84.690002|19095100|0.9940194534|84.183510
2026-08-07|262|CB|350.880005|352.619995|348.200012|350.309998|1354600|1.0000000000|350.309998
2026-08-07|263|ORLY|92.519997|94.010002|91.970001|93.529999|4385300|1.0000000000|93.529999
2026-08-07|264|RCL|323.339996|325.010010|318.209991|320.000000|1161700|1.0000000000|320.000000
2026-08-07|265|JBL|347.320007|351.230011|338.500000|341.220001|1057000|0.9997839939|341.146301
2026-08-07|266|ALL|272.089996|272.369995|266.200012|267.000000|2751200|1.0000000000|267.000000
2026-08-07|267|CPT|111.239998|112.150002|110.440002|111.930000|767700|1.0000000000|111.930000
2026-08-07|268|VMRK|66.500000|67.440002|66.260002|67.070000|2136000|1.0000000000|67.070000
2026-08-07|269|IT|190.000000|194.529999|183.960007|185.600006|1194900|1.0000000000|185.600006
2026-08-07|270|DECK|96.980003|98.580002|96.779999|97.459999|1237100|1.0000000000|97.459999
2026-08-07|271|REG|76.930000|77.639999|76.040001|77.120003|1606800|1.0000000000|77.120003
2026-08-07|272|INCY|118.559998|120.879997|117.379997|120.559998|1540400|1.0000000000|120.559998
2026-08-07|273|SPG|221.759995|223.080002|219.559998|222.910004|1318400|1.0000000000|222.910004
2026-08-07|274|MAA|133.380005|135.240005|132.320007|134.960007|864700|1.0000000000|134.960007
2026-08-07|275|MLM|543.880005|554.789978|535.859985|548.570007|453700|1.0000000000|548.570007
2026-08-07|276|TSCO|33.950001|34.590000|33.360001|34.560001|12477100|0.9931389364|34.322884
2026-08-07|277|ALB|129.250000|132.990005|125.639999|131.110001|2632600|1.0000000000|131.110001
2026-08-07|278|CPRT|28.709999|29.860001|28.700001|29.660000|7803100|1.0000000000|29.660000
2026-08-07|279|FLEX|124.730003|126.110001|119.779999|121.349998|3374000|1.0000000000|121.349998
2026-08-07|280|ESS|284.739990|288.739990|281.809998|288.100006|241000|1.0000000000|288.100006
2026-08-07|281|O|62.299999|62.910000|62.160000|62.509998|4787200|1.0000000000|62.509998
2026-08-07|282|MCO|473.000000|480.709991|472.329987|477.750000|696300|0.9978911593|476.742523
2026-08-07|283|SJM|118.160004|120.709999|117.660004|120.160004|685400|0.9907154105|119.044365
2026-08-07|284|MCK|864.340027|889.690002|864.320007|869.580017|1562200|1.0000000000|869.580017
2026-08-07|285|COF|218.490005|219.639999|216.500000|217.759995|2569900|0.9964810416|216.993713
2026-08-07|286|EME|820.559998|831.539978|801.599976|816.900024|356500|1.0000000000|816.900024
2026-08-07|287|DLTR|127.959999|131.750000|127.959999|130.899994|1630600|1.0000000000|130.899994
2026-08-07|288|COR|324.000000|328.989990|319.459991|320.459991|1560500|0.9980645786|319.839752
2026-08-07|289|DRI|211.250000|215.779999|210.559998|213.759995|975300|1.0000000000|213.759995
2026-08-07|290|RMD|207.179993|215.500000|202.000000|211.940002|3810300|0.9971385215|211.333542
2026-08-07|291|WAB|295.269989|295.760010|291.200012|291.809998|1682900|0.9989689007|291.509125
2026-08-07|292|FCX|69.970001|70.540001|68.639999|69.620003|11290100|1.0000000000|69.620003
2026-08-07|293|IVZ|31.830000|31.920000|31.520000|31.580000|4619400|0.9933559952|31.370182
2026-08-07|294|ACGL|98.769997|99.330002|97.430000|98.480003|1125200|1.0000000000|98.480003
2026-08-07|295|ERIE|251.660004|258.420013|250.550003|252.580002|239700|1.0000000000|252.580002
2026-08-07|296|EG|365.790009|375.040009|364.559998|374.959991|289600|1.0000000000|374.959991
2026-08-07|297|DVA|181.940002|183.869995|176.589996|183.770004|1244900|1.0000000000|183.770004
2026-08-07|298|HSIC|88.120003|88.830002|87.570000|88.129997|649700|1.0000000000|88.129997
2026-08-07|299|EL|85.489998|88.870003|85.050003|88.349998|2118000|1.0000000000|88.349998
2026-08-07|300|WAT|400.600006|407.880005|397.089996|406.859985|888600|1.0000000000|406.859985
2026-08-07|301|NTAP|194.179993|194.179993|186.419998|189.520004|1740200|1.0000000000|189.520004
2026-08-07|302|HIG|143.880005|144.419998|142.160004|143.279999|1474000|1.0000000000|143.279999
2026-08-07|303|IRM|122.699997|123.260002|120.529999|121.150002|1491800|1.0000000000|121.150002
2026-08-07|304|BRK-B|520.260010|521.989990|517.429993|521.799988|3645100|1.0000000000|521.799988
2026-08-07|305|FDS|275.750000|286.730011|275.750000|285.570007|941000|1.0000000000|285.570007
2026-08-07|306|STLD|261.369995|262.760010|255.800003|262.450012|995000|1.0000000000|262.450012
2026-08-07|307|DGX|236.339996|239.380005|236.339996|238.350006|574500|1.0000000000|238.350006
2026-08-07|308|CIEN|411.040009|420.000000|396.890015|412.390015|1887200|1.0000000000|412.390015
2026-08-07|309|TTWO|233.500000|247.539993|231.070007|246.500000|3987100|1.0000000000|246.500000
2026-08-07|310|VTR|91.800003|93.400002|91.739998|93.360001|2276700|1.0000000000|93.360001
2026-08-07|311|AMZN|272.869995|278.309998|272.750000|274.480011|33861400|1.0000000000|274.480011
2026-08-07|312|ARE|48.700001|50.169998|48.150002|49.740002|1946100|1.0000000000|49.740002
2026-08-07|313|RL|395.559998|400.450012|386.290009|395.529999|709500|1.0000000000|395.529999
2026-08-07|314|BXP|69.389999|70.040001|68.720001|69.709999|911400|1.0000000000|69.709999
2026-08-07|315|FIX|1760.750000|1769.000000|1659.280029|1694.550049|341200|0.9994824076|1693.672974
2026-08-07|316|YUM|151.500000|151.949997|150.240005|150.759995|1781600|1.0000000000|150.759995
2026-08-07|317|CHRW|146.089996|150.990005|145.660004|149.350006|1487500|1.0000000000|149.350006
2026-08-07|318|FE|46.799999|47.660000|46.599998|47.470001|4112300|1.0000000000|47.470001
2026-08-07|319|MTD|1419.489990|1435.310059|1410.390015|1429.459961|123700|1.0000000000|1429.459961
2026-08-07|320|PLD|139.320007|140.419998|138.250000|140.160004|4575600|1.0000000000|140.160004
2026-08-07|321|URI|1165.000000|1179.180054|1159.140015|1162.839966|355300|0.9982773546|1160.836792
2026-08-07|322|AEE|107.889999|109.559998|107.169998|108.839996|1366800|1.0000000000|108.839996
2026-08-07|323|VRSN|294.320007|296.149994|291.760010|294.559998|556600|0.9970730649|293.697845
2026-08-07|324|PWR|683.000000|688.880005|657.460022|671.859985|750100|1.0000000000|671.859985
2026-08-07|325|AMT|170.509995|173.770004|170.509995|172.539993|1560500|1.0000000000|172.539993
2026-08-07|326|MAR|358.839996|359.970001|353.459991|353.910004|2278700|0.9979719406|353.192261
2026-08-07|327|CTSH|56.869999|58.230000|56.270000|57.669998|12627300|0.9941706413|57.333820
2026-08-07|328|SRE|83.839996|85.709999|83.650002|83.879997|6403200|1.0000000000|83.879997
2026-08-07|329|CSGP|30.049999|31.680000|30.040001|30.240000|6205500|1.0000000000|30.240000
2026-08-07|330|RSG|213.759995|219.289993|211.880005|214.559998|1922800|1.0000000000|214.559998
2026-08-07|331|CCI|74.739998|76.260002|74.739998|75.589996|2091800|1.0000000000|75.589996
2026-08-07|332|EBAY|111.570000|115.169998|110.410004|111.980003|5512400|1.0000000000|111.640572
2026-08-07|333|NVDA|221.539993|224.759995|220.660004|223.960007|105669400|1.0000000000|223.960007
2026-08-07|334|BKNG|207.250000|215.690002|207.160004|214.419998|7207600|1.0000000000|214.419998
2026-08-07|335|GS|1038.339966|1047.000000|1032.030029|1039.609985|1429400|1.0000000000|1039.609985
2026-08-07|336|FFIV|420.000000|420.000000|400.070007|400.230011|588800|1.0000000000|400.230011
2026-08-07|337|SBAC|183.699997|185.820007|181.880005|184.029999|595000|0.9931480565|182.769028
2026-08-07|338|LII|434.299988|444.100006|434.299988|439.769989|598200|1.0000000000|439.769989
2026-08-07|339|BLK|1132.530029|1143.520020|1128.650024|1136.390015|588800|1.0000000000|1136.390015
2026-08-07|340|TKO|185.979996|189.440002|185.339996|186.559998|624900|1.0000000000|186.559998
2026-08-07|341|AKAM|124.000000|125.550003|110.019997|110.540001|8147200|1.0000000000|110.540001
2026-08-07|342|UPS|103.199997|105.250000|102.440002|104.500000|5645300|0.9843062201|102.860001
2026-08-07|343|A|141.429993|146.160004|140.850006|145.970001|1525200|1.0000000000|145.970001
2026-08-07|344|TDY|689.599976|691.619995|680.960022|691.299988|302800|1.0000000000|691.299988
2026-08-07|345|PKG|252.320007|256.940002|248.660004|256.040009|479300|1.0000000000|256.040009
2026-08-07|346|EW|89.440002|90.360001|88.769997|89.720001|2442000|1.0000000000|89.720001
2026-08-07|347|MET|99.489998|99.489998|97.070000|97.769997|4312800|1.0000000000|97.769997
2026-08-07|348|ON|80.230003|81.629997|79.720001|81.169998|9839500|1.0000000000|81.169998
2026-08-07|349|ISRG|374.549988|379.899994|372.630005|378.809998|2465700|1.0000000000|378.809998
2026-08-07|350|CRL|261.529999|267.589996|260.820007|267.489990|612500|1.0000000000|267.489990
2026-08-07|351|MRVL|219.050003|221.869995|205.520004|218.720001|19663400|1.0000000000|218.720001
2026-08-07|352|EQIX|1059.469971|1063.160034|1041.479980|1042.619995|487600|0.9952446339|1037.661987
2026-08-07|353|TPR|163.100006|163.399994|159.860001|162.360001|2225200|1.0000000000|162.360001
2026-08-07|354|GRMN|304.829987|312.700012|303.359985|310.890015|900200|1.0000000000|310.890015
2026-08-07|355|GPN|87.599998|88.500000|84.639999|86.120003|5308800|1.0000000000|86.120003
2026-08-07|356|ALGN|169.149994|173.839996|165.000000|173.660004|870100|1.0000000000|173.660004
2026-08-07|357|WTW|340.000000|345.510010|335.660004|344.820007|421600|1.0000000000|344.820007
2026-08-07|358|MDLZ|62.419998|63.080002|61.939999|62.610001|5293600|1.0000000000|62.610001
2026-08-07|359|AXON|526.320007|572.679993|525.010010|571.010010|1591900|1.0000000000|571.010010
2026-08-07|360|FIS|42.590000|43.020000|42.169998|42.770000|5796900|1.0000000000|42.770000
2026-08-07|361|ACN|171.130005|176.330002|170.570007|175.720001|3678000|1.0000000000|175.720001
2026-08-07|362|ZBH|96.580002|96.889999|94.879997|96.550003|2186700|1.0000000000|96.550003
2026-08-07|363|BG|108.400002|110.360001|107.599998|108.379997|1473200|0.9937342270|107.700912
2026-08-07|364|PFG|114.480003|114.739998|113.050003|113.400002|1275800|1.0000000000|113.400002
2026-08-07|365|ELV|390.390015|395.700012|387.309998|394.200012|941900|1.0000000000|394.200012
2026-08-07|366|CNC|64.070000|66.519997|63.950001|65.769997|3526500|1.0000000000|65.769997
2026-08-07|367|PRU|121.000000|122.510002|120.309998|121.279999|2079900|0.9885872665|119.895859
2026-08-07|368|NFLX|73.120003|74.500000|73.080002|74.139999|24819000|1.0000000000|74.139999
2026-08-07|369|NDAQ|94.510002|96.050003|94.260002|94.589996|2140700|1.0000000000|94.589996
2026-08-07|370|WYNN|101.150002|103.339996|99.900002|102.540001|1502400|0.9975578784|102.289589
2026-08-07|371|CME|262.570007|266.269989|262.429993|263.660004|1250900|1.0000000000|263.660004
2026-08-07|372|STX|862.679993|862.679993|761.799988|812.760010|5970700|1.0000000000|812.760010
2026-08-07|373|NRG|119.000000|123.309998|117.860001|118.129997|3606500|1.0000000000|118.129997
2026-08-07|374|AIZ|296.380005|298.230011|288.660004|289.549988|486800|1.0000000000|289.549988
2026-08-07|375|CBRE|148.300003|152.559998|147.339996|148.179993|1425600|1.0000000000|148.179993
2026-08-07|376|CRM|191.089996|194.699997|190.600006|192.740005|11392800|1.0000000000|192.740005
2026-08-07|377|DPZ|354.940002|355.209991|349.760010|350.950012|826700|1.0000000000|350.950012
2026-08-07|378|EXR|149.490005|151.350006|148.860001|149.539993|872600|1.0000000000|149.539993
2026-08-07|379|GOOG|355.279999|357.549988|352.820007|353.470001|14516700|1.0000000000|353.470001
2026-08-07|380|GOOGL|356.720001|358.899994|353.779999|354.299988|19859900|1.0000000000|354.299988
2026-08-07|381|DLR|193.940002|195.820007|192.639999|193.800003|2656900|1.0000000000|193.800003
2026-08-07|382|MPWR|1385.969971|1417.089966|1370.949951|1401.540039|605700|1.0000000000|1401.540039
2026-08-07|383|LVS|46.099998|46.230000|45.060001|45.770000|4076400|1.0000000000|45.770000
2026-08-07|384|DXCM|82.489998|85.059998|82.089996|84.750000|4626100|1.0000000000|84.750000
2026-08-07|385|BLDR|73.559998|76.800003|73.559998|74.690002|2130800|1.0000000000|74.690002
2026-08-07|386|WBD|26.320000|26.850000|26.270000|26.780001|12230400|1.0000000000|26.780001
2026-08-07|387|EXPE|311.480011|314.790009|304.850006|310.679993|1620000|0.9985604607|310.232758
2026-08-07|388|CF|114.400002|115.769997|111.889999|114.349998|2041000|0.9948739856|113.763840
2026-08-07|389|AMP|555.219971|558.590027|549.799988|551.979980|463300|1.0000000000|551.979980
2026-08-07|390|ICE|150.000000|153.320007|149.910004|150.300003|3132100|1.0000000000|150.300003
2026-08-07|391|PSKY|9.060000|9.460000|9.030000|9.190000|9326900|1.0000000000|9.190000
2026-08-07|392|LYV|182.000000|184.169998|179.839996|180.660004|1336100|1.0000000000|180.660004
2026-08-07|393|CMG|33.349998|33.410000|32.740002|32.790001|18463900|1.0000000000|32.790001
2026-08-07|394|UAL|130.039993|130.330002|127.669998|129.559998|2169700|1.0000000000|129.559998
2026-08-07|395|TDG|1272.949951|1273.069946|1220.420044|1225.250000|521600|1.0000000000|1225.250000
2026-08-07|396|MA|572.570007|572.989990|561.619995|562.950012|3018500|1.0000000000|562.950012
2026-08-07|397|LDOS|133.229996|137.750000|132.710007|137.570007|1955000|1.0000000000|137.570007
2026-08-07|398|FSLR|259.109985|269.700012|247.899994|250.050003|5214300|1.0000000000|250.050003
2026-08-07|399|BR|164.720001|167.800003|163.580002|166.500000|2169800|1.0000000000|166.500000
2026-08-07|400|SMCI|29.940001|31.340000|29.680000|31.129999|32380700|1.0000000000|31.129999
2026-08-07|401|TMUS|178.410004|179.660004|176.619995|177.190002|4831100|1.0000000000|176.173218
2026-08-07|402|DAL|92.300003|92.440002|90.849998|91.339996|3386100|1.0000000000|91.339996
2026-08-07|403|IBKR|86.570000|87.970001|85.370003|87.830002|7785100|1.0000000000|87.830002
2026-08-07|404|PODD|138.000000|142.220001|136.460007|141.169998|1591300|1.0000000000|141.169998
2026-08-07|405|TEL|214.679993|217.070007|213.759995|216.330002|2552000|0.9961105015|215.488586
2026-08-07|406|BX|135.100006|138.500000|134.619995|137.130005|4069700|1.0000000000|137.130005
2026-08-07|407|LULU|124.540001|128.860001|124.000000|128.580002|2792100|1.0000000000|128.580002
2026-08-07|408|ULTA|538.849976|566.729980|537.919983|565.150024|566300|1.0000000000|565.150024
2026-08-07|409|MSCI|567.270020|571.429993|560.849976|563.169983|617300|0.9964362700|561.163025
2026-08-07|410|ECHO|87.250000|91.070000|87.070000|90.040001|4773100|1.0000000000|90.040001
2026-08-07|411|PM|187.279999|190.169998|186.509995|189.570007|4718400|1.0000000000|189.570007
2026-08-07|412|V|368.510010|370.250000|361.519989|362.500000|5112500|0.9981456881|361.827820
2026-08-07|413|AWK|133.539993|136.240005|133.220001|135.309998|1200100|0.9933923956|134.415924
2026-08-07|414|KDP|29.860001|30.150000|29.450001|30.010000|12391700|1.0000000000|30.010000
2026-08-07|415|SW|47.099998|48.310001|46.654999|48.279999|3365300|0.9909636146|47.843723
2026-08-07|416|AVGO|428.399994|430.839996|421.609985|427.760010|14698300|1.0000000000|427.760010
2026-08-07|417|VRSK|189.630005|194.960007|187.600006|191.820007|1260900|1.0000000000|191.820007
2026-08-07|418|DG|127.150002|127.980003|125.559998|126.589996|1833500|1.0000000000|126.589996
2026-08-07|419|FTNT|165.020004|165.500000|158.559998|159.639999|4826800|1.0000000000|159.639999
2026-08-07|420|CHTR|156.000000|156.550003|151.990005|152.570007|2022900|1.0000000000|152.570007
2026-08-07|421|FERG|254.179993|260.880005|254.179993|256.690002|2616700|0.9962829937|255.735886
2026-08-07|422|GNRC|214.000000|216.910004|210.580002|212.220001|663900|1.0000000000|212.220001
2026-08-07|423|LYB|60.570000|60.810001|59.209999|59.590000|4891900|0.9897823188|58.981129
2026-08-07|424|CBOE|284.420013|290.760010|284.420013|286.579987|756000|1.0000000000|286.579987
2026-08-07|425|TSLA|322.339996|333.730011|321.250000|328.579987|39492300|1.0000000000|328.579987
2026-08-07|426|KKR|103.269997|104.919998|102.279999|102.809998|7048600|0.9981032973|102.614998
2026-08-07|427|NXPI|237.309998|240.289993|235.369995|239.710007|3216800|1.0000000000|239.710007
2026-08-07|428|GM|86.889999|87.879997|86.330002|87.580002|4024000|1.0000000000|87.580002
2026-08-07|429|TRGP|263.760010|267.480011|255.080002|256.869995|1636100|1.0000000000|256.869995
2026-08-07|430|CPAY|398.489990|400.959991|390.630005|392.940002|537500|1.0000000000|392.940002
2026-08-07|431|KMI|31.059999|31.209999|30.770000|30.850000|8187400|1.0000000000|30.850000
2026-08-07|432|HCA|404.299988|414.470001|401.570007|413.359985|1071800|1.0000000000|413.359985
2026-08-07|433|HII|322.920013|325.190002|320.500000|324.480011|292700|1.0000000000|322.973785
2026-08-07|434|APO|128.210007|129.369995|126.860001|127.440002|4050200|0.9957937992|126.903969
2026-08-07|435|MPC|295.140015|301.489990|290.359985|298.200012|2300300|0.9972693263|297.385742
2026-08-07|436|XYL|120.620003|122.160004|120.059998|120.320000|1517000|0.9962087815|119.863838
2026-08-07|437|APTV|47.549999|49.560001|47.139999|49.549999|5964100|1.0000000000|49.549999
2026-08-07|438|PSX|202.440002|206.039993|200.500000|203.910004|2909000|0.9947204324|202.833450
2026-08-07|439|AMCR|47.180000|47.900002|46.889999|47.860001|2209200|1.0000000000|47.860001
2026-08-07|440|META|585.640015|598.739990|585.619995|592.099976|11250300|1.0000000000|592.099976
2026-08-07|441|NOW|121.669998|126.150002|120.959999|124.879997|26705900|1.0000000000|124.879997
2026-08-07|442|PANW|365.500000|370.500000|359.149994|363.859985|4811300|1.0000000000|363.859985
2026-08-07|443|FANG|187.389999|189.070007|184.800003|188.039993|1506900|0.9945230033|187.010101
2026-08-07|444|WDAY|174.300003|182.720001|174.279999|179.639999|3299700|1.0000000000|179.639999
2026-08-07|445|ABBV|243.619995|246.759995|241.949997|246.039993|4930700|1.0000000000|246.039993
2026-08-07|446|NCLH|19.650000|19.650000|19.070000|19.250000|14430300|1.0000000000|19.250000
2026-08-07|447|ZTS|77.919998|79.250000|72.190002|72.660004|12784600|1.0000000000|72.660004
2026-08-07|448|IQV|232.410004|238.779999|230.500000|238.699997|1054300|1.0000000000|238.699997
2026-08-07|449|NWS|33.700001|33.700001|32.380001|32.450001|830200|1.0000000000|32.450001
2026-08-07|450|NWSA|29.420000|29.540001|28.389999|28.520000|4542900|1.0000000000|28.520000
2026-08-07|451|CDW|141.169998|141.720001|135.529999|135.809998|2392900|0.9952456416|135.164307
2026-08-07|452|VEEV|224.350006|231.660004|223.309998|230.470001|2565500|1.0000000000|230.470001
2026-08-07|453|ALLE|166.929993|170.869995|166.830002|168.940002|1066100|1.0000000000|168.940002
2026-08-07|454|HLT|322.200012|322.670013|316.660004|317.600006|1447700|0.9995449167|317.455475
2026-08-07|455|ARES|138.199997|140.830002|136.479996|136.850006|1402500|1.0000000000|136.850006
2026-08-07|456|ANET|198.000000|198.000000|187.500000|188.669998|7208500|1.0000000000|188.669998
2026-08-07|457|SYF|78.160004|78.955002|77.599998|78.589996|2038700|1.0000000000|78.589996
2026-08-07|458|CFG|72.029999|72.940002|71.589996|72.669998|1999700|1.0000000000|72.669998
2026-08-07|459|KEYS|339.500000|344.920013|335.480011|340.970001|852100|1.0000000000|340.970001
2026-08-07|460|GDDY|90.940002|93.449997|90.559998|91.070000|1858200|1.0000000000|91.070000
2026-08-07|461|KHC|24.895000|25.365000|24.870001|25.320000|14251800|1.0000000000|25.320000
2026-08-07|462|PYPL|59.689999|59.990002|58.810001|59.070000|8413900|1.0000000000|59.070000
2026-08-07|463|LITE|870.000000|928.479980|861.900024|890.169983|5818800|1.0000000000|890.169983
2026-08-07|464|HPE|53.480000|53.564999|50.650002|53.220001|14041900|1.0000000000|53.220001
2026-08-07|465|XYZ|78.959999|80.040001|77.919998|79.000000|6002000|1.0000000000|79.000000
2026-08-07|466|FTV|60.669998|62.169998|60.415001|61.709999|2503000|1.0000000000|61.709999
2026-08-07|467|DELL|444.950012|455.880005|416.299988|453.769989|5208400|1.0000000000|453.769989
2026-08-07|468|TTD|12.870000|14.570000|12.830000|13.800000|133339600|1.0000000000|13.800000
2026-08-07|469|VST|138.615005|142.690002|134.750000|140.589996|7860700|1.0000000000|140.589996
2026-08-07|470|HWM|291.450012|294.700012|280.890015|281.880005|2001000|1.0000000000|281.880005
2026-08-07|471|INVH|30.459999|30.645000|30.219999|30.370001|2950000|1.0000000000|30.370001
2026-08-07|472|CVNA|69.430000|73.169998|69.324997|70.849998|10488600|1.0000000000|70.849998
2026-08-07|473|IR|87.809998|89.269997|86.790001|86.970001|5377100|0.9997640396|86.949478
2026-08-07|474|VICI|26.600000|26.750000|26.450001|26.740000|7172100|1.0000000000|26.740000
2026-08-07|475|VRT|284.920013|285.903992|269.190002|272.399994|3909500|1.0000000000|272.399994
2026-08-07|476|MRNA|54.790001|59.415001|54.619999|59.169998|6820600|1.0000000000|59.169998
2026-08-07|477|FOXA|62.375000|64.279999|62.375000|64.029999|6692700|1.0000000000|64.029999
2026-08-07|478|FOX|55.380001|57.180000|55.380001|57.029999|1386800|1.0000000000|57.029999
2026-08-07|479|DOW|29.799999|29.940001|29.264999|29.340000|9022100|1.0000000000|29.340000
2026-08-07|480|UBER|71.290001|75.419998|71.230003|75.019997|33069600|1.0000000000|75.019997
2026-08-07|481|CTVA|76.599998|77.459999|75.680000|76.830002|3375300|1.0000000000|76.830002
2026-08-07|482|CRWD|213.824997|216.574997|208.199997|214.419998|5882000|1.0000000000|214.419998
2026-08-07|483|DDOG|234.809998|248.350006|233.199997|233.929993|8541400|1.0000000000|233.929993
2026-08-07|484|CARR|63.880001|64.669998|63.400002|64.010002|5059600|1.0000000000|64.010002
2026-08-07|485|OTIS|73.580002|74.800003|73.480003|73.989998|2602400|0.9939750786|73.544212
2026-08-07|486|PLTR|160.070007|172.410004|159.960007|172.009995|77579900|1.0000000000|172.009995
2026-08-07|487|DASH|212.250000|222.389999|209.619995|216.259995|6257300|1.0000000000|216.259995
2026-08-07|488|ABNB|164.699997|178.479996|163.449997|178.070007|15915000|1.0000000000|178.070007
2026-08-07|489|EXE|91.690002|93.820000|91.599998|92.839996|2240200|0.9940278354|92.285545
2026-08-07|490|COIN|148.210007|155.399994|145.570007|153.600006|8747700|1.0000000000|153.600006
2026-08-07|491|APP|337.540009|350.929993|336.670013|346.799988|7737000|1.0000000000|346.799988
2026-08-07|492|HOOD|92.910004|95.750000|92.519997|93.290001|14860500|1.0000000000|93.290001
2026-08-07|493|CEG|263.924988|270.989990|261.369995|269.890015|2606100|0.9984651331|269.475769
2026-08-07|494|GEHC|70.235001|71.919998|69.669998|71.769997|2938800|1.0000000000|71.769997
2026-08-07|495|KVUE|19.084999|19.270000|18.865000|19.230000|14325900|0.9889763775|19.018015
2026-08-07|496|VLTO|98.129997|98.980003|96.622002|98.339996|1159500|1.0000000000|98.339996
2026-08-07|497|RDDT|153.300003|163.899994|153.220001|161.699997|4509600|1.0000000000|161.699997
2026-08-07|498|SOLV|81.949997|83.690002|81.220001|82.980003|1104100|1.0000000000|82.980003
2026-08-07|499|GEV|1013.200012|1013.200012|963.539978|990.320007|2477400|1.0000000000|990.320007
2026-08-07|500|SNDK|1309.300049|1309.530029|1184.369995|1212.209961|13953700|1.0000000000|1212.209961
2026-08-07|501|Q|136.460007|138.970001|135.710007|138.000000|1311700|1.0000000000|138.000000
2026-08-07|502|FDXF|146.559998|150.000000|142.970001|144.759995|1328900|1.0000000000|144.759995
2026-08-07|503|HONA|156.240005|168.880005|154.009995|168.509995|8048300|1.0000000000|168.509995
