date|security_id|ticker|open|high|low|close|volume|adj_factor|adj_close_vendor
2026-08-11|1|AEP|122.529999|123.820000|122.279999|123.580002|2694900|1.0000000000|123.580002
2026-08-11|2|BA|235.610001|237.110001|232.830002|233.240005|2771900|1.0000000000|233.240005
2026-08-11|3|CAT|850.000000|864.250000|842.109985|843.369995|2173800|1.0000000000|843.369995
2026-08-11|4|CNP|40.070000|40.290001|39.799999|40.180000|6410400|0.9940594062|39.941307
2026-08-11|5|CVX|194.250000|197.460007|194.250000|196.660004|6049800|0.9913483039|194.958572
2026-08-11|6|DIS|102.949997|104.089996|102.790001|103.529999|6781600|1.0000000000|103.529999
2026-08-11|7|DTE|136.779999|138.080002|135.759995|137.639999|1264300|1.0000000000|137.639999
2026-08-11|8|ED|105.989998|107.639999|105.900002|107.500000|1862000|0.9918651523|106.625504
2026-08-11|9|GD|396.149994|396.959991|391.250000|391.890015|569900|1.0000000000|391.890015
2026-08-11|10|GE|367.739990|372.559998|366.470001|368.059998|2286100|1.0000000000|368.059998
2026-08-11|11|HON|242.320007|244.809998|229.699997|230.119995|5436300|0.9970084192|229.431580
2026-08-11|12|HPQ|29.700001|29.700001|28.790001|29.070000|9930000|1.0000000000|29.070000
2026-08-11|13|IBM|236.309998|241.800003|235.440002|238.419998|4469000|1.0000000000|238.419998
2026-08-11|14|IP|41.060001|41.970001|40.860001|41.799999|3425900|0.9887402721|41.329342
2026-08-11|15|JNJ|261.230011|264.149994|258.359985|259.799988|5945900|0.9950922943|258.524963
2026-08-11|16|KO|86.620003|87.050003|86.110001|86.480003|16018000|1.0000000000|86.480003
2026-08-11|17|KR|56.139999|56.990002|55.810001|56.250000|6349600|0.9931853922|55.866680
2026-08-11|18|LMT|600.309998|602.750000|592.890015|597.770020|924800|1.0000000000|597.770020
2026-08-11|19|MMM|181.940002|184.380005|181.759995|183.130005|2335500|0.9956414843|182.331833
2026-08-11|20|MO|64.879997|65.379997|64.510002|65.029999|9792800|1.0000000000|65.029999
2026-08-11|21|MRK|129.929993|132.839996|129.699997|130.419998|6342200|1.0000000000|130.419998
2026-08-11|22|MSI|459.410004|470.489990|457.890015|466.859985|764200|1.0000000000|466.859985
2026-08-11|23|PG|145.410004|145.710007|143.929993|145.210007|7936700|1.0000000000|145.210007
2026-08-11|24|XOM|159.660004|161.669998|159.270004|159.800003|13744500|0.9935665212|158.771927
2026-08-11|25|RTX|224.000000|225.339996|222.339996|223.860001|2930400|0.9966890420|223.118805
2026-08-11|26|MCD|273.230011|274.209991|271.320007|274.149994|3030600|1.0000000000|274.149994
2026-08-11|27|AXP|338.489990|343.589996|338.119995|340.809998|2091600|1.0000000000|340.809998
2026-08-11|28|BMY|64.559998|65.019997|63.540001|63.610001|9366700|1.0000000000|63.610001
2026-08-11|29|DD|141.339996|146.350006|141.339996|144.490005|1189800|1.0000000000|144.490005
2026-08-11|30|DE|608.469971|621.299988|606.320007|617.950012|674700|1.0000000000|617.950012
2026-08-11|31|EMR|159.000000|164.419998|159.000000|164.380005|2530900|0.9966201816|163.824432
2026-08-11|32|ETN|446.970001|463.750000|446.500000|459.290009|1840300|1.0000000000|459.290009
2026-08-11|33|ETR|105.989998|106.949997|105.559998|106.570000|2684200|0.9940658321|105.937592
2026-08-11|34|F|13.890000|14.180000|13.840000|13.980000|36394900|1.0000000000|13.980000
2026-08-11|35|HAL|33.689999|33.950001|33.580002|33.799999|8157900|1.0000000000|33.799999
2026-08-11|36|LLY|1230.650024|1238.000000|1209.530029|1215.020020|2113200|0.9985690653|1213.281372
2026-08-11|37|PCG|17.049999|17.440001|16.940001|17.299999|15984900|1.0000000000|17.299999
2026-08-11|38|PEP|137.009995|138.509995|136.899994|138.410004|5823900|1.0000000000|138.410004
2026-08-11|39|PFE|26.940001|27.200001|26.469999|26.620001|37943600|1.0000000000|26.620001
2026-08-11|40|TXN|284.820007|285.890015|278.619995|281.239990|4470100|1.0000000000|281.239990
2026-08-11|41|WFC|87.620003|88.500000|87.250000|87.449997|11059400|1.0000000000|87.449997
2026-08-11|42|HUBB|507.950012|520.900024|507.950012|519.619995|409373|1.0000000000|519.619995
2026-08-11|43|WMT|112.440002|113.339996|112.190002|113.260002|17005800|0.9976117102|112.989502
2026-08-11|44|AIG|77.050003|78.019997|76.889999|77.309998|3457400|1.0000000000|77.309998
2026-08-11|45|AVY|177.179993|180.360001|175.229996|179.729996|668100|1.0000000000|179.729996
2026-08-11|46|BAC|63.980000|64.269997|63.709999|64.000000|20738600|1.0000000000|64.000000
2026-08-11|47|BALL|62.279999|63.310001|62.279999|62.900002|1723800|1.0000000000|62.900002
2026-08-11|48|BDX|178.350006|181.789993|178.350006|181.410004|1515600|1.0000000000|181.410004
2026-08-11|49|CLX|106.699997|108.599998|106.440002|108.250000|2554300|0.9884526559|107.000000
2026-08-11|50|CMI|640.109985|648.640015|632.039978|632.950012|496800|0.9962915514|630.602783
2026-08-11|51|CMS|69.059998|69.790001|68.739998|69.620003|4512600|1.0000000000|69.620003
2026-08-11|52|CVS|95.470001|96.360001|93.010002|93.500000|8122800|1.0000000000|93.500000
2026-08-11|53|ECL|282.790009|286.339996|281.630005|284.630005|724900|1.0000000000|284.630005
2026-08-11|54|ES|71.199997|71.639999|70.620003|71.129997|2241800|1.0000000000|71.129997
2026-08-11|55|EVRG|82.300003|82.820000|81.440002|82.029999|1774800|0.9917192899|81.350731
2026-08-11|56|GWW|1296.869995|1310.640015|1296.869995|1301.939941|193100|1.0000000000|1301.939941
2026-08-11|57|LNT|68.059998|68.769997|67.540001|68.580002|2915600|1.0000000000|68.580002
2026-08-11|58|MKC|52.380001|53.060001|52.240002|52.889999|1821600|1.0000000000|52.889999
2026-08-11|59|MRSH|189.169998|192.380005|189.169998|191.250000|1193300|1.0000000000|191.250000
2026-08-11|60|NEE|84.489998|85.790001|84.379997|85.739998|6668700|1.0000000000|85.100052
2026-08-11|61|NI|41.730000|42.110001|41.410000|42.009998|7579200|1.0000000000|42.009998
2026-08-11|62|PNW|99.230003|100.339996|98.809998|100.040001|821800|1.0000000000|100.040001
2026-08-11|63|RVTY|115.830002|116.839996|115.099998|115.730003|1287600|1.0000000000|115.730003
2026-08-11|64|SNA|411.649994|416.470001|411.369995|411.779999|293300|0.9938338681|409.240906
2026-08-11|65|SPGI|410.739990|412.459991|407.619995|408.690002|1379900|0.9977597635|407.774445
2026-08-11|66|TER|373.790009|387.809998|371.200012|379.559998|1810700|1.0000000000|379.559998
2026-08-11|67|TGT|151.039993|154.889999|150.460007|152.289993|4171400|0.9923829532|151.129990
2026-08-11|68|TXT|89.190002|89.769997|87.870003|88.209999|1746600|1.0000000000|88.209999
2026-08-11|69|VMC|285.049988|289.369995|283.859985|287.790009|694000|0.9981453742|287.256287
2026-08-11|70|XEL|76.480003|77.879997|76.480003|77.660004|3709600|1.0000000000|77.660004
2026-08-11|71|ITW|294.670013|297.760010|292.809998|293.149994|836000|1.0000000000|293.149994
2026-08-11|72|CL|92.680000|93.419998|92.059998|92.309998|3067900|1.0000000000|92.309998
2026-08-11|73|EXC|44.349998|45.040001|44.340000|44.869999|5780000|1.0000000000|44.869999
2026-08-11|74|MDT|89.260002|90.730003|88.699997|90.680000|8392200|1.0000000000|90.680000
2026-08-11|75|BNY|159.500000|160.940002|159.160004|160.320007|1538200|1.0000000000|160.320007
2026-08-11|76|EIX|67.830002|70.290001|67.809998|69.889999|3905100|1.0000000000|69.889999
2026-08-11|77|FRT|116.300003|117.250000|115.779999|116.739998|797100|1.0000000000|116.739998
2026-08-11|78|PNR|66.660004|67.839996|66.000000|67.190002|3023000|1.0000000000|67.190002
2026-08-11|79|USB|64.180000|64.599998|63.919998|64.290001|3180000|1.0000000000|64.290001
2026-08-11|80|WY|25.200001|25.490000|24.950001|25.020000|4812200|1.0000000000|25.020000
2026-08-11|81|SYY|83.389999|84.529999|83.389999|84.260002|3001500|1.0000000000|84.260002
2026-08-11|82|WRB|70.470001|70.830002|70.019997|70.089996|1092700|1.0000000000|70.089996
2026-08-11|83|IFF|84.860001|86.180000|84.570000|85.000000|1632100|1.0000000000|85.000000
2026-08-11|84|TAP|42.000000|42.470001|41.700001|41.980000|2272300|1.0000000000|41.496315
2026-08-11|85|PNC|251.899994|254.339996|251.279999|254.229996|1481500|1.0000000000|254.229996
2026-08-11|86|TRV|373.510010|377.760010|373.510010|375.609985|1245700|1.0000000000|375.609985
2026-08-11|87|C|135.910004|137.149994|135.339996|135.770004|5067500|1.0000000000|135.770004
2026-08-11|88|FDX|327.209991|328.350006|320.760010|322.429993|2145400|1.0000000000|322.429993
2026-08-11|89|WDC|442.220001|448.880005|431.480011|437.929993|6095100|1.0000000000|437.929993
2026-08-11|90|DHR|208.050003|208.440002|206.089996|207.440002|2472700|1.0000000000|207.440002
2026-08-11|91|APA|40.490002|41.240002|40.349998|40.619999|6182200|1.0000000000|40.619999
2026-08-11|92|LUV|45.200001|45.889999|44.970001|45.520000|3369400|1.0000000000|45.520000
2026-08-11|93|PEG|74.459999|75.339996|74.449997|75.209999|1663600|1.0000000000|75.209999
2026-08-11|94|UNP|291.880005|294.500000|290.339996|292.869995|2101500|1.0000000000|292.869995
2026-08-11|95|ABT|108.620003|110.190002|107.919998|109.720001|6744400|1.0000000000|109.720001
2026-08-11|96|ADI|389.980011|394.160004|384.709991|385.299988|2360900|1.0000000000|385.299988
2026-08-11|97|ADM|80.220001|80.910004|79.269997|80.459999|3523200|0.9936931471|79.952553
2026-08-11|98|ADP|270.670013|273.140015|269.489990|271.089996|2105700|1.0000000000|271.089996
2026-08-11|99|AFL|121.070000|121.889999|120.930000|121.070000|1685500|0.9949889100|120.463310
2026-08-11|100|AMAT|539.989990|539.989990|522.659973|525.609985|6973800|0.9989318178|525.048523
2026-08-11|101|AMD|474.750000|475.989990|463.209991|474.320007|18052500|1.0000000000|474.320007
2026-08-11|102|APD|307.980011|311.510010|307.250000|309.309998|796100|1.0000000000|309.309998
2026-08-11|103|BF-B|28.110001|28.110001|27.650000|28.030001|1221200|1.0000000000|28.030001
2026-08-11|104|CHD|102.459999|103.410004|102.269997|102.779999|1522600|0.9969601263|102.467560
2026-08-11|105|CINF|172.399994|174.119995|170.000000|173.210007|444500|1.0000000000|173.210007
2026-08-11|106|CMCSA|25.040001|25.680000|25.040001|25.650000|22284200|1.0000000000|25.650000
2026-08-11|107|D|67.040001|68.120003|67.040001|68.099998|2849700|1.0000000000|68.099998
2026-08-11|108|DOV|210.720001|212.910004|208.160004|208.449997|1087400|1.0000000000|208.449997
2026-08-11|109|DUK|121.250000|123.339996|120.870003|123.190002|7042800|0.9912844404|122.116333
2026-08-11|110|EFX|179.460007|182.750000|179.460007|181.960007|645000|1.0000000000|181.960007
2026-08-11|111|EQT|54.020000|54.590000|53.680000|54.369999|6246500|1.0000000000|54.369999
2026-08-11|112|FITB|57.040001|57.740002|56.950001|57.599998|3508800|1.0000000000|57.599998
2026-08-11|113|GIS|36.750000|38.080002|36.599998|37.930000|7436100|1.0000000000|37.930000
2026-08-11|114|GPC|133.910004|137.160004|133.220001|135.089996|1440400|1.0000000000|135.089996
2026-08-11|115|HAS|94.500000|97.889999|94.269997|97.040001|2123500|0.9925523990|96.317284
2026-08-11|116|HBAN|17.600000|17.840000|17.580000|17.770000|29193300|1.0000000000|17.770000
2026-08-11|117|HRL|24.600000|24.629999|24.209999|24.299999|2971500|1.0000000000|24.299999
2026-08-11|118|HST|22.760000|22.860001|22.280001|22.290001|14371800|1.0000000000|22.290001
2026-08-11|119|HSY|181.000000|183.320007|180.720001|181.979996|1592500|0.9921985814|180.560287
2026-08-11|120|INTC|96.779999|98.349998|95.349998|97.709999|164063600|1.0000000000|97.709999
2026-08-11|121|J|145.139999|149.539993|144.979996|147.619995|604100|0.9975665811|147.260773
2026-08-11|122|JPM|360.049988|363.119995|358.600006|362.040009|4576500|1.0000000000|362.040009
2026-08-11|123|KMB|107.419998|108.709999|107.279999|108.570000|2066500|1.0000000000|108.570000
2026-08-11|124|L|113.449997|113.980003|112.339996|113.150002|517400|0.9994397510|113.086609
2026-08-11|125|LEN|85.739998|87.699997|85.720001|87.550003|1463400|1.0000000000|87.550003
2026-08-11|126|LOW|219.000000|223.910004|218.940002|221.250000|2138600|1.0000000000|221.250000
2026-08-11|127|MAS|75.019997|76.190002|74.750000|76.139999|2619200|0.9956337837|75.807556
2026-08-11|128|MTB|250.940002|253.899994|250.940002|252.160004|728900|1.0000000000|252.160004
2026-08-11|129|NEM|117.330002|118.209999|116.000000|117.209999|6795500|1.0000000000|117.209999
2026-08-11|130|NTRS|188.050003|189.649994|187.270004|187.779999|1343000|1.0000000000|187.779999
2026-08-11|131|NUE|275.019989|277.600006|271.839996|271.950012|1049000|1.0000000000|271.950012
2026-08-11|132|OMC|83.870003|86.660004|83.739998|85.949997|2140700|1.0000000000|85.949997
2026-08-11|133|PCAR|131.000000|133.029999|130.979996|132.529999|2603100|0.9973590885|132.179993
2026-08-11|134|PGR|212.669998|214.779999|212.039993|212.350006|1413900|1.0000000000|212.350006
2026-08-11|135|PH|1061.310059|1076.109985|1057.589966|1061.329956|410000|1.0000000000|1061.329956
2026-08-11|136|PHM|131.210007|132.750000|129.740005|132.419998|1196400|1.0000000000|132.419998
2026-08-11|137|PPG|114.489998|117.430000|114.489998|116.160004|1219900|1.0000000000|116.160004
2026-08-11|138|PPL|34.939999|35.470001|34.889999|35.279999|7691800|1.0000000000|35.279999
2026-08-11|139|RF|31.389999|31.709999|31.340000|31.600000|5174300|1.0000000000|31.600000
2026-08-11|140|ROL|37.080002|37.320000|36.830002|37.009998|5658500|1.0000000000|37.009998
2026-08-11|141|SHW|361.359985|367.929993|360.950012|364.420013|1132800|0.9976939264|363.579651
2026-08-11|142|STT|186.710007|188.889999|186.000000|187.220001|1023800|1.0000000000|187.220001
2026-08-11|143|SWK|102.830002|104.680000|102.500000|104.000000|1588400|1.0000000000|104.000000
2026-08-11|144|SYK|344.450012|349.769989|344.450012|348.149994|1626800|1.0000000000|348.149994
2026-08-11|145|TMO|599.989990|606.210022|594.809998|605.000000|1656100|1.0000000000|605.000000
2026-08-11|146|TPL|350.000000|368.970001|347.649994|364.970001|461400|1.0000000000|364.970001
2026-08-11|147|TSN|56.820000|56.910000|55.880001|56.430000|2590300|1.0000000000|56.430000
2026-08-11|148|TT|480.989990|490.459991|480.869995|483.959991|873900|1.0000000000|483.959991
2026-08-11|149|TYL|316.179993|325.369995|313.010010|322.929993|563700|1.0000000000|322.929993
2026-08-11|150|UDR|37.520000|37.669998|37.259998|37.299999|1819600|0.9961781759|37.157444
2026-08-11|151|VTRS|16.260000|16.570000|16.139999|16.280001|12758900|0.9925558317|16.158810
2026-08-11|152|WEC|105.709999|107.019997|105.480003|106.680000|1737000|0.9913583604|105.758110
2026-08-11|153|WST|351.049988|354.049988|348.119995|351.369995|389400|1.0000000000|351.369995
2026-08-11|154|NDSN|309.119995|312.950012|309.119995|311.359985|303800|1.0000000000|311.359985
2026-08-11|155|TFC|51.759998|52.480000|51.730000|52.310001|5838500|0.9901868280|51.796673
2026-08-11|156|WELL|233.360001|233.729996|225.550003|226.009995|3313800|0.9962391044|225.160004
2026-08-11|157|AON|354.000000|359.100006|354.000000|356.459991|403300|1.0000000000|356.459991
2026-08-11|158|GL|182.000000|184.699997|180.960007|181.039993|666700|1.0000000000|181.039993
2026-08-11|159|OKE|90.279999|91.860001|89.930000|91.519997|3344400|1.0000000000|91.519997
2026-08-11|160|KLAC|198.669998|203.149994|195.000000|200.470001|8098400|0.9988709994|200.243683
2026-08-11|161|CSX|50.160000|50.669998|49.779999|49.939999|8394100|1.0000000000|49.939999
2026-08-11|162|PSA|324.559998|327.399994|322.059998|325.100006|622700|1.0000000000|325.100006
2026-08-11|163|NKE|41.480000|41.529999|40.830002|41.320000|25538000|1.0000000000|41.320000
2026-08-11|164|AAPL|307.750000|309.970001|302.790009|304.910004|37476700|1.0000000000|304.910004
2026-08-11|165|BRO|70.809998|71.919998|70.120003|71.440002|2037200|0.9976903696|71.275002
2026-08-11|166|UHS|171.529999|174.979996|168.690002|168.720001|611200|1.0000000000|168.720001
2026-08-11|167|HD|352.290009|358.359985|350.600006|354.480011|2549700|1.0000000000|354.480011
2026-08-11|168|BAX|27.549999|28.020000|27.379999|27.610001|7577200|1.0000000000|27.599354
2026-08-11|169|COP|122.750000|126.050003|122.570000|125.919998|5922800|0.9933743492|125.085693
2026-08-11|170|GLW|159.750000|161.789993|158.220001|159.190002|6070300|1.0000000000|159.190002
2026-08-11|171|HUM|386.510010|389.529999|371.959991|372.820007|732900|1.0000000000|372.820007
2026-08-11|172|LHX|289.000000|290.820007|285.670013|286.019989|1072000|1.0000000000|286.019989
2026-08-11|173|NOC|575.940002|580.750000|572.979980|575.690002|430400|1.0000000000|575.690002
2026-08-11|174|OXY|58.480000|59.549999|58.389999|59.060001|7724000|1.0000000000|59.060001
2026-08-11|175|ROK|436.369995|449.059998|436.369995|447.000000|831600|0.9969290339|445.627289
2026-08-11|176|SLB|53.480000|53.990002|53.040001|53.680000|8139500|1.0000000000|53.680000
2026-08-11|177|SO|91.190002|92.089996|91.029999|91.919998|4765300|0.9918103451|91.167206
2026-08-11|178|WMB|72.129997|72.790001|71.639999|72.309998|3396700|1.0000000000|72.309998
2026-08-11|179|VLO|315.250000|324.369995|313.950012|323.920013|2188200|1.0000000000|323.920013
2026-08-11|180|CI|279.480011|279.890015|270.910004|273.869995|1740400|1.0000000000|273.869995
2026-08-11|181|NSC|334.239990|336.720001|332.760010|334.600006|739500|1.0000000000|334.600006
2026-08-11|182|COO|76.320000|77.419998|76.199997|76.820000|1677400|1.0000000000|76.820000
2026-08-11|183|AMGN|415.519989|421.790009|412.200012|414.299988|2029700|0.9941899340|411.892883
2026-08-11|184|RJF|177.960007|181.050003|177.949997|180.020004|1079700|1.0000000000|180.020004
2026-08-11|185|WSM|248.589996|254.889999|248.190002|250.589996|733200|1.0000000000|250.589996
2026-08-11|186|CAH|243.000000|258.299988|236.479996|240.259995|3007600|1.0000000000|240.259995
2026-08-11|187|CTAS|202.089996|206.919998|202.089996|205.279999|1785600|0.9974090682|204.748123
2026-08-11|188|PAYX|119.690002|121.730003|119.419998|121.300003|2353300|1.0000000000|121.300003
2026-08-11|189|BEN|33.770000|33.840000|33.310001|33.360001|2947800|1.0000000000|33.360001
2026-08-11|190|AOS|62.509998|63.939999|62.459999|63.669998|1386100|1.0000000000|63.669998
2026-08-11|191|CASY|844.400024|859.979980|827.679993|829.909973|246100|1.0000000000|829.909973
2026-08-11|192|T|24.020000|24.500000|23.980000|24.500000|35144000|1.0000000000|24.500000
2026-08-11|193|VZ|46.900002|47.450001|46.799999|47.270000|13314600|1.0000000000|47.270000
2026-08-11|194|JBHT|264.000000|268.029999|261.279999|265.380005|961800|1.0000000000|265.380005
2026-08-11|195|ATO|167.789993|169.479996|167.240005|169.210007|909600|0.9940065930|168.195862
2026-08-11|196|LRCX|315.029999|316.859985|309.350006|311.410004|7669400|1.0000000000|311.410004
2026-08-11|197|MU|871.799988|879.000000|844.619995|868.520020|29438300|1.0000000000|868.520020
2026-08-11|198|AJG|248.979996|256.200012|247.000000|253.509995|1648700|1.0000000000|253.509995
2026-08-11|199|AME|253.050003|257.869995|252.690002|256.299988|824400|1.0000000000|256.299988
2026-08-11|200|SWKS|69.000000|70.300003|67.699997|68.330002|4186700|1.0000000000|68.330002
2026-08-11|201|EXPD|178.699997|179.199997|176.789993|177.210007|848400|1.0000000000|177.210007
2026-08-11|202|UNH|409.000000|410.899994|401.320007|402.190002|3398900|1.0000000000|402.190002
2026-08-11|203|BBY|84.139999|85.580002|83.120003|83.279999|2662100|1.0000000000|83.279999
2026-08-11|204|DOC|20.879999|20.990000|20.469999|20.510000|5072100|0.9950937953|20.409374
2026-08-11|205|ADSK|251.509995|254.860001|249.889999|251.589996|1938000|1.0000000000|251.589996
2026-08-11|206|DVN|45.209999|45.720001|45.040001|45.400002|7414700|1.0000000000|45.400002
2026-08-11|207|NVR|6306.970215|6434.029785|6299.810059|6429.959961|22400|1.0000000000|6429.959961
2026-08-11|208|ROST|253.139999|255.600006|251.360001|251.809998|2348200|1.0000000000|251.809998
2026-08-11|209|JKHY|154.339996|156.009995|153.160004|153.630005|838300|1.0000000000|153.630005
2026-08-11|210|MNST|46.369999|46.619999|45.160000|45.529999|9579000|1.0000000000|45.529999
2026-08-11|211|ORCL|151.199997|151.990005|144.240005|145.479996|28761800|1.0000000000|145.479996
2026-08-11|212|MSFT|504.329987|505.329987|499.549988|503.809998|23049800|0.9981210382|502.863342
2026-08-11|213|TROW|113.709999|115.010002|113.559998|113.750000|1090400|1.0000000000|113.750000
2026-08-11|214|COST|950.049988|954.900024|938.090027|944.320007|1801400|1.0000000000|944.320007
2026-08-11|215|ADBE|270.480011|272.230011|262.679993|263.709991|4675200|1.0000000000|263.709991
2026-08-11|216|FISV|52.110001|53.020000|51.549999|52.720001|8152500|1.0000000000|52.720001
2026-08-11|217|BKR|64.230003|64.849998|64.070000|64.809998|5499100|1.0000000000|64.809998
2026-08-11|218|CDNS|330.570007|331.250000|323.190002|327.529999|2027100|1.0000000000|327.529999
2026-08-11|219|TJX|157.910004|159.000000|155.490005|155.740005|3900400|0.9968547277|155.250153
2026-08-11|220|FICO|1044.709961|1048.479980|1016.010010|1038.229980|338200|1.0000000000|1038.229980
2026-08-11|221|CCL|27.990000|28.430000|27.549999|27.730000|13927100|1.0000000000|27.730000
2026-08-11|222|FAST|52.150002|52.919998|52.110001|52.380001|9698200|1.0000000000|52.380001
2026-08-11|223|SCHW|107.519997|108.400002|107.370003|107.699997|4063500|0.9970924949|107.386856
2026-08-11|224|JCI|153.119995|154.960007|151.770004|154.759995|3379600|1.0000000000|154.759995
2026-08-11|225|COHR|323.859985|332.000000|315.399994|328.570007|6507100|1.0000000000|328.570007
2026-08-11|226|KEY|22.629999|22.879999|22.590000|22.690001|6391000|1.0000000000|22.690001
2026-08-11|227|MOS|23.360001|23.620001|23.049999|23.100000|5964800|1.0000000000|23.100000
2026-08-11|228|MGM|43.349998|44.259998|43.290001|44.130001|1842300|1.0000000000|44.130001
2026-08-11|229|WM|225.679993|228.979996|225.679993|226.850006|1308300|1.0000000000|226.850006
2026-08-11|230|TECH|72.199997|72.349998|72.000000|72.150002|3264100|0.9988938053|72.070190
2026-08-11|231|IEX|233.679993|237.649994|233.270004|237.309998|482600|1.0000000000|237.309998
2026-08-11|232|GEN|29.010000|29.410000|28.709999|29.010000|5262300|0.9956109550|28.882673
2026-08-11|233|CRH|100.639999|102.279999|100.419998|101.290001|3364000|0.9960081882|100.885674
2026-08-11|234|EOG|141.399994|143.419998|140.789993|143.399994|2712700|1.0000000000|143.399994
2026-08-11|235|PTC|149.750000|152.050003|148.699997|150.440002|934300|1.0000000000|150.440002
2026-08-11|236|CSCO|123.000000|123.160004|120.120003|120.430000|16377800|1.0000000000|120.430000
2026-08-11|237|LH|320.369995|323.970001|319.010010|322.420013|512600|1.0000000000|321.730225
2026-08-11|238|TRMB|58.299999|58.930000|57.150002|57.980000|2266300|1.0000000000|57.980000
2026-08-11|239|AZO|3051.409912|3099.959961|3031.830078|3042.649902|106300|1.0000000000|3042.649902
2026-08-11|240|REGN|808.799988|813.630005|796.659973|797.000000|939100|0.9988336456|796.070435
2026-08-11|241|IDXX|594.590027|598.890015|586.010010|586.640015|425700|1.0000000000|586.640015
2026-08-11|242|AES|14.720000|14.730000|14.700000|14.700000|3722000|1.0000000000|14.700000
2026-08-11|243|VRTX|525.020020|532.229980|522.010010|529.650024|1065400|1.0000000000|529.650024
2026-08-11|244|ZBRA|378.079987|385.109985|376.260010|383.059998|579000|1.0000000000|383.059998
2026-08-11|245|BIIB|206.630005|207.570007|203.529999|203.889999|936800|1.0000000000|203.889999
2026-08-11|246|ODFL|211.330002|214.399994|207.649994|209.440002|2022600|1.0000000000|209.440002
2026-08-11|247|APH|170.410004|172.259995|167.160004|167.229996|3952700|1.0000000000|167.229996
2026-08-11|248|KIM|23.990000|24.190001|23.920000|23.969999|3452600|1.0000000000|23.969999
2026-08-11|249|QCOM|163.750000|164.610001|161.429993|162.679993|6326700|1.0000000000|162.679993
2026-08-11|250|GILD|132.679993|136.850006|132.009995|135.770004|5493700|1.0000000000|135.770004
2026-08-11|251|ROP|399.480011|404.510010|398.179993|399.500000|634700|1.0000000000|399.500000
2026-08-11|252|SNPS|412.000000|412.339996|402.160004|410.910004|970800|1.0000000000|410.910004
2026-08-11|253|STZ|132.860001|134.179993|131.669998|133.979996|1479700|1.0000000000|133.979996
2026-08-11|254|BSX|50.270000|51.500000|50.130001|51.189999|13453100|1.0000000000|51.189999
2026-08-11|255|STE|238.699997|241.389999|237.130005|238.229996|651800|1.0000000000|238.229996
2026-08-11|256|DHI|147.110001|150.850006|146.509995|150.789993|1707600|1.0000000000|150.789993
2026-08-11|257|LIN|491.040009|495.959991|489.980011|490.529999|1332200|1.0000000000|490.529999
2026-08-11|258|SBUX|104.559998|106.889999|104.129997|106.660004|5013300|0.9942883465|106.050797
2026-08-11|259|MS|216.320007|217.210007|213.520004|215.070007|3785000|1.0000000000|215.070007
2026-08-11|260|INTU|332.269989|338.089996|330.179993|336.440002|2889500|1.0000000000|336.440002
2026-08-11|261|MCHP|82.279999|83.440002|80.669998|81.019997|7005500|0.9940194534|80.535454
2026-08-11|262|CB|346.700012|349.640015|346.559998|347.070007|1103900|1.0000000000|347.070007
2026-08-11|263|ORLY|91.680000|93.839996|91.680000|92.570000|3662300|1.0000000000|92.570000
2026-08-11|264|RCL|312.000000|312.000000|302.989990|307.149994|1815100|1.0000000000|307.149994
2026-08-11|265|JBL|350.160004|357.720001|346.730011|356.609985|1443300|0.9997839939|356.532959
2026-08-11|266|ALL|266.920013|268.100006|261.350006|262.230011|2859900|1.0000000000|262.230011
2026-08-11|267|CPT|108.669998|109.239998|108.250000|108.290001|775500|1.0000000000|108.290001
2026-08-11|268|VMRK|65.589996|65.940002|65.040001|65.089996|2283700|1.0000000000|65.089996
2026-08-11|269|IT|191.009995|191.250000|186.059998|187.270004|1378200|1.0000000000|187.270004
2026-08-11|270|DECK|95.000000|95.760002|93.110001|93.839996|3113200|1.0000000000|93.839996
2026-08-11|271|REG|75.959999|76.330002|75.349998|75.820000|1099400|1.0000000000|75.820000
2026-08-11|272|INCY|121.129997|122.279999|120.059998|121.070000|1079900|1.0000000000|121.070000
2026-08-11|273|SPG|220.270004|223.529999|219.059998|219.529999|1877200|1.0000000000|219.529999
2026-08-11|274|MAA|131.149994|132.649994|131.149994|131.740005|745000|1.0000000000|131.740005
2026-08-11|275|MLM|549.049988|559.030029|546.929993|553.669983|325600|1.0000000000|553.669983
2026-08-11|276|TSCO|34.430000|36.410000|34.410000|35.290001|22090900|0.9931389364|35.047874
2026-08-11|277|ALB|130.449997|132.470001|128.619995|129.360001|1482500|1.0000000000|129.360001
2026-08-11|278|CPRT|29.299999|29.660000|29.190001|29.400000|8285100|1.0000000000|29.400000
2026-08-11|279|FLEX|121.730003|125.440002|120.320000|122.410004|2887700|1.0000000000|122.410004
2026-08-11|280|ESS|282.040009|283.859985|281.489990|282.459991|318500|1.0000000000|282.459991
2026-08-11|281|O|61.750000|62.230000|61.490002|61.889999|4234700|1.0000000000|61.889999
2026-08-11|282|MCO|476.750000|480.850006|473.619995|476.480011|846300|0.9978911593|475.475189
2026-08-11|283|SJM|116.940002|118.970001|116.940002|117.339996|898700|0.9907154105|116.250542
2026-08-11|284|MCK|877.330017|902.049988|877.330017|901.770020|805000|1.0000000000|901.770020
2026-08-11|285|COF|219.009995|221.240005|218.460007|219.149994|1774500|0.9964810416|218.378815
2026-08-11|286|EME|815.530029|830.869995|812.479980|816.859985|288100|1.0000000000|816.859985
2026-08-11|287|DLTR|128.589996|129.639999|127.089996|128.059998|1742400|1.0000000000|128.059998
2026-08-11|288|COR|325.600006|333.950012|324.299988|333.869995|1368400|0.9980645786|333.223816
2026-08-11|289|DRI|217.000000|219.429993|215.580002|218.899994|1037100|1.0000000000|218.899994
2026-08-11|290|RMD|218.779999|225.759995|215.710007|224.839996|1239100|0.9971385215|224.196609
2026-08-11|291|WAB|295.600006|299.989990|294.910004|298.040009|1382200|0.9989689007|297.732697
2026-08-11|292|FCX|70.739998|70.830002|68.279999|68.870003|11952400|1.0000000000|68.870003
2026-08-11|293|IVZ|31.709999|32.250000|31.340000|31.360001|3474600|0.9933559952|31.151644
2026-08-11|294|ACGL|98.019997|98.820000|97.660004|98.260002|2550600|1.0000000000|98.260002
2026-08-11|295|ERIE|250.470001|258.350006|250.470001|256.640015|305000|1.0000000000|256.640015
2026-08-11|296|EG|368.089996|369.980011|365.589996|365.700012|215700|1.0000000000|365.700012
2026-08-11|297|DVA|183.179993|186.960007|177.910004|178.339996|1105500|1.0000000000|178.339996
2026-08-11|298|HSIC|88.000000|90.080002|88.000000|89.180000|927800|1.0000000000|89.180000
2026-08-11|299|EL|86.809998|88.660004|86.580002|87.779999|3910100|1.0000000000|87.779999
2026-08-11|300|WAT|408.950012|415.630005|408.209991|415.000000|669800|1.0000000000|415.000000
2026-08-11|301|NTAP|198.800003|201.000000|194.210007|198.470001|2065400|1.0000000000|198.470001
2026-08-11|302|HIG|140.690002|141.360001|139.029999|139.080002|1008500|1.0000000000|139.080002
2026-08-11|303|IRM|121.919998|123.250000|121.839996|122.389999|1503100|1.0000000000|122.389999
2026-08-11|304|BRK-B|528.760010|530.299988|515.650024|516.380005|4718600|1.0000000000|516.380005
2026-08-11|305|FDS|281.100006|284.959991|277.000000|282.950012|461400|1.0000000000|282.950012
2026-08-11|306|STLD|267.890015|271.000000|263.040009|263.690002|925800|1.0000000000|263.690002
2026-08-11|307|DGX|236.350006|239.919998|235.509995|237.500000|847000|1.0000000000|237.500000
2026-08-11|308|CIEN|388.839996|394.989990|384.190002|387.529999|1534900|1.0000000000|387.529999
2026-08-11|309|TTWO|253.369995|254.949997|247.830002|250.500000|2447600|1.0000000000|250.500000
2026-08-11|310|VTR|90.820000|90.889999|86.919998|86.959999|4890100|1.0000000000|86.959999
2026-08-11|311|AMZN|278.690002|278.839996|271.359985|272.269989|31895700|1.0000000000|272.269989
2026-08-11|312|ARE|48.310001|48.959999|47.820000|48.119999|1359000|1.0000000000|48.119999
2026-08-11|313|RL|404.179993|406.519989|396.040009|397.720001|581000|1.0000000000|397.720001
2026-08-11|314|BXP|68.559998|68.599998|67.349998|67.489998|1379200|1.0000000000|67.489998
2026-08-11|315|FIX|1700.000000|1725.099976|1684.050049|1688.050049|394400|0.9994824076|1687.176270
2026-08-11|316|YUM|145.160004|145.759995|143.000000|144.750000|2102700|1.0000000000|144.750000
2026-08-11|317|CHRW|147.440002|148.110001|143.179993|145.100006|1441900|1.0000000000|145.100006
2026-08-11|318|FE|46.590000|47.119999|46.470001|46.840000|2396500|1.0000000000|46.840000
2026-08-11|319|MTD|1422.189941|1445.000000|1410.920044|1437.180054|119700|1.0000000000|1437.180054
2026-08-11|320|PLD|138.130005|140.160004|137.309998|139.500000|3357400|1.0000000000|139.500000
2026-08-11|321|URI|1139.000000|1165.079956|1134.839966|1143.589966|289400|0.9982773546|1141.619995
2026-08-11|322|AEE|107.000000|108.120003|106.449997|107.820000|1039000|1.0000000000|107.820000
2026-08-11|323|VRSN|291.859985|295.869995|287.299988|287.630005|748300|0.9970730649|286.788116
2026-08-11|324|PWR|670.000000|680.000000|663.700012|670.580017|939000|1.0000000000|670.580017
2026-08-11|325|AMT|168.500000|171.619995|168.500000|169.550003|1584100|1.0000000000|169.550003
2026-08-11|326|MAR|348.970001|352.269989|347.269989|349.489990|2390400|0.9979719406|348.781219
2026-08-11|327|CTSH|57.439999|59.230000|57.439999|58.599998|9528700|0.9941706413|58.258400
2026-08-11|328|SRE|84.349998|85.750000|83.949997|85.480003|3299000|1.0000000000|85.480003
2026-08-11|329|CSGP|31.250000|31.520000|30.650000|31.120001|4039400|1.0000000000|31.120001
2026-08-11|330|RSG|214.479996|217.270004|213.570007|215.080002|1199200|1.0000000000|215.080002
2026-08-11|331|CCI|73.379997|74.809998|73.379997|73.639999|1984700|1.0000000000|73.639999
2026-08-11|332|EBAY|107.050003|107.820000|105.720001|106.010002|2954000|1.0000000000|105.688667
2026-08-11|333|NVDA|222.169998|222.199997|216.199997|217.500000|101273100|1.0000000000|217.500000
2026-08-11|334|BKNG|210.000000|214.360001|208.770004|212.869995|3496500|1.0000000000|212.869995
2026-08-11|335|GS|1036.390015|1043.430054|1027.189941|1034.410034|1829300|1.0000000000|1034.410034
2026-08-11|336|FFIV|410.000000|419.989990|406.829987|414.000000|534200|1.0000000000|414.000000
2026-08-11|337|SBAC|181.960007|183.529999|180.050003|181.970001|614100|0.9931480565|180.723145
2026-08-11|338|LII|425.369995|432.369995|424.170013|430.829987|390300|1.0000000000|430.829987
2026-08-11|339|BLK|1130.650024|1152.800049|1128.449951|1148.839966|438100|1.0000000000|1148.839966
2026-08-11|340|TKO|189.070007|194.820007|189.070007|194.729996|1146700|1.0000000000|194.729996
2026-08-11|341|AKAM|118.010002|119.209999|116.279999|116.669998|2339800|1.0000000000|116.669998
2026-08-11|342|UPS|104.940002|105.750000|103.809998|104.430000|4367700|0.9843062201|102.791100
2026-08-11|343|A|147.690002|150.240005|147.399994|149.490005|1199300|1.0000000000|149.490005
2026-08-11|344|TDY|690.380005|694.169983|673.119995|681.739990|298000|1.0000000000|681.739990
2026-08-11|345|PKG|254.050003|258.630005|252.919998|257.429993|493700|1.0000000000|257.429993
2026-08-11|346|EW|92.029999|93.910004|91.980003|93.660004|3138700|1.0000000000|93.660004
2026-08-11|347|MET|96.779999|97.330002|96.550003|96.800003|2419200|1.0000000000|96.800003
2026-08-11|348|ON|81.489998|82.650002|80.470001|81.110001|5634300|1.0000000000|81.110001
2026-08-11|349|ISRG|392.220001|402.140015|392.220001|401.230011|4123900|1.0000000000|401.230011
2026-08-11|350|CRL|274.859985|282.390015|271.839996|282.000000|1180200|1.0000000000|282.000000
2026-08-11|351|MRVL|212.000000|212.660004|206.429993|212.309998|15429200|1.0000000000|212.309998
2026-08-11|352|EQIX|1042.780029|1050.000000|1031.599976|1032.400024|588200|0.9952446339|1027.490601
2026-08-11|353|TPR|163.789993|164.520004|158.080002|160.539993|3932100|1.0000000000|160.539993
2026-08-11|354|GRMN|312.149994|312.149994|308.720001|309.649994|425300|1.0000000000|309.649994
2026-08-11|355|GPN|85.959999|86.910004|85.580002|85.860001|2102500|1.0000000000|85.860001
2026-08-11|356|ALGN|174.669998|178.460007|172.800003|172.960007|549900|1.0000000000|172.960007
2026-08-11|357|WTW|341.859985|344.790009|338.929993|342.390015|377000|1.0000000000|342.390015
2026-08-11|358|MDLZ|61.060001|61.840000|60.849998|61.779999|7700600|1.0000000000|61.779999
2026-08-11|359|AXON|595.000000|642.500000|572.700012|636.309998|1493000|1.0000000000|636.309998
2026-08-11|360|FIS|42.029999|43.160000|42.020000|42.759998|4245900|1.0000000000|42.759998
2026-08-11|361|ACN|176.830002|180.300003|175.550003|179.820007|3900000|1.0000000000|179.820007
2026-08-11|362|ZBH|97.120003|98.110001|96.239998|97.230003|2727100|1.0000000000|97.230003
2026-08-11|363|BG|112.750000|113.889999|111.379997|111.599998|954100|0.9937342270|110.900742
2026-08-11|364|PFG|112.660004|113.739998|111.000000|113.029999|1032600|1.0000000000|113.029999
2026-08-11|365|ELV|398.220001|403.329987|388.160004|390.369995|907300|1.0000000000|390.369995
2026-08-11|366|CNC|67.720001|67.860001|64.739998|64.879997|2441300|1.0000000000|64.879997
2026-08-11|367|PRU|122.000000|123.650002|121.309998|122.320000|1805200|0.9885872665|120.923996
2026-08-11|368|NFLX|76.199997|76.900002|74.480003|74.790001|27840500|1.0000000000|74.790001
2026-08-11|369|NDAQ|95.430000|96.000000|94.930000|95.019997|2094100|1.0000000000|95.019997
2026-08-11|370|WYNN|101.910004|104.860001|101.910004|104.790001|1032200|0.9975578784|104.534088
2026-08-11|371|CME|262.820007|262.980011|258.760010|259.320007|1593500|1.0000000000|259.320007
2026-08-11|372|STX|805.000000|826.900024|794.010010|820.520020|3182400|1.0000000000|820.520020
2026-08-11|373|NRG|119.750000|122.410004|119.449997|119.790001|1932700|1.0000000000|119.790001
2026-08-11|374|AIZ|286.380005|289.959991|280.899994|281.410004|385200|1.0000000000|281.410004
2026-08-11|375|CBRE|144.559998|148.309998|143.669998|147.460007|1239900|1.0000000000|147.460007
2026-08-11|376|CRM|196.940002|199.389999|195.500000|197.470001|11171600|1.0000000000|197.470001
2026-08-11|377|DPZ|344.380005|361.510010|344.380005|357.339996|703400|1.0000000000|357.339996
2026-08-11|378|EXR|145.990005|147.679993|145.759995|146.550003|561300|1.0000000000|146.550003
2026-08-11|379|GOOG|354.000000|355.000000|342.570007|343.000000|18390200|1.0000000000|343.000000
2026-08-11|380|GOOGL|355.890015|356.809998|343.390015|343.799988|29081800|1.0000000000|343.799988
2026-08-11|381|DLR|191.619995|192.970001|190.169998|190.809998|1784000|1.0000000000|190.809998
2026-08-11|382|MPWR|1413.780029|1431.630005|1383.630005|1402.109985|413700|1.0000000000|1402.109985
2026-08-11|383|LVS|45.160000|45.939999|45.160000|45.720001|3865600|1.0000000000|45.720001
2026-08-11|384|DXCM|87.589996|89.559998|87.059998|89.529999|5971500|1.0000000000|89.529999
2026-08-11|385|BLDR|72.550003|75.190002|72.449997|75.099998|1958500|1.0000000000|75.099998
2026-08-11|386|WBD|26.930000|27.230000|26.879999|27.070000|20152300|1.0000000000|27.070000
2026-08-11|387|EXPE|310.910004|325.820007|310.910004|321.070007|1416400|0.9985604607|320.607819
2026-08-11|388|CF|120.269997|121.529999|117.269997|117.800003|3098100|0.9948739856|117.196159
2026-08-11|389|AMP|555.669983|565.440002|555.599976|562.979980|385100|1.0000000000|562.979980
2026-08-11|390|ICE|150.139999|151.660004|149.539993|151.250000|5117000|1.0000000000|151.250000
2026-08-11|391|PSKY|9.230000|9.420000|9.140000|9.380000|8369700|1.0000000000|9.380000
2026-08-11|392|LYV|183.470001|185.860001|183.000000|183.330002|1716200|1.0000000000|183.330002
2026-08-11|393|CMG|32.009998|32.240002|31.639999|32.000000|15887100|1.0000000000|32.000000
2026-08-11|394|UAL|125.000000|127.040001|123.919998|126.309998|2778200|1.0000000000|126.309998
2026-08-11|395|TDG|1225.000000|1250.550049|1221.079956|1242.040039|545100|1.0000000000|1242.040039
2026-08-11|396|MA|562.710022|567.630005|560.000000|561.440002|2465000|1.0000000000|561.440002
2026-08-11|397|LDOS|137.880005|143.160004|137.350006|140.889999|1888800|1.0000000000|140.889999
2026-08-11|398|FSLR|249.440002|249.759995|238.509995|240.910004|1578500|1.0000000000|240.910004
2026-08-11|399|BR|171.660004|174.490005|169.669998|170.729996|1243200|1.0000000000|170.729996
2026-08-11|400|SMCI|32.020000|32.360001|30.920000|31.600000|95520500|1.0000000000|31.600000
2026-08-11|401|TMUS|176.830002|181.729996|176.509995|178.580002|3682500|1.0000000000|177.555237
2026-08-11|402|DAL|89.989998|90.910004|88.930000|90.410004|2893400|1.0000000000|90.410004
2026-08-11|403|IBKR|91.120003|91.650002|89.519997|89.779999|3472600|1.0000000000|89.779999
2026-08-11|404|PODD|142.449997|145.160004|141.000000|144.699997|1249700|1.0000000000|144.699997
2026-08-11|405|TEL|214.820007|221.979996|214.559998|218.690002|1288700|0.9961105015|217.839401
2026-08-11|406|BX|141.850006|148.360001|141.850006|147.169998|7373700|1.0000000000|147.169998
2026-08-11|407|LULU|125.500000|126.480003|123.599998|125.610001|2233000|1.0000000000|125.610001
2026-08-11|408|ULTA|546.000000|553.179993|540.299988|541.349976|414600|1.0000000000|541.349976
2026-08-11|409|MSCI|561.969971|565.330017|558.809998|561.710022|708600|0.9964362700|559.708252
2026-08-11|410|ECHO|89.279999|90.680000|87.709999|87.980003|2473000|1.0000000000|87.980003
2026-08-11|411|PM|185.110001|187.300003|184.710007|186.220001|3468800|1.0000000000|186.220001
2026-08-11|412|V|360.980011|364.549988|359.970001|362.820007|4440900|1.0000000000|362.820007
2026-08-11|413|AWK|133.929993|136.139999|133.070007|136.059998|1729700|1.0000000000|136.059998
2026-08-11|414|KDP|29.200001|29.370001|28.660000|29.180000|12579500|1.0000000000|29.180000
2026-08-11|415|SW|48.020000|49.689999|47.160000|49.619999|6415900|0.9909636146|49.171616
2026-08-11|416|AVGO|426.070007|426.760010|413.230011|416.079987|12882700|1.0000000000|416.079987
2026-08-11|417|VRSK|178.050003|182.839996|177.589996|180.970001|1369600|1.0000000000|180.970001
2026-08-11|418|DG|121.400002|122.919998|119.699997|120.070000|1944000|1.0000000000|120.070000
2026-08-11|419|FTNT|163.240005|163.919998|160.740005|161.889999|4156400|1.0000000000|161.889999
2026-08-11|420|CHTR|151.960007|158.649994|150.910004|157.690002|1505600|1.0000000000|157.690002
2026-08-11|421|FERG|262.730011|264.230011|251.350006|251.509995|2323400|0.9962829937|250.575134
2026-08-11|422|GNRC|209.279999|218.089996|209.119995|215.860001|858800|1.0000000000|215.860001
2026-08-11|423|LYB|62.430000|64.379997|62.430000|63.980000|4069000|0.9897823188|63.326275
2026-08-11|424|CBOE|283.950012|287.070007|280.049988|282.730011|776000|1.0000000000|282.730011
2026-08-11|425|TSLA|332.799988|336.200012|329.529999|332.809998|23345200|1.0000000000|332.809998
2026-08-11|426|KKR|104.010002|111.339996|103.660004|110.970001|8319600|1.0000000000|110.970001
2026-08-11|427|NXPI|236.110001|241.039993|233.410004|236.380005|2804800|1.0000000000|236.380005
2026-08-11|428|GM|88.129997|89.739998|87.879997|89.349998|4792100|1.0000000000|89.349998
2026-08-11|429|TRGP|265.910004|269.679993|265.329987|265.450012|848800|1.0000000000|265.450012
2026-08-11|430|CPAY|398.679993|409.679993|397.390015|406.160004|592700|1.0000000000|406.160004
2026-08-11|431|KMI|31.440001|31.690001|31.320000|31.480000|7111400|1.0000000000|31.480000
2026-08-11|432|HCA|412.369995|419.329987|409.750000|411.440002|1122000|1.0000000000|411.440002
2026-08-11|433|HII|328.799988|334.170013|326.260010|327.850006|400300|1.0000000000|326.328156
2026-08-11|434|APO|132.500000|140.979996|132.259995|140.279999|5784200|0.9957937992|139.689957
2026-08-11|435|MPC|319.000000|336.450012|318.000000|336.420013|3183100|0.9972693263|335.501373
2026-08-11|436|XYL|122.000000|123.680000|121.620003|123.180000|1421400|0.9962087815|122.712997
2026-08-11|437|APTV|49.630001|50.509998|49.500000|49.619999|3623000|1.0000000000|49.619999
2026-08-11|438|PSX|215.000000|224.679993|214.210007|224.360001|2913700|0.9947204324|223.175476
2026-08-11|439|AMCR|46.799999|47.580002|46.549999|47.400002|6018200|1.0000000000|47.400002
2026-08-11|440|META|598.000000|612.429993|593.400024|599.119995|13146900|1.0000000000|599.119995
2026-08-11|441|NOW|126.260002|128.970001|125.160004|127.540001|13461000|1.0000000000|127.540001
2026-08-11|442|PANW|384.200012|387.200012|375.929993|383.799988|6039700|1.0000000000|383.799988
2026-08-11|443|FANG|197.729996|203.350006|196.039993|201.710007|1251000|0.9945230033|200.605240
2026-08-11|444|WDAY|181.029999|185.029999|179.279999|181.270004|3073800|1.0000000000|181.270004
2026-08-11|445|ABBV|248.139999|250.770004|247.179993|250.089996|4485200|1.0000000000|250.089996
2026-08-11|446|NCLH|18.680000|19.000000|18.570000|18.700001|10239100|1.0000000000|18.700001
2026-08-11|447|ZTS|74.239998|75.830002|74.099998|75.349998|4131900|1.0000000000|75.349998
2026-08-11|448|IQV|241.470001|245.300003|240.720001|243.839996|1084500|1.0000000000|243.839996
2026-08-11|449|NWS|32.450001|32.900002|32.279999|32.669998|1090600|1.0000000000|32.669998
2026-08-11|450|NWSA|28.340000|28.719999|28.260000|28.629999|3560100|1.0000000000|28.629999
2026-08-11|451|CDW|135.289993|136.949997|134.350006|135.369995|1282800|0.9952456416|134.726395
2026-08-11|452|VEEV|233.460007|238.970001|231.779999|236.580002|1645700|1.0000000000|236.580002
2026-08-11|453|ALLE|165.990005|168.589996|165.000000|168.440002|739400|1.0000000000|168.440002
2026-08-11|454|HLT|312.369995|315.779999|311.809998|314.660004|2471000|0.9995449167|314.516815
2026-08-11|455|ARES|138.000000|144.824997|137.539993|143.110001|3383000|1.0000000000|143.110001
2026-08-11|456|ANET|194.565002|198.919998|190.479996|197.850006|6277300|1.0000000000|197.850006
2026-08-11|457|SYF|78.110001|79.400002|78.040001|78.470001|1957500|1.0000000000|78.470001
2026-08-11|458|CFG|72.779999|73.480003|72.389999|72.989998|4260900|1.0000000000|72.989998
2026-08-11|459|KEYS|339.200012|345.429993|336.739990|343.700012|796900|1.0000000000|343.700012
2026-08-11|460|GDDY|90.550003|92.620003|90.370003|90.739998|1734000|1.0000000000|90.739998
2026-08-11|461|KHC|24.760000|24.879999|24.455000|24.650000|13410100|1.0000000000|24.650000
2026-08-11|462|PYPL|58.549999|59.439999|58.549999|59.000000|9752300|1.0000000000|59.000000
2026-08-11|463|LITE|815.669983|823.700012|787.010010|820.590027|5985700|1.0000000000|820.590027
2026-08-11|464|HPE|54.599998|54.919998|52.610001|54.380001|10844900|1.0000000000|54.380001
2026-08-11|465|XYZ|78.820000|79.800003|78.239998|79.070000|3516100|1.0000000000|79.070000
2026-08-11|466|FTV|61.689999|62.625000|61.630001|61.680000|1625600|1.0000000000|61.680000
2026-08-11|467|DELL|449.130005|452.459991|431.010010|440.970001|4796100|1.0000000000|440.970001
2026-08-11|468|TTD|13.200000|13.750000|13.145000|13.560000|31823300|1.0000000000|13.560000
2026-08-11|469|VST|144.539993|146.899994|143.110001|144.919998|3356800|1.0000000000|144.919998
2026-08-11|470|HWM|285.160004|287.109985|280.750000|281.339996|1369800|1.0000000000|281.339996
2026-08-11|471|INVH|29.730000|30.004999|29.660000|29.790001|3310200|1.0000000000|29.790001
2026-08-11|472|CVNA|72.959999|73.589996|69.760002|72.000000|6765400|1.0000000000|72.000000
2026-08-11|473|IR|86.720001|87.970001|84.309998|85.019997|4395000|0.9997640396|84.999931
2026-08-11|474|VICI|26.090000|26.350000|25.900000|25.980000|8034000|1.0000000000|25.980000
2026-08-11|475|VRT|275.500000|284.679993|273.899994|281.809998|3686900|1.0000000000|281.809998
2026-08-11|476|MRNA|60.209999|61.400002|58.599998|60.570000|6556300|1.0000000000|60.570000
2026-08-11|477|FOXA|63.500000|63.759998|61.875000|62.139999|4871300|1.0000000000|62.139999
2026-08-11|478|FOX|56.220001|56.401001|55.000000|55.340000|736700|1.0000000000|55.340000
2026-08-11|479|DOW|30.405001|31.440001|30.405001|31.260000|7519400|1.0000000000|31.260000
2026-08-11|480|UBER|78.000000|78.988998|77.464996|78.540001|18711700|1.0000000000|78.540001
2026-08-11|481|CTVA|76.139999|76.949997|75.589996|76.220001|3592900|1.0000000000|76.220001
2026-08-11|482|CRWD|224.000000|225.520004|219.240005|221.899994|6343100|1.0000000000|221.899994
2026-08-11|483|DDOG|256.630005|258.244995|246.330002|246.779999|4389300|1.0000000000|246.779999
2026-08-11|484|CARR|63.820000|64.489998|63.020000|63.619999|4882200|1.0000000000|63.619999
2026-08-11|485|OTIS|72.800003|73.489998|72.705002|73.040001|2477900|0.9939750786|72.599945
2026-08-11|486|PLTR|174.179993|177.940002|172.720001|174.940002|43162500|1.0000000000|174.940002
2026-08-11|487|DASH|209.710007|216.350006|206.250000|212.000000|4298500|1.0000000000|212.000000
2026-08-11|488|ABNB|179.485001|187.119995|178.449997|184.979996|8025700|1.0000000000|184.979996
2026-08-11|489|EXE|97.489998|98.879997|96.540001|98.239998|2478800|0.9940278354|97.653297
2026-08-11|490|COIN|149.839996|152.949997|146.320007|148.580002|6472600|1.0000000000|148.580002
2026-08-11|491|APP|329.600006|329.934998|318.119995|318.679993|8030100|1.0000000000|318.679993
2026-08-11|492|HOOD|94.964996|95.129997|92.750000|94.379997|11712700|1.0000000000|94.379997
2026-08-11|493|CEG|272.959991|280.359985|271.500000|278.359985|2717700|0.9984651331|277.932739
2026-08-11|494|GEHC|72.589996|73.220001|72.199997|72.750000|2227600|1.0000000000|72.750000
2026-08-11|495|KVUE|18.900000|19.100000|18.879999|19.049999|12782200|0.9889763775|18.839998
2026-08-11|496|VLTO|97.510002|98.430000|96.331001|97.970001|1469100|1.0000000000|97.970001
2026-08-11|497|RDDT|158.000000|161.979996|155.619995|156.190002|2735400|1.0000000000|156.190002
2026-08-11|498|SOLV|84.430000|86.330002|84.050003|84.099998|773900|1.0000000000|84.099998
2026-08-11|499|GEV|1001.000000|1033.339966|1001.000000|1011.880005|1631900|1.0000000000|1011.880005
2026-08-11|500|SNDK|1260.560059|1287.040039|1242.060059|1271.050049|9412800|1.0000000000|1271.050049
2026-08-11|501|Q|135.199997|140.830002|134.645004|138.240005|1368200|1.0000000000|138.240005
2026-08-11|502|FDXF|140.690002|143.830002|138.100006|139.509995|975600|1.0000000000|139.509995
2026-08-11|503|HONA|161.990005|170.169998|161.229996|165.929993|4337300|1.0000000000|165.929993
