date|security_id|ticker|open|high|low|close|volume|adj_factor|adj_close_vendor
2026-08-18|1|AEP|128.179993|128.619995|126.150002|126.349998|2919500|1.0000000000|126.349998
2026-08-18|2|BA|225.100006|226.110001|222.580002|223.059998|4772500|1.0000000000|223.059998
2026-08-18|3|CAT|862.190002|863.919983|834.809998|840.869995|2685700|1.0000000000|840.869995
2026-08-18|4|CNP|41.020000|41.090000|40.470001|40.540001|4385600|0.9940594062|40.299168
2026-08-18|5|CVX|205.029999|206.220001|203.710007|205.740005|7701600|0.9913483039|203.960007
2026-08-18|6|DIS|104.190002|105.209999|103.629997|103.949997|6149900|1.0000000000|103.949997
2026-08-18|7|DTE|142.399994|143.240005|140.139999|140.210007|976600|1.0000000000|140.210007
2026-08-18|8|ED|110.330002|110.379997|108.480003|109.160004|3925300|0.9918651523|108.272003
2026-08-18|9|GD|393.929993|395.980011|392.660004|393.480011|619500|1.0000000000|393.480011
2026-08-18|10|GE|366.890015|375.579987|365.000000|375.089996|4927900|1.0000000000|375.089996
2026-08-18|11|HON|229.289993|229.759995|227.429993|227.710007|2505800|1.0000000000|227.710007
2026-08-18|12|HPQ|29.639999|30.309999|29.570000|29.959999|9541500|1.0000000000|29.959999
2026-08-18|13|IBM|229.729996|234.449997|229.419998|232.669998|4650100|1.0000000000|232.669998
2026-08-18|14|IP|40.130001|40.580002|39.990002|40.049999|3435400|1.0000000000|40.049999
2026-08-18|15|JNJ|267.670013|271.730011|266.329987|271.109985|7838200|0.9950922943|269.779449
2026-08-18|16|KO|88.400002|88.959999|87.879997|88.820000|12524500|1.0000000000|88.820000
2026-08-18|17|KR|57.380001|57.380001|56.310001|56.340000|6102500|1.0000000000|56.340000
2026-08-18|18|LMT|600.070007|612.750000|600.070007|607.169983|1024100|1.0000000000|607.169983
2026-08-18|19|MMM|180.600006|181.660004|179.009995|180.940002|2318500|0.9956414843|180.151367
2026-08-18|20|MO|64.900002|65.449997|64.620003|65.190002|11188000|1.0000000000|65.190002
2026-08-18|21|MRK|137.240005|137.979996|134.880005|135.169998|10284200|1.0000000000|135.169998
2026-08-18|22|MSI|458.890015|472.700012|458.890015|469.500000|1293800|1.0000000000|469.500000
2026-08-18|23|PG|143.279999|144.419998|142.679993|143.449997|12746100|1.0000000000|143.449997
2026-08-18|24|XOM|164.350006|165.669998|163.250000|165.559998|18952700|1.0000000000|165.559998
2026-08-18|25|RTX|222.759995|226.089996|222.300003|225.490005|5972500|1.0000000000|225.490005
2026-08-18|26|MCD|267.470001|270.209991|266.839996|266.989990|3089200|1.0000000000|266.989990
2026-08-18|27|AXP|336.670013|339.410004|335.220001|338.519989|2875400|1.0000000000|338.519989
2026-08-18|28|BMY|65.300003|66.379997|65.000000|66.050003|9413800|1.0000000000|66.050003
2026-08-18|29|DD|142.320007|142.320007|138.500000|138.809998|1292000|1.0000000000|138.809998
2026-08-18|30|DE|603.929993|604.039978|588.000000|588.719971|1218300|1.0000000000|588.719971
2026-08-18|31|EMR|161.089996|161.500000|157.729996|157.779999|2120300|1.0000000000|157.779999
2026-08-18|32|ETN|444.190002|444.890015|428.899994|431.329987|2120700|1.0000000000|431.329987
2026-08-18|33|ETR|109.519997|110.290001|108.040001|108.080002|1911200|1.0000000000|108.080002
2026-08-18|34|F|14.050000|14.050000|13.860000|13.930000|25839100|1.0000000000|13.930000
2026-08-18|35|HAL|35.000000|35.270000|34.570000|34.660000|7949300|1.0000000000|34.660000
2026-08-18|36|LLY|1200.000000|1228.469971|1194.010010|1225.729980|2509100|1.0000000000|1225.729980
2026-08-18|37|PCG|17.700001|17.990000|17.700001|17.820000|16106900|1.0000000000|17.820000
2026-08-18|38|PEP|140.360001|140.800003|139.050003|140.130005|6224700|1.0000000000|140.130005
2026-08-18|39|PFE|27.150000|27.400000|27.100000|27.250000|34660100|1.0000000000|27.250000
2026-08-18|40|TXN|276.079987|278.989990|268.670013|272.239990|7931700|1.0000000000|272.239990
2026-08-18|41|WFC|88.300003|88.300003|86.849998|87.400002|8219400|1.0000000000|87.400002
2026-08-18|42|HUBB|494.220001|494.559998|482.899994|483.859985|658994|1.0000000000|483.859985
2026-08-18|43|WMT|116.300003|116.309998|114.480003|115.199997|20675000|0.9976117102|114.924866
2026-08-18|44|AIG|76.610001|77.209999|76.089996|76.120003|2194600|1.0000000000|76.120003
2026-08-18|45|AVY|177.649994|179.770004|176.289993|177.710007|671900|1.0000000000|177.710007
2026-08-18|46|BAC|64.000000|64.400002|63.570000|64.230003|28774000|1.0000000000|64.230003
2026-08-18|47|BALL|61.730000|61.889999|60.939999|61.669998|1837200|1.0000000000|61.669998
2026-08-18|48|BDX|184.940002|185.800003|180.720001|180.770004|1616400|1.0000000000|180.770004
2026-08-18|49|CLX|106.620003|107.849998|105.330002|105.550003|2361700|1.0000000000|105.550003
2026-08-18|50|CMI|629.049988|632.469971|617.650024|620.809998|792900|0.9962915514|618.507751
2026-08-18|51|CMS|72.279999|72.440002|70.989998|71.059998|4656700|1.0000000000|71.059998
2026-08-18|52|CVS|94.370003|95.250000|93.889999|94.910004|6855100|1.0000000000|94.910004
2026-08-18|53|ECL|276.399994|282.149994|275.239990|280.000000|2087600|1.0000000000|280.000000
2026-08-18|54|ES|72.959999|73.010002|72.139999|72.220001|1899400|1.0000000000|72.220001
2026-08-18|55|EVRG|84.180000|84.550003|83.349998|83.419998|1551500|1.0000000000|83.419998
2026-08-18|56|GWW|1323.390015|1323.479980|1310.040039|1314.119995|218700|1.0000000000|1314.119995
2026-08-18|57|LNT|71.250000|71.459999|69.949997|69.980003|2018100|1.0000000000|69.980003
2026-08-18|58|MKC|54.790001|56.070000|54.500000|55.279999|2720200|1.0000000000|55.279999
2026-08-18|59|MRSH|186.770004|188.479996|185.369995|186.369995|1837300|1.0000000000|186.369995
2026-08-18|60|NEE|87.050003|87.519997|86.089996|86.220001|10956700|1.0000000000|85.576477
2026-08-18|61|NI|43.220001|43.220001|42.009998|42.119999|4419500|1.0000000000|42.119999
2026-08-18|62|PNW|101.400002|101.779999|100.080002|100.150002|908900|1.0000000000|100.150002
2026-08-18|63|RVTY|115.860001|115.900002|113.690002|113.750000|800000|1.0000000000|113.750000
2026-08-18|64|SNA|402.149994|402.440002|395.660004|395.709991|366500|0.9938338681|393.269989
2026-08-18|65|SPGI|414.339996|422.970001|412.029999|418.040009|1973600|0.9977597635|417.103485
2026-08-18|66|TER|419.149994|424.760010|392.179993|404.290009|4293800|1.0000000000|404.290009
2026-08-18|67|TGT|153.380005|154.259995|151.660004|152.479996|5788000|1.0000000000|152.479996
2026-08-18|68|TXT|87.779999|88.239998|86.930000|87.129997|904700|1.0000000000|87.129997
2026-08-18|69|VMC|278.029999|278.070007|270.100006|271.649994|725800|1.0000000000|271.649994
2026-08-18|70|XEL|80.099998|80.809998|79.080002|79.169998|5634000|1.0000000000|79.169998
2026-08-18|71|ITW|288.869995|289.440002|284.570007|284.660004|1069700|1.0000000000|284.660004
2026-08-18|72|CL|91.190002|92.000000|90.660004|91.459999|5230100|1.0000000000|91.459999
2026-08-18|73|EXC|46.250000|46.430000|45.290001|45.310001|7126900|1.0000000000|45.310001
2026-08-18|74|MDT|92.000000|93.089996|91.470001|92.089996|6789900|1.0000000000|92.089996
2026-08-18|75|BNY|164.240005|164.889999|162.910004|163.929993|2016200|1.0000000000|163.929993
2026-08-18|76|EIX|72.500000|74.230003|72.379997|73.690002|3226200|1.0000000000|73.690002
2026-08-18|77|FRT|118.430000|119.269997|117.379997|117.480003|615700|1.0000000000|117.480003
2026-08-18|78|PNR|64.180000|64.379997|63.169998|63.549999|2410700|1.0000000000|63.549999
2026-08-18|79|USB|65.180000|65.320000|64.269997|64.790001|6047600|1.0000000000|64.790001
2026-08-18|80|WY|24.200001|24.260000|23.559999|23.610001|5343200|1.0000000000|23.610001
2026-08-18|81|SYY|82.940002|83.010002|81.900002|81.959999|1970900|1.0000000000|81.959999
2026-08-18|82|WRB|70.879997|71.379997|70.150002|70.169998|1465200|1.0000000000|70.169998
2026-08-18|83|IFF|82.129997|82.459999|80.870003|81.000000|1050800|1.0000000000|81.000000
2026-08-18|84|TAP|41.180000|41.770000|40.930000|41.130001|2528900|1.0000000000|40.656109
2026-08-18|85|PNC|255.880005|257.989990|253.270004|254.279999|1282300|1.0000000000|254.279999
2026-08-18|86|TRV|366.679993|370.820007|366.649994|367.929993|1902900|1.0000000000|367.929993
2026-08-18|87|C|137.300003|138.210007|136.449997|137.649994|7079800|1.0000000000|137.649994
2026-08-18|88|FDX|333.380005|334.149994|328.040009|328.380005|1072100|1.0000000000|328.380005
2026-08-18|89|WDC|496.070007|520.000000|490.230011|496.160004|9440100|1.0000000000|496.160004
2026-08-18|90|DHR|203.970001|204.229996|199.490005|199.580002|2289900|1.0000000000|199.580002
2026-08-18|91|APA|42.020000|42.389999|41.099998|42.369999|5908000|1.0000000000|42.369999
2026-08-18|92|LUV|43.009998|43.360001|42.419998|42.490002|5033300|1.0000000000|42.490002
2026-08-18|93|PEG|76.150002|76.620003|75.529999|75.599998|2540000|1.0000000000|75.599998
2026-08-18|94|UNP|302.260010|303.670013|298.640015|298.739990|1800800|1.0000000000|298.739990
2026-08-18|95|ABT|112.449997|113.629997|111.750000|112.680000|9781600|1.0000000000|112.680000
2026-08-18|96|ADI|381.359985|385.899994|370.230011|376.630005|5779100|1.0000000000|376.630005
2026-08-18|97|ADM|82.120003|83.269997|81.010002|82.449997|3513600|0.9936931471|81.930000
2026-08-18|98|ADP|270.910004|274.630005|269.140015|269.309998|3344200|1.0000000000|269.309998
2026-08-18|99|AFL|122.209999|122.790001|121.529999|121.730003|2045200|0.9949889100|121.120003
2026-08-18|100|AMAT|507.369995|516.830017|497.730011|514.330017|8611900|0.9989318178|513.780640
2026-08-18|101|AMD|487.559998|491.809998|474.980011|484.390015|23721500|1.0000000000|484.390015
2026-08-18|102|APD|302.670013|304.980011|302.250000|303.230011|610000|1.0000000000|303.230011
2026-08-18|103|BF-B|27.900000|27.900000|27.150000|27.150000|2449200|1.0000000000|27.150000
2026-08-18|104|CHD|98.919998|99.839996|98.220001|99.129997|1490900|1.0000000000|99.129997
2026-08-18|105|CINF|173.399994|173.970001|171.250000|171.350006|425600|1.0000000000|171.350006
2026-08-18|106|CMCSA|25.900000|26.280001|25.700001|26.200001|26609100|1.0000000000|26.200001
2026-08-18|107|D|69.500000|69.750000|68.599998|68.610001|2214300|1.0000000000|68.610001
2026-08-18|108|DOV|205.770004|206.500000|202.789993|203.059998|702200|1.0000000000|203.059998
2026-08-18|109|DUK|124.959999|125.660004|123.910004|123.989998|5411500|1.0000000000|123.989998
2026-08-18|110|EFX|179.270004|183.009995|177.369995|181.839996|1283700|1.0000000000|181.839996
2026-08-18|111|EQT|53.730000|53.919998|53.009998|53.139999|7357400|1.0000000000|53.139999
2026-08-18|112|FITB|57.549999|57.970001|57.000000|57.290001|5268200|1.0000000000|57.290001
2026-08-18|113|GIS|38.200001|38.590000|37.680000|38.080002|7729100|1.0000000000|38.080002
2026-08-18|114|GPC|133.779999|134.630005|131.850006|131.889999|941500|1.0000000000|131.889999
2026-08-18|115|HAS|95.800003|96.080002|93.900002|93.989998|1370600|0.9925523990|93.290001
2026-08-18|116|HBAN|18.010000|18.059999|17.629999|17.660000|13614800|1.0000000000|17.660000
2026-08-18|117|HRL|24.469999|24.540001|24.160000|24.340000|4135900|1.0000000000|24.340000
2026-08-18|118|HST|22.870001|23.170000|22.750000|22.920000|6320600|1.0000000000|22.920000
2026-08-18|119|HSY|183.009995|184.149994|181.179993|183.449997|960100|1.0000000000|183.449997
2026-08-18|120|INTC|99.220001|99.309998|95.250000|96.690002|121969500|1.0000000000|96.690002
2026-08-18|121|J|144.869995|145.000000|142.759995|142.860001|531600|0.9975665811|142.512360
2026-08-18|122|JPM|362.339996|363.570007|359.269989|363.250000|5525100|1.0000000000|363.250000
2026-08-18|123|KMB|108.830002|109.790001|107.660004|107.720001|2392100|1.0000000000|107.720001
2026-08-18|124|L|113.599998|114.059998|112.449997|112.449997|605200|0.9994397510|112.387001
2026-08-18|125|LEN|87.480003|87.660004|84.599998|84.940002|2542600|1.0000000000|84.940002
2026-08-18|126|LOW|219.259995|220.500000|214.619995|215.639999|3128000|1.0000000000|215.639999
2026-08-18|127|MAS|73.879997|74.400002|72.599998|73.379997|2028100|0.9956337837|73.059601
2026-08-18|128|MTB|254.820007|254.850006|251.050003|251.500000|772400|1.0000000000|251.500000
2026-08-18|129|NEM|118.309998|119.440002|115.830002|115.980003|6539100|1.0000000000|115.980003
2026-08-18|130|NTRS|191.179993|191.800003|190.110001|190.580002|751400|1.0000000000|190.580002
2026-08-18|131|NUE|271.000000|271.720001|263.230011|264.190002|1503600|1.0000000000|264.190002
2026-08-18|132|OMC|86.629997|87.639999|85.970001|86.309998|1844100|1.0000000000|86.309998
2026-08-18|133|PCAR|131.050003|131.179993|127.930000|128.020004|3286900|1.0000000000|128.020004
2026-08-18|134|PGR|207.699997|208.070007|205.639999|207.229996|3372000|1.0000000000|207.229996
2026-08-18|135|PH|1046.069946|1046.810059|1032.560059|1041.849976|482300|1.0000000000|1041.849976
2026-08-18|136|PHM|129.779999|130.000000|125.980003|126.050003|1224600|1.0000000000|126.050003
2026-08-18|137|PPG|112.820000|114.059998|111.709999|112.809998|1414400|1.0000000000|112.809998
2026-08-18|138|PPL|36.250000|36.599998|35.470001|35.619999|17173600|1.0000000000|35.619999
2026-08-18|139|RF|31.840000|31.889999|31.420000|31.700001|7921600|1.0000000000|31.700001
2026-08-18|140|ROL|36.250000|36.590000|35.830002|36.320000|4009400|1.0000000000|36.320000
2026-08-18|141|SHW|349.760010|352.190002|345.149994|345.269989|1217700|0.9976939264|344.473785
2026-08-18|142|STT|192.770004|193.179993|190.979996|191.869995|1041900|1.0000000000|191.869995
2026-08-18|143|SWK|99.209999|100.000000|98.160004|98.400002|1740300|1.0000000000|98.400002
2026-08-18|144|SYK|337.000000|339.239990|331.040009|331.369995|3179900|1.0000000000|331.369995
2026-08-18|145|TMO|588.869995|592.219971|584.859985|589.039978|1721600|1.0000000000|589.039978
2026-08-18|146|TPL|362.679993|366.799988|357.279999|365.359985|333000|1.0000000000|365.359985
2026-08-18|147|TSN|58.830002|58.950001|57.599998|57.990002|3480200|1.0000000000|57.990002
2026-08-18|148|TT|470.220001|471.040009|461.290009|463.369995|740800|1.0000000000|463.369995
2026-08-18|149|TYL|327.369995|338.220001|327.170013|332.209991|630600|1.0000000000|332.209991
2026-08-18|150|UDR|37.619999|37.630001|37.090000|37.090000|3875600|1.0000000000|37.090000
2026-08-18|151|VTRS|16.360001|16.520000|16.170000|16.170000|9048900|0.9925558317|16.049629
2026-08-18|152|WEC|111.510002|111.889999|110.510002|111.050003|1932800|1.0000000000|111.050003
2026-08-18|153|WST|346.470001|350.040009|345.059998|346.589996|274200|1.0000000000|346.589996
2026-08-18|154|NDSN|309.410004|309.410004|304.160004|304.209991|563300|1.0000000000|304.209991
2026-08-18|155|TFC|52.810001|52.990002|52.139999|52.410000|5299700|1.0000000000|52.410000
2026-08-18|156|WELL|235.740005|238.850006|235.000000|235.440002|1883400|1.0000000000|235.440002
2026-08-18|157|AON|343.200012|350.130005|343.029999|343.200012|921500|1.0000000000|343.200012
2026-08-18|158|GL|180.320007|180.809998|177.940002|178.080002|414500|1.0000000000|178.080002
2026-08-18|159|OKE|96.540001|97.900002|96.330002|97.070000|5335500|1.0000000000|97.070000
2026-08-18|160|KLAC|195.470001|199.520004|191.779999|194.789993|13530000|1.0000000000|194.789993
2026-08-18|161|CSX|50.980000|51.000000|50.189999|50.240002|8956500|1.0000000000|50.240002
2026-08-18|162|PSA|327.829987|328.250000|322.989990|323.100006|618900|1.0000000000|323.100006
2026-08-18|163|NKE|39.650002|40.639999|39.230000|40.060001|39173300|1.0000000000|40.060001
2026-08-18|164|AAPL|307.579987|311.489990|305.739990|310.029999|53424500|1.0000000000|310.029999
2026-08-18|165|BRO|69.610001|70.870003|69.320000|69.370003|2110700|1.0000000000|69.370003
2026-08-18|166|UHS|171.949997|176.250000|171.399994|173.089996|938900|1.0000000000|173.089996
2026-08-18|167|HD|336.779999|344.540009|330.690002|337.489990|6603400|1.0000000000|337.489990
2026-08-18|168|BAX|26.080000|26.340000|25.750000|25.940001|6688500|1.0000000000|25.929996
2026-08-18|169|COP|129.000000|130.119995|128.100006|129.720001|5339300|1.0000000000|129.720001
2026-08-18|170|GLW|161.649994|168.059998|157.899994|159.899994|11032300|1.0000000000|159.899994
2026-08-18|171|HUM|384.000000|392.529999|381.690002|382.000000|741200|1.0000000000|382.000000
2026-08-18|172|LHX|280.000000|284.000000|279.339996|279.540009|1811800|1.0000000000|279.540009
2026-08-18|173|NOC|579.070007|594.510010|576.200012|589.140015|763800|1.0000000000|589.140015
2026-08-18|174|OXY|59.970001|60.160000|59.040001|59.799999|7942600|1.0000000000|59.799999
2026-08-18|175|ROK|440.929993|443.709991|433.000000|433.670013|605900|1.0000000000|433.670013
2026-08-18|176|SLB|54.060001|54.580002|53.180000|53.209999|5328500|1.0000000000|53.209999
2026-08-18|177|SO|93.160004|93.480003|92.010002|92.070000|4177200|1.0000000000|92.070000
2026-08-18|178|WMB|74.660004|75.839996|74.300003|75.129997|5034800|1.0000000000|75.129997
2026-08-18|179|VLO|350.029999|351.000000|344.489990|350.049988|1768200|1.0000000000|350.049988
2026-08-18|180|CI|278.500000|282.579987|277.730011|278.500000|920800|1.0000000000|278.500000
2026-08-18|181|NSC|344.359985|345.269989|338.829987|338.910004|1145300|1.0000000000|338.910004
2026-08-18|182|COO|76.089996|76.690002|75.639999|75.760002|1887100|1.0000000000|75.760002
2026-08-18|183|AMGN|421.640015|427.390015|420.720001|425.279999|2591400|0.9941899340|422.809082
2026-08-18|184|RJF|180.460007|180.880005|178.949997|179.300003|757800|1.0000000000|179.300003
2026-08-18|185|WSM|241.500000|244.839996|237.619995|241.389999|597000|1.0000000000|241.389999
2026-08-18|186|CAH|235.169998|238.240005|233.940002|234.979996|1792400|1.0000000000|234.979996
2026-08-18|187|CTAS|200.949997|201.309998|199.070007|199.449997|1837100|1.0000000000|199.449997
2026-08-18|188|PAYX|120.709999|122.440002|119.839996|119.930000|2240000|1.0000000000|119.930000
2026-08-18|189|BEN|34.029999|34.060001|33.689999|33.990002|2226400|1.0000000000|33.990002
2026-08-18|190|AOS|61.630001|61.689999|60.560001|60.860001|977300|1.0000000000|60.860001
2026-08-18|191|CASY|870.619995|882.679993|851.840027|855.000000|269400|1.0000000000|855.000000
2026-08-18|192|T|25.040001|25.230000|24.900000|24.900000|34303300|1.0000000000|24.900000
2026-08-18|193|VZ|48.570000|49.009998|48.410000|48.540001|14376300|1.0000000000|48.540001
2026-08-18|194|JBHT|282.970001|282.970001|273.970001|274.190002|454100|1.0000000000|274.190002
2026-08-18|195|ATO|172.070007|172.729996|170.320007|170.509995|825800|0.9940065930|169.488052
2026-08-18|196|LRCX|324.179993|329.070007|317.410004|327.920013|10210000|1.0000000000|327.920013
2026-08-18|197|MU|957.099976|978.669983|926.640015|940.760010|37306000|1.0000000000|940.760010
2026-08-18|198|AJG|250.020004|255.279999|248.050003|248.360001|1287000|1.0000000000|248.360001
2026-08-18|199|AME|252.539993|253.529999|248.929993|249.990005|1545400|1.0000000000|249.990005
2026-08-18|200|SWKS|66.769997|68.029999|64.800003|67.430000|5697400|1.0000000000|67.430000
2026-08-18|201|EXPD|189.369995|189.369995|185.899994|185.949997|633500|1.0000000000|185.949997
2026-08-18|202|UNH|397.429993|398.790009|393.510010|393.929993|3605100|1.0000000000|393.929993
2026-08-18|203|BBY|86.400002|88.019997|85.989998|87.269997|4262700|1.0000000000|87.269997
2026-08-18|204|DOC|20.400000|20.760000|20.400000|20.440001|4446100|1.0000000000|20.440001
2026-08-18|205|ADSK|245.309998|252.300003|245.000000|246.789993|1645600|1.0000000000|246.789993
2026-08-18|206|DVN|48.000000|48.430000|47.730000|47.830002|17761000|1.0000000000|47.830002
2026-08-18|207|NVR|6345.959961|6345.959961|6217.209961|6248.370117|34500|1.0000000000|6248.370117
2026-08-18|208|ROST|235.490005|239.940002|234.300003|236.380005|3954500|1.0000000000|236.380005
2026-08-18|209|JKHY|151.500000|155.559998|151.300003|153.119995|1397800|1.0000000000|153.119995
2026-08-18|210|MNST|45.930000|47.549999|45.779999|47.380001|16318800|1.0000000000|47.380001
2026-08-18|211|ORCL|143.250000|146.000000|142.350006|142.789993|19152300|1.0000000000|142.789993
2026-08-18|212|MSFT|481.540009|484.269989|477.149994|481.630005|24087600|0.9981210382|480.725037
2026-08-18|213|TROW|110.379997|111.269997|109.400002|110.320000|1133300|1.0000000000|110.320000
2026-08-18|214|COST|966.109985|971.960022|955.030029|961.349976|1845200|1.0000000000|961.349976
2026-08-18|215|ADBE|259.829987|267.390015|258.190002|263.140015|4774100|1.0000000000|263.140015
2026-08-18|216|FISV|52.799999|53.410000|51.689999|51.720001|5831800|1.0000000000|51.720001
2026-08-18|217|BKR|65.050003|65.199997|64.160004|64.440002|6350300|1.0000000000|64.440002
2026-08-18|218|CDNS|321.500000|323.630005|315.209991|316.519989|1842400|1.0000000000|316.519989
2026-08-18|219|TJX|153.059998|153.429993|150.850006|150.850006|6574600|1.0000000000|150.850006
2026-08-18|220|FICO|1072.790039|1098.310059|1070.000000|1078.119995|215400|1.0000000000|1078.119995
2026-08-18|221|CCL|27.400000|27.660000|27.219999|27.270000|11002100|1.0000000000|27.270000
2026-08-18|222|FAST|51.720001|51.779999|51.230000|51.270000|5819500|1.0000000000|51.270000
2026-08-18|223|SCHW|111.330002|112.199997|110.589996|111.680000|7092000|1.0000000000|111.680000
2026-08-18|224|JCI|151.399994|152.229996|148.250000|149.679993|3890800|1.0000000000|149.679993
2026-08-18|225|COHR|324.609985|329.440002|305.500000|306.429993|9644600|1.0000000000|306.429993
2026-08-18|226|KEY|23.059999|23.170000|22.700001|22.790001|8730700|1.0000000000|22.790001
2026-08-18|227|MOS|21.230000|21.430000|21.049999|21.139999|5862900|1.0000000000|21.139999
2026-08-18|228|MGM|43.869999|43.880001|43.299999|43.320000|1625800|1.0000000000|43.320000
2026-08-18|229|WM|227.440002|228.160004|223.500000|223.580002|2125600|1.0000000000|223.580002
2026-08-18|230|TECH|72.410004|72.519997|72.220001|72.220001|2555500|0.9988938053|72.140114
2026-08-18|231|IEX|242.729996|242.729996|233.800003|234.160004|465500|1.0000000000|234.160004
2026-08-18|232|GEN|27.860001|27.959999|27.590000|27.639999|4317000|1.0000000000|27.639999
2026-08-18|233|CRH|96.000000|96.849998|93.110001|93.250000|3520800|1.0000000000|93.250000
2026-08-18|234|EOG|148.039993|149.000000|146.660004|148.699997|2076500|1.0000000000|148.699997
2026-08-18|235|PTC|147.949997|149.429993|146.300003|146.479996|1217100|1.0000000000|146.479996
2026-08-18|236|CSCO|111.750000|112.750000|110.360001|111.610001|20060500|1.0000000000|111.610001
2026-08-18|237|LH|326.070007|329.470001|322.179993|322.179993|588900|1.0000000000|321.490723
2026-08-18|238|TRMB|56.000000|57.689999|55.990002|56.990002|2556900|1.0000000000|56.990002
2026-08-18|239|AZO|3057.270020|3127.100098|3021.090088|3073.199951|278400|1.0000000000|3073.199951
2026-08-18|240|REGN|814.000000|821.020020|805.929993|810.239990|779000|1.0000000000|810.239990
2026-08-18|241|IDXX|553.729980|559.460022|549.750000|553.320007|570300|1.0000000000|553.320007
2026-08-18|242|AES|14.760000|14.790000|14.740000|14.740000|4297200|1.0000000000|14.740000
2026-08-18|243|VRTX|520.000000|533.780029|517.340027|528.190002|1497000|1.0000000000|528.190002
2026-08-18|244|ZBRA|368.149994|370.549988|358.679993|366.420013|544300|1.0000000000|366.420013
2026-08-18|245|BIIB|211.000000|214.070007|210.009995|212.550003|694000|1.0000000000|212.550003
2026-08-18|246|ODFL|212.029999|212.029999|207.619995|208.000000|1129900|1.0000000000|208.000000
2026-08-18|247|APH|165.199997|166.380005|158.100006|159.570007|7537300|1.0000000000|159.570007
2026-08-18|248|KIM|24.530001|24.719999|24.209999|24.219999|2699800|1.0000000000|24.219999
2026-08-18|249|QCOM|157.889999|161.809998|156.729996|160.190002|11069500|1.0000000000|160.190002
2026-08-18|250|GILD|140.000000|143.889999|139.539993|143.440002|5758800|1.0000000000|143.440002
2026-08-18|251|ROP|398.820007|400.820007|394.119995|394.170013|514200|1.0000000000|394.170013
2026-08-18|252|SNPS|410.799988|412.850006|402.429993|404.410004|1607300|1.0000000000|404.410004
2026-08-18|253|STZ|131.589996|132.149994|129.440002|131.000000|1642000|1.0000000000|131.000000
2026-08-18|254|BSX|52.380001|52.529999|50.450001|50.470001|11724300|1.0000000000|50.470001
2026-08-18|255|STE|232.649994|234.300003|230.860001|232.389999|657900|1.0000000000|232.389999
2026-08-18|256|DHI|149.350006|149.500000|145.440002|145.679993|2013700|1.0000000000|145.679993
2026-08-18|257|LIN|481.670013|483.480011|477.709991|478.709991|2401000|1.0000000000|478.709991
2026-08-18|258|SBUX|109.070000|109.230003|105.919998|106.010002|5351000|1.0000000000|106.010002
2026-08-18|259|MS|217.059998|217.699997|215.190002|217.550003|2777900|1.0000000000|217.550003
2026-08-18|260|INTU|348.010010|355.859985|343.000000|350.410004|3894100|1.0000000000|350.410004
2026-08-18|261|MCHP|78.010002|78.470001|75.650002|78.190002|12743300|0.9940194534|77.722382
2026-08-18|262|CB|346.899994|348.779999|344.359985|345.290009|1524400|1.0000000000|345.290009
2026-08-18|263|ORLY|91.959999|92.150002|90.599998|90.760002|4898600|1.0000000000|90.760002
2026-08-18|264|RCL|299.000000|302.739990|297.140015|300.000000|1299800|1.0000000000|300.000000
2026-08-18|265|JBL|359.779999|362.140015|337.500000|338.619995|1182200|1.0000000000|338.619995
2026-08-18|266|ALL|262.049988|264.489990|260.809998|261.149994|1442000|1.0000000000|261.149994
2026-08-18|267|CPT|109.309998|109.349998|107.230003|107.279999|619400|1.0000000000|107.279999
2026-08-18|268|VMRK|64.160004|65.050003|63.689999|64.029999|6385300|1.0000000000|64.029999
2026-08-18|269|IT|178.119995|187.979996|178.119995|182.070007|1304600|1.0000000000|182.070007
2026-08-18|270|DECK|90.660004|91.870003|89.459999|89.510002|2183900|1.0000000000|89.510002
2026-08-18|271|REG|76.849998|76.980003|76.010002|76.190002|1437400|1.0000000000|76.190002
2026-08-18|272|INCY|124.290001|124.739998|123.230003|123.470001|1191400|1.0000000000|123.470001
2026-08-18|273|SPG|223.149994|223.300003|220.550003|220.610001|820100|1.0000000000|220.610001
2026-08-18|274|MAA|132.160004|132.429993|130.139999|130.169998|792000|1.0000000000|130.169998
2026-08-18|275|MLM|538.000000|540.429993|522.190002|522.809998|938500|1.0000000000|522.809998
2026-08-18|276|TSCO|35.090000|35.889999|34.560001|34.720001|7792600|0.9931389364|34.481785
2026-08-18|277|ALB|131.000000|132.929993|129.850006|132.710007|1277800|1.0000000000|132.710007
2026-08-18|278|CPRT|32.020000|33.549999|30.900000|31.510000|17667600|1.0000000000|31.510000
2026-08-18|279|FLEX|125.300003|126.650002|119.089996|120.239998|3250200|1.0000000000|120.239998
2026-08-18|280|ESS|282.059998|286.779999|282.059998|283.709991|511400|1.0000000000|283.709991
2026-08-18|281|O|62.869999|62.959999|62.200001|62.209999|4035800|1.0000000000|62.209999
2026-08-18|282|MCO|480.690002|490.750000|478.690002|485.790009|523700|1.0000000000|485.790009
2026-08-18|283|SJM|119.300003|120.510002|118.419998|118.500000|1019900|1.0000000000|118.500000
2026-08-18|284|MCK|870.229980|886.140015|867.650024|869.260010|618700|1.0000000000|869.260010
2026-08-18|285|COF|220.429993|223.589996|219.509995|221.470001|3082200|1.0000000000|221.470001
2026-08-18|286|EME|843.369995|843.559998|817.010010|824.530029|288300|1.0000000000|824.530029
2026-08-18|287|DLTR|131.839996|133.449997|129.000000|130.479996|2127500|1.0000000000|130.479996
2026-08-18|288|COR|315.989990|320.000000|313.920013|316.130005|1032100|1.0000000000|316.130005
2026-08-18|289|DRI|226.360001|227.639999|218.669998|218.860001|1001500|1.0000000000|218.860001
2026-08-18|290|RMD|221.000000|223.470001|219.970001|219.979996|1295900|0.9971385215|219.350525
2026-08-18|291|WAB|299.779999|301.000000|294.299988|294.720001|1038600|1.0000000000|294.720001
2026-08-18|292|FCX|67.080002|68.029999|65.709999|66.320000|10486800|1.0000000000|66.320000
2026-08-18|293|IVZ|32.410000|32.619999|31.920000|32.380001|4061100|1.0000000000|32.380001
2026-08-18|294|ACGL|99.370003|100.580002|98.760002|98.910004|1730600|1.0000000000|98.910004
2026-08-18|295|ERIE|251.589996|260.399994|250.649994|256.950012|167100|1.0000000000|256.950012
2026-08-18|296|EG|369.529999|373.320007|367.309998|367.380005|245800|1.0000000000|367.380005
2026-08-18|297|DVA|178.130005|179.830002|176.899994|177.910004|489500|1.0000000000|177.910004
2026-08-18|298|HSIC|89.940002|90.459999|88.730003|89.230003|1029300|1.0000000000|89.230003
2026-08-18|299|EL|84.279999|85.669998|83.849998|84.269997|3334400|1.0000000000|84.269997
2026-08-18|300|WAT|407.239990|409.609985|400.899994|401.250000|739700|1.0000000000|401.250000
2026-08-18|301|NTAP|201.690002|207.960007|200.619995|204.710007|2425400|1.0000000000|204.710007
2026-08-18|302|HIG|139.369995|139.389999|137.789993|138.960007|1403100|1.0000000000|138.960007
2026-08-18|303|IRM|129.449997|130.000000|126.629997|126.669998|1213700|1.0000000000|126.669998
2026-08-18|304|BRK-B|501.040009|504.500000|499.600006|502.959991|3380700|1.0000000000|502.959991
2026-08-18|305|FDS|280.299988|290.880005|278.790009|285.410004|639400|1.0000000000|285.410004
2026-08-18|306|STLD|256.220001|257.220001|249.089996|249.809998|973100|1.0000000000|249.809998
2026-08-18|307|DGX|238.009995|239.380005|236.070007|236.250000|693600|1.0000000000|236.250000
2026-08-18|308|CIEN|421.589996|427.739990|391.769989|405.540009|3052300|1.0000000000|405.540009
2026-08-18|309|TTWO|243.580002|248.389999|241.759995|242.399994|1907900|1.0000000000|242.399994
2026-08-18|310|VTR|90.279999|92.349998|90.279999|91.199997|3077700|1.0000000000|91.199997
2026-08-18|311|AMZN|260.630005|262.179993|257.730011|259.450012|33171300|1.0000000000|259.450012
2026-08-18|312|ARE|46.980000|47.189999|45.779999|45.840000|2199000|1.0000000000|45.840000
2026-08-18|313|RL|380.309998|385.519989|377.540009|378.250000|466600|1.0000000000|378.250000
2026-08-18|314|BXP|66.919998|67.139999|66.169998|66.190002|1084600|1.0000000000|66.190002
2026-08-18|315|FIX|1806.160034|1815.069946|1720.770020|1739.079956|476100|1.0000000000|1739.079956
2026-08-18|316|YUM|146.380005|146.970001|144.770004|144.860001|1697300|1.0000000000|144.860001
2026-08-18|317|CHRW|144.940002|147.250000|143.529999|144.669998|1317300|1.0000000000|144.669998
2026-08-18|318|FE|48.000000|48.259998|47.230000|47.259998|4302800|1.0000000000|47.259998
2026-08-18|319|MTD|1427.609985|1427.609985|1396.119995|1399.670044|140600|1.0000000000|1399.670044
2026-08-18|320|PLD|140.279999|141.300003|139.779999|140.020004|2747900|1.0000000000|140.020004
2026-08-18|321|URI|1153.800049|1156.780029|1116.359985|1116.380005|395400|1.0000000000|1116.380005
2026-08-18|322|AEE|110.519997|110.940002|109.379997|109.669998|1339300|1.0000000000|109.669998
2026-08-18|323|VRSN|276.420013|280.420013|274.579987|276.739990|627000|0.9970730649|275.929993
2026-08-18|324|PWR|708.460022|712.000000|688.380005|696.150024|1536300|1.0000000000|696.150024
2026-08-18|325|AMT|174.860001|175.330002|172.250000|172.330002|1869100|1.0000000000|172.330002
2026-08-18|326|MAR|358.350006|361.459991|355.660004|357.329987|1505400|0.9979719406|356.605316
2026-08-18|327|CTSH|56.880001|58.840000|56.759998|57.779999|4704700|1.0000000000|57.779999
2026-08-18|328|SRE|86.989998|87.300003|86.400002|87.180000|3557200|1.0000000000|87.180000
2026-08-18|329|CSGP|32.029999|32.299999|31.299999|31.379999|3845900|1.0000000000|31.379999
2026-08-18|330|RSG|218.000000|218.559998|215.770004|216.970001|1705400|1.0000000000|216.970001
2026-08-18|331|CCI|75.699997|75.889999|73.910004|74.029999|2302200|1.0000000000|74.029999
2026-08-18|332|EBAY|101.389999|104.300003|100.699997|102.269997|6472700|1.0000000000|101.959999
2026-08-18|333|NVDA|220.449997|221.639999|218.690002|219.740005|103128200|1.0000000000|219.740005
2026-08-18|334|BKNG|205.750000|211.639999|204.809998|208.250000|4536300|1.0000000000|208.250000
2026-08-18|335|GS|1040.000000|1043.500000|1026.079956|1040.469971|1909200|1.0000000000|1040.469971
2026-08-18|336|FFIV|390.809998|399.260010|390.809998|393.619995|465200|1.0000000000|393.619995
2026-08-18|337|SBAC|184.850006|184.850006|181.339996|181.399994|788500|0.9931480565|180.157043
2026-08-18|338|LII|416.000000|416.149994|407.940002|411.049988|354300|1.0000000000|411.049988
2026-08-18|339|BLK|1149.000000|1161.810059|1143.130005|1154.349976|355300|1.0000000000|1154.349976
2026-08-18|340|TKO|195.360001|196.490005|192.029999|192.110001|698600|1.0000000000|192.110001
2026-08-18|341|AKAM|121.489998|123.790001|115.110001|115.199997|3407000|1.0000000000|115.199997
2026-08-18|342|UPS|102.010002|102.800003|101.339996|101.930000|3624600|1.0000000000|101.930000
2026-08-18|343|A|149.190002|149.770004|147.740005|148.440002|1798200|1.0000000000|148.440002
2026-08-18|344|TDY|670.650024|671.440002|660.000000|665.000000|202100|1.0000000000|665.000000
2026-08-18|345|PKG|254.000000|254.000000|250.250000|250.300003|361600|1.0000000000|250.300003
2026-08-18|346|EW|90.959999|91.690002|90.400002|90.980003|2762300|1.0000000000|90.980003
2026-08-18|347|MET|97.300003|98.110001|96.690002|96.730003|2039600|1.0000000000|96.730003
2026-08-18|348|ON|79.989998|80.900002|76.959999|79.419998|10810400|1.0000000000|79.419998
2026-08-18|349|ISRG|394.000000|399.869995|390.839996|391.179993|2385000|1.0000000000|391.179993
2026-08-18|350|CRL|286.399994|289.600006|279.059998|279.190002|703700|1.0000000000|279.190002
2026-08-18|351|MRVL|220.520004|225.009995|211.100006|216.000000|25860700|1.0000000000|216.000000
2026-08-18|352|EQIX|1103.579956|1107.410034|1084.900024|1085.089966|418000|0.9952446339|1079.929932
2026-08-18|353|TPR|129.460007|135.350006|129.250000|132.259995|4183900|1.0000000000|132.259995
2026-08-18|354|GRMN|306.989990|308.440002|296.160004|297.440002|1043300|1.0000000000|297.440002
2026-08-18|355|GPN|91.660004|93.050003|90.360001|90.370003|1442400|1.0000000000|90.370003
2026-08-18|356|ALGN|171.570007|172.369995|167.779999|167.910004|744700|1.0000000000|167.910004
2026-08-18|357|WTW|329.850006|333.649994|327.779999|327.899994|388000|1.0000000000|327.899994
2026-08-18|358|MDLZ|63.160000|63.320000|62.599998|62.660000|6811800|1.0000000000|62.660000
2026-08-18|359|AXON|595.630005|626.070007|594.010010|619.849976|690700|1.0000000000|619.849976
2026-08-18|360|FIS|41.730000|42.240002|40.950001|40.950001|4956800|1.0000000000|40.950001
2026-08-18|361|ACN|172.860001|176.929993|170.429993|172.929993|5995600|1.0000000000|172.929993
2026-08-18|362|ZBH|99.580002|100.379997|98.269997|99.150002|1207200|1.0000000000|99.150002
2026-08-18|363|BG|115.449997|115.449997|113.879997|114.360001|1029200|1.0000000000|114.360001
2026-08-18|364|PFG|113.660004|114.389999|113.040001|113.139999|904600|1.0000000000|113.139999
2026-08-18|365|ELV|394.459991|402.720001|391.769989|398.269989|950800|1.0000000000|398.269989
2026-08-18|366|CNC|64.889999|65.940002|64.720001|65.220001|3410500|1.0000000000|65.220001
2026-08-18|367|PRU|125.519997|126.199997|124.500000|124.540001|1324100|0.9885872665|123.118660
2026-08-18|368|NFLX|77.430000|79.099998|76.339996|77.769997|36151300|1.0000000000|77.769997
2026-08-18|369|NDAQ|97.470001|97.980003|96.629997|96.709999|1683600|1.0000000000|96.709999
2026-08-18|370|WYNN|102.959999|103.739998|101.250000|101.290001|1104800|1.0000000000|101.290001
2026-08-18|371|CME|271.359985|274.000000|269.059998|271.540009|1488900|1.0000000000|271.540009
2026-08-18|372|STX|929.500000|961.270020|898.679993|903.679993|4603900|1.0000000000|903.679993
2026-08-18|373|NRG|121.919998|122.519997|115.080002|115.559998|2625700|1.0000000000|115.559998
2026-08-18|374|AIZ|284.239990|288.140015|279.899994|280.070007|393800|1.0000000000|280.070007
2026-08-18|375|CBRE|148.470001|150.770004|147.210007|147.300003|1287800|1.0000000000|147.300003
2026-08-18|376|CRM|194.089996|199.410004|193.229996|196.139999|14152900|1.0000000000|196.139999
2026-08-18|377|DPZ|339.140015|343.760010|334.779999|336.250000|598200|1.0000000000|336.250000
2026-08-18|378|EXR|148.699997|148.809998|146.850006|146.919998|731700|1.0000000000|146.919998
2026-08-18|379|GOOG|339.894989|342.390015|337.519989|341.279999|14254300|1.0000000000|341.279999
2026-08-18|380|GOOGL|342.410004|344.869995|340.190002|344.200012|19248800|1.0000000000|344.200012
2026-08-18|381|DLR|198.830002|199.210007|195.130005|195.250000|1466100|1.0000000000|195.250000
2026-08-18|382|MPWR|1365.449951|1376.530029|1303.219971|1333.180054|1144300|1.0000000000|1333.180054
2026-08-18|383|LVS|45.700001|46.169998|45.430000|45.470001|3074000|1.0000000000|45.470001
2026-08-18|384|DXCM|89.489998|91.500000|88.980003|89.599998|3362800|1.0000000000|89.599998
2026-08-18|385|BLDR|69.900002|70.470001|67.519997|67.620003|1280200|1.0000000000|67.620003
2026-08-18|386|WBD|27.990000|28.549999|27.900000|28.480000|26941600|1.0000000000|28.480000
2026-08-18|387|EXPE|316.769989|327.890015|316.739990|321.420013|1014200|0.9985604607|320.957336
2026-08-18|388|CF|120.410004|121.989998|119.000000|119.720001|2438900|1.0000000000|119.720001
2026-08-18|389|AMP|566.250000|568.700012|560.010010|562.119995|330400|1.0000000000|562.119995
2026-08-18|390|ICE|156.320007|158.160004|154.940002|156.179993|3619700|1.0000000000|156.179993
2026-08-18|391|PSKY|10.340000|10.470000|10.150000|10.430000|9512600|1.0000000000|10.430000
2026-08-18|392|LYV|184.279999|185.000000|179.830002|179.839996|1478600|1.0000000000|179.839996
2026-08-18|393|CMG|33.650002|34.009998|33.200001|33.360001|13311500|1.0000000000|33.360001
2026-08-18|394|UAL|120.820000|121.209999|118.610001|118.720001|2673800|1.0000000000|118.720001
2026-08-18|395|TDG|1238.209961|1243.180054|1225.180054|1233.780029|250800|1.0000000000|1233.780029
2026-08-18|396|MA|563.869995|578.500000|563.179993|574.309998|3907600|1.0000000000|574.309998
2026-08-18|397|LDOS|143.399994|145.369995|142.520004|143.479996|1232000|1.0000000000|143.479996
2026-08-18|398|FSLR|219.500000|221.500000|217.000000|220.009995|1902100|1.0000000000|220.009995
2026-08-18|399|BR|170.679993|173.649994|169.179993|169.860001|1605900|1.0000000000|169.860001
2026-08-18|400|SMCI|37.099998|38.160000|36.220001|37.410000|52260100|1.0000000000|37.410000
2026-08-18|401|TMUS|183.210007|184.490005|180.669998|182.750000|4737900|1.0000000000|181.701309
2026-08-18|402|DAL|87.000000|87.230003|85.669998|85.699997|4605500|1.0000000000|85.699997
2026-08-18|403|IBKR|93.000000|93.230003|90.419998|90.559998|2616900|1.0000000000|90.559998
2026-08-18|404|PODD|139.910004|149.339996|139.449997|148.029999|1622300|1.0000000000|148.029999
2026-08-18|405|TEL|213.630005|213.649994|204.889999|204.970001|2939900|0.9961105015|204.172775
2026-08-18|406|BX|139.520004|141.490005|138.119995|140.589996|3395700|1.0000000000|140.589996
2026-08-18|407|LULU|116.980003|122.050003|115.610001|119.010002|3042800|1.0000000000|119.010002
2026-08-18|408|ULTA|496.750000|524.799988|496.750000|516.739990|773000|1.0000000000|516.739990
2026-08-18|409|MSCI|558.940002|566.859985|554.039978|562.770020|957200|1.0000000000|562.770020
2026-08-18|410|ECHO|90.480003|91.970001|89.620003|90.000000|2258200|1.0000000000|90.000000
2026-08-18|411|PM|187.029999|188.869995|186.009995|187.619995|7108200|1.0000000000|187.619995
2026-08-18|412|V|359.619995|365.910004|358.049988|364.250000|6820300|1.0000000000|364.250000
2026-08-18|413|AWK|135.929993|137.750000|135.360001|136.270004|1892700|1.0000000000|136.270004
2026-08-18|414|KDP|30.700001|31.090000|30.350000|30.790001|12571700|1.0000000000|30.790001
2026-08-18|415|SW|47.650002|48.049999|47.230000|47.299999|2705400|1.0000000000|47.299999
2026-08-18|416|AVGO|384.320007|385.779999|377.010010|380.000000|22878200|1.0000000000|380.000000
2026-08-18|417|VRSK|178.509995|183.039993|177.839996|178.860001|1625200|1.0000000000|178.860001
2026-08-18|418|DG|122.809998|124.230003|120.519997|120.839996|2295000|1.0000000000|120.839996
2026-08-18|419|FTNT|156.000000|159.970001|155.699997|158.009995|4055100|1.0000000000|158.009995
2026-08-18|420|CHTR|147.149994|152.169998|145.039993|148.350006|2481300|1.0000000000|148.350006
2026-08-18|421|FERG|243.160004|245.740005|240.839996|244.470001|1770700|0.9962829937|243.561310
2026-08-18|422|GNRC|214.600006|216.220001|211.119995|211.559998|855100|1.0000000000|211.559998
2026-08-18|423|LYB|65.239998|65.699997|64.180000|65.330002|3379900|0.9897823188|64.662483
2026-08-18|424|CBOE|298.529999|300.890015|290.720001|290.989990|660000|1.0000000000|290.989990
2026-08-18|425|TSLA|333.220001|340.529999|331.119995|336.869995|27994500|1.0000000000|336.869995
2026-08-18|426|KKR|108.400002|109.379997|106.529999|107.190002|4016200|1.0000000000|107.190002
2026-08-18|427|NXPI|229.559998|230.380005|223.509995|228.559998|4995200|1.0000000000|228.559998
2026-08-18|428|GM|84.860001|84.860001|83.589996|83.709999|3725300|1.0000000000|83.709999
2026-08-18|429|TRGP|293.410004|305.079987|291.399994|297.769989|2486900|1.0000000000|297.769989
2026-08-18|430|CPAY|409.070007|416.299988|406.820007|406.820007|557500|1.0000000000|406.820007
2026-08-18|431|KMI|32.750000|33.060001|32.599998|32.869999|11671200|1.0000000000|32.869999
2026-08-18|432|HCA|409.049988|417.989990|406.149994|411.730011|1450000|1.0000000000|411.730011
2026-08-18|433|HII|319.440002|322.480011|317.309998|317.609985|592900|1.0000000000|316.135651
2026-08-18|434|APO|133.149994|134.610001|131.470001|133.850006|2928600|0.9957937992|133.287003
2026-08-18|435|MPC|363.059998|367.239990|356.929993|366.209991|2033800|0.9972693263|365.209991
2026-08-18|436|XYL|116.000000|116.050003|112.500000|113.940002|2346500|0.9962087815|113.508034
2026-08-18|437|APTV|50.000000|50.509998|48.560001|48.599998|2904700|1.0000000000|48.599998
2026-08-18|438|PSX|240.000000|243.600006|238.199997|243.490005|3108100|1.0000000000|243.490005
2026-08-18|439|AMCR|45.860001|46.340000|45.689999|45.860001|3839500|1.0000000000|45.860001
2026-08-18|440|META|557.479980|560.659973|543.210022|543.669983|27094900|1.0000000000|543.669983
2026-08-18|441|NOW|119.480003|121.839996|117.839996|119.489998|17341500|1.0000000000|119.489998
2026-08-18|442|PANW|370.339996|378.040009|368.000000|374.140015|4946000|1.0000000000|374.140015
2026-08-18|443|FANG|208.929993|210.410004|206.470001|210.020004|1812000|1.0000000000|210.020004
2026-08-18|444|WDAY|195.300003|195.779999|190.429993|190.639999|3783700|1.0000000000|190.639999
2026-08-18|445|ABBV|253.929993|259.179993|252.410004|258.920013|5010200|1.0000000000|258.920013
2026-08-18|446|NCLH|17.780001|18.010000|17.580000|17.610001|17636700|1.0000000000|17.610001
2026-08-18|447|ZTS|73.750000|74.480003|72.879997|73.959999|4028400|1.0000000000|73.959999
2026-08-18|448|IQV|244.360001|246.020004|239.979996|240.029999|1095600|1.0000000000|240.029999
2026-08-18|449|NWS|32.900002|33.730000|32.860001|33.490002|736900|1.0000000000|33.490002
2026-08-18|450|NWSA|29.100000|29.650000|28.910000|29.389999|4096700|1.0000000000|29.389999
2026-08-18|451|CDW|134.789993|137.160004|134.119995|134.970001|1267000|0.9952456416|134.328308
2026-08-18|452|VEEV|243.169998|247.029999|241.720001|242.750000|1522600|1.0000000000|242.750000
2026-08-18|453|ALLE|162.779999|163.229996|159.820007|159.830002|887100|1.0000000000|159.830002
2026-08-18|454|HLT|326.299988|332.720001|325.079987|327.739990|1881800|0.9995449167|327.590851
2026-08-18|455|ARES|140.279999|141.595001|137.520004|140.309998|1475300|1.0000000000|140.309998
2026-08-18|456|ANET|196.000000|197.990005|189.669998|193.179993|8886900|1.0000000000|193.179993
2026-08-18|457|SYF|80.570000|81.629997|80.370003|80.580002|3027600|1.0000000000|80.580002
2026-08-18|458|CFG|74.650002|74.989998|73.110001|73.459999|2897400|1.0000000000|73.459999
2026-08-18|459|KEYS|350.000000|350.894989|332.640015|341.000000|3525600|1.0000000000|341.000000
2026-08-18|460|GDDY|94.089996|97.650002|94.089996|95.800003|1464000|1.0000000000|95.800003
2026-08-18|461|KHC|25.150000|25.150000|24.690001|24.820000|10272300|1.0000000000|24.820000
2026-08-18|462|PYPL|60.205002|61.599998|59.959999|60.430000|9911600|1.0000000000|60.430000
2026-08-18|463|LITE|909.280029|943.760010|863.109985|873.309998|6012800|1.0000000000|873.309998
2026-08-18|464|HPE|55.860001|58.090000|54.869999|55.689999|19363200|1.0000000000|55.689999
2026-08-18|465|XYZ|79.190002|81.500000|79.050003|79.430000|3311600|1.0000000000|79.430000
2026-08-18|466|FTV|60.779999|61.150002|59.400002|59.450001|1882600|1.0000000000|59.450001
2026-08-18|467|DELL|466.980011|489.980011|458.500000|468.649994|5530200|1.0000000000|468.649994
2026-08-18|468|TTD|13.440000|13.780000|13.320000|13.420000|19771400|1.0000000000|13.420000
2026-08-18|469|VST|144.500000|145.539993|138.770004|140.520004|4310800|1.0000000000|140.520004
2026-08-18|470|HWM|286.399994|293.329987|284.000000|292.649994|1783200|1.0000000000|292.649994
2026-08-18|471|INVH|29.959999|30.120001|29.715000|29.719999|3406100|1.0000000000|29.719999
2026-08-18|472|CVNA|67.620003|69.000000|64.760002|65.000000|16880000|1.0000000000|65.000000
2026-08-18|473|IR|82.099998|82.339996|80.730003|80.769997|3655300|1.0000000000|80.769997
2026-08-18|474|VICI|26.020000|26.280001|25.900000|25.910000|5970600|1.0000000000|25.910000
2026-08-18|475|VRT|281.000000|281.669006|270.309998|272.540009|5584100|1.0000000000|272.540009
2026-08-18|476|MRNA|63.040001|64.459999|62.129002|62.959999|4305000|1.0000000000|62.959999
2026-08-18|477|FOXA|69.650002|70.949997|69.000000|69.029999|5601100|1.0000000000|69.029999
2026-08-18|478|FOX|61.720001|62.930000|61.200001|61.230000|1019600|1.0000000000|61.230000
2026-08-18|479|DOW|31.600000|31.930000|31.061001|31.190001|7367900|1.0000000000|31.190001
2026-08-18|480|UBER|75.184998|77.279999|74.629997|74.660004|15895600|1.0000000000|74.660004
2026-08-18|481|CTVA|76.769997|78.220001|76.475998|77.910004|4054600|1.0000000000|77.910004
2026-08-18|482|CRWD|213.000000|216.054993|209.070007|212.919998|6887300|1.0000000000|212.919998
2026-08-18|483|DDOG|248.789993|253.445007|243.000000|246.000000|3637300|1.0000000000|246.000000
2026-08-18|484|CARR|61.990002|62.130001|60.950001|61.419998|5372900|1.0000000000|61.419998
2026-08-18|485|OTIS|71.190002|71.635002|70.309998|70.349998|3495100|1.0000000000|70.349998
2026-08-18|486|PLTR|171.970001|174.979996|170.610001|171.539993|28082100|1.0000000000|171.539993
2026-08-18|487|DASH|212.889999|222.809998|212.660004|216.350006|6405500|1.0000000000|216.350006
2026-08-18|488|ABNB|180.490005|186.100006|180.080002|183.250000|4346600|1.0000000000|183.250000
2026-08-18|489|EXE|95.239998|95.769997|94.370003|95.449997|2248200|1.0000000000|95.449997
2026-08-18|490|COIN|148.000000|150.729996|146.020004|146.229996|6746700|1.0000000000|146.229996
2026-08-18|491|APP|308.820007|314.750000|307.049988|307.260010|5148600|1.0000000000|307.260010
2026-08-18|492|HOOD|93.440002|94.589996|91.440002|91.529999|13990400|1.0000000000|91.529999
2026-08-18|493|CEG|275.750000|279.559998|264.820007|266.829987|3755800|1.0000000000|266.829987
2026-08-18|494|GEHC|72.940002|73.559998|72.584999|72.629997|3316600|1.0000000000|72.629997
2026-08-18|495|KVUE|19.000000|19.115000|18.799999|18.799999|25521600|1.0000000000|18.799999
2026-08-18|496|VLTO|97.830002|98.139999|96.040001|96.070000|1354300|1.0000000000|96.070000
2026-08-18|497|RDDT|166.100006|167.539993|157.449997|158.250000|7447300|1.0000000000|158.250000
2026-08-18|498|SOLV|87.500000|88.470001|87.029999|87.449997|1163100|1.0000000000|87.449997
2026-08-18|499|GEV|1046.895020|1049.900024|986.169983|1004.530029|2821500|1.0000000000|1004.530029
2026-08-18|500|SNDK|1677.540039|1724.989990|1600.199951|1625.780029|18650700|1.0000000000|1625.780029
2026-08-18|501|Q|136.000000|137.660004|131.904999|133.580002|1290100|1.0000000000|133.580002
2026-08-18|502|FDXF|143.500000|144.000000|139.119995|139.229996|1120300|1.0000000000|139.229996
2026-08-18|503|HONA|160.869995|164.610001|160.389999|160.759995|4707000|1.0000000000|160.759995
