date|security_id|ticker|open|high|low|close|volume|adj_factor|adj_close_vendor
2026-08-14|1|AEP|124.870003|126.000000|124.860001|125.599998|2360200|1.0000000000|125.599998
2026-08-14|2|BA|231.630005|233.429993|229.880005|231.669998|2649100|1.0000000000|231.669998
2026-08-14|3|CAT|854.000000|870.989990|850.000000|856.570007|1894900|1.0000000000|856.570007
2026-08-14|4|CNP|40.380001|40.910000|40.380001|40.830002|2984500|0.9940594062|40.587448
2026-08-14|5|CVX|198.869995|201.630005|198.360001|200.000000|7910500|0.9913483039|198.269669
2026-08-14|6|DIS|104.989998|107.110001|104.910004|106.849998|8176900|1.0000000000|106.849998
2026-08-14|7|DTE|139.339996|141.210007|139.240005|140.839996|870500|1.0000000000|140.839996
2026-08-14|8|ED|108.019997|109.339996|107.949997|108.800003|1323500|0.9918651523|107.914932
2026-08-14|9|GD|394.279999|396.160004|392.600006|395.779999|472300|1.0000000000|395.779999
2026-08-14|10|GE|362.500000|368.690002|361.510010|368.380005|2966200|1.0000000000|368.380005
2026-08-14|11|HON|232.389999|234.800003|232.389999|233.960007|2686400|1.0000000000|233.960007
2026-08-14|12|HPQ|31.299999|31.400000|29.950001|30.110001|10733800|1.0000000000|30.110001
2026-08-14|13|IBM|238.369995|239.149994|233.729996|234.320007|4523500|1.0000000000|234.320007
2026-08-14|14|IP|40.709999|41.070000|40.439999|40.740002|2961500|1.0000000000|40.740002
2026-08-14|15|JNJ|260.649994|261.709991|259.160004|260.350006|4998100|0.9950922943|259.072266
2026-08-14|16|KO|87.300003|87.970001|87.199997|87.709999|9166400|1.0000000000|87.709999
2026-08-14|17|KR|56.939999|57.299999|56.630001|56.689999|3700200|1.0000000000|56.689999
2026-08-14|18|LMT|603.000000|609.239990|599.109985|608.679993|862600|1.0000000000|608.679993
2026-08-14|19|MMM|181.940002|184.250000|181.360001|182.649994|2644600|0.9956414843|181.853912
2026-08-14|20|MO|65.190002|66.000000|64.720001|65.699997|6250400|1.0000000000|65.699997
2026-08-14|21|MRK|134.429993|135.970001|133.399994|135.839996|6869000|1.0000000000|135.839996
2026-08-14|22|MSI|466.000000|468.459991|461.649994|466.510010|833900|1.0000000000|466.510010
2026-08-14|23|PG|144.330002|144.910004|143.419998|144.550003|7249600|1.0000000000|144.550003
2026-08-14|24|XOM|159.710007|161.259995|159.250000|160.100006|10231300|0.9935665212|159.070007
2026-08-14|25|RTX|222.000000|223.070007|219.979996|222.970001|2871100|1.0000000000|222.970001
2026-08-14|26|MCD|272.329987|275.339996|271.269989|272.829987|2735400|1.0000000000|272.829987
2026-08-14|27|AXP|345.989990|345.989990|341.690002|342.480011|1529500|1.0000000000|342.480011
2026-08-14|28|BMY|64.129997|64.330002|63.349998|63.830002|7529800|1.0000000000|63.830002
2026-08-14|29|DD|143.679993|146.820007|143.110001|146.259995|1108700|1.0000000000|146.259995
2026-08-14|30|DE|608.830017|616.000000|607.000000|608.849976|802300|1.0000000000|608.849976
2026-08-14|31|EMR|164.259995|164.800003|162.300003|163.169998|2144400|1.0000000000|163.169998
2026-08-14|32|ETN|453.760010|456.670013|449.010010|451.510010|1401000|1.0000000000|451.510010
2026-08-14|33|ETR|106.589996|108.070000|106.500000|107.839996|1751900|1.0000000000|107.839996
2026-08-14|34|F|13.970000|14.440000|13.930000|14.370000|49580800|1.0000000000|14.370000
2026-08-14|35|HAL|33.049999|34.570000|33.029999|34.419998|10182600|1.0000000000|34.419998
2026-08-14|36|LLY|1194.010010|1199.000000|1171.199951|1180.160034|2274500|1.0000000000|1180.160034
2026-08-14|37|PCG|17.430000|17.850000|17.379999|17.840000|22027500|1.0000000000|17.840000
2026-08-14|38|PEP|140.619995|141.270004|140.119995|140.789993|3867000|1.0000000000|140.789993
2026-08-14|39|PFE|26.660000|26.920000|26.420000|26.790001|23174200|1.0000000000|26.790001
2026-08-14|40|TXN|273.619995|280.279999|272.510010|279.579987|4762600|1.0000000000|279.579987
2026-08-14|41|WFC|88.070000|88.839996|87.760002|88.820000|8788100|1.0000000000|88.820000
2026-08-14|42|HUBB|505.970001|513.039978|504.230011|511.390015|309006|1.0000000000|511.390015
2026-08-14|43|WMT|115.660004|116.449997|114.639999|115.269997|14520000|0.9976117102|114.994698
2026-08-14|44|AIG|76.290001|76.989998|76.000000|76.639999|2812400|1.0000000000|76.639999
2026-08-14|45|AVY|176.649994|179.580002|176.279999|178.929993|702600|1.0000000000|178.929993
2026-08-14|46|BAC|64.040001|64.550003|63.810001|64.489998|21847900|1.0000000000|64.489998
2026-08-14|47|BALL|61.570000|62.040001|60.900002|61.820000|1606600|1.0000000000|61.820000
2026-08-14|48|BDX|182.119995|183.820007|181.220001|183.399994|1009000|1.0000000000|183.399994
2026-08-14|49|CLX|106.230003|106.529999|104.669998|105.699997|1936200|1.0000000000|105.699997
2026-08-14|50|CMI|634.750000|639.960022|628.250000|631.260010|578000|0.9962915514|628.919006
2026-08-14|51|CMS|70.410004|71.389999|70.360001|71.110001|2247200|1.0000000000|71.110001
2026-08-14|52|CVS|94.599998|97.510002|94.410004|97.160004|9439300|1.0000000000|97.160004
2026-08-14|53|ECL|275.140015|276.929993|274.299988|276.109985|767300|1.0000000000|276.109985
2026-08-14|54|ES|71.519997|72.540001|71.519997|72.360001|1721500|1.0000000000|72.360001
2026-08-14|55|EVRG|83.389999|84.190002|83.320000|84.029999|973600|0.9917192899|83.334175
2026-08-14|56|GWW|1328.300049|1329.900024|1314.550049|1322.640015|209600|1.0000000000|1322.640015
2026-08-14|57|LNT|70.010002|70.769997|69.989998|70.599998|1610200|1.0000000000|70.599998
2026-08-14|58|MKC|54.470001|54.730000|54.230000|54.669998|1701800|1.0000000000|54.669998
2026-08-14|59|MRSH|188.679993|189.860001|187.029999|187.820007|1113000|1.0000000000|187.820007
2026-08-14|60|NEE|86.019997|86.529999|85.830002|86.190002|7238400|1.0000000000|85.546700
2026-08-14|61|NI|41.980000|42.639999|41.980000|42.500000|4719600|1.0000000000|42.500000
2026-08-14|62|PNW|100.389999|101.709999|100.230003|101.480003|686100|1.0000000000|101.480003
2026-08-14|63|RVTY|116.510002|117.720001|115.660004|116.839996|774500|1.0000000000|116.839996
2026-08-14|64|SNA|403.549988|405.100006|398.459991|403.559998|184200|0.9938338681|401.071594
2026-08-14|65|SPGI|422.010010|423.220001|414.220001|418.799988|1736900|0.9977597635|417.861786
2026-08-14|66|TER|410.510010|419.000000|398.420013|418.790009|1842600|1.0000000000|418.790009
2026-08-14|67|TGT|155.690002|156.330002|154.270004|154.479996|3615800|1.0000000000|154.479996
2026-08-14|68|TXT|88.419998|89.209999|87.550003|89.000000|1051800|1.0000000000|89.000000
2026-08-14|69|VMC|282.000000|282.109985|277.109985|282.000000|658100|1.0000000000|282.000000
2026-08-14|70|XEL|78.949997|79.330002|78.730003|79.169998|2580900|1.0000000000|79.169998
2026-08-14|71|ITW|290.109985|291.019989|288.100006|290.809998|1403900|1.0000000000|290.809998
2026-08-14|72|CL|92.709999|93.279999|91.730003|91.949997|3179700|1.0000000000|91.949997
2026-08-14|73|EXC|45.480000|45.990002|45.480000|45.860001|3934900|1.0000000000|45.860001
2026-08-14|74|MDT|90.989998|91.989998|90.410004|91.269997|8245200|1.0000000000|91.269997
2026-08-14|75|BNY|161.949997|163.320007|161.660004|163.240005|1924700|1.0000000000|163.240005
2026-08-14|76|EIX|70.519997|71.559998|70.500000|71.410004|1479900|1.0000000000|71.410004
2026-08-14|77|FRT|118.900002|119.970001|118.330002|118.389999|552100|1.0000000000|118.389999
2026-08-14|78|PNR|67.050003|67.070000|65.470001|66.160004|1556700|1.0000000000|66.160004
2026-08-14|79|USB|65.070000|65.559998|64.930000|65.419998|4690000|1.0000000000|65.419998
2026-08-14|80|WY|24.809999|24.969999|24.510000|24.559999|3610600|1.0000000000|24.559999
2026-08-14|81|SYY|83.430000|84.000000|82.860001|82.989998|2767900|1.0000000000|82.989998
2026-08-14|82|WRB|70.379997|70.699997|70.050003|70.510002|1138000|1.0000000000|70.510002
2026-08-14|83|IFF|83.889999|84.239998|83.139999|84.180000|895900|1.0000000000|84.180000
2026-08-14|84|TAP|41.930000|42.840000|41.930000|42.770000|1352200|1.0000000000|42.277214
2026-08-14|85|PNC|255.000000|257.559998|254.919998|256.970001|785300|1.0000000000|256.970001
2026-08-14|86|TRV|370.209991|371.619995|368.010010|370.359985|1222000|1.0000000000|370.359985
2026-08-14|87|C|138.160004|140.279999|138.160004|139.330002|6829700|1.0000000000|139.330002
2026-08-14|88|FDX|339.029999|341.690002|333.489990|334.640015|1314900|1.0000000000|334.640015
2026-08-14|89|WDC|503.500000|516.349976|487.100006|508.799988|9945800|1.0000000000|508.799988
2026-08-14|90|DHR|203.000000|203.960007|201.119995|202.449997|2244400|1.0000000000|202.449997
2026-08-14|91|APA|40.500000|41.000000|40.049999|40.470001|3961200|1.0000000000|40.470001
2026-08-14|92|LUV|44.750000|45.139999|44.099998|44.259998|3042500|1.0000000000|44.259998
2026-08-14|93|PEG|75.650002|76.360001|75.599998|76.040001|1434200|1.0000000000|76.040001
2026-08-14|94|UNP|298.049988|300.630005|293.149994|293.679993|2267900|1.0000000000|293.679993
2026-08-14|95|ABT|111.489998|111.970001|110.790001|111.250000|5575400|1.0000000000|111.250000
2026-08-14|96|ADI|381.980011|389.450012|380.119995|389.390015|2115600|1.0000000000|389.390015
2026-08-14|97|ADM|80.440002|81.059998|79.860001|80.449997|2065600|0.9936931471|79.942612
2026-08-14|98|ADP|276.869995|277.329987|271.429993|272.959991|1457400|1.0000000000|272.959991
2026-08-14|99|AFL|120.970001|121.910004|120.730003|121.449997|1439300|0.9949889100|120.841400
2026-08-14|100|AMAT|499.399994|523.000000|497.100006|507.179993|13132300|0.9989318178|506.638245
2026-08-14|101|AMD|487.600006|514.669983|483.200012|514.390015|25570300|1.0000000000|514.390015
2026-08-14|102|APD|305.910004|309.200012|304.160004|308.970001|474500|1.0000000000|308.970001
2026-08-14|103|BF-B|27.860001|28.459999|27.799999|28.420000|1297200|1.0000000000|28.420000
2026-08-14|104|CHD|100.959999|101.410004|100.250000|101.300003|1426500|1.0000000000|101.300003
2026-08-14|105|CINF|172.570007|173.759995|172.080002|173.169998|282100|1.0000000000|173.169998
2026-08-14|106|CMCSA|26.309999|26.490000|26.129999|26.180000|20010500|1.0000000000|26.180000
2026-08-14|107|D|68.379997|68.949997|68.379997|68.769997|1951400|1.0000000000|68.769997
2026-08-14|108|DOV|206.949997|208.190002|205.419998|207.070007|709900|1.0000000000|207.070007
2026-08-14|109|DUK|123.180000|124.430000|123.010002|123.919998|4124800|1.0000000000|123.919998
2026-08-14|110|EFX|187.089996|187.190002|180.770004|180.850006|819600|1.0000000000|180.850006
2026-08-14|111|EQT|54.349998|55.150002|54.180000|54.419998|5161500|1.0000000000|54.419998
2026-08-14|112|FITB|57.900002|58.480000|57.779999|58.060001|5913300|1.0000000000|58.060001
2026-08-14|113|GIS|38.910000|39.360001|38.840000|39.200001|5309900|1.0000000000|39.200001
2026-08-14|114|GPC|134.820007|135.880005|134.000000|135.029999|688200|1.0000000000|135.029999
2026-08-14|115|HAS|97.099998|98.070000|96.230003|96.699997|1268800|0.9925523990|95.979813
2026-08-14|116|HBAN|17.780001|17.940001|17.709999|17.910000|16058200|1.0000000000|17.910000
2026-08-14|117|HRL|24.420000|24.620001|24.330000|24.540001|3322700|1.0000000000|24.540001
2026-08-14|118|HST|22.760000|23.049999|22.680000|22.900000|6355700|1.0000000000|22.900000
2026-08-14|119|HSY|184.929993|185.949997|183.559998|184.220001|933200|1.0000000000|184.220001
2026-08-14|120|INTC|104.480003|106.870003|102.050003|102.500000|95387500|1.0000000000|102.500000
2026-08-14|121|J|143.759995|144.750000|142.710007|144.660004|958600|0.9975665811|144.307983
2026-08-14|122|JPM|363.000000|365.899994|361.450012|362.839996|5058600|1.0000000000|362.839996
2026-08-14|123|KMB|110.889999|111.199997|110.230003|110.389999|1739000|1.0000000000|110.389999
2026-08-14|124|L|112.459999|113.290001|112.160004|113.029999|710700|0.9994397510|112.966675
2026-08-14|125|LEN|86.989998|87.790001|86.239998|86.830002|1803100|1.0000000000|86.830002
2026-08-14|126|LOW|218.520004|218.699997|215.839996|218.470001|1737000|1.0000000000|218.470001
2026-08-14|127|MAS|74.169998|74.570000|73.570000|74.330002|1484300|0.9956337837|74.005463
2026-08-14|128|MTB|253.149994|255.630005|252.500000|254.089996|580500|1.0000000000|254.089996
2026-08-14|129|NEM|115.800003|119.169998|115.320000|117.760002|5578800|1.0000000000|117.760002
2026-08-14|130|NTRS|190.479996|191.880005|189.279999|191.410004|599300|1.0000000000|191.410004
2026-08-14|131|NUE|273.000000|274.739990|267.600006|268.910004|1164400|1.0000000000|268.910004
2026-08-14|132|OMC|88.430000|88.550003|87.099998|87.570000|1717200|1.0000000000|87.570000
2026-08-14|133|PCAR|130.089996|131.169998|129.419998|130.789993|1955000|1.0000000000|130.789993
2026-08-14|134|PGR|208.009995|210.919998|207.309998|209.600006|2882600|1.0000000000|209.600006
2026-08-14|135|PH|1058.079956|1065.000000|1050.719971|1055.849976|331800|1.0000000000|1055.849976
2026-08-14|136|PHM|129.869995|130.910004|129.250000|130.179993|1017500|1.0000000000|130.179993
2026-08-14|137|PPG|113.949997|114.650002|113.400002|114.110001|970000|1.0000000000|114.110001
2026-08-14|138|PPL|35.470001|36.060001|35.470001|36.020000|5393800|1.0000000000|36.020000
2026-08-14|139|RF|31.639999|31.959999|31.530001|31.900000|6198000|1.0000000000|31.900000
2026-08-14|140|ROL|36.450001|36.500000|35.970001|36.200001|3629400|1.0000000000|36.200001
2026-08-14|141|SHW|360.720001|361.579987|356.869995|359.100006|1123200|0.9976939264|358.271912
2026-08-14|142|STT|189.300003|192.020004|188.800003|191.740005|1125100|1.0000000000|191.740005
2026-08-14|143|SWK|102.120003|102.629997|101.080002|102.070000|1105000|1.0000000000|102.070000
2026-08-14|144|SYK|341.500000|341.510010|335.119995|339.209991|2800800|1.0000000000|339.209991
2026-08-14|145|TMO|592.109985|594.739990|587.510010|588.289978|1057600|1.0000000000|588.289978
2026-08-14|146|TPL|348.029999|361.279999|347.049988|358.519989|326100|1.0000000000|358.519989
2026-08-14|147|TSN|57.750000|58.980000|57.680000|58.169998|3630600|1.0000000000|58.169998
2026-08-14|148|TT|477.640015|481.260010|474.859985|480.200012|552700|1.0000000000|480.200012
2026-08-14|149|TYL|333.250000|335.000000|324.929993|328.640015|713200|1.0000000000|328.640015
2026-08-14|150|UDR|37.939999|38.169998|37.810001|37.939999|1693000|0.9961781759|37.794998
2026-08-14|151|VTRS|15.900000|16.270000|15.880000|16.230000|8202700|0.9925558317|16.109180
2026-08-14|152|WEC|109.160004|110.580002|109.019997|110.519997|1796900|1.0000000000|110.519997
2026-08-14|153|WST|344.440002|349.529999|343.480011|349.420013|396500|1.0000000000|349.420013
2026-08-14|154|NDSN|309.589996|311.480011|307.380005|308.720001|400700|1.0000000000|308.720001
2026-08-14|155|TFC|52.470001|53.270000|52.419998|53.099998|6130800|1.0000000000|53.099998
2026-08-14|156|WELL|234.139999|236.429993|233.139999|235.520004|1974000|1.0000000000|235.520004
2026-08-14|157|AON|357.079987|359.980011|353.779999|355.829987|704500|1.0000000000|355.829987
2026-08-14|158|GL|180.600006|181.880005|180.190002|181.000000|348800|1.0000000000|181.000000
2026-08-14|159|OKE|93.500000|95.050003|92.820000|94.989998|2479100|1.0000000000|94.989998
2026-08-14|160|KLAC|206.800003|208.869995|200.860001|203.720001|7357900|0.9988709994|203.490005
2026-08-14|161|CSX|50.049999|50.770000|50.029999|50.160000|5625300|1.0000000000|50.160000
2026-08-14|162|PSA|329.190002|329.489990|325.170013|325.929993|519300|1.0000000000|325.929993
2026-08-14|163|NKE|41.230000|41.330002|40.709999|40.730000|23639800|1.0000000000|40.730000
2026-08-14|164|AAPL|306.000000|307.489990|304.299988|305.929993|28229400|1.0000000000|305.929993
2026-08-14|165|BRO|71.360001|71.459999|70.500000|70.540001|1647800|1.0000000000|70.540001
2026-08-14|166|UHS|171.190002|172.330002|169.449997|170.020004|460400|1.0000000000|170.020004
2026-08-14|167|HD|340.809998|340.809998|336.010010|338.859985|3073100|1.0000000000|338.859985
2026-08-14|168|BAX|27.010000|27.160000|26.600000|26.730000|4957300|1.0000000000|26.719692
2026-08-14|169|COP|125.559998|127.400002|125.370003|126.779999|5626200|0.9933743492|125.939995
2026-08-14|170|GLW|161.000000|167.690002|158.270004|165.990005|8319600|1.0000000000|165.990005
2026-08-14|171|HUM|384.000000|389.700012|380.089996|389.049988|761100|1.0000000000|389.049988
2026-08-14|172|LHX|291.559998|293.000000|288.790009|291.820007|1012100|1.0000000000|291.820007
2026-08-14|173|NOC|579.359985|586.359985|574.440002|585.869995|599200|1.0000000000|585.869995
2026-08-14|174|OXY|58.130001|58.939999|57.830002|58.360001|6745100|1.0000000000|58.360001
2026-08-14|175|ROK|444.739990|450.420013|440.549988|449.369995|454300|0.9969290339|447.989990
2026-08-14|176|SLB|52.270000|53.990002|52.200001|53.770000|9942300|1.0000000000|53.770000
2026-08-14|177|SO|92.589996|93.389999|92.540001|92.800003|4185100|0.9918103451|92.040001
2026-08-14|178|WMB|73.430000|75.239998|73.209999|75.199997|6043300|1.0000000000|75.199997
2026-08-14|179|VLO|342.920013|346.089996|339.230011|341.670013|1918800|1.0000000000|341.670013
2026-08-14|180|CI|278.540009|283.000000|277.690002|282.559998|895800|1.0000000000|282.559998
2026-08-14|181|NSC|338.890015|340.989990|334.410004|334.410004|984200|1.0000000000|334.410004
2026-08-14|182|COO|76.870003|76.870003|76.080002|76.169998|887100|1.0000000000|76.169998
2026-08-14|183|AMGN|413.760010|416.029999|410.500000|415.209991|2036800|0.9941899340|412.797577
2026-08-14|184|RJF|180.869995|182.250000|178.960007|180.809998|1007800|1.0000000000|180.809998
2026-08-14|185|WSM|244.100006|244.119995|239.479996|241.580002|708400|1.0000000000|241.580002
2026-08-14|186|CAH|230.910004|235.270004|229.330002|235.169998|1687700|1.0000000000|235.169998
2026-08-14|187|CTAS|200.490005|201.020004|198.839996|199.520004|1612800|1.0000000000|199.520004
2026-08-14|188|PAYX|125.750000|125.900002|121.870003|122.019997|1670500|1.0000000000|122.019997
2026-08-14|189|BEN|33.740002|33.980000|33.439999|33.860001|2929200|1.0000000000|33.860001
2026-08-14|190|AOS|62.430000|62.770000|62.070000|62.169998|747700|1.0000000000|62.169998
2026-08-14|191|CASY|854.169983|857.789978|844.929993|846.450012|242700|1.0000000000|846.450012
2026-08-14|192|T|24.650000|24.969999|24.580000|24.889999|27109300|1.0000000000|24.889999
2026-08-14|193|VZ|48.459999|48.610001|48.189999|48.480000|15062300|1.0000000000|48.480000
2026-08-14|194|JBHT|279.869995|285.709991|278.820007|279.709991|719300|1.0000000000|279.709991
2026-08-14|195|ATO|169.500000|170.279999|169.119995|169.919998|1285300|0.9940065930|168.901596
2026-08-14|196|LRCX|332.359985|342.000000|326.559998|332.359985|7422900|1.0000000000|332.359985
2026-08-14|197|MU|979.320007|984.000000|956.200012|971.659973|27881100|1.0000000000|971.659973
2026-08-14|198|AJG|253.160004|254.389999|250.000000|251.210007|895800|1.0000000000|251.210007
2026-08-14|199|AME|255.399994|257.720001|254.270004|254.789993|1577100|1.0000000000|254.789993
2026-08-14|200|SWKS|70.400002|70.410004|67.669998|69.620003|3811000|1.0000000000|69.620003
2026-08-14|201|EXPD|186.360001|189.869995|185.460007|186.119995|733300|1.0000000000|186.119995
2026-08-14|202|UNH|398.000000|403.179993|396.559998|401.730011|3476400|1.0000000000|401.730011
2026-08-14|203|BBY|87.570000|88.330002|85.760002|86.419998|2920700|1.0000000000|86.419998
2026-08-14|204|DOC|20.770000|20.889999|20.700001|20.790001|2952300|0.9950937953|20.688002
2026-08-14|205|ADSK|260.000000|260.739990|251.289993|251.660004|1395300|1.0000000000|251.660004
2026-08-14|206|DVN|44.799999|45.939999|44.700001|45.849998|8918000|1.0000000000|45.849998
2026-08-14|207|NVR|6355.270020|6384.680176|6295.620117|6307.930176|23500|1.0000000000|6307.930176
2026-08-14|208|ROST|243.210007|247.050003|242.720001|245.360001|1933700|1.0000000000|245.360001
2026-08-14|209|JKHY|156.240005|156.240005|152.300003|153.309998|653700|1.0000000000|153.309998
2026-08-14|210|MNST|46.509998|46.939999|46.169998|46.820000|7930700|1.0000000000|46.820000
2026-08-14|211|ORCL|155.839996|156.389999|148.800003|150.520004|21905500|1.0000000000|150.520004
2026-08-14|212|MSFT|496.359985|500.010010|493.920013|495.399994|16217600|0.9981210382|494.469147
2026-08-14|213|TROW|110.930000|111.470001|109.760002|110.559998|1027400|1.0000000000|110.559998
2026-08-14|214|COST|959.989990|965.359985|957.750000|961.099976|1165100|1.0000000000|961.099976
2026-08-14|215|ADBE|273.220001|273.399994|261.670013|264.019989|2876300|1.0000000000|264.019989
2026-08-14|216|FISV|55.540001|55.790001|54.110001|54.389999|5625200|1.0000000000|54.389999
2026-08-14|217|BKR|63.540001|65.169998|63.470001|64.820000|6692500|1.0000000000|64.820000
2026-08-14|218|CDNS|324.739990|326.869995|319.459991|324.820007|2568300|1.0000000000|324.820007
2026-08-14|219|TJX|153.210007|153.570007|151.710007|152.110001|3929800|1.0000000000|152.110001
2026-08-14|220|FICO|1112.780029|1116.979980|1075.349976|1085.780029|178900|1.0000000000|1085.780029
2026-08-14|221|CCL|28.400000|28.790001|28.100000|28.120001|15049700|1.0000000000|28.120001
2026-08-14|222|FAST|51.389999|51.520000|50.700001|51.020000|5095500|1.0000000000|51.020000
2026-08-14|223|SCHW|109.750000|111.180000|109.190002|111.089996|5986000|1.0000000000|111.089996
2026-08-14|224|JCI|151.509995|153.929993|150.240005|153.639999|2245200|1.0000000000|153.639999
2026-08-14|225|COHR|328.579987|346.170013|317.209991|325.829987|8757800|1.0000000000|325.829987
2026-08-14|226|KEY|23.010000|23.320000|22.940001|23.309999|11119500|1.0000000000|23.309999
2026-08-14|227|MOS|21.740000|22.020000|21.530001|21.610001|6031000|1.0000000000|21.610001
2026-08-14|228|MGM|44.070000|44.410000|43.930000|44.099998|1707300|1.0000000000|44.099998
2026-08-14|229|WM|225.309998|225.929993|223.699997|224.550003|1524800|1.0000000000|224.550003
2026-08-14|230|TECH|72.230003|72.430000|72.070000|72.400002|2014000|0.9988938053|72.319916
2026-08-14|231|IEX|238.520004|241.520004|236.990005|238.940002|455600|1.0000000000|238.940002
2026-08-14|232|GEN|29.620001|29.700001|28.430000|28.480000|3164000|0.9956109550|28.355000
2026-08-14|233|CRH|97.739998|98.000000|96.550003|97.150002|4332200|1.0000000000|97.150002
2026-08-14|234|EOG|142.320007|143.740005|141.309998|142.610001|1927900|1.0000000000|142.610001
2026-08-14|235|PTC|154.889999|155.100006|149.559998|149.750000|1151700|1.0000000000|149.750000
2026-08-14|236|CSCO|112.800003|113.680000|110.059998|111.680000|29415200|1.0000000000|111.680000
2026-08-14|237|LH|317.350006|322.989990|317.059998|318.130005|436300|1.0000000000|317.449402
2026-08-14|238|TRMB|57.630001|57.939999|55.730000|57.599998|4142900|1.0000000000|57.599998
2026-08-14|239|AZO|3052.280029|3053.969971|3007.800049|3025.000000|241300|1.0000000000|3025.000000
2026-08-14|240|REGN|802.349976|806.539978|792.570007|803.479980|425600|0.9988336456|802.542847
2026-08-14|241|IDXX|569.140015|569.140015|549.190002|550.960022|530300|1.0000000000|550.960022
2026-08-14|242|AES|14.740000|14.750000|14.720000|14.730000|3478000|1.0000000000|14.730000
2026-08-14|243|VRTX|511.410004|513.640015|502.290009|505.750000|1130500|1.0000000000|505.750000
2026-08-14|244|ZBRA|384.200012|384.200012|371.109985|376.029999|573400|1.0000000000|376.029999
2026-08-14|245|BIIB|210.009995|210.789993|208.220001|209.830002|554400|1.0000000000|209.830002
2026-08-14|246|ODFL|214.869995|215.750000|210.149994|210.970001|1469900|1.0000000000|210.970001
2026-08-14|247|APH|165.649994|167.889999|165.250000|167.110001|4481900|1.0000000000|167.110001
2026-08-14|248|KIM|24.360001|24.570000|24.350000|24.410000|2675200|1.0000000000|24.410000
2026-08-14|249|QCOM|165.630005|166.970001|163.179993|165.789993|5807700|1.0000000000|165.789993
2026-08-14|250|GILD|136.809998|138.429993|135.910004|138.360001|3407800|1.0000000000|138.360001
2026-08-14|251|ROP|400.950012|403.019989|388.769989|399.339996|929500|1.0000000000|399.339996
2026-08-14|252|SNPS|414.109985|423.950012|409.399994|421.500000|1242800|1.0000000000|421.500000
2026-08-14|253|STZ|136.429993|139.259995|135.300003|139.179993|1432300|1.0000000000|139.179993
2026-08-14|254|BSX|52.830002|52.990002|51.700001|51.830002|16297700|1.0000000000|51.830002
2026-08-14|255|STE|236.539993|238.240005|232.429993|233.279999|646700|1.0000000000|233.279999
2026-08-14|256|DHI|149.050003|150.190002|148.449997|148.809998|1460400|1.0000000000|148.809998
2026-08-14|257|LIN|479.089996|483.489990|477.130005|482.739990|1365100|1.0000000000|482.739990
2026-08-14|258|SBUX|107.620003|108.820000|107.470001|107.690002|3499100|1.0000000000|107.690002
2026-08-14|259|MS|217.800003|218.720001|215.300003|217.360001|3405800|1.0000000000|217.360001
2026-08-14|260|INTU|362.000000|362.000000|344.950012|345.660004|3226900|1.0000000000|345.660004
2026-08-14|261|MCHP|77.870003|79.349998|77.269997|79.169998|8246400|0.9940194534|78.696518
2026-08-14|262|CB|344.500000|345.700012|342.700012|343.640015|2433200|1.0000000000|343.640015
2026-08-14|263|ORLY|92.309998|92.449997|90.849998|91.050003|3397600|1.0000000000|91.050003
2026-08-14|264|RCL|308.500000|313.000000|304.899994|305.000000|1424900|1.0000000000|305.000000
2026-08-14|265|JBL|369.690002|370.380005|360.510010|363.100006|1049500|1.0000000000|363.100006
2026-08-14|266|ALL|261.209991|261.670013|259.079987|261.410004|1544100|1.0000000000|261.410004
2026-08-14|267|CPT|109.660004|111.250000|109.660004|110.360001|781400|1.0000000000|110.360001
2026-08-14|268|VMRK|66.129997|66.449997|65.410004|65.970001|7322800|1.0000000000|65.970001
2026-08-14|269|IT|184.210007|185.089996|176.229996|181.089996|1629600|1.0000000000|181.089996
2026-08-14|270|DECK|92.500000|94.330002|92.300003|93.089996|1654400|1.0000000000|93.089996
2026-08-14|271|REG|76.879997|77.220001|76.639999|76.709999|645200|1.0000000000|76.709999
2026-08-14|272|INCY|119.150002|120.440002|117.559998|120.160004|785800|1.0000000000|120.160004
2026-08-14|273|SPG|221.169998|222.389999|218.899994|219.580002|976200|1.0000000000|219.580002
2026-08-14|274|MAA|134.279999|135.389999|133.270004|133.490005|596600|1.0000000000|133.490005
2026-08-14|275|MLM|550.250000|551.219971|543.340027|547.929993|342200|1.0000000000|547.929993
2026-08-14|276|TSCO|36.119999|36.419998|35.700001|35.830002|8958800|0.9931389364|35.584167
2026-08-14|277|ALB|132.029999|137.320007|131.649994|136.149994|2340800|1.0000000000|136.149994
2026-08-14|278|CPRT|29.700001|31.740000|29.600000|31.610001|17358400|1.0000000000|31.610001
2026-08-14|279|FLEX|124.610001|127.150002|122.500000|126.160004|2391600|1.0000000000|126.160004
2026-08-14|280|ESS|287.320007|289.000000|286.290009|287.519989|406500|1.0000000000|287.519989
2026-08-14|281|O|62.980000|63.279999|62.689999|62.740002|3651700|1.0000000000|62.740002
2026-08-14|282|MCO|487.109985|488.209991|480.339996|484.959991|517900|1.0000000000|484.959991
2026-08-14|283|SJM|120.050003|121.510002|119.540001|121.389999|905300|1.0000000000|121.389999
2026-08-14|284|MCK|859.739990|869.789978|852.989990|869.000000|614200|1.0000000000|869.000000
2026-08-14|285|COF|225.949997|228.139999|224.410004|227.339996|2972600|0.9964810416|226.539993
2026-08-14|286|EME|832.539978|854.099976|830.960022|836.289978|288900|1.0000000000|836.289978
2026-08-14|287|DLTR|129.990005|131.210007|129.289993|129.389999|1653400|1.0000000000|129.389999
2026-08-14|288|COR|304.779999|314.309998|302.010010|313.820007|1524200|1.0000000000|313.820007
2026-08-14|289|DRI|224.759995|225.440002|223.119995|225.259995|678000|1.0000000000|225.259995
2026-08-14|290|RMD|228.119995|228.550003|223.789993|224.460007|1193100|0.9971385215|223.817719
2026-08-14|291|WAB|298.010010|301.890015|296.720001|299.019989|1105400|0.9989689007|298.711670
2026-08-14|292|FCX|66.720001|67.459999|65.570000|66.489998|8200200|1.0000000000|66.489998
2026-08-14|293|IVZ|32.000000|32.660000|31.900000|32.549999|4434200|1.0000000000|32.549999
2026-08-14|294|ACGL|98.089996|98.879997|97.809998|98.709999|1000100|1.0000000000|98.709999
2026-08-14|295|ERIE|255.779999|257.779999|253.389999|255.990005|148800|1.0000000000|255.990005
2026-08-14|296|EG|367.230011|370.350006|366.290009|370.109985|204400|1.0000000000|370.109985
2026-08-14|297|DVA|179.000000|182.690002|178.919998|180.059998|506600|1.0000000000|180.059998
2026-08-14|298|HSIC|90.089996|90.669998|89.459999|89.769997|1162500|1.0000000000|89.769997
2026-08-14|299|EL|86.639999|87.480003|85.970001|86.099998|1846700|1.0000000000|86.099998
2026-08-14|300|WAT|414.959991|415.769989|408.690002|412.170013|387600|1.0000000000|412.170013
2026-08-14|301|NTAP|204.990005|208.089996|201.889999|207.080002|2338400|1.0000000000|207.080002
2026-08-14|302|HIG|137.570007|138.529999|136.710007|138.020004|895300|1.0000000000|138.020004
2026-08-14|303|IRM|126.379997|129.850006|124.769997|129.429993|874600|1.0000000000|129.429993
2026-08-14|304|BRK-B|507.239990|509.170013|503.769989|504.029999|3969500|1.0000000000|504.029999
2026-08-14|305|FDS|288.570007|288.570007|278.820007|283.489990|1324500|1.0000000000|283.489990
2026-08-14|306|STLD|262.140015|263.230011|255.110001|255.770004|891000|1.0000000000|255.770004
2026-08-14|307|DGX|235.820007|237.699997|233.690002|234.399994|541800|1.0000000000|234.399994
2026-08-14|308|CIEN|441.609985|446.149994|422.489990|428.769989|2519000|1.0000000000|428.769989
2026-08-14|309|TTWO|242.339996|248.979996|242.339996|246.949997|1118900|1.0000000000|246.949997
2026-08-14|310|VTR|90.190002|91.620003|90.160004|91.519997|3000700|1.0000000000|91.519997
2026-08-14|311|AMZN|264.880005|265.809998|262.420013|262.649994|27251700|1.0000000000|262.649994
2026-08-14|312|ARE|48.369999|48.570000|48.009998|48.139999|1199400|1.0000000000|48.139999
2026-08-14|313|RL|386.829987|391.609985|382.839996|388.920013|459800|1.0000000000|388.920013
2026-08-14|314|BXP|68.680000|69.949997|67.970001|68.449997|939800|1.0000000000|68.449997
2026-08-14|315|FIX|1732.000000|1797.000000|1725.000000|1774.060059|375200|1.0000000000|1774.060059
2026-08-14|316|YUM|150.800003|150.990005|148.080002|148.110001|1726400|1.0000000000|148.110001
2026-08-14|317|CHRW|149.050003|150.289993|147.949997|148.570007|859500|1.0000000000|148.570007
2026-08-14|318|FE|46.660000|47.450001|46.660000|47.410000|2588600|1.0000000000|47.410000
2026-08-14|319|MTD|1419.439941|1423.939941|1402.609985|1419.020020|162000|1.0000000000|1419.020020
2026-08-14|320|PLD|140.759995|141.699997|140.500000|141.029999|2053500|1.0000000000|141.029999
2026-08-14|321|URI|1123.359985|1161.280029|1119.790039|1153.829956|491400|1.0000000000|1153.829956
2026-08-14|322|AEE|108.930000|110.070000|108.930000|109.739998|1002800|1.0000000000|109.739998
2026-08-14|323|VRSN|289.089996|290.000000|282.619995|284.239990|466700|0.9970730649|283.408020
2026-08-14|324|PWR|673.000000|692.090027|672.090027|685.780029|694300|1.0000000000|685.780029
2026-08-14|325|AMT|174.259995|176.589996|173.770004|175.580002|1853100|1.0000000000|175.580002
2026-08-14|326|MAR|350.720001|358.100006|349.739990|356.720001|880500|0.9979719406|355.996552
2026-08-14|327|CTSH|60.090000|60.090000|57.700001|58.790001|10665300|0.9941706413|58.447296
2026-08-14|328|SRE|86.389999|87.260002|86.239998|86.410004|3421700|1.0000000000|86.410004
2026-08-14|329|CSGP|33.279999|33.299999|31.860001|32.380001|5996700|1.0000000000|32.380001
2026-08-14|330|RSG|215.690002|216.570007|214.559998|214.710007|1038500|1.0000000000|214.710007
2026-08-14|331|CCI|75.839996|76.290001|75.510002|75.980003|2239600|1.0000000000|75.980003
2026-08-14|332|EBAY|104.589996|104.809998|102.989998|103.139999|2760500|1.0000000000|102.827362
2026-08-14|333|NVDA|226.770004|227.490005|224.500000|225.160004|75680900|1.0000000000|225.160004
2026-08-14|334|BKNG|212.559998|214.929993|211.710007|212.059998|4105500|1.0000000000|212.059998
2026-08-14|335|GS|1040.910034|1043.739990|1029.579956|1039.420044|1592900|1.0000000000|1039.420044
2026-08-14|336|FFIV|420.049988|420.049988|402.260010|403.200012|454700|1.0000000000|403.200012
2026-08-14|337|SBAC|187.210007|187.630005|181.360001|185.199997|677900|0.9931480565|183.931015
2026-08-14|338|LII|416.829987|424.489990|415.000000|422.010010|524500|1.0000000000|422.010010
2026-08-14|339|BLK|1179.000000|1180.000000|1168.500000|1173.729980|514900|1.0000000000|1173.729980
2026-08-14|340|TKO|197.490005|202.690002|197.490005|201.279999|955700|1.0000000000|201.279999
2026-08-14|341|AKAM|126.000000|126.730003|123.940002|124.989998|2176600|1.0000000000|124.989998
2026-08-14|342|UPS|105.639999|105.900002|104.459999|104.500000|4264900|0.9843062201|102.860001
2026-08-14|343|A|148.520004|149.460007|147.300003|148.529999|983100|1.0000000000|148.529999
2026-08-14|344|TDY|673.440002|681.000000|672.640015|679.669983|188900|1.0000000000|679.669983
2026-08-14|345|PKG|256.660004|256.700012|253.690002|255.479996|324200|1.0000000000|255.479996
2026-08-14|346|EW|92.919998|92.919998|91.480003|91.599998|2856500|1.0000000000|91.599998
2026-08-14|347|MET|97.739998|98.230003|97.330002|97.660004|2171700|1.0000000000|97.660004
2026-08-14|348|ON|81.839996|83.570000|81.500000|82.660004|4478300|1.0000000000|82.660004
2026-08-14|349|ISRG|401.019989|402.459991|394.059998|394.510010|1986200|1.0000000000|394.510010
2026-08-14|350|CRL|280.059998|283.200012|276.660004|280.049988|750400|1.0000000000|280.049988
2026-08-14|351|MRVL|221.399994|223.520004|217.100006|222.020004|14487800|1.0000000000|222.020004
2026-08-14|352|EQIX|1080.000000|1105.939941|1072.599976|1102.099976|468700|0.9952446339|1096.859131
2026-08-14|353|TPR|127.949997|129.880005|126.139999|128.979996|5541000|1.0000000000|128.979996
2026-08-14|354|GRMN|313.470001|313.480011|309.089996|310.200012|491100|1.0000000000|310.200012
2026-08-14|355|GPN|94.709999|95.230003|92.000000|93.050003|2498100|1.0000000000|93.050003
2026-08-14|356|ALGN|176.729996|182.199997|176.720001|181.309998|960000|1.0000000000|181.309998
2026-08-14|357|WTW|334.829987|335.190002|329.570007|331.589996|729200|1.0000000000|331.589996
2026-08-14|358|MDLZ|63.430000|63.779999|63.299999|63.610001|4075600|1.0000000000|63.610001
2026-08-14|359|AXON|615.489990|622.549988|601.510010|612.830017|451800|1.0000000000|612.830017
2026-08-14|360|FIS|44.299999|44.389999|42.849998|42.919998|4146500|1.0000000000|42.919998
2026-08-14|361|ACN|180.039993|180.500000|173.910004|176.889999|6291000|1.0000000000|176.889999
2026-08-14|362|ZBH|99.589996|101.160004|98.970001|100.650002|2152700|1.0000000000|100.650002
2026-08-14|363|BG|113.000000|114.230003|112.790001|113.690002|538200|0.9937342270|112.977646
2026-08-14|364|PFG|114.809998|115.410004|113.839996|113.980003|574100|1.0000000000|113.980003
2026-08-14|365|ELV|398.390015|402.299988|397.230011|400.320007|730800|1.0000000000|400.320007
2026-08-14|366|CNC|66.169998|67.620003|65.849998|67.470001|2267800|1.0000000000|67.470001
2026-08-14|367|PRU|124.889999|125.519997|124.410004|125.129997|1211300|0.9885872665|123.701920
2026-08-14|368|NFLX|78.480003|78.730003|77.760002|78.160004|26751000|1.0000000000|78.160004
2026-08-14|369|NDAQ|97.760002|97.900002|96.550003|97.019997|1328100|1.0000000000|97.019997
2026-08-14|370|WYNN|102.099998|103.040001|101.459999|102.529999|1061100|1.0000000000|102.529999
2026-08-14|371|CME|266.880005|271.089996|265.559998|269.799988|1717100|1.0000000000|269.799988
2026-08-14|372|STX|941.260010|990.609985|920.000000|973.440002|5246900|1.0000000000|973.440002
2026-08-14|373|NRG|120.000000|126.269997|120.000000|126.239998|1447900|1.0000000000|126.239998
2026-08-14|374|AIZ|282.269989|283.380005|279.440002|282.380005|359500|1.0000000000|282.380005
2026-08-14|375|CBRE|152.039993|153.250000|150.440002|152.860001|950600|1.0000000000|152.860001
2026-08-14|376|CRM|202.750000|204.399994|195.320007|196.210007|8664800|1.0000000000|196.210007
2026-08-14|377|DPZ|352.209991|352.619995|346.010010|346.269989|502800|1.0000000000|346.269989
2026-08-14|378|EXR|148.750000|149.990005|147.869995|147.899994|851000|1.0000000000|147.899994
2026-08-14|379|GOOG|344.260010|348.059998|342.070007|343.540009|10946800|1.0000000000|343.540009
2026-08-14|380|GOOGL|346.799988|350.450012|344.500000|345.899994|17808600|1.0000000000|345.899994
2026-08-14|381|DLR|199.710007|201.559998|198.500000|200.149994|2369200|1.0000000000|200.149994
2026-08-14|382|MPWR|1360.000000|1404.140015|1355.109985|1402.010010|440300|1.0000000000|1402.010010
2026-08-14|383|LVS|45.889999|46.480000|45.750000|46.230000|3172900|1.0000000000|46.230000
2026-08-14|384|DXCM|91.959999|91.959999|89.419998|89.750000|3858900|1.0000000000|89.750000
2026-08-14|385|BLDR|73.550003|74.739998|72.290001|72.510002|1352300|1.0000000000|72.510002
2026-08-14|386|WBD|27.770000|28.180000|27.700001|27.990000|12495700|1.0000000000|27.990000
2026-08-14|387|EXPE|329.010010|333.239990|327.880005|332.690002|1334000|0.9985604607|332.211090
2026-08-14|388|CF|117.459999|119.110001|117.070000|118.300003|1277100|1.0000000000|118.300003
2026-08-14|389|AMP|571.000000|572.559998|567.929993|569.539978|289900|1.0000000000|569.539978
2026-08-14|390|ICE|155.240005|155.460007|153.259995|154.729996|1634000|1.0000000000|154.729996
2026-08-14|391|PSKY|9.990000|10.320000|9.970000|10.140000|10676100|1.0000000000|10.140000
2026-08-14|392|LYV|186.470001|189.250000|186.080002|188.460007|1162900|1.0000000000|188.460007
2026-08-14|393|CMG|32.639999|33.880001|32.639999|33.500000|14701500|1.0000000000|33.500000
2026-08-14|394|UAL|125.900002|127.050003|124.570000|125.339996|3384800|1.0000000000|125.339996
2026-08-14|395|TDG|1258.869995|1265.760010|1238.400024|1256.900024|438500|1.0000000000|1256.900024
2026-08-14|396|MA|567.950012|570.669983|564.440002|569.289978|2473300|1.0000000000|569.289978
2026-08-14|397|LDOS|143.000000|144.350006|141.190002|143.830002|1392800|1.0000000000|143.830002
2026-08-14|398|FSLR|224.779999|230.960007|223.750000|225.559998|2244400|1.0000000000|225.559998
2026-08-14|399|BR|173.039993|173.369995|169.380005|171.009995|587600|1.0000000000|171.009995
2026-08-14|400|SMCI|39.160000|40.599998|38.730000|39.840000|61990900|1.0000000000|39.840000
2026-08-14|401|TMUS|183.220001|183.979996|181.330002|182.610001|2507200|1.0000000000|181.562119
2026-08-14|402|DAL|91.040001|91.360001|89.059998|89.349998|4459900|1.0000000000|89.349998
2026-08-14|403|IBKR|91.410004|92.419998|90.120003|92.059998|2199400|1.0000000000|92.059998
2026-08-14|404|PODD|146.979996|147.169998|143.020004|143.339996|789400|1.0000000000|143.339996
2026-08-14|405|TEL|214.740005|218.270004|214.029999|216.229996|1977400|0.9961105015|215.388962
2026-08-14|406|BX|149.449997|149.500000|143.830002|143.929993|3805100|1.0000000000|143.929993
2026-08-14|407|LULU|119.099998|120.230003|117.949997|119.550003|2988400|1.0000000000|119.550003
2026-08-14|408|ULTA|515.479980|517.530029|506.970001|510.750000|639300|1.0000000000|510.750000
2026-08-14|409|MSCI|572.500000|572.760010|567.059998|569.130005|534000|1.0000000000|569.130005
2026-08-14|410|ECHO|91.959999|93.000000|90.879997|91.889999|2113700|1.0000000000|91.889999
2026-08-14|411|PM|188.949997|191.100006|187.630005|190.389999|4579000|1.0000000000|190.389999
2026-08-14|412|V|365.890015|366.799988|362.760010|364.149994|8106900|1.0000000000|364.149994
2026-08-14|413|AWK|136.500000|136.990005|135.080002|136.199997|1728100|1.0000000000|136.199997
2026-08-14|414|KDP|31.270000|32.110001|31.139999|31.440001|13701800|1.0000000000|31.440001
2026-08-14|415|SW|49.570000|49.660000|49.000000|49.250000|4917700|1.0000000000|49.250000
2026-08-14|416|AVGO|411.959991|412.500000|388.500000|392.989990|29513600|1.0000000000|392.989990
2026-08-14|417|VRSK|187.539993|187.539993|180.740005|181.669998|638100|1.0000000000|181.669998
2026-08-14|418|DG|122.199997|125.769997|122.080002|123.279999|1553700|1.0000000000|123.279999
2026-08-14|419|FTNT|165.750000|165.750000|159.100006|160.009995|2861500|1.0000000000|160.009995
2026-08-14|420|CHTR|158.630005|158.660004|154.029999|154.270004|1164800|1.0000000000|154.270004
2026-08-14|421|FERG|247.759995|250.220001|244.500000|244.940002|1268200|0.9962829937|244.029556
2026-08-14|422|GNRC|216.570007|221.089996|215.000000|219.300003|607400|1.0000000000|219.300003
2026-08-14|423|LYB|63.139999|64.199997|63.139999|63.759998|2513300|0.9897823188|63.108521
2026-08-14|424|CBOE|296.880005|296.920013|292.350006|296.140015|362600|1.0000000000|296.140015
2026-08-14|425|TSLA|342.329987|351.260010|335.329987|342.269989|45437100|1.0000000000|342.269989
2026-08-14|426|KKR|115.500000|116.169998|113.400002|114.010002|5838500|1.0000000000|114.010002
2026-08-14|427|NXPI|231.610001|234.750000|231.100006|234.710007|2825200|1.0000000000|234.710007
2026-08-14|428|GM|86.820000|87.180000|86.150002|86.769997|3493600|1.0000000000|86.769997
2026-08-14|429|TRGP|269.589996|277.160004|268.450012|275.790009|716200|1.0000000000|275.790009
2026-08-14|430|CPAY|424.750000|425.200012|417.500000|417.600006|292100|1.0000000000|417.600006
2026-08-14|431|KMI|32.230000|32.840000|32.130001|32.820000|8663100|1.0000000000|32.820000
2026-08-14|432|HCA|410.459991|412.690002|403.779999|404.679993|936700|1.0000000000|404.679993
2026-08-14|433|HII|330.519989|330.750000|322.350006|327.709991|406000|1.0000000000|326.188782
2026-08-14|434|APO|143.580002|144.330002|140.479996|140.759995|2558900|0.9957937992|140.167938
2026-08-14|435|MPC|356.989990|360.100006|352.480011|355.420013|2188100|0.9972693263|354.449493
2026-08-14|436|XYL|120.080002|120.320000|119.000000|119.680000|1164200|0.9962087815|119.226265
2026-08-14|437|APTV|49.189999|49.730000|48.560001|49.560001|2419900|1.0000000000|49.560001
2026-08-14|438|PSX|232.660004|236.139999|229.419998|233.610001|2654200|0.9947204324|232.376648
2026-08-14|439|AMCR|46.000000|46.299999|45.689999|46.029999|3548500|1.0000000000|46.029999
2026-08-14|440|META|596.979980|601.859985|589.289978|589.849976|8758000|1.0000000000|589.849976
2026-08-14|441|NOW|127.699997|128.649994|122.169998|124.000000|15030800|1.0000000000|124.000000
2026-08-14|442|PANW|396.760010|397.309998|380.850006|384.269989|4353500|1.0000000000|384.269989
2026-08-14|443|FANG|200.679993|204.570007|200.679993|202.470001|986600|1.0000000000|202.470001
2026-08-14|444|WDAY|207.850006|208.000000|195.009995|198.679993|8192000|1.0000000000|198.679993
2026-08-14|445|ABBV|250.600006|250.610001|247.679993|249.460007|4195000|1.0000000000|249.460007
2026-08-14|446|NCLH|19.459999|19.600000|18.920000|19.010000|12502500|1.0000000000|19.010000
2026-08-14|447|ZTS|75.519997|76.370003|73.610001|73.790001|4455300|1.0000000000|73.790001
2026-08-14|448|IQV|240.550003|243.000000|235.869995|236.660004|905600|1.0000000000|236.660004
2026-08-14|449|NWS|32.759998|33.360001|32.759998|33.169998|868500|1.0000000000|33.169998
2026-08-14|450|NWSA|29.030001|29.250000|28.870001|29.160000|2160400|1.0000000000|29.160000
2026-08-14|451|CDW|142.970001|142.970001|138.750000|139.419998|1173500|0.9952456416|138.757141
2026-08-14|452|VEEV|251.800003|253.479996|243.490005|243.750000|1426100|1.0000000000|243.750000
2026-08-14|453|ALLE|165.940002|166.279999|163.679993|164.779999|1048300|1.0000000000|164.779999
2026-08-14|454|HLT|321.839996|328.660004|319.989990|327.209991|1879300|0.9995449167|327.061096
2026-08-14|455|ARES|148.630005|149.625000|143.610001|144.020004|2021300|1.0000000000|144.020004
2026-08-14|456|ANET|205.270004|205.270004|198.244995|198.820007|4707400|1.0000000000|198.820007
2026-08-14|457|SYF|80.000000|81.089996|79.980003|81.000000|2124500|1.0000000000|81.000000
2026-08-14|458|CFG|73.860001|74.860001|73.614998|74.730003|1918800|1.0000000000|74.730003
2026-08-14|459|KEYS|354.059998|361.089996|350.100006|357.820007|926800|1.0000000000|357.820007
2026-08-14|460|GDDY|101.559998|101.989998|94.489998|94.910004|2086600|1.0000000000|94.910004
2026-08-14|461|KHC|25.360001|25.520000|25.174999|25.510000|8510400|1.0000000000|25.510000
2026-08-14|462|PYPL|60.520000|62.310001|59.340000|61.660000|15707800|1.0000000000|61.660000
2026-08-14|463|LITE|892.684998|957.895020|885.270020|926.140015|4251900|1.0000000000|926.140015
2026-08-14|464|HPE|60.480000|60.480000|58.599998|58.709999|11762700|1.0000000000|58.709999
2026-08-14|465|XYZ|82.870003|83.410004|82.389999|82.879997|4281300|1.0000000000|82.879997
2026-08-14|466|FTV|61.689999|61.849998|61.430000|61.619999|1717900|1.0000000000|61.619999
2026-08-14|467|DELL|496.000000|500.760010|488.649994|490.809998|3992900|1.0000000000|490.809998
2026-08-14|468|TTD|14.495000|14.630000|14.000000|14.140000|17560900|1.0000000000|14.140000
2026-08-14|469|VST|146.899994|150.179993|146.130005|148.130005|3040000|1.0000000000|148.130005
2026-08-14|470|HWM|282.380005|289.989990|281.730011|289.179993|1923000|1.0000000000|289.179993
2026-08-14|471|INVH|30.219999|30.490000|30.219999|30.290001|3348700|1.0000000000|30.290001
2026-08-14|472|CVNA|73.820000|76.070000|73.650002|75.589996|5472300|1.0000000000|75.589996
2026-08-14|473|IR|84.050003|84.434998|83.290001|83.339996|2164900|1.0000000000|83.339996
2026-08-14|474|VICI|26.379999|26.520000|26.315001|26.360001|11461400|1.0000000000|26.360001
2026-08-14|475|VRT|287.070007|295.470001|285.250000|293.839996|3153600|1.0000000000|293.839996
2026-08-14|476|MRNA|62.889999|63.782001|60.820000|63.320000|4700900|1.0000000000|63.320000
2026-08-14|477|FOXA|67.580002|69.250000|67.150002|69.040001|7501500|1.0000000000|69.040001
2026-08-14|478|FOX|59.849998|61.500000|59.740002|61.410000|1069000|1.0000000000|61.410000
2026-08-14|479|DOW|30.690001|31.200001|30.629999|31.070000|7305700|1.0000000000|31.070000
2026-08-14|480|UBER|77.089996|77.440002|75.370003|75.949997|10195700|1.0000000000|75.949997
2026-08-14|481|CTVA|75.970001|77.129997|75.529999|76.680000|2336400|1.0000000000|76.680000
2026-08-14|482|CRWD|226.639999|227.500000|216.464996|216.949997|6750300|1.0000000000|216.949997
2026-08-14|483|DDOG|252.389999|257.959991|248.389999|255.460007|4423300|1.0000000000|255.460007
2026-08-14|484|CARR|63.070000|63.957001|62.610001|62.779999|3153700|1.0000000000|62.779999
2026-08-14|485|OTIS|72.820000|73.004997|71.959999|72.629997|2893500|1.0000000000|72.629997
2026-08-14|486|PLTR|179.479996|180.179993|173.800003|174.039993|24065800|1.0000000000|174.039993
2026-08-14|487|DASH|215.380005|219.529999|213.250000|217.020004|2626300|1.0000000000|217.020004
2026-08-14|488|ABNB|185.000000|186.970001|183.660004|184.059998|3766200|1.0000000000|184.059998
2026-08-14|489|EXE|95.410004|95.690002|94.419998|94.779999|1752900|1.0000000000|94.779999
2026-08-14|490|COIN|151.419998|152.589996|147.860001|148.470001|7265300|1.0000000000|148.470001
2026-08-14|491|APP|313.214996|324.369995|313.000000|315.440002|5277800|1.0000000000|315.440002
2026-08-14|492|HOOD|98.000000|98.418999|95.440002|95.559998|14044600|1.0000000000|95.559998
2026-08-14|493|CEG|281.200012|287.000000|280.670013|282.500000|2021300|0.9984651331|282.066406
2026-08-14|494|GEHC|73.849998|74.014999|73.360001|73.690002|1623400|1.0000000000|73.690002
2026-08-14|495|KVUE|19.190001|19.309999|19.129999|19.200001|10361700|1.0000000000|19.200001
2026-08-14|496|VLTO|96.470001|98.070000|96.470001|97.680000|852900|1.0000000000|97.680000
2026-08-14|497|RDDT|175.779999|184.283997|174.000000|178.089996|21500400|1.0000000000|178.089996
2026-08-14|498|SOLV|86.139999|89.480003|85.290001|88.589996|1450400|1.0000000000|88.589996
2026-08-14|499|GEV|1042.099976|1070.469971|1038.984985|1063.250000|1491000|1.0000000000|1063.250000
2026-08-14|500|SNDK|1646.930054|1667.189941|1565.000000|1641.109985|21000300|1.0000000000|1641.109985
2026-08-14|501|Q|142.550003|144.080002|140.000000|142.300003|783400|1.0000000000|142.300003
2026-08-14|502|FDXF|151.089996|152.669998|146.080002|150.289993|2201100|1.0000000000|150.289993
2026-08-14|503|HONA|169.690002|171.490005|165.029999|166.360001|3418100|1.0000000000|166.360001
