date|security_id|ticker|open|high|low|close|volume|adj_factor|adj_close_vendor
2026-04-09|1|AEP|134.429993|137.740005|134.429993|137.149994|2562500|0.9852885257|135.132324
2026-04-09|2|BA|216.000000|221.289993|216.000000|220.059998|4768700|1.0000000000|220.059998
2026-04-09|3|CAT|773.000000|795.520020|772.989990|787.070007|2801900|0.9962516275|784.119751
2026-04-09|4|CNP|43.599998|44.470001|43.549999|44.130001|4256300|0.9886466776|43.628975
2026-04-09|5|CVX|194.309998|196.669998|189.270004|190.360001|11634000|0.9823507513|187.000305
2026-04-09|6|DIS|98.660004|100.230003|97.680000|99.790001|8918300|0.9923958226|99.031181
2026-04-09|7|DTE|148.699997|151.399994|148.630005|150.979996|983000|0.9921049063|149.787994
2026-04-09|8|ED|113.449997|115.660004|113.449997|114.980003|1742900|0.9836258984|113.097313
2026-04-09|9|GD|348.170013|350.429993|343.519989|343.899994|1399900|0.9910149667|340.810059
2026-04-09|10|GE|306.000000|315.049988|304.149994|313.019989|5470800|0.9987550328|312.630280
2026-04-09|11|HON|230.680001|236.360001|228.730008|236.059995|3191900|1.0399150842|245.482361
2026-04-09|12|HPQ|18.830000|18.969999|18.129999|18.379999|19533900|0.9879711310|18.158909
2026-04-09|13|IBM|240.880005|241.740005|233.759995|237.179993|5078600|0.9856234381|233.770157
2026-04-09|14|IP|36.520000|37.209999|36.270000|36.779999|6499800|0.9742073595|35.831345
2026-04-09|15|JNJ|241.300003|244.199997|240.539993|241.309998|6216500|0.9894021702|238.752640
2026-04-09|16|KO|76.650002|78.290001|76.370003|78.180000|14311000|0.9935850886|77.678482
2026-04-09|17|KR|70.180000|71.739998|69.959999|70.349998|3889500|0.9879807975|69.504440
2026-04-09|18|LMT|627.989990|636.880005|623.090027|623.869995|911100|0.9934960884|619.812378
2026-04-09|19|MMM|148.179993|151.440002|147.679993|150.500000|2825800|0.9905187908|149.073074
2026-04-09|20|MO|66.059998|67.739998|65.800003|67.459999|6937500|0.9852654995|66.466011
2026-04-09|21|MRK|122.900002|124.000000|121.349998|122.680000|8666300|0.9928601430|121.804085
2026-04-09|22|MSI|445.809998|446.450012|438.250000|442.500000|758700|0.9970118292|441.177734
2026-04-09|23|PG|144.389999|146.940002|143.000000|146.660004|6794800|0.9851719538|144.485321
2026-04-09|24|XOM|156.860001|159.229996|154.309998|155.039993|25868400|0.9868681737|153.004028
2026-04-09|25|RTX|203.220001|205.360001|202.610001|203.190002|2789700|0.9925545778|201.677170
2026-04-09|26|MCD|305.190002|311.100006|303.989990|309.549988|2484700|0.9932635540|307.464722
2026-04-09|27|AXP|314.309998|318.149994|312.179993|317.769989|1996200|0.9972701149|316.902496
2026-04-09|28|BMY|58.700001|59.689999|58.540001|59.470001|6572100|0.9888377035|58.806179
2026-04-09|29|DD|47.470001|48.220001|47.330002|47.419998|2932599|2.9881422927|141.697708
2026-04-09|30|DE|607.690002|618.950012|607.450012|618.000000|1205800|0.9974147424|616.402344
2026-04-09|31|EMR|142.440002|145.410004|142.440002|144.669998|2344400|0.9926085470|143.600677
2026-04-09|32|ETN|386.000000|401.109985|385.709991|400.440002|2134100|0.9947965913|398.356323
2026-04-09|33|ETR|114.739998|117.680000|114.739998|117.440002|2758900|0.9886701734|116.109428
2026-04-09|34|F|12.070000|12.270000|11.960000|12.240000|32576200|0.9769709546|11.958124
2026-04-09|35|HAL|37.860001|38.439999|37.270000|37.689999|12503500|0.9957637679|37.530334
2026-04-09|36|LLY|948.469971|963.760010|939.289978|955.190002|1672100|0.9968530383|952.184082
2026-04-09|37|PCG|18.320000|18.920000|18.290001|18.629999|17568400|0.9970997679|18.575968
2026-04-09|38|PEP|153.699997|158.009995|153.250000|157.490005|4339400|0.9895884624|155.850296
2026-04-09|39|PFE|27.209999|27.500000|27.180000|27.219999|27047600|0.9668473999|26.317585
2026-04-09|40|TXN|212.570007|215.929993|210.880005|214.979996|5499100|0.9898764050|212.803619
2026-04-09|41|WFC|84.449997|86.150002|84.440002|86.019997|10496100|0.9886393471|85.042755
2026-04-09|42|HUBB|525.650024|536.965027|521.460022|534.669983|559082|0.9970037769|533.067993
2026-04-09|43|WMT|127.089996|129.690002|126.820000|129.130005|13853100|0.9957114974|128.576233
2026-04-09|44|AIG|76.879997|78.400002|76.709999|77.720001|1921300|0.9933984683|77.206932
2026-04-09|45|AVY|173.660004|175.309998|172.479996|173.809998|450800|0.9936321953|172.703217
2026-04-09|46|BAC|51.630001|52.840000|51.630001|52.709999|32008000|0.9948310871|52.437546
2026-04-09|47|BALL|61.540001|63.070000|61.299999|62.869999|1882500|0.9963416864|62.640003
2026-04-09|48|BDX|155.100006|157.179993|154.869995|155.460007|2709900|0.9929995336|154.371719
2026-04-09|49|CLX|104.500000|108.220001|104.239998|107.620003|1744300|0.9761478543|105.053040
2026-04-09|50|CMI|597.039978|614.229980|594.409973|610.989990|666600|0.9931721942|606.818298
2026-04-09|51|CMS|78.019997|80.360001|78.019997|79.940002|3820800|0.9843492113|78.688881
2026-04-09|52|CVS|78.760002|79.559998|78.309998|78.839996|5160900|0.9851999130|77.673157
2026-04-09|53|ECL|270.369995|273.089996|268.619995|272.470001|923600|0.9972820015|271.729431
2026-04-09|54|ES|69.760002|71.199997|69.760002|70.570000|2614200|0.9882685720|69.742111
2026-04-09|55|EVRG|83.550003|85.269997|83.360001|84.410004|1656400|0.9834796618|83.015526
2026-04-09|56|GWW|1144.969971|1183.010010|1144.229980|1172.209961|326100|0.9960365882|1167.563843
2026-04-09|57|LNT|72.989998|74.400002|72.930000|73.720001|1730800|0.9850786184|72.619995
2026-04-09|58|MKC|50.299999|51.619999|49.650002|51.439999|5977300|0.9822640876|50.527664
2026-04-09|59|MRSH|173.360001|174.679993|172.029999|173.139999|2227400|0.9943746806|172.166031
2026-04-09|60|NEE|94.000000|96.209999|93.970001|94.480003|7349000|0.9927287582|93.092964
2026-04-09|61|NI|48.070000|48.759998|48.049999|48.470001|3704100|0.9871584841|47.847572
2026-04-09|62|PNW|103.129997|104.919998|103.129997|104.449997|735400|0.9822795276|102.599091
2026-04-09|63|RVTY|89.580002|90.910004|87.239998|90.459999|1095800|0.9985919505|90.332634
2026-04-09|64|SNA|379.390015|385.000000|364.679993|383.779999|262600|0.9870969475|378.828064
2026-04-09|65|SPGI|433.160006|435.290006|416.430001|424.319986|2094300|0.9417621693|399.608490
2026-04-09|66|TER|360.000000|369.640015|357.230011|364.209991|4484300|0.9996224662|364.072479
2026-04-09|67|TGT|122.260002|124.220001|121.500000|124.029999|4093500|0.9830946401|121.933228
2026-04-09|68|TXT|91.000000|91.989998|90.580002|91.410004|1062700|0.9997866667|91.390503
2026-04-09|69|VMC|290.730011|294.809998|288.779999|293.019989|702700|0.9961649269|291.896240
2026-04-09|70|XEL|81.250000|83.180000|81.099998|82.769997|3956200|0.9925145167|82.150421
2026-04-09|71|ITW|268.119995|274.779999|267.170013|273.179993|1371700|0.9939806334|271.535614
2026-04-09|72|CL|84.720001|86.400002|84.459999|86.040001|4699800|0.9881586198|85.021172
2026-04-09|73|EXC|49.099998|50.110001|49.099998|49.439999|7686200|0.9906832302|48.979378
2026-04-09|74|MDT|87.910004|88.550003|87.300003|87.910004|7896600|0.9910581218|87.123924
2026-04-09|75|BNY|127.550003|128.720001|127.110001|128.580002|3036200|0.9920974180|127.563889
2026-04-09|76|EIX|74.190002|76.220001|73.860001|75.820000|2922100|0.9882683051|74.930504
2026-04-09|77|FRT|107.080002|108.239998|106.830002|107.389999|1388100|0.9908457552|106.406921
2026-04-09|78|PNR|89.790001|91.279999|89.480003|90.459999|1628000|0.9926207111|89.792473
2026-04-09|79|USB|55.060001|56.540001|55.040001|56.330002|10182700|0.9915143601|55.852009
2026-04-09|80|WY|24.730000|25.070000|24.559999|24.820000|3160900|0.9914979760|24.608980
2026-04-09|81|SYY|74.699997|75.199997|73.889999|74.989998|3875300|0.9934155392|74.496231
2026-04-09|82|WRB|66.660004|67.910004|66.440002|67.209999|1455000|0.9910634494|66.609375
2026-04-09|83|IFF|72.820000|73.750000|72.029999|73.129997|1386200|0.9947403026|72.745354
2026-04-09|84|TAP|43.450001|45.220001|43.259998|44.680000|3568200|0.9881685974|43.642670
2026-04-09|85|PNC|218.660004|224.119995|217.960007|223.229996|1902600|0.9845274632|219.776062
2026-04-09|86|TRV|299.470001|306.260010|298.049988|303.230011|1302200|0.9958368027|301.967590
2026-04-09|87|C|122.809998|125.480003|122.330002|124.919998|8835400|0.9902572054|123.702927
2026-04-09|88|FDX|372.870016|380.139986|371.719986|376.999992|1614300|0.8027880446|302.651093
2026-04-09|89|WDC|343.880005|345.100006|329.500000|337.880005|6391800|0.9997393571|337.791931
2026-04-09|90|DHR|194.779999|195.690002|191.080002|192.990005|2903200|0.9979297139|192.590454
2026-04-09|91|APA|39.259998|39.849998|37.930000|38.970001|9988700|0.9864084367|38.440338
2026-04-09|92|LUV|39.950001|40.740002|39.320000|40.209999|5378000|0.9956521741|40.035175
2026-04-09|93|PEG|82.699997|84.470001|82.699997|83.930000|2807600|0.9913815279|83.206650
2026-04-09|94|UNP|249.009995|252.130005|248.100006|251.149994|2999100|0.9948314607|249.851913
2026-04-09|95|ABT|103.000000|103.320000|101.919998|102.720001|6198700|0.9867277802|101.356689
2026-04-09|96|ADI|346.000000|352.779999|345.489990|351.359985|2927400|0.9972683702|350.400208
2026-04-09|97|ADM|71.629997|72.660004|69.849998|70.349998|3170900|0.9871845133|69.448425
2026-04-09|98|ADP|199.779999|199.820007|194.539993|196.020004|2996300|0.9924702132|194.544006
2026-04-09|99|AFL|112.500000|113.760002|111.660004|113.070000|2036400|0.9898631333|111.923828
2026-04-09|100|AMAT|385.250000|398.739990|385.130005|397.809998|5373600|0.9976914901|396.891663
2026-04-09|101|AMD|233.009995|237.100006|230.910004|236.639999|27126200|1.0000000000|236.639999
2026-04-09|102|APD|295.000000|301.250000|293.720001|297.739990|1047100|0.9938263181|295.901855
2026-04-09|103|BF-B|26.530001|31.240000|26.530001|30.309999|13428400|0.9913580245|30.048061
2026-04-09|104|CHD|93.400002|96.830002|92.680000|96.160004|1945400|0.9937159244|95.555717
2026-04-09|105|CINF|162.759995|165.639999|162.619995|163.949997|615400|0.9945494610|163.056381
2026-04-09|106|CMCSA|27.820000|28.320000|27.629999|28.309999|24209100|0.9865580444|27.929457
2026-04-09|107|D|62.570000|64.580002|62.570000|64.110001|4386500|0.9900860786|63.474419
2026-04-09|108|DOV|215.860001|219.559998|215.740005|218.320007|947700|0.9975530563|217.785782
2026-04-09|109|DUK|131.279999|134.130005|131.279999|133.000000|3118700|0.9827918175|130.711319
2026-04-09|110|EFX|182.470001|183.809998|178.440002|181.899994|1018000|0.9965665237|181.275452
2026-04-09|111|EQT|60.220001|60.860001|59.099998|59.470001|6067700|0.9940720641|59.117466
2026-04-09|112|FITB|49.110001|50.450001|49.090000|50.220001|5768100|0.9929552658|49.866215
2026-04-09|113|GIS|36.250000|36.840000|36.049999|36.750000|8648700|0.9666684497|35.525066
2026-04-09|114|GPC|107.150002|109.139999|105.839996|108.559998|2196500|0.9892223458|107.389977
2026-04-09|115|HAS|93.500000|94.080002|92.629997|93.059998|1792300|0.9844894224|91.616585
2026-04-09|116|HBAN|16.250000|16.660000|16.250000|16.590000|19947700|0.9910508082|16.441532
2026-04-09|117|HRL|21.049999|21.240000|20.620001|21.129999|7082100|0.9742790885|20.586517
2026-04-09|118|HST|19.760000|20.170000|19.639999|19.910000|11801000|0.9630818621|19.174959
2026-04-09|119|HSY|207.600006|210.919998|207.000000|210.839996|1489500|0.9846288447|207.599136
2026-04-09|120|INTC|58.400002|62.080002|58.389999|61.720001|155609900|1.0000000000|61.720001
2026-04-09|121|J|130.259995|130.710007|126.370003|127.129997|830900|0.9944174758|126.420288
2026-04-09|122|JPM|306.950012|311.260010|306.109985|310.329987|6586600|0.9955152929|308.938232
2026-04-09|123|KMB|96.180000|98.809998|95.709999|97.959999|7145100|0.9864507253|96.632713
2026-04-09|124|L|109.190002|111.930000|109.190002|110.879997|642800|0.9988625697|110.753883
2026-04-09|125|LEN|87.570000|90.269997|87.290001|88.930000|3421700|0.9888298730|87.936646
2026-04-09|126|LOW|241.000000|248.990005|238.179993|247.809998|2283300|0.9891098782|245.111328
2026-04-09|127|MAS|61.599998|63.889999|61.560001|63.419998|2727500|0.9908891403|62.842190
2026-04-09|128|MTB|217.750000|223.660004|217.460007|222.990005|731800|0.9930590903|221.442261
2026-04-09|129|NEM|117.970001|119.989998|117.570000|119.010002|6871500|0.9976704596|118.732765
2026-04-09|130|NTRS|151.169998|153.009995|150.130005|152.630005|948700|0.9953773257|151.924438
2026-04-09|131|NUE|181.750000|184.529999|181.270004|184.000000|1538300|0.9975500919|183.549210
2026-04-09|132|OMC|75.919998|75.919998|73.629997|74.879997|5487600|0.9894221866|74.087929
2026-04-09|133|PCAR|124.180000|127.300003|123.720001|127.050003|2331800|0.9942707430|126.322105
2026-04-09|134|PGR|196.509995|200.330002|196.210007|199.880005|2398400|0.9995561474|199.791290
2026-04-09|135|PH|964.030029|991.590027|964.030029|982.989990|559700|0.9977448271|980.773132
2026-04-09|136|PHM|119.320000|123.050003|119.160004|122.230003|1934300|0.9978834255|121.971298
2026-04-09|137|PPG|108.769997|111.000000|107.900002|109.699997|1956200|0.9873814378|108.315742
2026-04-09|138|PPL|39.049999|39.840000|39.020000|39.810001|9164700|0.9920279720|39.492638
2026-04-09|139|RF|27.330000|28.219999|27.059999|28.150000|12924900|0.9905357143|27.883581
2026-04-09|140|ROL|54.459999|55.990002|54.250000|55.790001|3155000|0.9917679269|55.330734
2026-04-09|141|SHW|332.049988|339.320007|330.000000|335.730011|1506800|0.9951137391|334.089569
2026-04-09|142|STT|135.940002|138.610001|135.509995|138.490005|1865700|0.9950471700|137.804092
2026-04-09|143|SWK|70.930000|73.900002|70.809998|73.430000|2159800|0.9894240575|72.653412
2026-04-09|144|SYK|338.160004|339.940002|334.220001|339.140015|1393500|0.9973375287|338.237061
2026-04-09|145|TMO|498.609985|505.350006|490.250000|500.459991|1491000|0.9989985938|499.958832
2026-04-09|146|TPL|446.989990|446.989990|370.410004|377.970001|1633600|0.9984732824|377.392944
2026-04-09|147|TSN|64.029999|65.419998|63.840000|65.419998|2788700|0.9916420846|64.873222
2026-04-09|148|TT|448.839996|461.279999|448.420013|460.109985|1160800|0.9977358979|459.068268
2026-04-09|149|TYL|324.959991|327.220001|315.839996|323.679993|636500|1.0000000000|323.679993
2026-04-09|150|UDR|34.810001|35.270000|34.810001|34.860001|2643100|0.9803230978|34.174065
2026-04-09|151|VTRS|13.460000|13.640000|13.380000|13.610000|5738700|0.9853197013|13.410201
2026-04-09|152|WEC|117.209999|119.620003|116.510002|118.779999|1922000|0.9829379991|116.753365
2026-04-09|153|WST|264.369995|264.529999|257.350006|258.540009|785200|0.9985945833|258.176666
2026-04-09|154|NDSN|273.720001|279.630005|270.940002|276.250000|428500|0.9971745572|275.469482
2026-04-09|155|TFC|48.980000|50.680000|48.869999|50.480000|11399100|0.9798350561|49.462074
2026-04-09|156|WELL|204.470001|210.820007|203.669998|206.339996|2771900|0.9928496012|204.864594
2026-04-09|157|AON|326.540009|328.170013|322.690002|325.399994|1314400|0.9951005240|323.805725
2026-04-09|158|GL|147.000000|149.149994|146.789993|147.389999|440800|0.9981716439|147.120514
2026-04-09|159|OKE|86.680000|88.870003|86.010002|86.180000|4138700|0.9765151605|84.156082
2026-04-09|160|KLAC|1669.889984|1734.700012|1669.160004|1727.259979|939500|0.0997597720|172.311066
2026-04-09|161|CSX|42.150002|43.009998|42.099998|42.490002|12394700|0.9969438988|42.360149
2026-04-09|162|PSA|288.130005|294.589996|287.369995|293.269989|976300|0.9907958521|290.570679
2026-04-09|163|NKE|43.220001|44.220001|42.720001|44.000000|24147400|0.9911312999|43.609779
2026-04-09|164|AAPL|259.000000|261.119995|256.070007|260.489990|28121600|0.9982185855|260.025940
2026-04-09|165|BRO|66.669998|67.930000|66.480003|67.129997|1916700|0.9947741799|66.779190
2026-04-09|166|UHS|185.320007|189.449997|185.320007|187.880005|331400|0.9986223049|187.621155
2026-04-09|167|HD|331.260010|340.570007|328.450012|339.579987|3002000|0.9925551970|337.051880
2026-04-09|168|BAX|17.180000|17.500000|16.980000|17.299999|5439800|0.9994805195|17.284344
2026-04-09|169|COP|126.290001|127.910004|123.279999|123.470001|9069400|0.9860463925|121.747147
2026-04-09|170|GLW|167.880005|172.220001|166.600006|169.800003|11961300|0.9984696945|169.540161
2026-04-09|171|HUM|197.050003|200.440002|194.539993|197.320007|1319900|0.9976462766|196.855576
2026-04-09|172|LHX|361.359985|364.269989|357.880005|357.970001|1136800|0.9959648783|356.525543
2026-04-09|173|NOC|689.700012|698.530029|685.000000|690.570007|777200|0.9956180811|687.544006
2026-04-09|174|OXY|60.099998|60.730000|58.230000|58.529999|15496700|0.9954022988|58.260895
2026-04-09|175|ROK|388.750000|396.970001|385.250000|394.899994|743500|0.9938632005|392.476562
2026-04-09|176|SLB|51.700001|52.889999|51.169998|52.540001|16033100|0.9947843000|52.265968
2026-04-09|177|SO|96.779999|98.489998|96.760002|97.589996|4250100|0.9836658196|95.995941
2026-04-09|178|WMB|72.849998|74.750000|71.949997|72.820000|5188600|0.9926696456|72.286201
2026-04-09|179|VLO|240.089996|245.559998|233.119995|235.100006|3905400|0.9914397807|233.087494
2026-04-09|180|CI|275.929993|279.359985|275.790009|278.450012|908000|0.9942378017|276.845520
2026-04-09|181|NSC|293.450012|296.529999|292.940002|295.299988|1704100|0.9917671837|292.868835
2026-04-09|182|COO|71.139999|71.849998|70.080002|71.459999|1277300|1.0000000000|71.459999
2026-04-09|183|AMGN|347.459991|359.450012|346.420013|355.600006|2940700|0.9867386103|350.884247
2026-04-09|184|RJF|146.789993|148.850006|146.229996|148.139999|1157600|0.9964480694|147.613815
2026-04-09|185|WSM|186.429993|192.600006|184.880005|191.309998|974100|0.9927167515|189.916641
2026-04-09|186|CAH|214.740005|217.770004|214.330002|215.800003|1051300|0.9978279171|215.331268
2026-04-09|187|CTAS|173.279999|174.320007|172.149994|174.149994|1795500|0.9947044338|173.227768
2026-04-09|188|PAYX|89.129997|89.209999|86.839996|87.860001|3493000|0.9771272923|85.850403
2026-04-09|189|BEN|24.700001|25.200001|24.670000|25.040001|3344000|0.9900632337|24.791185
2026-04-09|190|AOS|66.320000|67.889999|66.190002|67.269997|1395900|0.9883617008|66.487091
2026-04-09|191|CASY|753.590027|774.229980|751.330017|758.760010|707700|0.9985579358|757.665771
2026-04-09|192|T|27.230000|27.410000|26.760000|26.840000|41439800|0.9765662530|26.211039
2026-04-09|193|VZ|47.810001|48.169998|47.259998|47.779999|29376900|0.9686690897|46.283009
2026-04-09|194|JBHT|224.419998|226.550003|221.770004|225.220001|813100|0.9964612666|224.423004
2026-04-09|195|ATO|189.460007|192.509995|189.220001|192.289993|932600|0.9884163190|190.062561
2026-04-09|196|LRCX|248.330002|259.000000|247.350006|258.760010|9757800|0.9992960416|258.577850
2026-04-09|197|MU|407.609985|423.940002|398.440002|421.510010|43101000|0.9998462422|421.445190
2026-04-09|198|AJG|219.059998|221.949997|217.039993|218.389999|1637900|0.9966824645|217.665482
2026-04-09|199|AME|229.110001|234.330002|228.669998|233.490005|1167600|0.9985029940|233.140457
2026-04-09|200|SWKS|56.250000|56.959999|55.950001|56.560001|3006600|0.9913855858|56.072769
2026-04-09|201|EXPD|146.470001|147.880005|143.440002|144.830002|1357100|0.9948730934|144.087479
2026-04-09|202|UNH|305.820007|307.890015|304.140015|306.910004|5742000|0.9943209633|305.167053
2026-04-09|203|BBY|64.019997|64.860001|63.750000|64.529999|2732400|0.9868673048|63.682545
2026-04-09|204|DOC|16.590000|16.740000|16.459999|16.690001|7240400|0.9746865370|16.267517
2026-04-09|205|ADSK|237.509995|238.500000|217.179993|225.130005|3604900|1.0000000000|225.130005
2026-04-09|206|DVN|48.150002|49.110001|47.599998|47.880001|13745500|0.9929375416|47.541851
2026-04-09|207|NVR|6703.770020|6891.890137|6703.770020|6798.750000|24000|1.0000000000|6798.750000
2026-04-09|208|ROST|223.699997|226.639999|223.630005|224.910004|1641200|0.9980432679|224.469910
2026-04-09|209|JKHY|157.750000|157.750000|152.229996|153.380005|793200|0.9955252350|152.693665
2026-04-09|210|MNST|74.610001|76.930000|74.489998|76.190002|3803500|0.5000000000|76.190002
2026-04-09|211|ORCL|142.199997|142.800003|136.000000|137.860001|30407800|0.9965330745|137.382050
2026-04-09|212|MSFT|372.500000|373.500000|367.049988|373.070007|30435300|0.9959638868|371.564240
2026-04-09|213|TROW|91.349998|92.550003|90.760002|92.160004|2134700|0.9881430134|91.067268
2026-04-09|214|COST|1029.489990|1035.819946|1025.060059|1032.030029|1433300|0.9969659831|1028.898926
2026-04-09|215|ADBE|235.600006|236.300003|227.699997|229.940002|6802400|1.0000000000|229.940002
2026-04-09|216|FISV|56.160000|56.540001|55.189999|56.410000|5612100|1.0000000000|56.410000
2026-04-09|217|BKR|63.279999|64.919998|63.090000|63.419998|6071400|0.9930140272|62.976948
2026-04-09|218|CDNS|287.619995|288.179993|277.450012|281.010010|2209800|1.0000000000|281.010010
2026-04-09|219|TJX|160.830002|165.820007|160.539993|165.000000|5593300|0.9936003560|163.944061
2026-04-09|220|FICO|1081.219971|1088.849976|1035.000000|1072.349976|209600|1.0000000000|1072.349976
2026-04-09|221|CCL|27.820000|28.120001|26.900000|27.850000|25712600|0.9887339129|27.536240
2026-04-09|222|FAST|48.180000|49.419998|47.980000|49.099998|7316900|0.9892709750|48.573204
2026-04-09|223|SCHW|96.279999|97.980003|95.830002|97.269997|5794500|0.9935274715|96.640411
2026-04-09|224|JCI|138.940002|142.360001|138.589996|141.850006|3910100|0.9972406182|141.458588
2026-04-09|225|COHR|286.399994|301.000000|277.190002|284.170013|6374700|1.0000000000|284.170013
2026-04-09|226|KEY|21.209999|21.700001|21.190001|21.650000|10121700|0.9901913874|21.437643
2026-04-09|227|MOS|26.610001|27.150000|25.200001|25.270000|7483200|0.9899359564|25.015682
2026-04-09|228|MGM|36.830002|37.240002|36.150002|36.930000|3556100|1.0000000000|36.930000
2026-04-09|229|WM|231.779999|234.399994|230.869995|233.100006|1605700|0.9956851284|232.094208
2026-04-09|230|TECH|54.880001|56.169998|53.439999|55.570000|2239600|0.9970482740|55.405975
2026-04-09|231|IEX|197.110001|201.570007|196.960007|199.729996|773000|0.9931996195|198.371750
2026-04-09|232|GEN|18.850000|18.860001|18.129999|18.370001|8671700|0.9903038605|18.191883
2026-04-09|233|CRH|113.400002|116.290001|113.330002|115.500000|4241800|0.9923991275|114.622101
2026-04-09|234|EOG|139.759995|141.429993|135.220001|136.580002|5203900|0.9849854996|134.529327
2026-04-09|235|PTC|143.410004|143.660004|138.929993|139.190002|1459100|1.0000000000|139.190002
2026-04-09|236|CSCO|83.849998|84.769997|82.150002|83.169998|17611700|0.9962729613|82.860023
2026-04-09|237|LH|272.399994|276.369995|270.980011|273.260010|454300|0.9972597526|271.928223
2026-04-09|238|TRMB|66.099998|66.129997|64.250000|65.419998|1565700|1.0000000000|65.419998
2026-04-09|239|AZO|3443.010010|3578.120117|3423.050049|3548.189941|181600|1.0000000000|3548.189941
2026-04-09|240|REGN|764.150024|772.450012|761.500000|767.849976|596700|0.9973440317|765.810608
2026-04-09|241|IDXX|584.159973|588.580017|580.390015|584.750000|448100|1.0000000000|584.750000
2026-04-09|242|AES|14.380000|14.450000|14.370000|14.410000|10314700|0.9761125722|14.065783
2026-04-09|243|VRTX|439.769989|447.000000|436.350006|446.779999|1040900|1.0000000000|446.779999
2026-04-09|244|ZBRA|218.929993|223.990005|218.929993|223.070007|608100|1.0000000000|223.070007
2026-04-09|245|BIIB|177.809998|180.059998|174.970001|177.110001|1266500|1.0000000000|177.110001
2026-04-09|246|ODFL|206.369995|211.589996|206.270004|209.500000|1300200|0.9987340667|209.234787
2026-04-09|247|APH|136.690002|138.169998|134.149994|137.679993|6807600|0.9984936130|137.472595
2026-04-09|248|KIM|22.660000|23.219999|22.600000|23.070000|4374800|0.9891711788|22.820179
2026-04-09|249|QCOM|127.260002|128.589996|126.800003|127.750000|9352700|0.9963201471|127.279900
2026-04-09|250|GILD|140.119995|142.970001|139.960007|142.089996|4167400|0.9934708175|141.162262
2026-04-09|251|ROP|353.260010|354.450012|345.679993|349.880005|1339500|0.9974983506|349.004730
2026-04-09|252|SNPS|409.940002|411.000000|394.250000|404.920013|1728800|1.0000000000|404.920013
2026-04-09|253|STZ|150.990005|163.229996|150.250000|163.070007|4696300|0.9856055004|160.722702
2026-04-09|254|BSX|62.150002|62.360001|60.590000|61.279999|12702100|1.0000000000|61.279999
2026-04-09|255|STE|222.740005|224.470001|221.000000|223.750000|517100|0.9970332000|223.086166
2026-04-09|256|DHI|141.179993|145.960007|140.600006|143.740005|3809100|0.9940209933|142.880569
2026-04-09|257|LIN|499.459991|507.179993|497.529999|503.299988|1919000|0.9968477255|501.713470
2026-04-09|258|SBUX|97.000000|97.910004|96.180000|96.919998|5320500|0.9884945611|95.804893
2026-04-09|259|MS|175.169998|179.000000|174.800003|178.160004|5298900|0.9892093304|176.237549
2026-04-09|260|INTU|380.200012|382.029999|354.549988|361.690002|7471800|0.9955898568|360.094910
2026-04-09|261|MCHP|70.500000|71.550003|69.529999|71.220001|8477400|0.9890553567|70.440521
2026-04-09|262|CB|330.779999|336.140015|330.209991|332.940002|1216600|0.9968895800|331.904419
2026-04-09|263|ORLY|93.599998|94.610001|92.449997|94.400002|6371100|1.0000000000|94.400002
2026-04-09|264|RCL|274.390015|280.320007|270.440002|275.890015|2077300|0.9948418155|274.466919
2026-04-09|265|JBL|287.140015|295.220001|286.880005|293.019989|1017600|0.9995582709|292.890533
2026-04-09|266|ALL|210.910004|216.149994|210.399994|214.520004|1060600|0.9947595710|213.395828
2026-04-09|267|CPT|101.820000|102.220001|100.500000|100.839996|1277800|0.9909199930|99.924370
2026-04-09|268|VMRK|60.400002|61.049999|60.349998|60.459999|1521500|0.9897192157|59.838421
2026-04-09|269|IT|148.500000|148.990005|144.039993|148.020004|1347000|1.0000000000|148.020004
2026-04-09|270|DECK|106.000000|110.440002|105.070000|109.769997|1529200|1.0000000000|109.769997
2026-04-09|271|REG|77.699997|78.989998|77.559998|78.349998|1206600|0.9906432027|77.616890
2026-04-09|272|INCY|95.129997|97.580002|94.660004|96.959999|1089500|1.0000000000|96.959999
2026-04-09|273|SPG|193.740005|199.630005|193.500000|198.970001|1226700|0.9891482587|196.810837
2026-04-09|274|MAA|125.360001|126.550003|125.080002|125.620003|762900|0.9765831817|122.678383
2026-04-09|275|MLM|620.359985|630.700012|618.440002|625.500000|310200|0.9985730005|624.607422
2026-04-09|276|TSCO|44.939999|45.880001|44.450001|45.639999|4144000|0.9851405019|44.961807
2026-04-09|277|ALB|176.479996|181.570007|170.850006|172.350006|1538900|0.9974537910|171.911163
2026-04-09|278|CPRT|33.070000|33.150002|32.459999|32.990002|5458100|1.0000000000|32.990002
2026-04-09|279|FLEX|73.320000|75.919998|73.190002|75.010002|4126700|1.0000000000|75.010002
2026-04-09|280|ESS|250.440002|252.130005|249.399994|250.029999|394900|0.9912479300|247.841721
2026-04-09|281|O|62.590000|63.650002|62.310001|63.200001|4289200|0.9829305716|62.121212
2026-04-09|282|MCO|443.459991|445.420013|432.029999|438.220001|949600|0.9955156672|436.254883
2026-04-09|283|SJM|93.320000|93.769997|91.629997|92.470001|1618400|0.9798392929|90.605736
2026-04-09|284|MCK|869.010010|879.099976|868.030029|873.429993|593200|0.9988955336|872.465332
2026-04-09|285|COF|192.330002|195.860001|191.570007|194.729996|4635200|0.9922218930|193.215378
2026-04-09|286|EME|791.179993|808.890015|791.179993|800.400024|344800|0.9989862194|799.588623
2026-04-09|287|DLTR|103.750000|104.250000|100.559998|102.599998|4463300|1.0000000000|102.599998
2026-04-09|288|COR|324.209991|325.910004|319.720001|322.459991|1197000|0.9957711437|321.096375
2026-04-09|289|DRI|195.289993|198.089996|194.660004|196.339996|1231700|0.9843985059|193.276794
2026-04-09|290|RMD|227.990005|229.559998|225.160004|227.979996|1141000|0.9941821390|226.653625
2026-04-09|291|WAB|269.309998|275.839996|269.309998|270.940002|1467500|0.9977552294|270.331818
2026-04-09|292|FCX|65.199997|66.750000|64.650002|66.449997|12664700|0.9953868541|66.143448
2026-04-09|293|IVZ|24.090000|24.110001|23.469999|23.570000|7506200|0.9856541725|23.231869
2026-04-09|294|ACGL|98.139999|99.680000|97.699997|98.839996|1363500|1.0000000000|98.839996
2026-04-09|295|ERIE|250.399994|259.549988|250.399994|257.250000|156900|0.9943102712|255.786316
2026-04-09|296|EG|331.359985|339.190002|331.359985|335.609985|281700|0.9940520446|333.613800
2026-04-09|297|DVA|147.880005|151.610001|147.880005|150.679993|556100|1.0000000000|150.679993
2026-04-09|298|HSIC|74.959999|76.529999|74.470001|75.620003|699100|1.0000000000|75.620003
2026-04-09|299|EL|70.489998|74.629997|69.599998|73.290001|3494000|0.9961483439|73.007713
2026-04-09|300|WAT|316.500000|319.570007|310.000000|317.649994|883500|1.0000000000|317.649994
2026-04-09|301|NTAP|99.080002|99.150002|94.889999|95.669998|2449000|0.9969719908|95.380302
2026-04-09|302|HIG|138.210007|141.500000|137.729996|140.399994|1235300|0.9952804215|139.737366
2026-04-09|303|IRM|107.000000|109.639999|106.830002|108.690002|1185600|0.9932096824|107.951958
2026-04-09|304|BRK-B|478.209991|487.950012|477.290009|485.200012|3518500|1.0000000000|485.200012
2026-04-09|305|FDS|223.500000|224.550003|211.570007|213.520004|1438300|0.9951444118|212.483246
2026-04-09|306|STLD|186.710007|190.320007|186.380005|190.000000|899000|0.9977371702|189.570068
2026-04-09|307|DGX|197.929993|199.410004|196.550003|197.820007|718400|0.9959506546|197.018967
2026-04-09|308|CIEN|498.910004|513.489990|473.730011|487.380005|3280400|1.0000000000|487.380005
2026-04-09|309|TTWO|201.009995|201.210007|197.589996|198.050003|1493800|1.0000000000|198.050003
2026-04-09|310|VTR|84.000000|86.300003|83.900002|84.949997|2507300|0.9941769319|84.455330
2026-04-09|311|AMZN|225.229996|233.800003|223.270004|233.649994|65964200|1.0000000000|233.649994
2026-04-09|312|ARE|44.730000|45.090000|43.700001|43.990002|1979700|0.9870480303|43.420246
2026-04-09|313|RL|373.829987|387.260010|372.339996|385.140015|489800|0.9975616297|384.200897
2026-04-09|314|BXP|52.060001|53.099998|50.900002|52.480000|1921000|0.9895631429|51.932274
2026-04-09|315|FIX|1531.510010|1601.900024|1531.510010|1574.449951|363500|0.9990909066|1573.018555
2026-04-09|316|YUM|159.479996|161.529999|159.479996|160.789993|1184400|0.9951301862|160.006973
2026-04-09|317|CHRW|172.419998|174.889999|168.679993|170.199997|1467200|0.9965870306|169.619110
2026-04-09|318|FE|51.299999|52.340000|51.259998|51.910000|3379500|0.9800753088|50.875710
2026-04-09|319|MTD|1316.439941|1335.079956|1285.869995|1335.000000|158700|1.0000000000|1335.000000
2026-04-09|320|PLD|136.690002|140.100006|136.550003|138.020004|3568200|0.9927946128|137.025513
2026-04-09|321|URI|758.760010|768.000000|749.520020|767.359985|460300|0.9962197184|764.459167
2026-04-09|322|AEE|112.910004|115.529999|112.769997|114.320000|1652700|0.9930004667|113.519814
2026-04-09|323|VRSN|271.690002|272.309998|267.670013|269.880005|736500|0.9944277890|268.376160
2026-04-09|324|PWR|576.000000|592.580017|576.000000|582.059998|935300|0.9998472307|581.971069
2026-04-09|325|AMT|175.240005|182.360001|175.240005|179.929993|3273800|0.9807453674|176.465515
2026-04-09|326|MAR|347.510010|354.000000|344.529999|352.929993|1147100|0.9960059445|351.520355
2026-04-09|327|CTSH|60.000000|60.299999|58.080002|59.200001|5866200|0.9872095485|58.442802
2026-04-09|328|SRE|98.750000|101.040001|98.410004|99.750000|2677000|0.9929041305|99.042183
2026-04-09|329|CSGP|38.279999|38.439999|36.910000|37.320000|5766600|1.0000000000|37.320000
2026-04-09|330|RSG|217.300003|218.179993|216.149994|217.000000|1853600|0.9970890970|216.368332
2026-04-09|331|CCI|84.919998|87.589996|84.480003|86.570000|3591200|0.9884657123|85.571480
2026-04-09|332|EBAY|97.120003|97.250000|94.300003|95.580002|4007300|0.9972353518|95.026840
2026-04-09|333|NVDA|181.839996|184.080002|180.619995|183.910004|116428500|0.9988358556|183.695908
2026-04-09|334|BKNG|180.029999|180.979996|173.820007|176.600006|7232500|0.9974923877|176.157166
2026-04-09|335|GS|902.000000|909.400024|895.289978|903.719971|1797800|0.9956121536|899.754578
2026-04-09|336|FFIV|303.559998|305.769989|289.869995|294.589996|896900|1.0000000000|294.589996
2026-04-09|337|SBAC|218.600006|220.279999|215.789993|218.460007|1714500|0.9871816268|215.659683
2026-04-09|338|LII|474.059998|492.059998|474.059998|488.679993|262700|0.9976091276|487.511627
2026-04-09|339|BLK|993.770020|1006.320007|982.219971|1001.619995|676700|0.9943964168|996.007324
2026-04-09|340|TKO|194.279999|198.110001|193.009995|197.070007|804700|0.9961152636|196.304443
2026-04-09|341|AKAM|115.209999|115.250000|106.879997|109.610001|5411200|1.0000000000|109.610001
2026-04-09|342|UPS|99.989998|101.860001|99.720001|101.639999|4361800|0.9679890039|98.386406
2026-04-09|343|A|115.970001|116.250000|113.639999|115.389999|1218700|0.9980802530|115.168480
2026-04-09|344|TDY|657.729980|663.950012|651.340027|654.979980|266900|1.0000000000|654.979980
2026-04-09|345|PKG|209.119995|210.850006|205.619995|208.119995|830200|0.9934276825|206.752167
2026-04-09|346|EW|81.320000|81.320000|79.059998|79.150002|5469100|1.0000000000|79.150002
2026-04-09|347|MET|73.779999|75.389999|73.589996|74.650002|3697600|0.9862851080|73.626183
2026-04-09|348|ON|68.480003|69.070000|67.900002|68.489998|5812400|1.0000000000|68.489998
2026-04-09|349|ISRG|459.320007|460.649994|451.029999|454.940002|1551500|1.0000000000|454.940002
2026-04-09|350|CRL|175.000000|176.169998|170.199997|175.550003|839200|1.0000000000|175.550003
2026-04-09|351|MRVL|118.959999|121.970001|117.830002|119.930000|32718500|0.9992531920|119.840431
2026-04-09|352|EQIX|1017.979980|1039.900024|1017.979980|1031.569946|405800|0.9903463937|1021.611572
2026-04-09|353|TPR|150.100006|154.479996|149.270004|152.619995|1372600|0.9971524169|152.185394
2026-04-09|354|GRMN|251.759995|259.070007|251.539993|256.529999|783800|0.9955900883|255.398727
2026-04-09|355|GPN|64.370003|65.910004|63.259998|65.879997|2427700|0.9961797067|65.628319
2026-04-09|356|ALGN|173.210007|175.649994|170.500000|174.529999|970100|1.0000000000|174.529999
2026-04-09|357|WTW|288.779999|290.929993|286.790009|287.859985|635600|0.9963732529|286.815979
2026-04-09|358|MDLZ|58.180000|59.230000|58.080002|59.090000|7349400|0.9916874483|58.598812
2026-04-09|359|AXON|386.510010|387.089996|347.279999|351.329987|2118300|1.0000000000|351.329987
2026-04-09|360|FIS|46.570000|46.720001|44.639999|45.290001|7120000|0.9887092639|44.778645
2026-04-09|361|ACN|190.750000|190.750000|182.380005|186.029999|6064900|0.9881186678|183.819717
2026-04-09|362|ZBH|92.629997|93.769997|91.400002|93.029999|1712400|0.9973498233|92.783447
2026-04-09|363|BG|127.230003|128.479996|122.169998|122.959999|1660100|0.9877945902|121.459221
2026-04-09|364|PFG|93.480003|94.500000|92.180000|92.320000|1766300|0.9920864700|91.589424
2026-04-09|365|ELV|315.519989|319.690002|314.790009|316.869995|1162300|0.9959475060|315.585876
2026-04-09|366|CNC|37.250000|37.750000|36.970001|37.549999|3663600|1.0000000000|37.549999
2026-04-09|367|PRU|96.010002|97.650002|96.010002|97.099998|1903300|0.9752946989|94.701111
2026-04-09|368|NFLX|99.629997|102.339996|99.080002|102.050003|35087800|1.0000000000|102.050003
2026-04-09|369|NDAQ|88.070000|88.070000|84.099998|84.209999|3998300|0.9964261009|83.909042
2026-04-09|370|WYNN|103.779999|105.089996|102.629997|104.889999|1333300|0.9949442808|104.359703
2026-04-09|371|CME|302.959991|303.679993|297.640015|298.929993|4031700|0.9948418839|297.388062
2026-04-09|372|STX|504.000000|508.709991|493.200012|500.769989|3092200|0.9992874955|500.413177
2026-04-09|373|NRG|160.679993|167.059998|160.679993|161.779999|2133100|0.9934205862|160.715591
2026-04-09|374|AIZ|222.669998|224.699997|221.410004|223.279999|302900|0.9965805324|222.516495
2026-04-09|375|CBRE|141.470001|143.449997|139.440002|142.460007|1235400|1.0000000000|142.460007
2026-04-09|376|CRM|173.169998|174.289993|167.119995|170.850006|20855400|0.9974256962|170.410187
2026-04-09|377|DPZ|372.920013|376.429993|372.000000|373.299988|641100|0.9938557491|371.006348
2026-04-09|378|EXR|136.750000|139.619995|136.679993|139.210007|1299200|0.9892430283|137.712524
2026-04-09|379|GOOG|313.190002|317.429993|309.470001|316.369995|14606800|0.9993985127|316.179718
2026-04-09|380|GOOGL|315.910004|319.540009|311.059998|318.489990|23739200|0.9994030337|318.299866
2026-04-09|381|DLR|185.720001|190.080002|185.410004|188.149994|2749100|0.9933767643|186.903839
2026-04-09|382|MPWR|1312.939941|1340.109985|1303.939941|1334.209961|554800|0.9984765039|1332.177246
2026-04-09|383|LVS|54.150002|54.740002|53.639999|54.480000|3338900|0.9879067226|53.821159
2026-04-09|384|DXCM|65.389999|66.440002|64.400002|65.680000|3762700|1.0000000000|65.680000
2026-04-09|385|BLDR|82.760002|86.230003|82.160004|85.209999|1735500|1.0000000000|85.209999
2026-04-09|386|WBD|27.500000|27.559999|27.480000|27.530001|22035000|1.0000000000|27.530001
2026-04-09|387|EXPE|234.970001|235.729996|225.630005|230.259995|1549300|0.9964448664|229.441391
2026-04-09|388|CF|128.089996|128.880005|118.209999|119.379997|5843300|0.9908287958|118.285141
2026-04-09|389|AMP|450.079987|454.709991|446.690002|452.899994|878900|0.9932580907|449.846558
2026-04-09|390|ICE|167.529999|167.750000|161.660004|161.970001|3434300|0.9962997224|161.370667
2026-04-09|391|PSKY|10.780000|10.960000|10.430000|10.850000|13849800|0.9952244509|10.798186
2026-04-09|392|LYV|162.550003|164.750000|161.029999|163.660004|2564900|1.0000000000|163.660004
2026-04-09|393|CMG|33.570000|34.669998|33.470001|34.240002|12382100|1.0000000000|34.240002
2026-04-09|394|UAL|95.260002|98.629997|93.959999|97.669998|6314500|1.0000000000|97.669998
2026-04-09|395|TDG|1211.869995|1234.130005|1207.260010|1225.520020|198100|1.0000000000|1225.520020
2026-04-09|396|MA|504.459991|506.670013|497.760010|503.570007|3301800|0.9983264725|502.727264
2026-04-09|397|LDOS|160.130005|160.139999|155.580002|155.630005|645100|0.9964800263|155.082199
2026-04-09|398|FSLR|200.509995|204.130005|196.809998|197.250000|1054700|1.0000000000|197.250000
2026-04-09|399|BR|159.559998|160.210007|154.250000|154.789993|1672800|0.9932693636|153.748154
2026-04-09|400|SMCI|23.389999|23.950001|23.090000|23.219999|28654000|1.0000000000|23.219999
2026-04-09|401|TMUS|197.880005|200.320007|196.369995|197.539993|5869300|0.9946034600|195.346512
2026-04-09|402|DAL|67.639999|69.139999|66.209999|67.830002|11636400|0.9948974393|67.483894
2026-04-09|403|IBKR|71.760002|73.089996|71.540001|71.930000|4768800|0.9989881568|71.857216
2026-04-09|404|PODD|201.669998|203.130005|197.539993|199.419998|813800|1.0000000000|199.419998
2026-04-09|405|TEL|224.229996|229.360001|222.649994|228.630005|1923900|0.9922749574|226.863831
2026-04-09|406|BX|116.629997|117.430000|114.589996|116.900002|5905300|0.9808140125|114.657158
2026-04-09|407|LULU|157.429993|166.800003|157.309998|166.509995|1967600|1.0000000000|166.509995
2026-04-09|408|ULTA|529.940002|547.000000|528.169983|532.789978|544300|1.0000000000|532.789978
2026-04-09|409|MSCI|552.539978|557.090027|541.630005|545.880005|513300|0.9928506457|541.977295
2026-04-09|410|ECHO|122.709999|124.830002|117.500000|120.089996|5166300|1.0000000000|120.089996
2026-04-09|411|PM|159.360001|162.309998|159.169998|161.250000|3334100|0.9917776037|159.924133
2026-04-09|412|V|308.000000|309.579987|303.589996|308.290009|4811500|0.9960807290|307.081757
2026-04-09|413|AWK|136.050003|139.490005|135.600006|139.250000|2729200|0.9863367160|137.347397
2026-04-09|414|KDP|25.600000|26.549999|25.600000|26.420000|9151500|0.9929274294|26.233143
2026-04-09|415|SW|41.660000|42.430000|41.189999|42.139999|3302100|0.9797713221|41.287563
2026-04-09|416|AVGO|352.299988|358.700012|351.500000|354.910004|20514900|0.9984198371|354.349182
2026-04-09|417|VRSK|173.869995|174.580002|167.479996|169.410004|3588500|0.9972796518|168.949142
2026-04-09|418|DG|121.440002|121.930000|118.019997|119.750000|3151300|0.9949256041|119.142342
2026-04-09|419|FTNT|83.269997|83.709999|79.559998|80.660004|6656500|1.0000000000|80.660004
2026-04-09|420|CHTR|221.210007|225.410004|217.779999|223.229996|1304200|1.0000000000|223.229996
2026-04-09|421|FERG|247.729996|255.820007|247.729996|253.679993|1270500|0.9924610460|251.767502
2026-04-09|422|GNRC|201.619995|208.929993|201.100006|207.339996|437800|1.0000000000|207.339996
2026-04-09|423|LYB|75.059998|76.500000|70.839996|72.269997|9482900|0.9795355103|70.791023
2026-04-09|424|CBOE|298.670013|299.649994|293.029999|294.820007|770800|0.9979084359|294.203369
2026-04-09|425|TSLA|343.149994|348.880005|337.250000|345.619995|62164000|1.0000000000|345.619995
2026-04-09|426|KKR|92.989998|93.650002|91.589996|92.830002|5086600|0.9961485906|92.472473
2026-04-09|427|NXPI|204.039993|206.710007|202.740005|205.669998|2706400|0.9966193239|204.974701
2026-04-09|428|GM|75.589996|77.309998|75.379997|76.730003|6674900|0.9978370584|76.564041
2026-04-09|429|TRGP|244.729996|250.720001|243.009995|244.750000|1303900|0.9903678073|242.392517
2026-04-09|430|CPAY|302.980011|307.500000|297.700012|306.570007|541100|1.0000000000|306.570007
2026-04-09|431|KMI|32.869999|33.770000|32.759998|32.970001|11465900|0.9816636474|32.365452
2026-04-09|432|HCA|503.619995|512.140015|501.489990|507.190002|668300|0.9979998461|506.175537
2026-04-09|433|HII|410.010010|414.029999|402.260010|403.369995|309000|0.9956995948|399.770966
2026-04-09|434|APO|104.989998|107.820000|104.500000|106.980003|3733800|0.9916121637|106.082672
2026-04-09|435|MPC|231.250000|234.449997|218.880005|223.520004|2864800|0.9934777159|222.062149
2026-04-09|436|XYL|127.160004|129.830002|126.900002|129.399994|2303600|0.9923180477|128.405945
2026-04-09|437|APTV|60.349998|60.880001|59.259998|60.119999|2679300|1.0000000000|60.119999
2026-04-09|438|PSX|168.009995|170.000000|159.899994|161.070007|3309700|0.9875507674|159.064819
2026-04-09|439|AMCR|41.669998|42.200001|41.410000|41.759998|3853500|0.9836148215|41.075752
2026-04-09|440|META|626.969971|637.500000|623.000000|628.390015|19012900|0.9990740414|627.808167
2026-04-09|441|NOW|96.500000|97.160004|88.660004|89.809998|42131500|1.0000000000|89.809998
2026-04-09|442|PANW|174.139999|174.979996|164.300003|166.990005|10583700|1.0000000000|166.990005
2026-04-09|443|FANG|187.970001|191.139999|185.270004|186.309998|3384800|0.9890830467|184.276062
2026-04-09|444|WDAY|115.589996|117.449997|110.360001|113.059998|11055300|1.0000000000|113.059998
2026-04-09|445|ABBV|209.479996|213.509995|208.740005|212.399994|4477800|0.9847626719|209.163605
2026-04-09|446|NCLH|19.750000|20.260000|19.500000|19.959999|15809300|1.0000000000|19.959999
2026-04-09|447|ZTS|119.040001|120.250000|117.220001|119.989998|2439100|0.9887765322|118.643295
2026-04-09|448|IQV|171.149994|171.309998|165.419998|168.979996|1912600|1.0000000000|168.979996
2026-04-09|449|NWS|28.620001|28.730000|28.250000|28.400000|1029800|1.0000000000|28.400000
2026-04-09|450|NWSA|24.770000|24.889999|24.480000|24.590000|3110600|1.0000000000|24.590000
2026-04-09|451|CDW|125.449997|127.349998|125.309998|126.750000|1529900|0.9893792048|125.403809
2026-04-09|452|VEEV|165.690002|168.210007|156.229996|157.080002|4308600|1.0000000000|157.080002
2026-04-09|453|ALLE|143.389999|147.279999|142.949997|146.289993|730700|0.9958946033|145.689423
2026-04-09|454|HLT|315.950012|323.700012|315.200012|322.510010|1630200|0.9990803866|322.213440
2026-04-09|455|ARES|103.349998|105.489998|102.801003|104.800003|2625100|0.9900265958|103.754791
2026-04-09|456|ANET|145.110001|146.190002|141.110001|146.050003|7266100|1.0000000000|146.050003
2026-04-09|457|SYF|71.470001|72.599998|71.370003|72.489998|3082400|0.9916769819|71.886658
2026-04-09|458|CFG|63.459999|65.269997|63.459999|64.970001|4671000|0.9864525111|64.089821
2026-04-09|459|KEYS|318.000000|323.869995|317.000000|322.940002|1033900|1.0000000000|322.940002
2026-04-09|460|GDDY|81.160004|81.580002|78.220001|80.940002|1854300|1.0000000000|80.940002
2026-04-09|461|KHC|22.790001|23.360001|22.708000|23.270000|11396900|0.9821984863|22.855759
2026-04-09|462|PYPL|45.810001|46.080002|44.904999|45.980000|12716600|0.9967143863|45.828930
2026-04-09|463|LITE|912.000000|960.000000|871.729980|894.130005|7034600|1.0000000000|894.130005
2026-04-09|464|HPE|24.950001|25.110001|24.504999|24.830000|13260000|0.9970828234|24.757566
2026-04-09|465|XYZ|62.669998|62.930000|59.650002|62.689999|5932400|1.0000000000|62.689999
2026-04-09|466|FTV|59.099998|60.645000|58.930000|60.230000|2877500|0.9990168769|60.170788
2026-04-09|467|DELL|186.970001|187.800003|179.690002|181.460007|4500900|0.9952707496|180.601837
2026-04-09|468|TTD|20.209999|20.690001|19.740000|20.610001|19660000|1.0000000000|20.610001
2026-04-09|469|VST|155.889999|162.529999|152.679993|152.750000|4103200|0.9986015267|152.536392
2026-04-09|470|HWM|249.259995|257.369995|249.259995|254.059998|1890000|0.9990766853|253.825424
2026-04-09|471|INVH|25.709999|26.129999|25.670000|26.000000|6978200|0.9898785423|25.736841
2026-04-09|472|CVNA|331.074982|332.060013|316.320000|326.930008|2043500|0.2000000000|65.386002
2026-04-09|473|IR|83.980003|87.620003|83.980003|87.029999|2984000|0.9994839545|86.985085
2026-04-09|474|VICI|27.629999|28.290001|27.610001|28.059999|8345500|0.9834741092|27.596283
2026-04-09|475|VRT|280.989990|291.000000|280.970001|287.640015|5166400|0.9997919900|287.580170
2026-04-09|476|MRNA|51.630001|52.000000|50.580002|51.279999|4436100|1.0000000000|51.279999
2026-04-09|477|FOXA|60.189999|63.020000|59.830002|62.759998|7644300|1.0000000000|62.759998
2026-04-09|478|FOX|54.430000|56.330002|53.915001|55.970001|2422500|1.0000000000|55.970001
2026-04-09|479|DOW|39.599998|40.599998|37.900002|38.040001|18500500|0.9899338512|37.657085
2026-04-09|480|UBER|72.150002|72.349998|70.014999|71.809998|16500000|1.0000000000|71.809998
2026-04-09|481|CTVA|84.040001|85.070000|82.779999|83.559998|3485800|0.9977005620|83.367859
2026-04-09|482|CRWD|425.980011|427.019989|390.809998|394.679993|5420500|0.2500000000|98.669998
2026-04-09|483|DDOG|118.680000|119.449997|108.510002|108.980003|6315200|1.0000000000|108.980003
2026-04-09|484|CARR|58.090000|61.759998|58.090000|61.459999|6070400|0.9928803129|61.022427
2026-04-09|485|OTIS|79.279999|81.330002|79.190002|81.250000|2851300|0.9879889159|80.274101
2026-04-09|486|PLTR|139.395004|139.539993|128.470001|130.490005|92361400|1.0000000000|130.490005
2026-04-09|487|DASH|159.505005|161.589996|154.360001|154.550003|3849900|1.0000000000|154.550003
2026-04-09|488|ABNB|130.449997|130.960007|126.800003|129.160004|3653700|1.0000000000|129.160004
2026-04-09|489|EXE|99.330002|100.829002|98.190002|99.500000|3132300|0.9880522369|98.311195
2026-04-09|490|COIN|175.830002|177.139999|166.399994|169.020004|10754900|1.0000000000|169.020004
2026-04-09|491|APP|394.140015|397.989990|369.190002|379.140015|6540500|1.0000000000|379.140015
2026-04-09|492|HOOD|71.589996|72.459999|68.779999|70.120003|25973800|1.0000000000|70.120003
2026-04-09|493|CEG|284.570007|293.595001|280.029999|280.250000|3002400|0.9969162535|279.385773
2026-04-09|494|GEHC|72.735001|73.209999|71.275002|72.910004|3580400|0.9994353928|72.868835
2026-04-09|495|KVUE|17.230000|17.559999|17.170000|17.430000|31031500|0.9772015009|17.032623
2026-04-09|496|VLTO|89.889999|90.309998|88.870003|89.620003|1926400|0.9985280797|89.488091
2026-04-09|497|RDDT|144.539993|145.169998|135.000000|138.380005|5076500|1.0000000000|138.380005
2026-04-09|498|SOLV|64.610001|67.150002|63.939999|66.180000|1782400|1.0000000000|66.180000
2026-04-09|499|GEV|943.559998|979.429993|940.760010|968.020020|2061300|0.9994893113|967.525635
2026-04-09|500|SNDK|817.080017|855.000000|805.000000|851.570007|17233600|1.0000000000|851.570007
2026-04-09|501|Q|128.744995|132.490005|128.744995|129.880005|1578400|0.9994967288|129.814636
