date|security_id|ticker|open|high|low|close|volume|adj_factor|adj_close_vendor
2026-04-14|1|AEP|134.520004|135.490005|132.750000|135.460007|3162400|0.9852885257|133.467178
2026-04-14|2|BA|221.690002|225.100006|221.320007|223.770004|4820900|1.0000000000|223.770004
2026-04-14|3|CAT|796.000000|798.000000|782.039978|794.250000|1866300|0.9962516275|791.272888
2026-04-14|4|CNP|42.619999|42.919998|42.369999|42.900002|3935000|0.9886466776|42.412945
2026-04-14|5|CVX|188.600006|189.169998|184.600006|187.020004|12111000|0.9823507513|183.719238
2026-04-14|6|DIS|101.339996|103.099998|100.900002|102.589996|9997400|0.9923958226|101.809883
2026-04-14|7|DTE|147.250000|148.350006|145.759995|147.740005|916300|0.9921049063|146.573578
2026-04-14|8|ED|111.410004|111.930000|110.480003|111.660004|1815000|0.9836258984|109.831680
2026-04-14|9|GD|340.649994|340.649994|337.649994|339.880005|1154100|0.9956181446|338.390717
2026-04-14|10|GE|315.010010|319.140015|313.019989|318.000000|3530100|0.9987550328|317.604095
2026-04-14|11|HON|233.240000|234.480004|231.659995|233.240000|3155300|1.0399150842|242.549789
2026-04-14|12|HPQ|18.770000|19.110001|18.520000|18.990000|16728300|0.9879711310|18.761572
2026-04-14|13|IBM|238.750000|241.539993|238.119995|240.270004|3777300|0.9856234381|236.815750
2026-04-14|14|IP|36.820000|37.049999|36.349998|36.540001|4636200|0.9742073595|35.597538
2026-04-14|15|JNJ|235.009995|242.190002|233.250000|240.100006|10318700|0.9894021702|237.555466
2026-04-14|16|KO|75.970001|76.620003|75.800003|75.900002|12397600|0.9935850886|75.413109
2026-04-14|17|KR|66.769997|67.559998|65.800003|67.190002|5335200|0.9879807975|66.382431
2026-04-14|18|LMT|617.000000|617.000000|609.059998|611.580017|905700|0.9934960884|607.602356
2026-04-14|19|MMM|153.160004|154.160004|152.380005|152.550003|2232900|0.9905187908|151.103638
2026-04-14|20|MO|66.199997|66.339996|64.900002|65.620003|8943300|0.9852654995|64.653122
2026-04-14|21|MRK|119.029999|120.360001|118.150002|119.959999|12449400|0.9928601430|119.103500
2026-04-14|22|MSI|438.089996|442.910004|435.649994|440.079987|749900|0.9970118292|438.764954
2026-04-14|23|PG|143.240005|144.720001|142.770004|144.380005|6621600|0.9851719538|142.239136
2026-04-14|24|XOM|150.070007|150.110001|146.720001|149.240005|18528200|0.9868681737|147.280212
2026-04-14|25|RTX|201.350006|204.320007|200.910004|202.809998|3303100|0.9925545778|201.299988
2026-04-14|26|MCD|303.019989|303.579987|301.529999|303.220001|3150100|0.9932635540|301.177368
2026-04-14|27|AXP|325.000000|328.910004|323.750000|326.959991|2288700|0.9972701149|326.067413
2026-04-14|28|BMY|57.900002|58.619999|57.560001|58.080002|7612900|0.9888377035|57.431698
2026-04-14|29|DD|47.360001|47.360001|46.210002|46.679998|2606001|2.9881422927|139.486481
2026-04-14|30|DE|599.460022|602.440002|593.679993|596.039978|868100|0.9974147424|594.499084
2026-04-14|31|EMR|145.429993|145.869995|143.240005|144.559998|1986100|0.9926085470|143.491486
2026-04-14|32|ETN|402.760010|407.829987|397.489990|401.899994|1825900|0.9947965913|399.808746
2026-04-14|33|ETR|115.339996|115.919998|114.080002|115.570000|2056400|0.9886701734|114.260605
2026-04-14|34|F|12.510000|12.750000|12.450000|12.710000|50232200|0.9769709546|12.417301
2026-04-14|35|HAL|38.290001|38.400002|37.310001|37.509998|9596600|0.9957637679|37.351097
2026-04-14|36|LLY|925.000000|939.929993|915.039978|922.500000|2360200|0.9968530383|919.596985
2026-04-14|37|PCG|17.690001|17.830000|17.500000|17.559999|26618500|0.9970997679|17.509071
2026-04-14|38|PEP|154.509995|156.630005|154.289993|155.720001|5655800|0.9895884624|154.098709
2026-04-14|39|PFE|27.200001|27.309999|27.080000|27.110001|24558900|0.9668473999|26.211233
2026-04-14|40|TXN|217.190002|219.490005|214.350006|218.869995|5495200|0.9898764050|216.654236
2026-04-14|41|WFC|83.019997|83.160004|80.320000|81.699997|32845600|0.9886393471|80.771835
2026-04-14|42|HUBB|543.380005|548.969971|532.789978|545.619995|462297|0.9970037769|543.985229
2026-04-14|43|WMT|123.150002|125.199997|122.550003|125.050003|15320800|0.9957114974|124.513718
2026-04-14|44|AIG|77.220001|78.150002|76.769997|77.019997|3583600|0.9933984683|76.511551
2026-04-14|45|AVY|171.690002|172.070007|170.110001|170.850006|403400|0.9936321953|169.762070
2026-04-14|46|BAC|53.099998|53.570000|52.799999|53.349998|40178500|0.9948310871|53.074238
2026-04-14|47|BALL|63.439999|63.770000|62.740002|63.509998|1887500|0.9963416864|63.277660
2026-04-14|48|BDX|155.020004|156.179993|154.399994|155.729996|2889700|0.9929995336|154.639816
2026-04-14|49|CLX|103.209999|105.010002|103.010002|104.440002|1503300|0.9761478543|101.948891
2026-04-14|50|CMI|620.000000|620.479980|612.530029|615.559998|503100|0.9931721942|611.357056
2026-04-14|51|CMS|78.269997|78.879997|77.470001|78.820000|2922400|0.9843492113|77.586403
2026-04-14|52|CVS|77.900002|78.980003|77.559998|77.620003|6105000|0.9851999130|76.471222
2026-04-14|53|ECL|276.940002|276.940002|272.070007|273.130005|1166500|0.9972820015|272.387634
2026-04-14|54|ES|68.629997|69.150002|68.029999|69.010002|1497700|0.9882685720|68.200417
2026-04-14|55|EVRG|82.139999|82.400002|81.290001|81.919998|1795400|0.9834796618|80.566658
2026-04-14|56|GWW|1158.390015|1167.020020|1149.500000|1155.420044|188100|0.9960365882|1150.840576
2026-04-14|57|LNT|72.510002|72.519997|71.650002|72.300003|1501200|0.9850786184|71.221191
2026-04-14|58|MKC|53.570000|54.700001|53.180000|53.840000|4575200|0.9822640876|52.885101
2026-04-14|59|MRSH|172.490005|173.839996|171.759995|172.850006|1997700|0.9943746806|171.877670
2026-04-14|60|NEE|91.690002|91.870003|90.580002|91.309998|9370600|0.9927287582|89.969505
2026-04-14|61|NI|47.110001|47.369999|46.700001|47.220001|4517400|0.9871584841|46.613628
2026-04-14|62|PNW|102.220001|103.220001|101.379997|102.690002|1150500|0.9822795276|100.870293
2026-04-14|63|RVTY|92.500000|94.709999|92.500000|93.510002|600600|0.9985919505|93.378334
2026-04-14|64|SNA|381.399994|382.290009|377.040009|377.869995|316600|0.9870969475|372.994324
2026-04-14|65|SPGI|431.090005|435.290006|424.440014|425.239990|2455300|0.9417621693|400.474915
2026-04-14|66|TER|366.570007|370.000000|362.500000|365.510010|2639900|0.9996224662|365.372009
2026-04-14|67|TGT|117.800003|119.620003|116.830002|119.529999|5189100|0.9830946401|117.509300
2026-04-14|68|TXT|92.940002|93.330002|92.000000|92.650002|849400|0.9997866667|92.630234
2026-04-14|69|VMC|297.579987|299.489990|296.480011|296.859985|591300|0.9961649269|295.721497
2026-04-14|70|XEL|80.000000|80.160004|78.769997|79.830002|5826400|0.9925145167|79.232437
2026-04-14|71|ITW|273.320007|274.549988|271.549988|272.250000|1024800|0.9939806334|270.611237
2026-04-14|72|CL|83.339996|84.610001|83.279999|84.160004|7860300|0.9881586198|83.163437
2026-04-14|73|EXC|47.959999|48.660000|47.730000|48.660000|8853400|0.9906832302|48.206646
2026-04-14|74|MDT|88.000000|88.669998|87.430000|88.120003|5640200|0.9910581218|87.332047
2026-04-14|75|BNY|129.559998|130.589996|128.479996|130.509995|3802700|0.9920974180|129.478622
2026-04-14|76|EIX|72.059998|72.639999|71.230003|72.370003|2314900|0.9882683051|71.520981
2026-04-14|77|FRT|108.589996|110.699997|108.589996|110.209999|836300|0.9908457552|109.201111
2026-04-14|78|PNR|91.220001|91.489998|90.150002|90.809998|1403000|0.9926207111|90.139885
2026-04-14|79|USB|56.160000|56.340000|54.380001|56.090000|15677000|0.9915143601|55.614040
2026-04-14|80|WY|24.879999|24.980000|24.690001|24.780001|2739200|0.9914979760|24.569321
2026-04-14|81|SYY|73.540001|74.370003|73.480003|74.040001|6018500|0.9934155392|73.552490
2026-04-14|82|WRB|66.419998|66.779999|65.690002|65.989998|2864700|0.9910634494|65.400276
2026-04-14|83|IFF|71.500000|72.680000|71.070000|72.589996|1192300|0.9947403026|72.208199
2026-04-14|84|TAP|44.459999|44.689999|43.590000|43.660000|3728300|0.9881685974|42.646351
2026-04-14|85|PNC|220.649994|221.970001|218.550003|221.199997|2725300|0.9920904849|219.450409
2026-04-14|86|TRV|299.480011|301.630005|298.269989|299.589996|1185900|0.9958368027|298.342743
2026-04-14|87|C|128.070007|130.990005|126.849998|129.580002|17034700|0.9902572054|128.317520
2026-04-14|88|FDX|362.950007|371.669994|362.139994|370.139990|2181400|0.8027880446|297.143951
2026-04-14|89|WDC|358.750000|366.299988|341.500000|366.220001|7301100|0.9997393571|366.124542
2026-04-14|90|DHR|195.619995|200.399994|195.089996|198.610001|3336400|0.9979297139|198.198822
2026-04-14|91|APA|38.820000|38.820000|36.799999|37.029999|7793100|0.9864084367|36.526699
2026-04-14|92|LUV|40.250000|42.029999|40.099998|41.259998|9146700|0.9956521741|41.080608
2026-04-14|93|PEG|81.230003|82.320000|80.639999|82.050003|2240100|0.9913815279|81.342857
2026-04-14|94|UNP|251.100006|252.729996|249.059998|252.039993|2264700|0.9948314607|250.737305
2026-04-14|95|ABT|100.400002|102.180000|100.400002|101.050003|11689900|0.9867277802|99.708855
2026-04-14|96|ADI|352.429993|352.670013|347.049988|348.600006|2320400|0.9972683702|347.647766
2026-04-14|97|ADM|69.650002|69.900002|68.580002|68.839996|2831500|0.9871845133|67.957779
2026-04-14|98|ADP|195.690002|197.690002|194.139999|195.080002|2409100|0.9924702132|193.611084
2026-04-14|99|AFL|111.419998|112.379997|110.010002|111.940002|1666900|0.9898631333|110.805283
2026-04-14|100|AMAT|400.000000|401.049988|391.010010|395.640015|5353200|0.9976914901|394.726685
2026-04-14|101|AMD|249.789993|255.460007|245.699997|255.070007|25733200|1.0000000000|255.070007
2026-04-14|102|APD|297.500000|297.500000|292.529999|296.630005|972800|0.9938263181|294.798706
2026-04-14|103|BF-B|29.290001|29.559999|28.990000|29.209999|4010100|0.9913580245|28.957567
2026-04-14|104|CHD|94.389999|95.889999|94.389999|95.529999|2559100|0.9937159244|94.929680
2026-04-14|105|CINF|163.240005|164.089996|162.220001|163.350006|649600|0.9945494610|162.459656
2026-04-14|106|CMCSA|27.830000|28.379999|27.799999|28.139999|17564400|0.9865580444|27.761742
2026-04-14|107|D|62.790001|63.869999|62.180000|63.709999|5177800|0.9900860786|63.078384
2026-04-14|108|DOV|219.250000|220.300003|216.919998|218.479996|788100|0.9975530563|217.945389
2026-04-14|109|DUK|129.850006|130.100006|128.380005|129.779999|2506200|0.9827918175|127.546722
2026-04-14|110|EFX|186.820007|189.979996|185.639999|186.429993|1035100|0.9965665237|185.789886
2026-04-14|111|EQT|57.470001|57.860001|56.500000|56.709999|5626000|0.9940720641|56.373825
2026-04-14|112|FITB|49.799999|50.029999|49.200001|49.770000|6008400|0.9929552658|49.419384
2026-04-14|113|GIS|34.459999|34.910000|34.240002|34.700001|7920100|0.9829846576|34.109570
2026-04-14|114|GPC|109.489998|110.589996|108.730003|109.900002|1611600|0.9892223458|108.715538
2026-04-14|115|HAS|92.349998|93.930000|92.120003|92.750000|1493100|0.9844894224|91.311394
2026-04-14|116|HBAN|16.549999|16.730000|16.430000|16.590000|27886300|0.9910508082|16.441532
2026-04-14|117|HRL|20.360001|20.940001|20.320000|20.760000|5432000|0.9881520418|20.514036
2026-04-14|118|HST|20.200001|20.940001|20.139999|20.910000|13560300|0.9630818621|20.138041
2026-04-14|119|HSY|196.119995|200.389999|193.929993|197.679993|2588300|0.9846288447|194.641418
2026-04-14|120|INTC|65.160004|65.180000|62.090000|63.810001|112796100|1.0000000000|63.810001
2026-04-14|121|J|125.879997|126.419998|125.220001|125.410004|631000|0.9944174758|124.709900
2026-04-14|122|JPM|309.820007|314.320007|308.869995|311.119995|11455500|0.9955152929|309.724701
2026-04-14|123|KMB|95.910004|97.739998|95.610001|97.160004|3578300|0.9864507253|95.843559
2026-04-14|124|L|109.529999|110.660004|108.949997|110.279999|676000|0.9988625697|110.154564
2026-04-14|125|LEN|89.800003|90.919998|88.699997|88.830002|2803000|0.9888298730|87.837761
2026-04-14|126|LOW|246.880005|248.679993|244.559998|248.440002|1959500|0.9891098782|245.734467
2026-04-14|127|MAS|64.260002|65.449997|63.779999|64.910004|2963900|0.9908891403|64.318619
2026-04-14|128|MTB|220.279999|221.639999|218.679993|220.509995|1098200|0.9930590903|218.979462
2026-04-14|129|NEM|118.400002|120.220001|117.449997|119.300003|6972700|0.9976704596|119.022087
2026-04-14|130|NTRS|154.479996|155.899994|153.570007|155.820007|924100|0.9953773257|155.099701
2026-04-14|131|NUE|190.550003|191.619995|188.759995|190.039993|982800|0.9975500919|189.574402
2026-04-14|132|OMC|76.230003|77.510002|75.860001|76.480003|3267800|0.9894221866|75.671013
2026-04-14|133|PCAR|127.010002|127.089996|123.610001|125.430000|3169600|0.9942707430|124.711388
2026-04-14|134|PGR|198.139999|199.580002|196.570007|196.589996|3276400|0.9995561474|196.502731
2026-04-14|135|PH|995.000000|997.419983|983.010010|985.000000|530000|0.9977448271|982.778625
2026-04-14|136|PHM|122.000000|123.480003|121.250000|122.680000|1535500|0.9978834255|122.420341
2026-04-14|137|PPG|110.580002|110.739998|109.370003|110.540001|1521700|0.9873814378|109.145149
2026-04-14|138|PPL|39.490002|39.750000|39.090000|39.610001|5589900|0.9920279720|39.294231
2026-04-14|139|RF|27.799999|27.889999|27.320000|27.750000|10482200|0.9905357143|27.487366
2026-04-14|140|ROL|54.660000|55.540001|54.660000|54.799999|2706500|0.9917679269|54.348881
2026-04-14|141|SHW|334.980011|336.279999|333.279999|333.600006|1176500|0.9951137391|331.969971
2026-04-14|142|STT|142.000000|142.759995|140.350006|141.779999|2327300|0.9950471700|141.077789
2026-04-14|143|SWK|72.570000|72.949997|71.839996|72.190002|1669700|0.9894240575|71.426521
2026-04-14|144|SYK|347.839996|352.799988|345.510010|345.880005|2304800|0.9973375287|344.959106
2026-04-14|145|TMO|516.340027|530.000000|514.000000|527.219971|2572100|0.9989985938|526.692017
2026-04-14|146|TPL|412.790009|420.799988|408.519989|412.200012|499300|0.9984732824|411.570709
2026-04-14|147|TSN|64.099998|65.449997|64.000000|64.959999|1739700|0.9916420846|64.417068
2026-04-14|148|TT|475.079987|475.250000|466.399994|470.570007|1342900|0.9977358979|469.504608
2026-04-14|149|TYL|325.660004|329.820007|319.450012|322.309998|581700|1.0000000000|322.309998
2026-04-14|150|UDR|34.750000|35.220001|34.610001|35.119999|3104700|0.9803230978|34.428947
2026-04-14|151|VTRS|13.870000|14.000000|13.710000|13.910000|6443900|0.9853197013|13.705797
2026-04-14|152|WEC|116.040001|116.690002|115.000000|116.500000|1294300|0.9829379991|114.512276
2026-04-14|153|WST|261.179993|268.089996|260.790009|267.929993|783100|0.9985945833|267.553436
2026-04-14|154|NDSN|278.489990|281.369995|276.799988|279.010010|315500|0.9971745572|278.221680
2026-04-14|155|TFC|49.759998|49.840000|49.169998|49.529999|6856700|0.9798350561|48.531231
2026-04-14|156|WELL|206.039993|211.039993|204.789993|210.990005|1926700|0.9928496012|209.481354
2026-04-14|157|AON|321.750000|324.429993|320.950012|323.019989|1270500|0.9951005240|321.437378
2026-04-14|158|GL|147.240005|149.610001|146.529999|148.199997|453500|0.9981716439|147.929031
2026-04-14|159|OKE|84.540001|84.980003|82.809998|84.839996|3962000|0.9765151605|82.847542
2026-04-14|160|KLAC|1788.750000|1798.000031|1765.399933|1795.910034|871300|0.0997597720|179.159576
2026-04-14|161|CSX|42.340000|42.610001|41.889999|42.509998|9372300|0.9969438988|42.380085
2026-04-14|162|PSA|295.709991|304.950012|295.709991|304.000000|1553300|0.9907958521|301.201935
2026-04-14|163|NKE|42.990002|44.209999|42.950001|44.200001|22554100|0.9911312999|43.808006
2026-04-14|164|AAPL|259.250000|261.929993|257.190002|258.829987|48370700|0.9982185855|258.368896
2026-04-14|165|BRO|66.650002|67.739998|66.339996|66.540001|1978600|0.9947741799|66.192276
2026-04-14|166|UHS|182.279999|184.009995|180.649994|181.949997|499100|0.9986223049|181.699326
2026-04-14|167|HD|341.000000|342.760010|338.339996|342.709991|2882500|0.9925551970|340.158569
2026-04-14|168|BAX|17.740000|18.049999|17.570000|17.590000|5761000|0.9994805195|17.574081
2026-04-14|169|COP|121.639999|122.279999|117.949997|118.790001|9849200|0.9860463925|117.132446
2026-04-14|170|GLW|173.649994|174.710007|165.820007|172.820007|9214100|0.9984696945|172.555542
2026-04-14|171|HUM|198.509995|201.789993|195.550003|196.210007|1123400|0.9976462766|195.748184
2026-04-14|172|LHX|358.329987|359.649994|352.070007|355.559998|947900|0.9959648783|354.125275
2026-04-14|173|NOC|678.460022|681.679993|674.549988|680.130005|535100|0.9956180811|677.149719
2026-04-14|174|OXY|56.919998|57.000000|55.099998|55.380001|16461800|0.9954022988|55.125378
2026-04-14|175|ROK|411.440002|412.279999|404.399994|405.269989|615300|0.9938632005|402.782928
2026-04-14|176|SLB|51.299999|52.000000|50.910000|51.490002|11104100|0.9947843000|51.221443
2026-04-14|177|SO|95.980003|96.110001|94.720001|95.959999|5339400|0.9836658196|94.392570
2026-04-14|178|WMB|71.209999|71.720001|69.900002|71.440002|4847900|0.9926696456|70.916321
2026-04-14|179|VLO|242.600006|242.600006|234.789993|235.580002|2830100|0.9914397807|233.563385
2026-04-14|180|CI|273.859985|276.299988|271.510010|272.600006|939500|0.9942378017|271.029236
2026-04-14|181|NSC|296.420013|300.119995|294.750000|299.700012|1055900|0.9917671837|297.232605
2026-04-14|182|COO|71.870003|72.629997|71.250000|71.610001|1671000|1.0000000000|71.610001
2026-04-14|183|AMGN|346.179993|351.720001|345.410004|350.950012|2106800|0.9867386103|346.295898
2026-04-14|184|RJF|150.899994|154.960007|150.500000|153.229996|1354900|0.9964480694|152.685730
2026-04-14|185|WSM|194.059998|196.199997|193.419998|193.839996|893200|0.9927167515|192.428207
2026-04-14|186|CAH|213.020004|216.460007|212.699997|214.949997|1407200|0.9978279171|214.483109
2026-04-14|187|CTAS|175.679993|176.639999|174.809998|176.139999|2061800|0.9947044338|175.207230
2026-04-14|188|PAYX|89.320000|90.199997|88.620003|88.849998|2883600|0.9771272923|86.817757
2026-04-14|189|BEN|25.850000|26.559999|25.670000|26.430000|4744800|0.9900632337|26.167372
2026-04-14|190|AOS|67.059998|67.279999|66.500000|66.930000|1059000|0.9883617008|66.151047
2026-04-14|191|CASY|733.530029|743.729980|730.250000|742.450012|373800|0.9985579358|741.379333
2026-04-14|192|T|25.200001|25.709999|24.940001|25.620001|42173900|0.9867870728|25.281487
2026-04-14|193|VZ|44.770000|45.480000|44.270000|45.480000|31187400|0.9832386370|44.717693
2026-04-14|194|JBHT|227.320007|230.190002|225.479996|229.610001|723700|0.9964612666|228.797455
2026-04-14|195|ATO|187.039993|188.330002|185.279999|188.160004|497400|0.9884163190|185.980408
2026-04-14|196|LRCX|271.859985|273.500000|264.899994|272.410004|8500600|0.9992960416|272.218231
2026-04-14|197|MU|434.350006|465.779999|424.859985|465.660004|52534900|0.9998462422|465.588409
2026-04-14|198|AJG|221.229996|223.389999|219.600006|219.910004|1178300|0.9966824645|219.180450
2026-04-14|199|AME|234.330002|236.000000|231.860001|234.360001|1003800|0.9985029940|234.009155
2026-04-14|200|SWKS|56.500000|57.500000|56.049999|57.279999|2432000|0.9913855858|56.786564
2026-04-14|201|EXPD|143.520004|145.110001|142.419998|144.910004|925900|0.9948730934|144.167068
2026-04-14|202|UNH|312.510010|319.619995|312.510010|314.190002|5864500|0.9943209633|312.405701
2026-04-14|203|BBY|60.910000|62.410000|60.869999|62.060001|3001000|0.9868673048|61.244987
2026-04-14|204|DOC|16.500000|16.930000|16.450001|16.870001|6382600|0.9746865370|16.442965
2026-04-14|205|ADSK|227.889999|230.679993|225.080002|228.589996|1813700|1.0000000000|228.589996
2026-04-14|206|DVN|46.630001|46.849998|44.919998|45.250000|12501400|0.9929375416|44.930424
2026-04-14|207|NVR|6750.020020|6866.680176|6750.020020|6843.709961|20700|1.0000000000|6843.709961
2026-04-14|208|ROST|220.350006|223.600006|219.080002|223.289993|1790900|0.9980432679|222.853073
2026-04-14|209|JKHY|151.589996|153.240005|151.110001|151.419998|933400|0.9955252350|150.742432
2026-04-14|210|MNST|74.769997|76.419998|74.559998|75.070000|5681800|0.5000000000|75.070000
2026-04-14|211|ORCL|167.929993|169.399994|161.559998|163.000000|59779800|0.9965330745|162.434891
2026-04-14|212|MSFT|387.920013|394.690002|386.519989|393.109985|37504500|0.9959638868|391.523346
2026-04-14|213|TROW|94.910004|96.339996|94.559998|95.839996|1851800|0.9881430134|94.703621
2026-04-14|214|COST|973.679993|977.609985|966.000000|974.799988|2136500|0.9969659831|971.842468
2026-04-14|215|ADBE|241.990005|244.009995|233.000000|235.720001|6307500|1.0000000000|235.720001
2026-04-14|216|FISV|58.970001|59.619999|58.529999|59.020000|4446000|1.0000000000|59.020000
2026-04-14|217|BKR|61.950001|62.209999|61.000000|61.490002|7766700|0.9930140272|61.060436
2026-04-14|218|CDNS|293.309998|297.179993|290.279999|292.369995|2182500|1.0000000000|292.369995
2026-04-14|219|TJX|158.490005|160.369995|157.899994|160.279999|4537600|0.9936003560|159.254257
2026-04-14|220|FICO|1010.000000|1051.660034|1000.210022|1007.280029|419500|1.0000000000|1007.280029
2026-04-14|221|CCL|28.250000|28.930000|28.040001|28.690001|20048700|0.9887339129|28.366776
2026-04-14|222|FAST|45.430000|45.700001|44.119999|44.619999|11386300|0.9892709750|44.141270
2026-04-14|223|SCHW|97.279999|99.059998|96.889999|98.379997|12167600|0.9935274715|97.743225
2026-04-14|224|JCI|141.520004|143.139999|139.410004|142.050003|3440000|0.9972406182|141.658035
2026-04-14|225|COHR|317.079987|320.000000|299.000000|313.420013|4500100|1.0000000000|313.420013
2026-04-14|226|KEY|21.719999|21.780001|21.420000|21.629999|14331300|0.9901913874|21.417839
2026-04-14|227|MOS|24.510000|24.590000|23.910000|23.940001|10716500|0.9899359564|23.699066
2026-04-14|228|MGM|35.750000|37.160000|35.750000|36.730000|4971900|1.0000000000|36.730000
2026-04-14|229|WM|230.720001|231.740005|225.500000|227.089996|2446100|0.9956851284|226.110123
2026-04-14|230|TECH|58.029999|60.439999|57.639999|58.660000|2543700|0.9970482740|58.486855
2026-04-14|231|IEX|204.610001|206.460007|203.210007|204.899994|719200|0.9931996195|203.506592
2026-04-14|232|GEN|19.000000|19.250000|18.879999|18.910000|5529000|0.9903038605|18.726646
2026-04-14|233|CRH|117.779999|118.599998|117.379997|117.410004|4881600|0.9923991275|116.517586
2026-04-14|234|EOG|134.880005|135.059998|132.720001|133.589996|2897800|0.9849854996|131.584198
2026-04-14|235|PTC|134.559998|136.539993|132.419998|133.649994|1342400|1.0000000000|133.649994
2026-04-14|236|CSCO|82.029999|82.650002|81.360001|82.610001|17856800|0.9962729613|82.302109
2026-04-14|237|LH|263.130005|269.450012|262.730011|268.869995|572100|0.9972597526|267.559570
2026-04-14|238|TRMB|66.940002|67.919998|65.709999|66.510002|1563200|1.0000000000|66.510002
2026-04-14|239|AZO|3489.719971|3524.989990|3480.570068|3508.500000|189700|1.0000000000|3508.500000
2026-04-14|240|REGN|744.969971|757.679993|743.710022|755.510010|637800|0.9973440317|753.503357
2026-04-14|241|IDXX|573.150024|585.739990|571.070007|584.049988|455100|1.0000000000|584.049988
2026-04-14|242|AES|14.380000|14.440000|14.360000|14.400000|7555900|0.9761125722|14.056021
2026-04-14|243|VRTX|435.279999|444.790009|435.279999|444.279999|1445500|1.0000000000|444.279999
2026-04-14|244|ZBRA|228.970001|231.210007|226.050003|226.699997|894500|1.0000000000|226.699997
2026-04-14|245|BIIB|177.710007|181.770004|177.449997|178.960007|1550600|1.0000000000|178.960007
2026-04-14|246|ODFL|207.500000|210.789993|205.610001|210.410004|1195700|0.9987340667|210.143631
2026-04-14|247|APH|147.860001|149.210007|145.720001|148.720001|8364400|0.9984936130|148.495972
2026-04-14|248|KIM|23.129999|23.670000|23.059999|23.600000|4837300|0.9891711788|23.344440
2026-04-14|249|QCOM|132.199997|132.940002|131.050003|132.839996|7608300|0.9963201471|132.351166
2026-04-14|250|GILD|138.259995|141.399994|137.600006|140.449997|6473800|0.9934708175|139.532974
2026-04-14|251|ROP|356.059998|360.579987|353.440002|354.000000|999400|0.9974983506|353.114410
2026-04-14|252|SNPS|424.829987|430.140015|418.200012|418.799988|1255700|1.0000000000|418.799988
2026-04-14|253|STZ|163.750000|167.000000|162.899994|164.500000|1800700|0.9856055004|162.132095
2026-04-14|254|BSX|63.500000|64.480003|63.139999|63.820000|12354700|1.0000000000|63.820000
2026-04-14|255|STE|223.850006|226.110001|223.479996|224.830002|640000|0.9970332000|224.162964
2026-04-14|256|DHI|145.000000|146.839996|144.199997|145.250000|1742800|0.9940209933|144.381546
2026-04-14|257|LIN|502.500000|503.380005|494.660004|499.649994|1956500|0.9968477255|498.074982
2026-04-14|258|SBUX|97.879997|99.000000|97.559998|98.470001|4995500|0.9884945611|97.337059
2026-04-14|259|MS|182.869995|184.589996|181.750000|183.339996|8803600|0.9892093304|181.361633
2026-04-14|260|INTU|373.630005|378.470001|364.329987|366.799988|2483200|0.9955898568|365.182343
2026-04-14|261|MCHP|74.199997|74.889999|73.019997|74.500000|7446400|0.9890553567|73.684624
2026-04-14|262|CB|327.500000|328.429993|324.500000|325.739990|1334400|0.9968895800|324.726807
2026-04-14|263|ORLY|93.279999|94.260002|93.099998|93.519997|3902500|1.0000000000|93.519997
2026-04-14|264|RCL|284.549988|285.799988|280.329987|281.529999|1868400|0.9948418155|280.077820
2026-04-14|265|JBL|307.869995|310.700012|303.049988|305.970001|958600|0.9995582709|305.834839
2026-04-14|266|ALL|213.809998|215.929993|213.000000|214.880005|1563500|0.9947595710|213.753937
2026-04-14|267|CPT|101.180000|102.129997|100.040001|101.779999|1053900|0.9909199930|100.855835
2026-04-14|268|VMRK|60.709999|61.560001|60.599998|61.360001|2594800|0.9897192157|60.729172
2026-04-14|269|IT|156.270004|157.350006|148.330002|149.100006|1322500|1.0000000000|149.100006
2026-04-14|270|DECK|108.669998|110.339996|107.470001|107.809998|1389800|1.0000000000|107.809998
2026-04-14|271|REG|78.150002|79.669998|78.070000|79.570000|1246600|0.9906432027|78.825478
2026-04-14|272|INCY|95.760002|97.900002|95.760002|97.690002|1519900|1.0000000000|97.690002
2026-04-14|273|SPG|200.479996|203.050003|199.940002|202.960007|2263800|0.9891482587|200.757538
2026-04-14|274|MAA|125.529999|127.059998|125.019997|126.339996|821400|0.9765831817|123.381516
2026-04-14|275|MLM|636.369995|638.250000|630.609985|630.799988|276100|0.9985730005|629.899841
2026-04-14|276|TSCO|45.259998|46.000000|44.980000|45.020000|5132900|0.9851405019|44.351021
2026-04-14|277|ALB|190.000000|190.979996|184.740005|189.860001|1810000|0.9974537910|189.376587
2026-04-14|278|CPRT|33.189999|33.549999|33.090000|33.290001|6982400|1.0000000000|33.290001
2026-04-14|279|FLEX|79.070000|80.330002|77.589996|80.139999|3714200|1.0000000000|80.139999
2026-04-14|280|ESS|250.380005|251.720001|248.160004|251.419998|494600|0.9912479300|249.219559
2026-04-14|281|O|63.400002|63.860001|62.950001|63.810001|4391000|0.9829305716|62.720798
2026-04-14|282|MCO|440.649994|443.910004|436.220001|438.059998|890200|0.9955156672|436.095612
2026-04-14|283|SJM|89.529999|92.750000|89.309998|92.209999|2392500|0.9798392929|90.350983
2026-04-14|284|MCK|862.849976|875.530029|857.859985|862.789978|614400|0.9988955336|861.837036
2026-04-14|285|COF|198.000000|200.759995|197.679993|199.839996|3484800|0.9922218930|198.285614
2026-04-14|286|EME|820.179993|823.880005|808.719971|814.179993|324300|0.9989862194|813.354553
2026-04-14|287|DLTR|101.220001|102.360001|99.410004|100.669998|3262200|1.0000000000|100.669998
2026-04-14|288|COR|318.329987|321.529999|316.329987|319.899994|1082100|0.9957711437|318.547180
2026-04-14|289|DRI|191.449997|198.669998|191.449997|197.979996|1817300|0.9919770205|196.391617
2026-04-14|290|RMD|228.940002|232.320007|228.389999|230.690002|646300|0.9941821390|229.347885
2026-04-14|291|WAB|269.000000|270.459991|266.350006|268.290009|1130000|0.9977552294|267.687744
2026-04-14|292|FCX|68.540001|68.830002|67.570000|68.269997|12330800|0.9953868541|67.955055
2026-04-14|293|IVZ|24.549999|24.940001|24.490000|24.719999|7077800|0.9856541725|24.365372
2026-04-14|294|ACGL|96.120003|96.790001|95.570000|96.199997|1908400|1.0000000000|96.199997
2026-04-14|295|ERIE|261.290009|261.709991|249.429993|249.429993|214100|0.9943102712|248.010803
2026-04-14|296|EG|332.609985|343.000000|330.329987|341.239990|544500|0.9940520446|339.210327
2026-04-14|297|DVA|150.789993|151.960007|149.100006|149.449997|449000|1.0000000000|149.449997
2026-04-14|298|HSIC|76.279999|77.629997|75.809998|77.199997|814600|1.0000000000|77.199997
2026-04-14|299|EL|74.970001|76.510002|74.650002|76.419998|3927700|0.9961483439|76.125656
2026-04-14|300|WAT|325.839996|333.470001|323.470001|330.980011|749600|1.0000000000|330.980011
2026-04-14|301|NTAP|98.370003|98.900002|97.309998|98.889999|2098900|0.9969719908|98.590553
2026-04-14|302|HIG|138.119995|139.240005|137.240005|138.770004|1231900|0.9952804215|138.115067
2026-04-14|303|IRM|112.879997|114.300003|112.150002|114.029999|1107700|0.9932096824|113.255699
2026-04-14|304|BRK-B|479.809998|480.489990|476.000000|477.540009|4864000|1.0000000000|477.540009
2026-04-14|305|FDS|228.229996|229.309998|221.630005|223.550003|848700|0.9951444118|222.464539
2026-04-14|306|STLD|195.309998|197.830002|194.520004|195.300003|962500|0.9977371702|194.858078
2026-04-14|307|DGX|192.270004|194.259995|191.160004|194.160004|885500|0.9959506546|193.373779
2026-04-14|308|CIEN|486.750000|487.739990|458.010010|467.190002|3429500|1.0000000000|467.190002
2026-04-14|309|TTWO|202.520004|207.839996|202.259995|205.100006|1731000|1.0000000000|205.100006
2026-04-14|310|VTR|83.989998|85.500000|83.589996|85.339996|2187800|0.9941769319|84.843056
2026-04-14|311|AMZN|241.779999|252.179993|241.779999|249.020004|72685000|1.0000000000|249.020004
2026-04-14|312|ARE|43.599998|45.470001|43.369999|45.389999|2770500|0.9870480303|44.802109
2026-04-14|313|RL|378.769989|384.959991|372.119995|373.000000|552200|0.9975616297|372.090485
2026-04-14|314|BXP|53.500000|55.189999|53.389999|55.029999|1592100|0.9895631429|54.455662
2026-04-14|315|FIX|1645.000000|1671.949951|1617.010010|1650.479980|374800|0.9990909066|1648.979492
2026-04-14|316|YUM|160.740005|162.369995|160.210007|161.570007|1269600|0.9951301862|160.783188
2026-04-14|317|CHRW|164.729996|168.570007|163.800003|168.509995|1581900|0.9965870306|167.934875
2026-04-14|318|FE|50.959999|51.290001|50.590000|51.040001|4311700|0.9800753088|50.023045
2026-04-14|319|MTD|1348.079956|1365.790039|1331.810059|1341.530029|173500|1.0000000000|1341.530029
2026-04-14|320|PLD|137.149994|138.839996|136.910004|138.360001|3982700|0.9927946128|137.363068
2026-04-14|321|URI|777.869995|782.619995|767.669983|771.010010|449500|0.9962197184|768.095337
2026-04-14|322|AEE|111.690002|112.320000|110.730003|111.860001|1011900|0.9930004667|111.077034
2026-04-14|323|VRSN|270.059998|272.000000|264.239990|268.339996|1007600|0.9944277890|266.844757
2026-04-14|324|PWR|597.609985|599.000000|584.369995|594.400024|784100|0.9998472307|594.309204
2026-04-14|325|AMT|178.440002|178.839996|173.000000|176.410004|2887200|0.9905446092|174.741974
2026-04-14|326|MAR|358.940002|367.320007|357.790009|366.700012|1476800|0.9960059445|365.235413
2026-04-14|327|CTSH|60.889999|61.639999|59.820000|60.040001|8440900|0.9872095485|59.272064
2026-04-14|328|SRE|96.120003|96.269997|95.089996|96.160004|3837100|0.9929041305|95.477661
2026-04-14|329|CSGP|36.810001|38.349998|36.810001|37.599998|7372300|1.0000000000|37.599998
2026-04-14|330|RSG|213.000000|214.100006|208.789993|211.729996|2372400|0.9970890970|211.113663
2026-04-14|331|CCI|87.050003|87.220001|85.120003|86.269997|2775200|0.9884657123|85.274933
2026-04-14|332|EBAY|98.360001|101.330002|98.139999|100.400002|4914400|0.9972353518|99.818947
2026-04-14|333|NVDA|190.839996|196.509995|190.770004|196.509995|161307000|0.9988358556|196.281235
2026-04-14|334|BKNG|178.259995|182.550003|178.000000|181.119995|5523000|0.9974923877|180.665817
2026-04-14|335|GS|894.419983|914.190002|890.099976|909.630005|2822600|0.9956121536|905.638672
2026-04-14|336|FFIV|300.000000|301.730011|294.459991|295.190002|572400|1.0000000000|295.190002
2026-04-14|337|SBAC|219.860001|220.160004|215.199997|218.080002|1200800|0.9871816268|215.284561
2026-04-14|338|LII|517.330017|524.429993|513.489990|520.419983|364700|0.9976091276|519.175720
2026-04-14|339|BLK|1050.000000|1074.000000|1040.880005|1054.560059|1349700|0.9943964168|1048.650757
2026-04-14|340|TKO|195.559998|198.940002|194.190002|195.369995|1738600|0.9961152636|194.611038
2026-04-14|341|AKAM|95.779999|96.099998|88.500000|88.839996|8714000|1.0000000000|88.839996
2026-04-14|342|UPS|102.050003|103.470001|101.209999|103.220001|4703600|0.9679890039|99.915825
2026-04-14|343|A|118.040001|121.620003|117.779999|120.389999|2676900|0.9980802530|120.158882
2026-04-14|344|TDY|657.309998|658.690002|646.679993|647.590027|289000|1.0000000000|647.590027
2026-04-14|345|PKG|210.860001|212.199997|208.520004|209.929993|823800|0.9934276825|208.550262
2026-04-14|346|EW|77.839996|78.900002|77.330002|78.199997|5859800|1.0000000000|78.199997
2026-04-14|347|MET|75.410004|76.580002|75.029999|76.040001|3509100|0.9862851080|74.997116
2026-04-14|348|ON|71.739998|72.529999|70.809998|72.050003|7271800|1.0000000000|72.050003
2026-04-14|349|ISRG|459.929993|471.239990|459.500000|467.220001|1973600|1.0000000000|467.220001
2026-04-14|350|CRL|181.899994|183.800003|179.240005|179.309998|875300|1.0000000000|179.309998
2026-04-14|351|MRVL|136.110001|136.899994|130.839996|133.830002|33600700|0.9997533605|133.796997
2026-04-14|352|EQIX|1060.069946|1060.069946|1044.170044|1057.369995|510600|0.9903463937|1047.162598
2026-04-14|353|TPR|150.770004|153.259995|150.470001|150.869995|1451300|0.9971524169|150.440369
2026-04-14|354|GRMN|262.000000|265.209991|261.519989|264.480011|792100|0.9955900883|263.313690
2026-04-14|355|GPN|68.510002|69.589996|68.150002|68.599998|1897400|0.9961797067|68.337929
2026-04-14|356|ALGN|183.100006|187.990005|182.630005|184.690002|879300|1.0000000000|184.690002
2026-04-14|357|WTW|287.109985|290.220001|284.820007|288.480011|524200|0.9963732529|287.433777
2026-04-14|358|MDLZ|57.619999|58.400002|56.980000|57.840000|6585400|0.9916874483|57.359203
2026-04-14|359|AXON|371.440002|383.869995|369.720001|380.859985|1533800|1.0000000000|380.859985
2026-04-14|360|FIS|46.790001|47.400002|46.290001|46.980000|5775200|0.9887092639|46.449562
2026-04-14|361|ACN|192.720001|194.300003|189.509995|190.369995|4629600|0.9881186678|188.108139
2026-04-14|362|ZBH|95.379997|97.809998|95.089996|96.519997|2652700|0.9973498233|96.264198
2026-04-14|363|BG|122.419998|124.839996|121.930000|122.330002|1751500|0.9877945902|120.836922
2026-04-14|364|PFG|93.550003|94.500000|93.160004|94.139999|1145400|0.9920864700|93.395020
2026-04-14|365|ELV|317.859985|322.809998|312.880005|313.350006|1687100|0.9959475060|312.080139
2026-04-14|366|CNC|37.590000|38.209999|37.209999|37.259998|3016300|1.0000000000|37.259998
2026-04-14|367|PRU|98.000000|99.190002|97.320000|98.760002|1877500|0.9752946989|96.320107
2026-04-14|368|NFLX|103.120003|106.570000|103.040001|106.279999|40534900|1.0000000000|106.279999
2026-04-14|369|NDAQ|86.449997|87.470001|86.379997|86.709999|3379700|0.9964261009|86.400108
2026-04-14|370|WYNN|103.309998|105.900002|103.070000|105.589996|1448100|0.9949442808|105.056168
2026-04-14|371|CME|298.190002|299.959991|295.839996|297.029999|2279900|0.9948418839|295.497894
2026-04-14|372|STX|520.000000|534.229980|501.450012|533.440002|3568600|0.9992874955|533.059937
2026-04-14|373|NRG|172.039993|175.520004|169.339996|170.960007|2486800|0.9934205862|169.835190
2026-04-14|374|AIZ|220.970001|223.300003|220.490005|222.270004|276100|0.9965805324|221.509964
2026-04-14|375|CBRE|145.600006|149.289993|145.190002|147.070007|1631500|1.0000000000|147.070007
2026-04-14|376|CRM|175.210007|177.500000|170.500000|171.309998|13123600|0.9974256962|170.868988
2026-04-14|377|DPZ|367.500000|377.100006|367.500000|369.170013|597100|0.9938557491|366.901764
2026-04-14|378|EXR|139.770004|141.710007|139.029999|141.429993|1024800|0.9892430283|139.908630
2026-04-14|379|GOOG|322.065002|330.640015|321.149994|330.579987|18557500|0.9993985127|330.381165
2026-04-14|380|GOOGL|324.790009|333.290009|323.750000|332.910004|27721400|0.9994030337|332.711273
2026-04-14|381|DLR|192.679993|196.410004|191.789993|195.789993|1766000|0.9933767643|194.493240
2026-04-14|382|MPWR|1372.489990|1378.550049|1349.010010|1363.420044|557500|0.9984765039|1361.342896
2026-04-14|383|LVS|55.299999|55.590000|54.650002|55.520000|2592300|0.9879067226|54.848583
2026-04-14|384|DXCM|62.689999|63.700001|62.000000|62.950001|4730400|1.0000000000|62.950001
2026-04-14|385|BLDR|87.529999|88.949997|86.970001|87.769997|1197800|1.0000000000|87.769997
2026-04-14|386|WBD|27.330000|27.379999|27.309999|27.370001|20567900|1.0000000000|27.370001
2026-04-14|387|EXPE|244.619995|252.119995|243.369995|248.570007|2111700|0.9964448664|247.686310
2026-04-14|388|CF|119.900002|120.400002|116.389999|118.959999|3413600|0.9908287958|117.868996
2026-04-14|389|AMP|458.059998|463.899994|454.589996|461.989990|527600|0.9932580907|458.875305
2026-04-14|390|ICE|163.460007|164.160004|161.509995|162.039993|2684500|0.9962997224|161.440399
2026-04-14|391|PSKY|10.770000|11.140000|10.740000|11.080000|8876300|0.9952244509|11.027087
2026-04-14|392|LYV|165.720001|168.550003|165.259995|166.279999|1774800|1.0000000000|166.279999
2026-04-14|393|CMG|34.830002|35.279999|34.630001|34.919998|8967900|1.0000000000|34.919998
2026-04-14|394|UAL|96.629997|99.739998|95.250000|97.199997|10122000|1.0000000000|97.199997
2026-04-14|395|TDG|1279.239990|1303.060059|1268.869995|1296.579956|471300|1.0000000000|1296.579956
2026-04-14|396|MA|508.000000|513.979980|506.690002|513.159973|2744600|0.9983264725|512.301208
2026-04-14|397|LDOS|157.929993|158.389999|156.039993|156.169998|862900|0.9964800263|155.620285
2026-04-14|398|FSLR|202.119995|203.509995|195.190002|200.610001|2496100|1.0000000000|200.610001
2026-04-14|399|BR|157.830002|159.860001|156.779999|158.610001|1166600|0.9932693636|157.542465
2026-04-14|400|SMCI|27.000000|27.799999|26.500000|27.200001|40885400|1.0000000000|27.200001
2026-04-14|401|TMUS|190.139999|191.449997|187.800003|190.000000|6604500|0.9946034600|187.890259
2026-04-14|402|DAL|68.599998|72.180000|68.080002|71.699997|16227100|0.9948974393|71.334145
2026-04-14|403|IBKR|76.000000|77.250000|74.349998|77.099998|5621900|0.9989881568|77.021988
2026-04-14|404|PODD|199.369995|203.589996|198.800003|201.490005|733400|1.0000000000|201.490005
2026-04-14|405|TEL|236.720001|238.309998|232.839996|236.880005|1716700|0.9922749574|235.050095
2026-04-14|406|BX|123.000000|127.389999|122.360001|126.330002|8699400|0.9808140125|123.906235
2026-04-14|407|LULU|162.580002|164.210007|158.470001|160.600006|2635800|1.0000000000|160.600006
2026-04-14|408|ULTA|530.630005|543.289978|527.159973|533.090027|686300|1.0000000000|533.090027
2026-04-14|409|MSCI|553.299988|556.799988|545.229980|545.690002|566100|0.9928506457|541.788635
2026-04-14|410|ECHO|127.910004|131.729996|126.139999|130.470001|4818300|1.0000000000|130.470001
2026-04-14|411|PM|160.160004|161.410004|157.869995|159.470001|4324400|0.9917776037|158.158768
2026-04-14|412|V|308.470001|312.119995|307.489990|311.369995|5571000|0.9960807290|310.149658
2026-04-14|413|AWK|134.190002|134.600006|132.190002|133.389999|1880400|0.9863367160|131.567444
2026-04-14|414|KDP|25.809999|26.180000|25.559999|26.020000|11505500|0.9929274294|25.835972
2026-04-14|415|SW|42.360001|42.439999|41.790001|42.099998|3324000|0.9797713221|41.248371
2026-04-14|416|AVGO|377.899994|382.279999|376.320007|380.779999|24423000|0.9984198371|380.178284
2026-04-14|417|VRSK|167.029999|170.880005|166.240005|170.630005|1902400|0.9972796518|170.165833
2026-04-14|418|DG|118.900002|120.559998|117.800003|119.589996|2609900|0.9949256041|118.983154
2026-04-14|419|FTNT|79.059998|80.019997|77.730003|78.699997|5838500|1.0000000000|78.699997
2026-04-14|420|CHTR|224.759995|227.300003|215.009995|215.570007|2429000|1.0000000000|215.570007
2026-04-14|421|FERG|259.220001|259.660004|256.410004|258.859985|876600|0.9924610460|256.908447
2026-04-14|422|GNRC|206.619995|213.720001|204.259995|211.869995|832000|1.0000000000|211.869995
2026-04-14|423|LYB|74.680000|74.949997|71.970001|73.250000|6764000|0.9795355103|71.750977
2026-04-14|424|CBOE|300.320007|302.459991|294.890015|300.750000|688900|0.9979084359|300.120941
2026-04-14|425|TSLA|357.670013|367.630005|354.769989|364.200012|59979600|1.0000000000|364.200012
2026-04-14|426|KKR|99.000000|101.610001|98.610001|100.430000|8151800|0.9961485906|100.043205
2026-04-14|427|NXPI|210.000000|210.509995|207.089996|209.889999|2547800|0.9966193239|209.180435
2026-04-14|428|GM|78.629997|79.860001|78.099998|79.459999|5859600|0.9978370584|79.288132
2026-04-14|429|TRGP|238.720001|240.509995|233.600006|239.279999|1014000|0.9903678073|236.975204
2026-04-14|430|CPAY|315.000000|321.859985|310.429993|320.480011|500500|1.0000000000|320.480011
2026-04-14|431|KMI|31.910000|32.000000|31.360001|31.650000|15796400|0.9816636474|31.069654
2026-04-14|432|HCA|495.220001|505.540009|492.459991|498.660004|752600|0.9979998461|497.662598
2026-04-14|433|HII|398.869995|399.170013|394.880005|398.070007|287100|0.9956995948|394.518280
2026-04-14|434|APO|111.800003|116.190002|111.800003|114.820000|6156000|0.9916121637|113.856903
2026-04-14|435|MPC|225.580002|225.979996|221.119995|223.929993|1524100|0.9934777159|222.469452
2026-04-14|436|XYL|128.880005|130.119995|128.009995|129.660004|1502100|0.9923180477|128.663971
2026-04-14|437|APTV|59.830002|60.599998|59.009998|59.070000|2920000|1.0000000000|59.070000
2026-04-14|438|PSX|159.369995|160.240005|157.169998|158.759995|2481000|0.9875507674|156.783569
2026-04-14|439|AMCR|40.990002|41.169998|40.450001|41.009998|3527400|0.9836148215|40.338043
2026-04-14|440|META|643.219971|666.260010|639.369995|662.489990|17818000|0.9990740414|661.876526
2026-04-14|441|NOW|90.739998|92.400002|87.120003|87.790001|25132700|1.0000000000|87.790001
2026-04-14|442|PANW|163.369995|165.639999|158.830002|161.589996|7415600|1.0000000000|161.589996
2026-04-14|443|FANG|186.770004|187.589996|183.020004|186.509995|4133500|0.9890830467|184.473877
2026-04-14|444|WDAY|119.120003|122.129997|116.769997|117.860001|3906700|1.0000000000|117.860001
2026-04-14|445|ABBV|204.800003|210.419998|204.059998|210.259995|6199400|0.9847626719|207.056198
2026-04-14|446|NCLH|20.680000|21.280001|20.549999|21.090000|16544200|1.0000000000|21.090000
2026-04-14|447|ZTS|119.610001|121.540001|118.599998|121.110001|2778700|0.9887765322|119.750732
2026-04-14|448|IQV|172.809998|176.399994|171.729996|175.279999|1238100|1.0000000000|175.279999
2026-04-14|449|NWS|28.840000|29.320000|28.650000|28.830000|879400|1.0000000000|28.830000
2026-04-14|450|NWSA|24.959999|25.400000|24.920000|25.030001|2835500|1.0000000000|25.030001
2026-04-14|451|CDW|132.220001|133.800003|129.770004|130.039993|987500|0.9893792048|128.658859
2026-04-14|452|VEEV|162.880005|163.690002|156.410004|159.089996|2267800|1.0000000000|159.089996
2026-04-14|453|ALLE|146.779999|148.470001|145.910004|147.020004|523200|0.9958946033|146.416428
2026-04-14|454|HLT|327.269989|331.529999|325.809998|331.380005|1746400|0.9990803866|331.075256
2026-04-14|455|ARES|108.800003|113.690002|108.690002|112.610001|4081200|0.9900265958|111.486893
2026-04-14|456|ANET|153.990005|155.410004|150.985992|154.369995|7114000|1.0000000000|154.369995
2026-04-14|457|SYF|74.089996|75.889999|73.915001|75.550003|3273400|0.9916769819|74.921204
2026-04-14|458|CFG|64.699997|65.209999|64.114998|64.870003|4475300|0.9864525111|63.991180
2026-04-14|459|KEYS|333.630005|334.989990|327.369995|330.459991|854500|1.0000000000|330.459991
2026-04-14|460|GDDY|82.099998|83.650002|78.324997|79.320000|2635100|1.0000000000|79.320000
2026-04-14|461|KHC|22.309999|22.309999|21.980000|22.110001|15815500|0.9821984863|21.716410
2026-04-14|462|PYPL|47.939999|48.334000|47.700001|47.970001|11045300|0.9967143863|47.812393
2026-04-14|463|LITE|901.150024|904.989990|836.000000|852.789978|5461900|1.0000000000|852.789978
2026-04-14|464|HPE|24.760000|24.790001|24.014999|24.469999|13036400|0.9970828234|24.398617
2026-04-14|465|XYZ|64.800003|66.419998|64.589996|66.150002|5908100|1.0000000000|66.150002
2026-04-14|466|FTV|58.535000|60.310001|58.535000|59.709999|2394600|0.9990168769|59.651299
2026-04-14|467|DELL|185.550003|186.789993|180.100006|184.509995|6256400|0.9952707496|183.637390
2026-04-14|468|TTD|21.330000|21.920000|20.924999|21.020000|12569100|1.0000000000|21.020000
2026-04-14|469|VST|162.410004|165.279999|160.345001|163.970001|3767300|0.9986015267|163.740692
2026-04-14|470|HWM|257.279999|259.820007|255.899994|258.029999|1632400|0.9990766853|257.791748
2026-04-14|471|INVH|25.990000|26.504999|25.920000|26.469999|4926800|0.9898785423|26.202084
2026-04-14|472|CVNA|365.000000|383.919983|364.630013|374.210014|5299200|0.2000000000|74.842003
2026-04-14|473|IR|86.260002|89.099998|86.260002|88.320000|3668000|0.9994839545|88.274422
2026-04-14|474|VICI|28.280001|28.450001|28.170000|28.360001|6403700|0.9834741092|27.891327
2026-04-14|475|VRT|307.000000|312.459991|299.010010|310.510010|4993800|0.9997919900|310.445404
2026-04-14|476|MRNA|50.590000|53.000000|50.049999|52.840000|5415100|1.0000000000|52.840000
2026-04-14|477|FOXA|62.220001|63.700001|62.040001|63.410000|2340000|1.0000000000|63.410000
2026-04-14|478|FOX|56.139999|57.209999|55.404999|56.820000|1383100|1.0000000000|56.820000
2026-04-14|479|DOW|39.700001|39.724998|38.150002|39.160000|13086700|0.9899338512|38.765808
2026-04-14|480|UBER|73.165001|73.949997|72.239998|72.910004|16750300|1.0000000000|72.910004
2026-04-14|481|CTVA|83.309998|84.290001|82.510002|82.949997|3372600|0.9977005620|82.759262
2026-04-14|482|CRWD|404.649994|411.440002|393.399994|398.489990|3187000|0.2500000000|99.622498
2026-04-14|483|DDOG|110.245003|113.160004|108.790001|110.570000|4158100|1.0000000000|110.570000
2026-04-14|484|CARR|64.290001|64.989998|63.360001|64.660004|4610400|0.9928803129|64.199654
2026-04-14|485|OTIS|81.580002|82.150002|81.239998|81.900002|2598600|0.9879889159|80.916298
2026-04-14|486|PLTR|134.427002|138.070007|134.000000|135.699997|52786800|1.0000000000|135.699997
2026-04-14|487|DASH|159.740005|166.460007|159.740005|163.550003|3094400|1.0000000000|163.550003
2026-04-14|488|ABNB|130.500000|134.660004|130.470001|133.850006|3113300|1.0000000000|133.850006
2026-04-14|489|EXE|97.169998|97.550003|95.400002|95.690002|3901800|0.9880522369|94.546730
2026-04-14|490|COIN|180.029999|187.139999|180.000000|184.410004|10884800|1.0000000000|184.410004
2026-04-14|491|APP|428.545013|436.040009|424.940002|433.510010|3204100|1.0000000000|433.510010
2026-04-14|492|HOOD|75.129997|79.279999|75.050003|79.089996|43587300|1.0000000000|79.089996
2026-04-14|493|CEG|295.750000|297.399994|289.970001|296.609985|2284800|0.9969162535|295.695312
2026-04-14|494|GEHC|74.080002|75.089996|73.889999|74.669998|2179300|0.9994353928|74.627838
2026-04-14|495|KVUE|17.180000|17.440001|17.129999|17.379999|17315000|0.9772015009|16.983761
2026-04-14|496|VLTO|91.250000|92.639999|90.434998|92.389999|2169100|0.9985280797|92.254005
2026-04-14|497|RDDT|152.610001|156.500000|151.779999|154.539993|4453100|1.0000000000|154.539993
2026-04-14|498|SOLV|67.580002|69.305000|67.580002|69.019997|1418400|1.0000000000|69.019997
2026-04-14|499|GEV|1000.000000|1006.294983|979.000000|987.500000|2028300|0.9994893113|986.995667
2026-04-14|500|SNDK|964.020020|965.000000|902.000000|944.460022|19821500|1.0000000000|944.460022
2026-04-14|501|Q|135.690002|136.309998|131.750000|132.770004|1264200|0.9994967288|132.703186
