date|security_id|ticker|open|high|low|close|volume|adj_factor|adj_close_vendor
2026-04-15|1|AEP|134.789993|135.059998|133.690002|134.389999|2382600|0.9852885257|132.412918
2026-04-15|2|BA|224.179993|224.720001|221.649994|223.929993|4397700|1.0000000000|223.929993
2026-04-15|3|CAT|787.099976|789.969971|756.650024|770.169983|2764700|0.9962516275|767.283081
2026-04-15|4|CNP|42.680000|42.860001|42.330002|42.480000|4106200|0.9886466776|41.997711
2026-04-15|5|CVX|186.360001|187.240005|184.039993|184.910004|8661600|0.9823507513|181.646500
2026-04-15|6|DIS|102.599998|103.379997|101.790001|103.040001|7035300|0.9923958226|102.256470
2026-04-15|7|DTE|146.660004|147.330002|145.869995|146.750000|957100|0.9921049063|145.591385
2026-04-15|8|ED|110.820000|111.449997|109.949997|110.279999|1668900|0.9836258984|108.474266
2026-04-15|9|GD|340.540009|341.890015|337.089996|338.880005|1305200|0.9956181446|337.395081
2026-04-15|10|GE|316.440002|318.579987|311.399994|313.929993|3993700|0.9987550328|313.539154
2026-04-15|11|HON|232.909994|232.920004|228.930002|232.189995|3514500|1.0399150842|241.457886
2026-04-15|12|HPQ|19.180000|19.340000|18.850000|19.230000|12139600|0.9879711310|18.998684
2026-04-15|13|IBM|242.250000|246.059998|240.990005|244.800003|3879500|0.9856234381|241.280624
2026-04-15|14|IP|36.560001|36.869999|36.250000|36.509998|3628100|0.9742073595|35.568310
2026-04-15|15|JNJ|239.940002|240.419998|236.750000|238.669998|6463500|0.9894021702|236.140610
2026-04-15|16|KO|75.739998|75.739998|74.720001|75.309998|16212100|0.9935850886|74.826889
2026-04-15|17|KR|66.699997|67.370003|66.089996|66.629997|3782900|0.9879807975|65.829163
2026-04-15|18|LMT|611.000000|615.590027|607.340027|611.099976|879300|0.9934960884|607.125427
2026-04-15|19|MMM|152.000000|152.679993|150.089996|151.240005|2837300|0.9905187908|149.806061
2026-04-15|20|MO|65.250000|65.349998|64.290001|64.419998|7076600|0.9852654995|63.470802
2026-04-15|21|MRK|119.800003|120.250000|116.639999|117.900002|7689400|0.9928601430|117.058212
2026-04-15|22|MSI|438.779999|442.450012|436.790009|440.209991|714200|0.9970118292|438.894562
2026-04-15|23|PG|144.360001|144.399994|142.259995|143.380005|7698200|0.9851719538|141.253952
2026-04-15|24|XOM|148.600006|150.229996|146.899994|149.009995|15626500|0.9868681737|147.053223
2026-04-15|25|RTX|202.990005|203.000000|197.690002|198.389999|4424800|0.9925545778|196.912903
2026-04-15|26|MCD|303.269989|306.940002|303.000000|306.260010|2976500|0.9932635540|304.196899
2026-04-15|27|AXP|328.880005|332.399994|327.239990|329.059998|2542300|0.9972701149|328.161713
2026-04-15|28|BMY|58.000000|58.160000|57.220001|57.889999|8701600|0.9888377035|57.243816
2026-04-15|29|DD|46.740000|46.740000|45.669998|46.059998|3262500|2.9881422927|137.633835
2026-04-15|30|DE|590.780029|593.859985|572.099976|576.640015|1553900|0.9974147424|575.149292
2026-04-15|31|EMR|143.380005|144.399994|140.130005|140.399994|2565900|0.9926085470|139.362228
2026-04-15|32|ETN|400.440002|401.339996|389.399994|395.059998|2266900|0.9947965913|393.004303
2026-04-15|33|ETR|115.000000|115.510002|114.290001|114.949997|3103400|0.9886701734|113.647629
2026-04-15|34|F|12.700000|12.760000|12.490000|12.710000|39926500|0.9769709546|12.417301
2026-04-15|35|HAL|37.650002|38.169998|37.360001|37.540001|8812900|0.9957637679|37.380974
2026-04-15|36|LLY|923.500000|930.000000|888.030029|905.030029|4233400|0.9968530383|902.181946
2026-04-15|37|PCG|17.450001|17.500000|17.180000|17.389999|30892500|0.9970997679|17.339563
2026-04-15|38|PEP|155.020004|155.759995|153.339996|154.850006|7684800|0.9895884624|153.237778
2026-04-15|39|PFE|27.180000|27.360001|26.969999|27.190001|29648900|0.9668473999|26.288580
2026-04-15|40|TXN|217.559998|218.309998|211.699997|216.289993|4459600|0.9898764050|214.100357
2026-04-15|41|WFC|80.919998|81.690002|80.150002|80.290001|31494000|0.9886393471|79.377853
2026-04-15|42|HUBB|542.270020|544.414978|522.510010|526.940002|563750|0.9970037769|525.361206
2026-04-15|43|WMT|124.629997|125.070000|123.180000|124.760002|17001400|0.9957114974|124.224960
2026-04-15|44|AIG|76.980003|77.989998|76.660004|77.089996|6609900|0.9933984683|76.581085
2026-04-15|45|AVY|170.250000|170.970001|167.649994|168.029999|501700|0.9936321953|166.960022
2026-04-15|46|BAC|54.250000|55.400002|53.709999|54.320000|63838200|0.9948310871|54.039223
2026-04-15|47|BALL|63.070000|63.070000|62.419998|62.759998|2288400|0.9963416864|62.530403
2026-04-15|48|BDX|155.270004|157.039993|154.550003|155.520004|2660100|0.9929995336|154.431290
2026-04-15|49|CLX|104.320000|104.589996|102.389999|102.919998|1489200|0.9761478543|100.465134
2026-04-15|50|CMI|610.140015|612.460022|586.489990|601.460022|862500|0.9931721942|597.353394
2026-04-15|51|CMS|78.500000|78.620003|77.430000|77.480003|2927700|0.9843492113|76.267380
2026-04-15|52|CVS|77.150002|77.449997|74.870003|74.989998|8660900|0.9851999130|73.880135
2026-04-15|53|ECL|271.859985|273.459991|267.540009|270.369995|1036900|0.9972820015|269.635132
2026-04-15|54|ES|68.589996|69.220001|68.099998|68.769997|1919800|0.9882685720|67.963226
2026-04-15|55|EVRG|81.639999|81.910004|81.029999|81.540001|1345800|0.9834796618|80.192932
2026-04-15|56|GWW|1149.810059|1154.170044|1128.160034|1143.349976|194800|0.9960365882|1138.818359
2026-04-15|57|LNT|71.989998|72.379997|71.370003|72.180000|2083000|0.9850786184|71.102974
2026-04-15|58|MKC|53.689999|53.849998|52.880001|53.340000|3514700|0.9822640876|52.393967
2026-04-15|59|MRSH|173.440002|175.839996|172.529999|174.899994|2593600|0.9943746806|173.916122
2026-04-15|60|NEE|90.169998|91.290001|89.980003|91.239998|9144800|0.9927287582|89.900528
2026-04-15|61|NI|47.040001|47.630001|46.750000|47.369999|5035800|0.9871584841|46.761700
2026-04-15|62|PNW|102.050003|103.320000|101.330002|102.800003|1244500|0.9822795276|100.978340
2026-04-15|63|RVTY|94.029999|94.959999|92.660004|92.900002|550700|0.9985919505|92.769196
2026-04-15|64|SNA|375.250000|375.989990|364.519989|368.010010|384300|0.9870969475|363.261566
2026-04-15|65|SPGI|427.000001|435.000015|427.000001|430.579988|2380600|0.9417621693|405.503906
2026-04-15|66|TER|363.000000|368.190002|351.959991|364.959991|2366600|0.9996224662|364.822205
2026-04-15|67|TGT|119.730003|123.300003|118.790001|122.870003|5232400|0.9830946401|120.792839
2026-04-15|68|TXT|92.110001|92.589996|89.599998|90.489998|1238100|0.9997866667|90.470695
2026-04-15|69|VMC|296.000000|296.290009|290.589996|291.250000|793000|0.9961649269|290.133026
2026-04-15|70|XEL|79.400002|79.550003|78.500000|78.650002|5267300|0.9925145167|78.061264
2026-04-15|71|ITW|270.799988|271.369995|262.109985|264.390015|1390400|0.9939806334|262.798553
2026-04-15|72|CL|84.000000|84.360001|82.599998|83.489998|5064000|0.9881586198|82.501358
2026-04-15|73|EXC|48.360001|48.540001|47.799999|47.880001|8638400|0.9906832302|47.433914
2026-04-15|74|MDT|87.860001|87.910004|86.449997|87.099998|8543000|0.9910581218|86.321159
2026-04-15|75|BNY|131.100006|132.350006|130.029999|131.960007|4235100|0.9920974180|130.917175
2026-04-15|76|EIX|72.410004|72.410004|70.879997|71.349998|2432800|0.9882683051|70.512939
2026-04-15|77|FRT|109.980003|110.300003|109.410004|110.150002|528700|0.9908457552|109.141663
2026-04-15|78|PNR|90.410004|90.550003|87.980003|88.349998|1172100|0.9926207111|87.698044
2026-04-15|79|USB|56.119999|56.759998|55.840000|56.369999|11346900|0.9915143601|55.891666
2026-04-15|80|WY|24.780001|24.780001|24.200001|24.209999|4434000|0.9914979760|24.004166
2026-04-15|81|SYY|74.000000|74.980003|73.660004|74.089996|8039000|0.9934155392|73.602150
2026-04-15|82|WRB|65.849998|66.410004|65.480003|66.099998|1757200|0.9910634494|65.509293
2026-04-15|83|IFF|72.639999|72.639999|71.070000|71.529999|1382500|0.9947403026|71.153770
2026-04-15|84|TAP|43.619999|44.500000|43.470001|44.310001|2685300|0.9881685974|43.281261
2026-04-15|85|PNC|222.889999|225.470001|218.399994|222.059998|2986300|0.9920904849|220.303604
2026-04-15|86|TRV|299.339996|302.450012|298.480011|299.329987|1538100|0.9958368027|298.083801
2026-04-15|87|C|131.250000|132.860001|130.570007|131.690002|14738900|0.9902572054|130.406967
2026-04-15|88|FDX|367.889996|370.000014|360.619989|364.920011|1652500|0.8027880446|292.953430
2026-04-15|89|WDC|362.000000|365.489990|351.609985|365.000000|6438800|0.9997393571|364.904877
2026-04-15|90|DHR|199.050003|199.479996|197.279999|198.139999|3180500|0.9979297139|197.729782
2026-04-15|91|APA|36.720001|37.020000|35.990002|36.599998|6892000|0.9864084367|36.102547
2026-04-15|92|LUV|41.290001|42.400002|40.910000|41.700001|7219300|0.9956521741|41.518696
2026-04-15|93|PEG|80.790001|81.580002|80.190002|80.940002|2673800|0.9913815279|80.242424
2026-04-15|94|UNP|251.839996|252.020004|246.990005|248.029999|2971200|0.9948314607|246.748047
2026-04-15|95|ABT|100.769997|102.480003|100.629997|101.559998|12657200|0.9929181654|100.840767
2026-04-15|96|ADI|347.000000|349.049988|341.320007|347.940002|2440900|0.9972683702|346.989563
2026-04-15|97|ADM|68.349998|68.639999|66.860001|66.949997|3245000|0.9871845133|66.091995
2026-04-15|98|ADP|196.059998|198.880005|194.529999|196.919998|3781200|0.9924702132|195.437225
2026-04-15|99|AFL|111.809998|113.410004|111.730003|112.980003|2032100|0.9898631333|111.834747
2026-04-15|100|AMAT|389.209991|394.609985|379.679993|394.260010|5925100|0.9976914901|393.349854
2026-04-15|101|AMD|254.960007|258.179993|251.850006|258.119995|24695200|1.0000000000|258.119995
2026-04-15|102|APD|296.209991|296.980011|293.290009|295.209991|1044100|0.9938263181|293.387451
2026-04-15|103|BF-B|29.129999|30.280001|28.270000|29.570000|7737700|0.9913580245|29.314457
2026-04-15|104|CHD|95.290001|95.790001|94.029999|94.629997|1606800|0.9937159244|94.035332
2026-04-15|105|CINF|163.100006|164.259995|161.850006|163.000000|556400|0.9945494610|162.111557
2026-04-15|106|CMCSA|28.160000|28.510000|28.010000|28.299999|18045000|0.9865580444|27.919592
2026-04-15|107|D|63.240002|63.400002|62.180000|62.380001|5125400|0.9900860786|61.761570
2026-04-15|108|DOV|217.660004|217.660004|212.039993|215.460007|994400|0.9975530563|214.932785
2026-04-15|109|DUK|129.250000|129.250000|127.930000|127.980003|3294800|0.9827918175|125.777702
2026-04-15|110|EFX|187.440002|191.440002|185.770004|186.850006|1376000|0.9965665237|186.208466
2026-04-15|111|EQT|56.500000|57.169998|56.389999|56.759998|6716200|0.9940720641|56.423527
2026-04-15|112|FITB|49.840000|50.259998|49.380001|49.840000|6796000|0.9929552658|49.488892
2026-04-15|113|GIS|34.750000|34.750000|34.209999|34.490002|7603600|0.9829846576|33.903141
2026-04-15|114|GPC|109.500000|110.480003|108.239998|110.440002|2142500|0.9892223458|109.249718
2026-04-15|115|HAS|92.470001|94.190002|91.800003|93.930000|3036200|0.9844894224|92.473091
2026-04-15|116|HBAN|16.620001|16.820000|16.480000|16.670000|25588100|0.9910508082|16.520817
2026-04-15|117|HRL|20.719999|20.780001|20.410000|20.660000|5190500|0.9881520418|20.415220
2026-04-15|118|HST|20.840000|20.879999|20.309999|20.690001|12493400|0.9630818621|19.926165
2026-04-15|119|HSY|196.669998|197.529999|191.740005|191.889999|2131200|0.9846288447|188.940430
2026-04-15|120|INTC|63.770000|65.839996|62.880001|64.940002|92051500|1.0000000000|64.940002
2026-04-15|121|J|126.500000|127.680000|125.550003|127.309998|975400|0.9944174758|126.599281
2026-04-15|122|JPM|313.950012|314.239990|304.260010|305.929993|9885800|0.9955152929|304.557983
2026-04-15|123|KMB|97.500000|97.500000|95.870003|96.809998|3043800|0.9864507253|95.498291
2026-04-15|124|L|109.180000|110.629997|109.180000|110.230003|536000|0.9988625697|110.104630
2026-04-15|125|LEN|89.660004|89.660004|87.599998|88.440002|2353900|0.9888298730|87.452118
2026-04-15|126|LOW|247.800003|248.440002|242.869995|243.990005|1757500|0.9891098782|241.332916
2026-04-15|127|MAS|64.720001|65.040001|62.820000|63.169998|3246000|0.9908891403|62.594467
2026-04-15|128|MTB|221.440002|221.529999|213.279999|217.100006|1646600|0.9930590903|215.593140
2026-04-15|129|NEM|117.400002|117.510002|112.989998|113.040001|9255800|0.9976704596|112.776672
2026-04-15|130|NTRS|156.850006|157.970001|156.009995|156.070007|711100|0.9953773257|155.348541
2026-04-15|131|NUE|190.039993|190.529999|187.669998|189.600006|1044300|0.9975500919|189.135498
2026-04-15|132|OMC|76.480003|78.019997|76.480003|77.489998|4016200|0.9894221866|76.670326
2026-04-15|133|PCAR|125.239998|125.269997|121.809998|123.480003|2975000|0.9942707430|122.772560
2026-04-15|134|PGR|199.160004|203.119995|195.509995|201.229996|4865700|0.9995561474|201.140671
2026-04-15|135|PH|982.210022|985.409973|954.400024|963.760010|529400|0.9977448271|961.586548
2026-04-15|136|PHM|122.000000|122.250000|120.190002|120.820000|1489100|0.9978834255|120.564278
2026-04-15|137|PPG|109.930000|110.129997|106.800003|107.720001|1706700|0.9873814378|106.360725
2026-04-15|138|PPL|39.450001|39.619999|39.099998|39.360001|7608500|0.9920279720|39.046223
2026-04-15|139|RF|27.809999|28.090000|27.570000|27.850000|13203100|0.9905357143|27.586420
2026-04-15|140|ROL|54.599998|55.000000|53.980000|54.380001|2675200|0.9917679269|53.932339
2026-04-15|141|SHW|333.799988|334.549988|326.260010|328.839996|1649000|0.9951137391|327.233215
2026-04-15|142|STT|142.330002|143.589996|140.960007|142.740005|2079300|0.9950471700|142.033035
2026-04-15|143|SWK|71.769997|71.769997|66.830002|67.180000|3884300|0.9894240575|66.469505
2026-04-15|144|SYK|346.709991|348.269989|341.040009|341.239990|2066000|0.9973375287|340.331451
2026-04-15|145|TMO|528.880005|532.859985|524.760010|531.669983|2003600|0.9989985938|531.137573
2026-04-15|146|TPL|413.630005|423.980011|406.190002|417.299988|351500|0.9984732824|416.662903
2026-04-15|147|TSN|64.809998|64.809998|62.980000|63.380001|3421900|0.9916420846|62.850273
2026-04-15|148|TT|466.869995|468.359985|452.250000|462.559998|1510200|0.9977358979|461.512726
2026-04-15|149|TYL|326.869995|340.399994|325.000000|337.609985|428300|1.0000000000|337.609985
2026-04-15|150|UDR|34.660000|34.990002|34.650002|34.860001|5023900|0.9926177659|34.602654
2026-04-15|151|VTRS|13.930000|14.000000|13.780000|13.860000|7078000|0.9853197013|13.656530
2026-04-15|152|WEC|115.750000|116.019997|114.669998|114.849998|1696300|0.9829379991|112.890427
2026-04-15|153|WST|268.690002|271.290009|265.250000|266.500000|775800|0.9985945833|266.125458
2026-04-15|154|NDSN|277.609985|277.649994|271.109985|275.000000|402300|0.9971745572|274.222992
2026-04-15|155|TFC|49.590000|49.980000|49.220001|49.590000|7225100|0.9798350561|48.590019
2026-04-15|156|WELL|210.320007|211.470001|208.449997|211.330002|2276400|0.9928496012|209.818909
2026-04-15|157|AON|323.799988|329.290009|321.750000|328.079987|1093700|0.9951005240|326.472565
2026-04-15|158|GL|148.050003|150.190002|147.729996|149.080002|418000|0.9981716439|148.807434
2026-04-15|159|OKE|84.320000|85.160004|83.980003|84.099998|3250400|0.9765151605|82.124924
2026-04-15|160|KLAC|1766.000061|1770.319977|1680.509949|1748.110046|1163900|0.0997597720|174.391068
2026-04-15|161|CSX|42.509998|42.509998|41.770000|42.099998|9339500|0.9969438988|41.971336
2026-04-15|162|PSA|302.470001|302.890015|295.239990|299.829987|1439700|0.9907958521|297.070312
2026-04-15|163|NKE|45.090000|45.900002|44.709999|45.439999|31523500|0.9911312999|45.037006
2026-04-15|164|AAPL|258.160004|266.559998|257.809998|266.429993|49913500|0.9982185855|265.955383
2026-04-15|165|BRO|66.709999|67.949997|66.419998|67.400002|2213000|0.9947741799|67.047783
2026-04-15|166|UHS|181.699997|182.190002|178.699997|180.149994|500300|0.9986223049|179.901794
2026-04-15|167|HD|341.850006|342.269989|336.619995|338.910004|3365200|0.9925551970|336.386902
2026-04-15|168|BAX|17.610001|17.760000|17.530001|17.600000|4005400|0.9994805195|17.584074
2026-04-15|169|COP|118.169998|120.360001|117.349998|118.919998|6592500|0.9860463925|117.260628
2026-04-15|170|GLW|171.619995|173.770004|164.020004|168.270004|8872900|0.9984696945|168.012497
2026-04-15|171|HUM|196.729996|198.740005|193.000000|198.369995|1294600|0.9976462766|197.903091
2026-04-15|172|LHX|355.000000|358.399994|353.700012|355.920013|1036500|0.9959648783|354.483826
2026-04-15|173|NOC|680.659973|682.880005|676.000000|678.590027|547300|0.9956180811|675.616516
2026-04-15|174|OXY|55.450001|56.400002|55.119999|55.830002|12238000|0.9954022988|55.573311
2026-04-15|175|ROK|403.839996|406.700012|394.809998|397.399994|718500|0.9938632005|394.961212
2026-04-15|176|SLB|51.740002|52.840000|51.650002|52.419998|12535000|0.9947843000|52.146591
2026-04-15|177|SO|95.430000|95.589996|94.559998|94.639999|3588800|0.9836658196|93.094131
2026-04-15|178|WMB|71.139999|71.480003|70.650002|70.760002|4458600|0.9926696456|70.241302
2026-04-15|179|VLO|234.089996|236.559998|231.029999|235.000000|2286900|0.9914397807|232.988358
2026-04-15|180|CI|270.970001|271.529999|264.899994|268.630005|1886900|0.9942378017|267.082092
2026-04-15|181|NSC|299.630005|299.679993|295.549988|297.709991|1475000|0.9917671837|295.258972
2026-04-15|182|COO|71.610001|71.790001|69.750000|70.290001|1673700|1.0000000000|70.290001
2026-04-15|183|AMGN|351.700012|352.600006|344.209991|348.220001|2140000|0.9867386103|343.602112
2026-04-15|184|RJF|154.470001|156.949997|153.139999|155.770004|1662900|0.9964480694|155.216721
2026-04-15|185|WSM|192.750000|193.990005|189.130005|192.869995|1119200|0.9927167515|191.465271
2026-04-15|186|CAH|213.690002|214.229996|211.029999|211.830002|1337400|0.9978279171|211.369888
2026-04-15|187|CTAS|175.960007|177.279999|174.830002|176.460007|2253400|0.9947044338|175.525543
2026-04-15|188|PAYX|89.389999|91.059998|88.750000|90.260002|3088600|0.9771272923|88.195511
2026-04-15|189|BEN|26.440001|26.750000|26.420000|26.629999|3842500|0.9900632337|26.365383
2026-04-15|190|AOS|66.070000|66.559998|62.139999|63.369999|2406100|0.9883617008|62.632481
2026-04-15|191|CASY|738.030029|744.570007|730.000000|736.830017|295600|0.9985579358|735.767395
2026-04-15|192|T|25.680000|25.780001|25.420000|25.459999|33847600|0.9867870728|25.123598
2026-04-15|193|VZ|45.330002|45.389999|44.930000|45.029999|26230300|0.9832386370|44.275234
2026-04-15|194|JBHT|229.339996|229.339996|223.520004|224.169998|1579700|0.9964612666|223.376709
2026-04-15|195|ATO|187.500000|187.500000|185.360001|186.259995|578300|0.9884163190|184.102402
2026-04-15|196|LRCX|267.000000|267.989990|255.479996|265.160004|11324200|0.9992960416|264.973358
2026-04-15|197|MU|457.630005|463.950012|439.320007|456.230011|40370100|0.9998462422|456.159851
2026-04-15|198|AJG|220.529999|224.460007|219.050003|223.169998|1221300|0.9966824645|222.429626
2026-04-15|199|AME|233.250000|234.399994|228.020004|230.100006|1001800|0.9985029940|229.755539
2026-04-15|200|SWKS|57.180000|57.990002|56.709999|57.930000|2180200|0.9913855858|57.430965
2026-04-15|201|EXPD|144.229996|145.110001|143.440002|144.020004|823500|0.9948730934|143.281631
2026-04-15|202|UNH|316.000000|317.760010|311.149994|314.049988|5041200|0.9943209633|312.266479
2026-04-15|203|BBY|62.299999|63.549999|61.900002|63.389999|2918500|0.9868673048|62.557518
2026-04-15|204|DOC|16.870001|17.230000|16.799999|17.200001|6447400|0.9746865370|16.764610
2026-04-15|205|ADSK|234.789993|240.779999|232.199997|239.320007|1759600|1.0000000000|239.320007
2026-04-15|206|DVN|45.049999|45.689999|44.730000|45.230000|7743700|0.9929375416|44.910564
2026-04-15|207|NVR|6824.950195|6850.000000|6730.459961|6767.209961|22900|1.0000000000|6767.209961
2026-04-15|208|ROST|222.949997|225.210007|221.889999|224.149994|1701600|0.9980432679|223.711380
2026-04-15|209|JKHY|151.830002|154.059998|151.210007|153.399994|904500|0.9955252350|152.713562
2026-04-15|210|MNST|75.000000|75.070000|73.860001|74.930000|4928700|0.5000000000|74.930000
2026-04-15|211|ORCL|166.889999|172.559998|166.210007|169.809998|43010800|0.9965330745|169.221283
2026-04-15|212|MSFT|398.000000|414.369995|396.730011|411.220001|45063400|0.9959638868|409.560272
2026-04-15|213|TROW|96.220001|96.919998|95.500000|96.110001|1540400|0.9881430134|94.970428
2026-04-15|214|COST|970.309998|985.380005|968.299988|984.750000|2346200|0.9969659831|981.762268
2026-04-15|215|ADBE|241.169998|245.929993|239.199997|244.660004|4749600|1.0000000000|244.660004
2026-04-15|216|FISV|59.990002|61.840000|59.880001|61.290001|7169200|1.0000000000|61.290001
2026-04-15|217|BKR|61.080002|61.930000|59.919998|60.070000|7567400|0.9930140272|59.650352
2026-04-15|218|CDNS|295.000000|307.470001|293.510010|304.100006|2514300|1.0000000000|304.100006
2026-04-15|219|TJX|159.699997|161.270004|158.949997|160.229996|3366700|0.9936003560|159.204575
2026-04-15|220|FICO|1017.909973|1046.510010|1017.909973|1030.810059|299600|1.0000000000|1030.810059
2026-04-15|221|CCL|28.740000|29.129999|28.270000|28.820000|20614900|0.9887339129|28.495312
2026-04-15|222|FAST|44.500000|44.509998|43.520000|44.400002|8872500|0.9892709750|43.923634
2026-04-15|223|SCHW|99.400002|100.760002|99.089996|100.269997|10983400|0.9935274715|99.620987
2026-04-15|224|JCI|140.500000|141.300003|135.889999|137.210007|4222500|0.9972406182|136.831390
2026-04-15|225|COHR|313.500000|322.480011|304.059998|308.200012|4953400|1.0000000000|308.200012
2026-04-15|226|KEY|21.660000|21.830000|21.450001|21.570000|22704400|0.9901913874|21.358429
2026-04-15|227|MOS|23.860001|24.309999|23.549999|23.730000|10006500|0.9899359564|23.491179
2026-04-15|228|MGM|36.849998|38.680000|36.770000|38.360001|5336100|1.0000000000|38.360001
2026-04-15|229|WM|226.500000|227.570007|223.910004|224.929993|2269000|0.9956851284|223.959442
2026-04-15|230|TECH|59.160000|59.779999|58.090000|58.490002|1500700|0.9970482740|58.317356
2026-04-15|231|IEX|204.029999|204.949997|197.020004|199.520004|786300|0.9931996195|198.163193
2026-04-15|232|GEN|19.100000|19.860001|19.000000|19.670000|5551700|0.9903038605|19.479277
2026-04-15|233|CRH|117.809998|117.809998|115.540001|116.209999|4058000|0.9923991275|115.326706
2026-04-15|234|EOG|132.839996|134.100006|131.869995|132.389999|3019900|0.9849854996|130.402237
2026-04-15|235|PTC|135.050003|137.119995|134.210007|136.580002|1727900|1.0000000000|136.580002
2026-04-15|236|CSCO|82.529999|82.660004|80.879997|82.360001|15066400|0.9962729613|82.053040
2026-04-15|237|LH|268.140015|271.200012|266.420013|266.730011|488000|0.9972597526|265.430023
2026-04-15|238|TRMB|66.510002|67.489998|66.150002|66.790001|1463800|1.0000000000|66.790001
2026-04-15|239|AZO|3500.000000|3552.129883|3481.750000|3536.419922|206500|1.0000000000|3536.419922
2026-04-15|240|REGN|758.669983|760.580017|739.119995|753.929993|571100|0.9973440317|751.927551
2026-04-15|241|IDXX|583.039978|585.380005|577.369995|580.760010|354700|1.0000000000|580.760010
2026-04-15|242|AES|14.400000|14.460000|14.400000|14.450000|8840500|0.9761125722|14.104827
2026-04-15|243|VRTX|444.149994|447.820007|437.190002|441.700012|1459400|1.0000000000|441.700012
2026-04-15|244|ZBRA|226.759995|231.479996|225.699997|229.639999|805600|1.0000000000|229.639999
2026-04-15|245|BIIB|179.360001|180.869995|177.699997|180.539993|1168700|1.0000000000|180.539993
2026-04-15|246|ODFL|210.089996|210.279999|203.889999|205.190002|1245300|0.9987340667|204.930237
2026-04-15|247|APH|148.000000|148.720001|144.500000|146.979996|7313600|0.9984936130|146.758591
2026-04-15|248|KIM|23.530001|23.559999|23.389999|23.480000|4501500|0.9891711788|23.225740
2026-04-15|249|QCOM|133.440002|134.339996|132.279999|133.050003|9691500|0.9963201471|132.560394
2026-04-15|250|GILD|140.960007|140.960007|138.059998|139.770004|3790500|0.9934708175|138.857422
2026-04-15|251|ROP|357.630005|359.799988|355.119995|358.089996|1128000|0.9974983506|357.194183
2026-04-15|252|SNPS|424.260010|439.880005|421.420013|438.450012|2038100|1.0000000000|438.450012
2026-04-15|253|STZ|164.750000|165.490005|162.490005|163.949997|2003500|0.9856055004|161.590027
2026-04-15|254|BSX|64.040001|65.150002|63.700001|64.610001|12030700|1.0000000000|64.610001
2026-04-15|255|STE|225.000000|226.520004|220.610001|221.500000|839300|0.9970332000|220.842850
2026-04-15|256|DHI|144.479996|144.779999|142.789993|144.199997|1847700|0.9940209933|143.337814
2026-04-15|257|LIN|496.470001|499.640015|490.890015|497.940002|1553000|0.9968477255|496.370361
2026-04-15|258|SBUX|98.489998|99.180000|97.800003|98.339996|5211600|0.9884945611|97.208549
2026-04-15|259|MS|188.490005|194.589996|187.919998|191.619995|9853800|0.9892093304|189.552292
2026-04-15|260|INTU|375.000000|392.049988|372.760010|389.720001|3352800|0.9955898568|388.001282
2026-04-15|261|MCHP|74.129997|74.860001|72.900002|74.489998|6869400|0.9890553567|73.674736
2026-04-15|262|CB|325.260010|330.000000|324.649994|327.269989|1560900|0.9968895800|326.252045
2026-04-15|263|ORLY|93.360001|93.879997|92.629997|93.599998|4317000|1.0000000000|93.599998
2026-04-15|264|RCL|282.070007|284.190002|277.019989|282.309998|1906300|0.9948418155|280.853790
2026-04-15|265|JBL|304.119995|306.429993|298.640015|304.950012|1047300|0.9995582709|304.815308
2026-04-15|266|ALL|214.350006|219.479996|213.630005|218.229996|1215700|0.9947595710|217.086380
2026-04-15|267|CPT|101.680000|101.930000|100.459999|101.379997|951100|0.9909199930|100.459465
2026-04-15|268|VMRK|61.360001|61.540001|60.820000|61.299999|2694200|0.9897192157|60.669788
2026-04-15|269|IT|151.399994|154.509995|150.320007|152.389999|1259500|1.0000000000|152.389999
2026-04-15|270|DECK|108.559998|110.320000|108.150002|108.870003|1391700|1.0000000000|108.870003
2026-04-15|271|REG|79.440002|79.610001|79.080002|79.519997|1379200|0.9906432027|78.775948
2026-04-15|272|INCY|98.750000|99.919998|97.000000|97.099998|1214300|1.0000000000|97.099998
2026-04-15|273|SPG|202.449997|202.520004|199.139999|201.610001|1267200|0.9891482587|199.422180
2026-04-15|274|MAA|124.739998|125.400002|123.250000|124.190002|1039400|0.9885547570|122.768623
2026-04-15|275|MLM|628.229980|630.159973|615.000000|616.940002|422400|0.9985730005|616.059631
2026-04-15|276|TSCO|44.880001|45.490002|44.400002|44.750000|6796600|0.9851405019|44.085033
2026-04-15|277|ALB|189.850006|189.850006|183.889999|185.380005|1291100|0.9974537910|184.907990
2026-04-15|278|CPRT|33.250000|33.610001|32.959999|33.360001|7729800|1.0000000000|33.360001
2026-04-15|279|FLEX|79.480003|80.029999|77.050003|78.430000|3854000|1.0000000000|78.430000
2026-04-15|280|ESS|251.300003|252.339996|249.169998|251.710007|375900|0.9912479300|249.507034
2026-04-15|281|O|63.820000|63.990002|63.250000|63.959999|4907700|0.9829305716|62.868240
2026-04-15|282|MCO|439.540009|449.980011|439.029999|446.809998|792400|0.9955156672|444.806396
2026-04-15|283|SJM|92.290001|93.919998|91.279999|93.489998|1774600|0.9798392929|91.605171
2026-04-15|284|MCK|861.840027|869.969971|857.840027|863.419983|465600|0.9988955336|862.466370
2026-04-15|285|COF|201.460007|204.410004|200.380005|202.979996|3931900|0.9922218930|201.401199
2026-04-15|286|EME|809.539978|814.429993|793.210022|803.640015|282900|0.9989862194|802.825256
2026-04-15|287|DLTR|100.750000|102.000000|100.370003|101.330002|2874600|1.0000000000|101.330002
2026-04-15|288|COR|318.459991|320.609985|315.190002|317.579987|1237700|0.9957711437|316.237000
2026-04-15|289|DRI|197.949997|202.300003|196.729996|199.679993|1564800|0.9919770205|198.077972
2026-04-15|290|RMD|231.339996|231.990005|226.460007|228.800003|1280300|0.9941821390|227.468872
2026-04-15|291|WAB|266.510010|268.200012|253.669998|257.380005|1835900|0.9977552294|256.802246
2026-04-15|292|FCX|67.959999|69.459999|67.540001|68.699997|15405600|0.9975786925|68.533653
2026-04-15|293|IVZ|24.860001|25.150000|24.530001|24.709999|5588100|0.9856541725|24.355515
2026-04-15|294|ACGL|96.010002|97.790001|95.589996|97.470001|1725600|1.0000000000|97.470001
2026-04-15|295|ERIE|250.320007|250.850006|242.250000|244.529999|275600|0.9943102712|243.138687
2026-04-15|296|EG|341.250000|349.619995|340.190002|345.609985|384200|0.9940520446|343.554321
2026-04-15|297|DVA|148.610001|149.320007|143.070007|144.570007|844300|1.0000000000|144.570007
2026-04-15|298|HSIC|77.949997|77.949997|76.760002|77.419998|869400|1.0000000000|77.419998
2026-04-15|299|EL|76.699997|77.000000|74.860001|76.599998|2726900|0.9961483439|76.304962
2026-04-15|300|WAT|333.059998|333.679993|324.630005|326.200012|673400|1.0000000000|326.200012
2026-04-15|301|NTAP|99.089996|100.739998|98.370003|100.330002|1656300|0.9969719908|100.026199
2026-04-15|302|HIG|138.559998|139.820007|137.600006|138.750000|1055000|0.9952804215|138.095169
2026-04-15|303|IRM|113.910004|114.139999|112.790001|113.550003|998100|0.9932096824|112.778961
2026-04-15|304|BRK-B|478.000000|478.769989|473.739990|474.089996|6993900|1.0000000000|474.089996
2026-04-15|305|FDS|225.679993|232.660004|225.500000|230.750000|810500|0.9951444118|229.629578
2026-04-15|306|STLD|194.130005|195.779999|191.149994|194.110001|1126700|0.9977371702|193.670761
2026-04-15|307|DGX|193.169998|194.279999|191.039993|191.419998|877700|0.9959506546|190.644867
2026-04-15|308|CIEN|471.779999|481.279999|454.339996|475.760010|3041100|1.0000000000|475.760010
2026-04-15|309|TTWO|207.660004|215.369995|206.580002|214.149994|1951700|1.0000000000|214.149994
2026-04-15|310|VTR|85.070000|85.510002|84.349998|84.870003|2818700|0.9941769319|84.375801
2026-04-15|311|AMZN|249.250000|250.440002|247.199997|248.500000|43045200|1.0000000000|248.500000
2026-04-15|312|ARE|45.400002|47.770000|45.060001|47.610001|2312000|0.9870480303|46.993359
2026-04-15|313|RL|369.790009|375.540009|366.350006|369.359985|473200|0.9975616297|368.459351
2026-04-15|314|BXP|55.020000|56.180000|54.599998|55.930000|2374500|0.9895631429|55.346268
2026-04-15|315|FIX|1642.900024|1659.390015|1598.469971|1648.959961|333800|0.9990909066|1647.460815
2026-04-15|316|YUM|161.050003|162.149994|160.580002|161.940002|1258600|0.9951301862|161.151382
2026-04-15|317|CHRW|168.509995|168.979996|166.960007|168.080002|1228700|0.9965870306|167.506348
2026-04-15|318|FE|50.880001|51.080002|50.470001|50.549999|5098600|0.9800753088|49.542809
2026-04-15|319|MTD|1342.219971|1349.199951|1310.910034|1315.849976|143900|1.0000000000|1315.849976
2026-04-15|320|PLD|137.779999|139.899994|137.490005|139.770004|4747200|0.9927946128|138.762909
2026-04-15|321|URI|771.070007|777.900024|756.690002|765.289978|525700|0.9962197184|762.396973
2026-04-15|322|AEE|111.239998|111.519997|110.250000|110.739998|1281400|0.9930004667|109.964867
2026-04-15|323|VRSN|268.660004|276.760010|268.100006|275.260010|1054300|0.9944277890|273.726196
2026-04-15|324|PWR|586.380005|593.719971|581.140015|591.820007|970100|0.9998472307|591.729614
2026-04-15|325|AMT|177.770004|178.699997|176.220001|176.990005|2129100|0.9905446092|175.316498
2026-04-15|326|MAR|365.799988|366.140015|360.869995|363.739990|1528400|0.9960059445|362.287201
2026-04-15|327|CTSH|60.799999|61.509998|60.259998|60.389999|4855500|0.9872095485|59.617584
2026-04-15|328|SRE|95.959999|96.410004|95.029999|95.470001|2848800|0.9929041305|94.792557
2026-04-15|329|CSGP|38.049999|39.520000|37.639999|39.310001|6507500|1.0000000000|39.310001
2026-04-15|330|RSG|211.089996|212.139999|209.809998|210.869995|1387200|0.9970890970|210.256165
2026-04-15|331|CCI|86.480003|87.050003|85.449997|85.629997|2696200|0.9884657123|84.642319
2026-04-15|332|EBAY|99.889999|101.250000|99.690002|100.010002|3895300|0.9972353518|99.431206
2026-04-15|333|NVDA|196.539993|200.399994|195.740005|198.869995|185338400|0.9988358556|198.638489
2026-04-15|334|BKNG|183.330002|186.600006|182.330002|185.690002|5933400|0.9974923877|185.224365
2026-04-15|335|GS|915.000000|927.789978|897.099976|899.489990|2403900|0.9956121536|895.543152
2026-04-15|336|FFIV|296.700012|300.350006|295.910004|299.089996|506900|1.0000000000|299.089996
2026-04-15|337|SBAC|218.509995|218.509995|212.720001|214.199997|1758200|0.9871816268|211.454285
2026-04-15|338|LII|515.090027|515.090027|467.779999|484.290009|1043100|0.9976091276|483.132141
2026-04-15|339|BLK|1053.810059|1062.000000|1043.449951|1048.599976|1005800|0.9943964168|1042.723999
2026-04-15|340|TKO|195.139999|197.470001|192.000000|193.100006|1258100|0.9961152636|192.349869
2026-04-15|341|AKAM|89.800003|92.879997|89.800003|90.379997|4958600|1.0000000000|90.379997
2026-04-15|342|UPS|102.949997|103.699997|102.029999|103.570000|5193500|0.9679890039|100.254623
2026-04-15|343|A|120.400002|121.809998|119.150002|119.769997|2035600|0.9980802530|119.540070
2026-04-15|344|TDY|644.700012|646.179993|626.950012|634.770020|420300|1.0000000000|634.770020
2026-04-15|345|PKG|209.539993|210.039993|204.690002|207.070007|821600|0.9934276825|205.709076
2026-04-15|346|EW|78.519997|78.949997|77.099998|78.199997|5128500|1.0000000000|78.199997
2026-04-15|347|MET|76.139999|77.900002|76.139999|77.519997|4056000|0.9862851080|76.456810
2026-04-15|348|ON|71.639999|72.550003|71.089996|72.430000|6025400|1.0000000000|72.430000
2026-04-15|349|ISRG|469.549988|473.989990|465.790009|468.359985|1935100|1.0000000000|468.359985
2026-04-15|350|CRL|180.800003|184.610001|177.380005|180.559998|976300|1.0000000000|180.559998
2026-04-15|351|MRVL|132.389999|138.190002|131.880005|134.600006|23450100|0.9997533605|134.566803
2026-04-15|352|EQIX|1059.770020|1059.770020|1043.290039|1052.979980|614000|0.9903463937|1042.814941
2026-04-15|353|TPR|149.779999|152.419998|149.729996|151.369995|1336300|0.9971524169|150.938950
2026-04-15|354|GRMN|264.420013|266.470001|263.730011|265.839996|830200|0.9955900883|264.667664
2026-04-15|355|GPN|69.050003|70.720001|68.900002|70.169998|2497400|0.9961797067|69.901924
2026-04-15|356|ALGN|187.320007|187.990005|185.339996|186.529999|785800|1.0000000000|186.529999
2026-04-15|357|WTW|288.619995|294.540009|287.880005|292.149994|672800|0.9963732529|291.090424
2026-04-15|358|MDLZ|57.680000|57.680000|56.340000|56.580002|8049800|0.9916874483|56.109680
2026-04-15|359|AXON|390.579987|404.149994|383.339996|402.179993|1164500|1.0000000000|402.179993
2026-04-15|360|FIS|47.389999|49.139999|47.099998|48.320000|6231500|0.9887092639|47.774433
2026-04-15|361|ACN|193.009995|196.449997|191.509995|194.000000|4433600|0.9881186678|191.695023
2026-04-15|362|ZBH|96.290001|96.669998|93.910004|94.199997|2168400|0.9973498233|93.950348
2026-04-15|363|BG|123.019997|123.190002|118.690002|120.000000|1640000|0.9877945902|118.535347
2026-04-15|364|PFG|94.500000|95.370003|93.760002|94.680000|1676200|0.9920864700|93.930748
2026-04-15|365|ELV|313.579987|314.920013|306.299988|311.179993|1375300|0.9959475060|309.918915
2026-04-15|366|CNC|37.380001|37.750000|36.660000|37.599998|4057300|1.0000000000|37.599998
2026-04-15|367|PRU|98.610001|100.169998|98.290001|99.419998|1945600|0.9752946989|96.963791
2026-04-15|368|NFLX|105.980003|107.849998|105.040001|107.709999|38023700|1.0000000000|107.709999
2026-04-15|369|NDAQ|87.260002|89.080002|87.050003|88.550003|3194800|0.9964261009|88.233536
2026-04-15|370|WYNN|105.589996|107.820000|105.070000|106.839996|1264000|0.9949442808|106.299843
2026-04-15|371|CME|296.890015|298.880005|294.940002|296.899994|1828700|0.9948418839|295.368561
2026-04-15|372|STX|520.830017|526.000000|503.109985|519.599976|3841400|0.9992874955|519.229736
2026-04-15|373|NRG|170.080002|170.470001|165.820007|168.449997|3048500|0.9934205862|167.341705
2026-04-15|374|AIZ|222.309998|224.570007|221.389999|224.009995|327100|0.9965805324|223.244003
2026-04-15|375|CBRE|147.119995|148.839996|145.770004|147.479996|1745300|1.0000000000|147.479996
2026-04-15|376|CRM|174.220001|179.619995|172.880005|177.600006|14340300|0.9974256962|177.142807
2026-04-15|377|DPZ|369.170013|370.000000|365.450012|368.070007|644500|0.9938557491|365.808502
2026-04-15|378|EXR|140.660004|141.119995|138.889999|141.059998|1274800|0.9892430283|139.542618
2026-04-15|379|GOOG|330.559998|335.000000|328.660004|334.470001|15104100|0.9993985127|334.268829
2026-04-15|380|GOOGL|332.890015|337.480011|330.899994|337.119995|24918800|0.9994030337|336.918762
2026-04-15|381|DLR|195.240005|195.970001|193.029999|195.690002|1672900|0.9933767643|194.393906
2026-04-15|382|MPWR|1345.719971|1362.250000|1329.459961|1353.000000|466100|0.9984765039|1350.938721
2026-04-15|383|LVS|55.580002|56.630001|55.310001|56.259998|2835400|0.9879067226|55.579632
2026-04-15|384|DXCM|63.040001|63.880001|61.369999|61.540001|5682900|1.0000000000|61.540001
2026-04-15|385|BLDR|87.800003|88.010002|83.930000|85.129997|1796900|1.0000000000|85.129997
2026-04-15|386|WBD|27.320000|27.350000|27.190001|27.200001|18238000|1.0000000000|27.200001
2026-04-15|387|EXPE|249.289993|259.500000|248.699997|257.440002|1426600|0.9964448664|256.524780
2026-04-15|388|CF|120.050003|120.830002|118.900002|120.809998|2517200|0.9908287958|119.702026
2026-04-15|389|AMP|465.690002|471.399994|462.880005|468.149994|526600|0.9932580907|464.993744
2026-04-15|390|ICE|163.190002|165.800003|162.330002|165.070007|2001800|0.9962997224|164.459213
2026-04-15|391|PSKY|11.100000|11.780000|11.050000|11.670000|11100600|0.9952244509|11.614269
2026-04-15|392|LYV|166.529999|168.089996|153.419998|155.820007|6431100|1.0000000000|155.820007
2026-04-15|393|CMG|35.060001|35.520000|34.930000|35.250000|10251200|1.0000000000|35.250000
2026-04-15|394|UAL|96.389999|96.970001|93.790001|94.269997|9046400|1.0000000000|94.269997
2026-04-15|395|TDG|1297.079956|1301.380005|1273.760010|1274.689941|324100|1.0000000000|1274.689941
2026-04-15|396|MA|516.000000|522.440002|513.200012|519.960022|2910800|0.9983264725|519.089844
2026-04-15|397|LDOS|156.539993|159.690002|156.100006|159.039993|814800|0.9964800263|158.480179
2026-04-15|398|FSLR|211.000000|211.000000|194.000000|195.199997|3515400|1.0000000000|195.199997
2026-04-15|399|BR|159.279999|163.639999|159.270004|160.830002|1044200|0.9932693636|159.747513
2026-04-15|400|SMCI|27.730000|27.930000|26.950001|27.290001|27816900|1.0000000000|27.290001
2026-04-15|401|TMUS|189.589996|192.130005|188.800003|190.190002|5767600|0.9946034600|188.078140
2026-04-15|402|DAL|71.559998|73.400002|70.870003|71.989998|12333500|0.9948974393|71.622665
2026-04-15|403|IBKR|78.389999|79.809998|78.019997|79.690002|5019300|0.9989881568|79.609367
2026-04-15|404|PODD|202.820007|205.669998|201.059998|202.500000|802900|1.0000000000|202.500000
2026-04-15|405|TEL|235.570007|236.880005|231.179993|234.149994|1540400|0.9922749574|232.341187
2026-04-15|406|BX|128.389999|131.190002|126.769997|130.190002|9540800|0.9808140125|127.692177
2026-04-15|407|LULU|161.320007|164.210007|160.350006|162.740005|1853500|1.0000000000|162.740005
2026-04-15|408|ULTA|533.469971|542.179993|531.000000|539.140015|513800|1.0000000000|539.140015
2026-04-15|409|MSCI|548.349976|562.109985|547.099976|560.059998|424800|0.9928506457|556.055908
2026-04-15|410|ECHO|132.130005|135.880005|130.309998|131.389999|5661700|1.0000000000|131.389999
2026-04-15|411|PM|158.990005|159.550003|157.110001|157.190002|3931200|0.9917776037|155.897522
2026-04-15|412|V|313.000000|316.730011|311.519989|315.910004|4831400|0.9960807290|314.671844
2026-04-15|413|AWK|132.100006|132.270004|128.789993|130.309998|2950700|0.9863367160|128.529541
2026-04-15|414|KDP|25.870001|26.180000|25.559999|26.000000|9802700|0.9929274294|25.816113
2026-04-15|415|SW|42.110001|42.110001|40.950001|41.400002|5214500|0.9797713221|40.562534
2026-04-15|416|AVGO|389.880005|397.079987|385.570007|396.720001|29559300|0.9984198371|396.093109
2026-04-15|417|VRSK|171.570007|179.509995|170.839996|176.839996|2253300|0.9972796518|176.358932
2026-04-15|418|DG|119.349998|121.750000|117.650002|121.559998|2845700|0.9949256041|120.943153
2026-04-15|419|FTNT|78.820000|80.070000|77.410004|79.639999|6151400|1.0000000000|79.639999
2026-04-15|420|CHTR|216.039993|223.850006|215.000000|220.289993|2028200|1.0000000000|220.289993
2026-04-15|421|FERG|258.299988|258.730011|253.710007|257.160004|1003600|0.9924610460|255.221298
2026-04-15|422|GNRC|211.050003|212.000000|201.070007|204.399994|751300|1.0000000000|204.399994
2026-04-15|423|LYB|73.279999|74.000000|72.900002|73.129997|5406600|0.9795355103|71.633430
2026-04-15|424|CBOE|303.399994|305.670013|300.750000|304.989990|537200|0.9979084359|304.352081
2026-04-15|425|TSLA|366.829987|394.649994|362.500000|391.950012|113810400|1.0000000000|391.950012
2026-04-15|426|KKR|101.500000|104.750000|101.500000|103.849998|6300600|0.9961485906|103.450035
2026-04-15|427|NXPI|210.259995|210.759995|206.539993|209.389999|1542400|0.9966193239|208.682129
2026-04-15|428|GM|79.540001|79.540001|77.760002|77.779999|6475600|0.9978370584|77.611763
2026-04-15|429|TRGP|237.190002|240.610001|236.470001|238.750000|895700|0.9903678073|236.450302
2026-04-15|430|CPAY|320.769989|327.170013|320.730011|323.959991|514800|1.0000000000|323.959991
2026-04-15|431|KMI|31.450001|31.850000|31.400000|31.700001|11561200|0.9816636474|31.118740
2026-04-15|432|HCA|496.040009|501.929993|485.269989|488.579987|1017100|0.9979998461|487.602753
2026-04-15|433|HII|392.309998|401.359985|391.980011|398.130005|357400|0.9956995948|394.577728
2026-04-15|434|APO|117.099998|121.129997|116.500000|120.540001|6630300|0.9916121637|119.528931
2026-04-15|435|MPC|222.449997|225.839996|220.570007|223.029999|1528000|0.9934777159|221.575333
2026-04-15|436|XYL|129.250000|130.179993|124.260002|125.190002|2332500|0.9923180477|124.228294
2026-04-15|437|APTV|58.919998|59.470001|57.540001|58.459999|2383100|1.0000000000|58.459999
2026-04-15|438|PSX|157.899994|161.860001|156.910004|161.440002|2311400|0.9875507674|159.430206
2026-04-15|439|AMCR|41.000000|41.119999|40.330002|40.599998|3959200|0.9836148215|39.934761
2026-04-15|440|META|667.000000|678.500000|664.219971|671.580017|14952600|0.9990740414|670.958191
2026-04-15|441|NOW|90.199997|94.830002|89.199997|94.190002|25835900|1.0000000000|94.190002
2026-04-15|442|PANW|164.490005|165.229996|161.690002|164.110001|7416200|1.0000000000|164.110001
2026-04-15|443|FANG|186.360001|188.779999|184.000000|185.869995|3336300|0.9890830467|183.840866
2026-04-15|444|WDAY|120.160004|124.660004|118.260002|124.120003|3813600|1.0000000000|124.120003
2026-04-15|445|ABBV|208.990005|209.820007|205.550003|208.419998|5952100|0.9929324291|206.946976
2026-04-15|446|NCLH|21.100000|21.360001|20.780001|21.120001|9464800|1.0000000000|21.120001
2026-04-15|447|ZTS|121.739998|122.470001|120.199997|120.760002|2209900|0.9887765322|119.404655
2026-04-15|448|IQV|175.820007|180.720001|175.809998|178.100006|1288200|1.0000000000|178.100006
2026-04-15|449|NWS|28.980000|29.389999|28.950001|29.150000|969900|1.0000000000|29.150000
2026-04-15|450|NWSA|25.280001|25.559999|25.129999|25.330000|3202100|1.0000000000|25.330000
2026-04-15|451|CDW|130.039993|130.940002|128.279999|129.559998|1015900|0.9893792048|128.183960
2026-04-15|452|VEEV|162.369995|168.100006|160.000000|167.300003|2709400|1.0000000000|167.300003
2026-04-15|453|ALLE|146.210007|146.470001|140.220001|141.639999|1365200|0.9958946033|141.058517
2026-04-15|454|HLT|330.709991|331.670013|325.799988|328.910004|1197100|0.9990803866|328.607513
2026-04-15|455|ARES|114.400002|120.290001|114.290001|119.279999|5099000|0.9900265958|118.090370
2026-04-15|456|ANET|154.820007|155.225006|150.520004|154.330002|5835300|1.0000000000|154.330002
2026-04-15|457|SYF|76.000000|76.809998|75.364998|75.989998|2372800|0.9916769819|75.357529
2026-04-15|458|CFG|65.019997|65.650002|64.324997|65.190002|4787800|0.9864525111|64.306839
2026-04-15|459|KEYS|327.160004|328.429993|320.040009|325.250000|788000|1.0000000000|325.250000
2026-04-15|460|GDDY|79.709999|82.809998|79.570000|82.330002|1836400|1.0000000000|82.330002
2026-04-15|461|KHC|22.065001|22.209999|21.780001|22.010000|13469800|0.9821984863|21.618189
2026-04-15|462|PYPL|48.514999|49.755001|47.900002|49.570000|13074000|0.9967143863|49.407135
2026-04-15|463|LITE|856.885010|859.489990|800.559998|824.010010|5994400|1.0000000000|824.010010
2026-04-15|464|HPE|24.420000|24.719999|24.254999|24.620001|9348500|0.9970828234|24.548180
2026-04-15|465|XYZ|67.000000|68.330002|66.099998|67.970001|4612300|1.0000000000|67.970001
2026-04-15|466|FTV|59.630001|59.764999|58.720001|59.369999|2236500|0.9990168769|59.311630
2026-04-15|467|DELL|182.940002|182.990005|177.000000|177.279999|7793300|0.9952707496|176.441605
2026-04-15|468|TTD|21.430000|22.549999|21.299999|22.379999|15488600|1.0000000000|22.379999
2026-04-15|469|VST|165.500000|166.520004|162.149994|162.940002|3098300|0.9986015267|162.712143
2026-04-15|470|HWM|257.119995|258.070007|252.419998|254.039993|1685700|0.9990766853|253.805435
2026-04-15|471|INVH|26.430000|26.565001|26.275000|26.280001|3430100|0.9898785423|26.014009
2026-04-15|472|CVNA|374.900017|385.999985|368.680000|371.080017|2888600|0.2000000000|74.216003
2026-04-15|473|IR|87.699997|88.070000|82.510002|83.389999|5978100|0.9994839545|83.346962
2026-04-15|474|VICI|28.290001|28.330000|27.954000|28.129999|5573500|0.9834741092|27.665127
2026-04-15|475|VRT|309.500000|311.000000|296.640015|301.160004|5353600|0.9997919900|301.097351
2026-04-15|476|MRNA|53.759998|55.200001|53.259998|54.259998|4806900|1.0000000000|54.259998
2026-04-15|477|FOXA|63.580002|64.059998|63.110001|63.660000|1858400|1.0000000000|63.660000
2026-04-15|478|FOX|56.820000|57.529999|56.639999|57.049999|942600|1.0000000000|57.049999
2026-04-15|479|DOW|39.150002|39.415001|38.720001|38.840000|9404300|0.9899338512|38.449032
2026-04-15|480|UBER|73.860001|77.930000|73.793999|77.279999|19696000|1.0000000000|77.279999
2026-04-15|481|CTVA|82.910004|82.910004|81.139999|81.320000|3258800|0.9977005620|81.133011
2026-04-15|482|CRWD|407.000000|411.980011|402.049988|411.160004|3108100|0.2500000000|102.790001
2026-04-15|483|DDOG|113.989998|121.180000|112.449997|121.059998|5483000|1.0000000000|121.059998
2026-04-15|484|CARR|64.010002|64.010002|57.700001|58.549999|16954400|0.9928803129|58.133144
2026-04-15|485|OTIS|81.309998|81.750000|80.459999|81.000000|3720000|0.9879889159|80.027107
2026-04-15|486|PLTR|136.789993|142.580002|134.929993|142.149994|48389400|1.0000000000|142.149994
2026-04-15|487|DASH|165.360001|180.960007|164.190002|179.934998|6997300|1.0000000000|179.934998
2026-04-15|488|ABNB|134.509995|138.050003|134.100006|137.509995|3562400|1.0000000000|137.509995
2026-04-15|489|EXE|95.349998|96.730003|94.940002|96.050003|3052500|0.9880522369|94.902428
2026-04-15|490|COIN|185.660004|196.460007|183.520004|195.899994|11817400|1.0000000000|195.899994
2026-04-15|491|APP|438.950012|465.910004|433.670013|464.630005|4915400|1.0000000000|464.630005
2026-04-15|492|HOOD|83.550003|87.550003|81.500000|87.320000|72707200|1.0000000000|87.320000
2026-04-15|493|CEG|298.445007|299.859985|292.635010|294.730011|1930300|0.9969162535|293.821136
2026-04-15|494|GEHC|74.629997|75.080002|73.440002|73.510002|3159100|0.9994353928|73.468498
2026-04-15|495|KVUE|17.350000|17.385000|17.165001|17.299999|12183700|0.9772015009|16.905584
2026-04-15|496|VLTO|92.410004|92.480003|91.595001|92.320000|1562700|0.9985280797|92.184113
2026-04-15|497|RDDT|156.779999|160.380005|155.330002|158.479996|4173900|1.0000000000|158.479996
2026-04-15|498|SOLV|69.510002|69.550003|68.449997|69.099998|1141900|1.0000000000|69.099998
2026-04-15|499|GEV|985.099976|1003.989990|973.679993|985.919983|2306900|0.9994893113|985.416504
2026-04-15|500|SNDK|929.864990|937.989990|873.929993|891.719971|16269600|1.0000000000|891.719971
2026-04-15|501|Q|131.729996|132.750000|129.199997|131.789993|1307300|0.9994967288|131.723679
