date|security_id|ticker|open|high|low|close|volume|adj_factor|adj_close_vendor
2026-04-01|1|AEP|130.690002|132.160004|130.509995|131.669998|2582500|0.9852885257|129.732925
2026-04-01|2|BA|203.500000|210.279999|203.500000|207.320007|9664500|1.0000000000|207.320007
2026-04-01|3|CAT|722.000000|740.010010|719.739990|730.320007|2435800|0.9962516275|727.582520
2026-04-01|4|CNP|42.910000|43.430000|42.810001|43.250000|3453900|0.9886466776|42.758968
2026-04-01|5|CVX|201.990005|204.779999|194.910004|197.410004|23051900|0.9823507513|193.925873
2026-04-01|6|DIS|97.260002|98.360001|96.489998|96.559998|8518600|0.9923958226|95.825737
2026-04-01|7|DTE|145.210007|147.330002|145.210007|147.119995|692100|0.9921049063|145.958466
2026-04-01|8|ED|112.470001|114.059998|112.199997|113.910004|1690300|0.9836258984|112.044830
2026-04-01|9|GD|346.809998|353.029999|345.100006|350.529999|1118000|0.9910149667|347.380493
2026-04-01|10|GE|290.209991|295.500000|289.989990|292.679993|5242500|0.9987550328|292.315613
2026-04-01|11|HON|227.210003|229.700006|226.620002|228.200007|3837700|1.0399150842|237.308640
2026-04-01|12|HPQ|19.200001|19.309999|18.639999|18.950001|17760700|0.9879711310|18.722054
2026-04-01|13|IBM|242.119995|246.259995|240.139999|243.139999|4228700|0.9856234381|239.644485
2026-04-01|14|IP|36.000000|36.480000|35.340000|35.660000|6189100|0.9742073595|34.740234
2026-04-01|15|JNJ|245.600006|247.199997|243.740005|244.119995|6314600|0.9894021702|241.532852
2026-04-01|16|KO|76.150002|76.360001|75.260002|76.080002|15834300|0.9935850886|75.591957
2026-04-01|17|KR|71.889999|72.070000|69.760002|70.540001|6761100|0.9879807975|69.692169
2026-04-01|18|LMT|608.820007|619.099976|606.109985|617.640015|1118100|0.9934960884|613.622925
2026-04-01|19|MMM|146.020004|147.279999|145.169998|145.250000|2419700|0.9905187908|143.872849
2026-04-01|20|MO|65.360001|65.739998|63.680000|65.480003|11515300|0.9852654995|64.515190
2026-04-01|21|MRK|120.879997|122.190002|120.269997|120.839996|6351700|0.9928601430|119.977219
2026-04-01|22|MSI|432.209991|437.579987|430.070007|434.130005|852300|0.9970118292|432.832764
2026-04-01|23|PG|143.919998|144.970001|143.210007|144.089996|8061700|0.9851719538|141.953430
2026-04-01|24|XOM|165.770004|168.000000|159.529999|160.779999|37927600|0.9868681737|158.668671
2026-04-01|25|RTX|194.470001|196.639999|193.550003|194.720001|4127200|0.9925545778|193.270218
2026-04-01|26|MCD|310.170013|311.000000|304.000000|307.290009|3887300|0.9932635540|305.219971
2026-04-01|27|AXP|306.769989|307.250000|299.630005|301.450012|3403300|0.9941272834|299.679688
2026-04-01|28|BMY|61.209999|62.230000|60.869999|61.730000|9881900|0.9787458882|60.417984
2026-04-01|29|DD|46.309998|46.960002|46.049998|46.210002|3339999|2.9881422927|138.082062
2026-04-01|30|DE|565.440002|579.369995|564.150024|570.700012|1573400|0.9974147424|569.224609
2026-04-01|31|EMR|132.149994|134.399994|131.440002|132.369995|2898100|0.9926085470|131.391586
2026-04-01|32|ETN|362.059998|368.429993|361.739990|365.559998|1980500|0.9947965913|363.657806
2026-04-01|33|ETR|111.809998|114.070000|111.809998|113.580002|3023600|0.9886701734|112.293159
2026-04-01|34|F|11.620000|11.690000|11.580000|11.680000|33991700|0.9769709546|11.411021
2026-04-01|35|HAL|38.470001|38.799999|37.639999|38.000000|17541600|0.9957637679|37.839024
2026-04-01|36|LLY|926.880005|976.679993|925.989990|954.520020|6267900|0.9968530383|951.516235
2026-04-01|37|PCG|17.540001|17.799999|17.440001|17.750000|15616600|0.9970997679|17.698521
2026-04-01|38|PEP|153.550003|155.149994|153.259995|154.649994|5412600|0.9895884624|153.039841
2026-04-01|39|PFE|28.270000|28.639999|28.040001|28.549999|44208500|0.9668473999|27.603493
2026-04-01|40|TXN|194.279999|197.259995|194.279999|196.300003|5432000|0.9898764050|194.312729
2026-04-01|41|WFC|81.190002|81.699997|80.180000|80.570000|14979400|0.9886393471|79.654678
2026-04-01|42|HUBB|496.559998|504.909912|495.779999|500.380005|421534|0.9970037769|498.880768
2026-04-01|43|WMT|123.800003|125.230003|123.129997|124.739998|17039700|0.9957114974|124.205048
2026-04-01|44|AIG|75.070000|76.209999|74.669998|75.559998|2879700|0.9933984683|75.061188
2026-04-01|45|AVY|172.929993|176.509995|172.809998|173.100006|550600|0.9936321953|171.997742
2026-04-01|46|BAC|49.700001|50.049999|48.779999|49.270000|32947000|0.9948310871|49.015327
2026-04-01|47|BALL|59.169998|60.939999|59.000000|60.369999|3112400|0.9963416864|60.149147
2026-04-01|48|BDX|157.699997|158.960007|155.820007|156.339996|2459500|0.9929995336|155.245544
2026-04-01|49|CLX|103.330002|105.529999|102.500000|104.239998|2529900|0.9761478543|101.753654
2026-04-01|50|CMI|549.859985|556.950012|543.479980|550.090027|744100|0.9931721942|546.334106
2026-04-01|51|CMS|77.070000|78.150002|77.070000|77.919998|3339200|0.9843492113|76.700493
2026-04-01|52|CVS|72.059998|72.750000|71.820000|72.489998|5099600|0.9851999130|71.417137
2026-04-01|53|ECL|267.450012|270.859985|265.559998|269.540009|1095900|0.9972820015|268.807404
2026-04-01|54|ES|68.519997|69.750000|68.000000|69.650002|2467200|0.9882685720|68.832909
2026-04-01|55|EVRG|81.750000|82.620003|81.519997|82.279999|1084100|0.9834796618|80.920708
2026-04-01|56|GWW|1094.079956|1112.810059|1093.020020|1107.579956|215500|0.9960365882|1103.190063
2026-04-01|57|LNT|71.360001|72.349998|71.320000|71.940002|1823000|0.9850786184|70.866562
2026-04-01|58|MKC|50.250000|50.980000|48.049999|48.380001|11369400|0.9822640876|47.521938
2026-04-01|59|MRSH|172.770004|174.750000|171.580002|171.869995|2839900|0.9892843147|170.028290
2026-04-01|60|NEE|92.730003|93.870003|92.239998|92.849998|7759400|0.9927287582|91.486893
2026-04-01|61|NI|46.580002|47.250000|46.430000|46.900002|2322400|0.9871584841|46.297737
2026-04-01|62|PNW|100.220001|101.970001|100.220001|101.529999|1062300|0.9822795276|99.730843
2026-04-01|63|RVTY|88.209999|89.860001|87.139999|87.919998|693500|0.9985919505|87.796204
2026-04-01|64|SNA|364.630005|368.260010|363.000000|367.019989|304800|0.9870969475|362.284302
2026-04-01|65|SPGI|425.620011|427.660013|416.030013|425.169992|1877300|0.9417621693|400.408997
2026-04-01|66|TER|301.970001|316.809998|300.299988|312.200012|2961800|0.9996224662|312.082153
2026-04-01|67|TGT|121.150002|122.150002|120.410004|120.449997|4250600|0.9830946401|118.413742
2026-04-01|68|TXT|87.900002|89.720001|87.629997|88.910004|1216900|0.9997866667|88.891037
2026-04-01|69|VMC|273.600006|282.329987|273.540009|280.130005|1964100|0.9961649269|279.055695
2026-04-01|70|XEL|79.150002|80.279999|79.019997|79.709999|4618100|0.9925145167|79.113327
2026-04-01|71|ITW|260.230011|263.350006|259.440002|260.540009|1227100|0.9939806334|258.971741
2026-04-01|72|CL|84.790001|85.949997|84.589996|85.410004|5237200|0.9881586198|84.398636
2026-04-01|73|EXC|48.820000|49.150002|48.330002|48.880001|6654500|0.9906832302|48.424599
2026-04-01|74|MDT|86.580002|86.959999|85.400002|86.059998|7408400|0.9910581218|85.290459
2026-04-01|75|BNY|120.330002|121.910004|119.669998|120.970001|3854300|0.9920974180|120.014030
2026-04-01|76|EIX|73.199997|73.900002|72.669998|73.580002|3711400|0.9764773062|71.849205
2026-04-01|77|FRT|104.309998|106.459999|104.309998|106.059998|1243300|0.9908457552|105.089096
2026-04-01|78|PNR|86.980003|88.019997|86.669998|86.760002|1289000|0.9926207111|86.119774
2026-04-01|79|USB|52.750000|53.020000|52.259998|52.750000|7985700|0.9915143601|52.302383
2026-04-01|80|WY|24.280001|24.559999|24.129999|24.200001|3590500|0.9914979760|23.994251
2026-04-01|81|SYY|71.680000|72.550003|71.070000|72.169998|9668200|0.9859824728|71.158356
2026-04-01|82|WRB|65.370003|65.910004|64.989998|65.279999|1545000|0.9910634494|64.696625
2026-04-01|83|IFF|72.169998|73.790001|72.029999|72.570000|1517700|0.9947403026|72.188301
2026-04-01|84|TAP|42.619999|43.130001|42.000000|42.900002|2618400|0.9881685974|41.903996
2026-04-01|85|PNC|210.160004|211.910004|208.860001|209.240005|1899200|0.9845274632|206.002518
2026-04-01|86|TRV|290.959991|292.809998|288.519989|290.529999|1463900|0.9958368027|289.320465
2026-04-01|87|C|115.470001|116.790001|114.070000|115.300003|13273700|0.9902572054|114.176651
2026-04-01|88|FDX|358.889982|365.929990|357.800016|359.309986|1906300|0.8027880446|288.449768
2026-04-01|89|WDC|280.500000|304.950012|280.500000|297.730011|12920000|0.9997393571|297.652405
2026-04-01|90|DHR|190.559998|192.429993|189.470001|190.789993|3770600|0.9979297139|190.395004
2026-04-01|91|APA|41.349998|42.459999|40.369999|41.349998|14717700|0.9864084367|40.787983
2026-04-01|92|LUV|37.459999|38.880001|37.169998|38.230000|9651400|0.9956521741|38.063782
2026-04-01|93|PEG|80.449997|81.660004|80.440002|81.230003|2441200|0.9913815279|80.529922
2026-04-01|94|UNP|243.130005|246.130005|242.000000|243.119995|2444500|0.9948314607|241.863419
2026-04-01|95|ABT|102.839996|103.790001|102.209999|102.379997|7452500|0.9867277802|101.021187
2026-04-01|96|ADI|318.200012|325.750000|317.209991|320.579987|3145000|0.9972683702|319.704285
2026-04-01|97|ADM|73.320000|73.839996|71.680000|72.370003|3825000|0.9871845133|71.442543
2026-04-01|98|ADP|203.350006|204.440002|197.080002|201.279999|3077700|0.9924702132|199.764404
2026-04-01|99|AFL|109.730003|110.389999|108.930000|109.639999|1966500|0.9898631333|108.528595
2026-04-01|100|AMAT|345.290009|359.000000|341.429993|353.799988|5974800|0.9976914901|352.983246
2026-04-01|101|AMD|207.589996|213.830002|205.839996|210.210007|40835800|1.0000000000|210.210007
2026-04-01|102|APD|288.140015|290.089996|284.410004|289.429993|1727800|0.9938263181|287.643158
2026-04-01|103|BF-B|26.270000|26.719999|25.900000|26.510000|3382300|0.9913580245|26.280903
2026-04-01|104|CHD|92.500000|93.519997|91.349998|92.849998|2021300|0.9937159244|92.266518
2026-04-01|105|CINF|157.089996|158.740005|156.460007|157.660004|596900|0.9945494610|156.800674
2026-04-01|106|CMCSA|28.230000|28.389999|27.750000|28.049999|27163500|0.9865580444|27.672953
2026-04-01|107|D|61.610001|62.450001|61.610001|62.049999|3674900|0.9900860786|61.434841
2026-04-01|108|DOV|210.080002|211.889999|206.990005|207.300003|1178500|0.9975530563|206.792755
2026-04-01|109|DUK|130.429993|131.869995|129.860001|130.899994|4314900|0.9827918175|128.647446
2026-04-01|110|EFX|179.169998|180.320007|176.669998|179.660004|4244600|0.9965665237|179.043152
2026-04-01|111|EQT|62.500000|63.240002|60.959999|61.090000|11694400|0.9940720641|60.727859
2026-04-01|112|FITB|46.680000|47.410000|46.509998|46.820000|11797400|0.9929552658|46.490166
2026-04-01|113|GIS|37.060001|37.410000|36.570000|37.209999|8739000|0.9666684497|35.969734
2026-04-01|114|GPC|105.750000|105.949997|104.559998|105.180000|2871300|0.9892223458|104.046410
2026-04-01|115|HAS|91.599998|92.589996|88.419998|89.379997|3441200|0.9844894224|87.993668
2026-04-01|116|HBAN|15.810000|16.040001|15.750000|15.880000|30128200|0.9910508082|15.737886
2026-04-01|117|HRL|22.709999|22.709999|21.980000|22.030001|5321600|0.9742790885|21.463369
2026-04-01|118|HST|19.370001|19.370001|19.020000|19.100000|11319000|0.9630818621|18.394863
2026-04-01|119|HSY|203.389999|205.210007|199.619995|202.889999|2245600|0.9846288447|199.771347
2026-04-01|120|INTC|45.000000|48.770000|44.980000|48.029999|129598500|1.0000000000|48.029999
2026-04-01|121|J|128.259995|129.490005|126.650002|128.419998|670200|0.9944174758|127.703087
2026-04-01|122|JPM|295.390015|298.720001|292.910004|295.380005|11267200|0.9904464778|292.558075
2026-04-01|123|KMB|96.180000|98.019997|95.849998|97.570000|4287500|0.9864507253|96.248001
2026-04-01|124|L|105.019997|107.480003|105.019997|106.639999|649200|0.9988625697|106.518700
2026-04-01|125|LEN|86.879997|87.620003|85.309998|85.440002|3862300|0.9888298730|84.485626
2026-04-01|126|LOW|236.759995|238.460007|235.059998|235.979996|2378500|0.9891098782|233.410156
2026-04-01|127|MAS|60.619999|61.310001|60.009998|60.689999|2099300|0.9908891403|60.137062
2026-04-01|128|MTB|208.369995|210.630005|206.699997|208.979996|741800|0.9930590903|207.529480
2026-04-01|129|NEM|112.589996|115.570000|110.730003|113.790001|11528800|0.9976704596|113.524925
2026-04-01|130|NTRS|141.309998|143.199997|140.949997|141.410004|941900|0.9953773257|140.756302
2026-04-01|131|NUE|171.250000|175.279999|170.960007|173.720001|1413100|0.9975500919|173.294403
2026-04-01|132|OMC|75.019997|76.360001|74.870003|75.209999|4352000|0.9894221866|74.414444
2026-04-01|133|PCAR|115.779999|118.000000|115.779999|117.650002|2646200|0.9942707430|116.975960
2026-04-01|134|PGR|197.160004|197.699997|192.020004|193.360001|3182400|0.9990392069|193.174210
2026-04-01|135|PH|905.510010|929.000000|903.989990|920.770020|690700|0.9977448271|918.693481
2026-04-01|136|PHM|117.580002|118.820000|116.650002|117.150002|2084800|0.9978834255|116.902046
2026-04-01|137|PPG|107.489998|109.150002|106.250000|106.470001|1861300|0.9873814378|105.126503
2026-04-01|138|PPL|38.110001|38.509998|38.000000|38.369999|6350900|0.9920279720|38.064114
2026-04-01|139|RF|26.370001|26.520000|26.120001|26.340000|10007400|0.9905357143|26.090712
2026-04-01|140|ROL|53.340000|54.099998|53.330002|53.490002|3591800|0.9917679269|53.049671
2026-04-01|141|SHW|323.429993|331.100006|322.959991|325.700012|1835900|0.9951137391|324.108582
2026-04-01|142|STT|127.209999|129.339996|126.779999|128.250000|1798900|0.9950471700|127.614799
2026-04-01|143|SWK|71.510002|72.269997|70.779999|71.169998|1507300|0.9894240575|70.417305
2026-04-01|144|SYK|329.279999|331.570007|326.549988|329.399994|1657200|0.9973375287|328.522980
2026-04-01|145|TMO|496.299988|501.049988|491.859985|494.540009|1505100|0.9989985938|494.044769
2026-04-01|146|TPL|465.000000|474.839996|438.779999|439.200012|606700|0.9984732824|438.529480
2026-04-01|147|TSN|63.880001|64.639999|63.279999|64.300003|2364200|0.9916420846|63.762589
2026-04-01|148|TT|422.970001|431.239990|420.720001|428.140015|1453800|0.9977358979|427.170685
2026-04-01|149|TYL|338.290009|340.500000|329.200012|333.489990|422000|1.0000000000|333.489990
2026-04-01|150|UDR|33.630001|34.270000|33.630001|34.240002|3188200|0.9803230978|33.566265
2026-04-01|151|VTRS|13.600000|13.760000|13.560000|13.630000|9601500|0.9853197013|13.429908
2026-04-01|152|WEC|115.279999|116.800003|115.089996|116.169998|1916600|0.9829379991|114.187904
2026-04-01|153|WST|251.309998|254.479996|240.160004|252.740005|1094800|0.9985945833|252.384811
2026-04-01|154|NDSN|267.850006|271.380005|266.420013|267.239990|377900|0.9971745572|266.484924
2026-04-01|155|TFC|46.389999|47.150002|46.360001|46.709999|10065000|0.9798350561|45.768093
2026-04-01|156|WELL|197.750000|200.339996|196.929993|198.860001|3150300|0.9928496012|197.438080
2026-04-01|157|AON|321.880005|325.390015|318.000000|321.339996|1081400|0.9951005240|319.765625
2026-04-01|158|GL|139.500000|141.460007|139.179993|140.429993|644500|0.9958260151|139.843842
2026-04-01|159|OKE|89.199997|90.080002|86.070000|87.360001|5744200|0.9765151605|85.308365
2026-04-01|160|KLAC|1484.210052|1539.929962|1483.800049|1519.839935|879900|0.0997597720|151.618896
2026-04-01|161|CSX|41.330002|42.000000|41.270000|41.439999|15697000|0.9969438988|41.313354
2026-04-01|162|PSA|270.350006|276.820007|269.570007|276.239990|930100|0.9907958521|273.697449
2026-04-01|163|NKE|46.560001|46.830002|44.560001|44.630001|114225700|0.9911312999|44.234192
2026-04-01|164|AAPL|254.080002|256.179993|253.330002|255.630005|40059400|0.9982185855|255.174622
2026-04-01|165|BRO|64.800003|65.419998|63.730000|64.400002|4012900|0.9947741799|64.063454
2026-04-01|166|UHS|177.570007|180.449997|176.210007|177.940002|743500|0.9986223049|177.694855
2026-04-01|167|HD|329.369995|333.089996|327.809998|329.559998|3386200|0.9925551970|327.106476
2026-04-01|168|BAX|17.000000|17.200001|16.760000|16.780001|8409400|0.9994805195|16.764816
2026-04-01|169|COP|128.149994|129.929993|126.440002|128.380005|12979900|0.9860463925|126.588638
2026-04-01|170|GLW|138.000000|144.699997|137.899994|142.380005|12314400|0.9984696945|142.162125
2026-04-01|171|HUM|173.529999|178.839996|172.039993|176.949997|1528900|0.9976462766|176.533508
2026-04-01|172|LHX|348.839996|355.540009|347.109985|353.910004|1305000|0.9959648783|352.481934
2026-04-01|173|NOC|689.340027|702.179993|684.750000|697.000000|551300|0.9956180811|693.945801
2026-04-01|174|OXY|64.080002|65.570000|61.169998|62.230000|28329500|0.9954022988|61.943882
2026-04-01|175|ROK|363.329987|371.730011|361.059998|368.920013|949900|0.9938632005|366.656006
2026-04-01|176|SLB|50.349998|51.380001|49.540001|50.029999|19574100|0.9947843000|49.769058
2026-04-01|177|SO|96.089996|97.139999|95.940002|96.940002|4918300|0.9836658196|95.356567
2026-04-01|178|WMB|71.750000|72.629997|71.080002|71.830002|8063000|0.9926696456|71.303459
2026-04-01|179|VLO|242.750000|245.009995|235.690002|241.460007|5062300|0.9914397807|239.393051
2026-04-01|180|CI|266.549988|268.910004|265.269989|267.320007|1157900|0.9942378017|265.779663
2026-04-01|181|NSC|288.579987|291.019989|287.000000|287.000000|1770900|0.9917671837|284.637177
2026-04-01|182|COO|71.830002|72.389999|71.150002|71.430000|1763900|1.0000000000|71.430000
2026-04-01|183|AMGN|354.899994|357.000000|351.660004|353.279999|2726600|0.9867386103|348.595001
2026-04-01|184|RJF|145.369995|146.020004|140.500000|143.399994|1321500|0.9964480694|142.890640
2026-04-01|185|WSM|179.949997|182.759995|177.789993|180.369995|1113500|0.9927167515|179.056320
2026-04-01|186|CAH|211.360001|213.419998|210.080002|212.020004|1462800|0.9978279171|211.559479
2026-04-01|187|CTAS|167.800003|172.679993|167.550003|172.039993|2962600|0.9947044338|171.128952
2026-04-01|188|PAYX|91.739998|92.309998|89.690002|90.910004|5971000|0.9771272923|88.830643
2026-04-01|189|BEN|23.799999|24.030001|23.590000|23.590000|3939100|0.9900632337|23.355593
2026-04-01|190|AOS|66.050003|66.629997|65.010002|65.080002|1609600|0.9883617008|64.322578
2026-04-01|191|CASY|726.840027|738.000000|722.909973|737.159973|684500|0.9985579358|736.096924
2026-04-01|192|T|28.950001|28.969999|28.059999|28.309999|43112500|0.9765662530|27.646589
2026-04-01|193|VZ|50.070000|50.169998|49.169998|49.389999|28398900|0.9686690897|47.842567
2026-04-01|194|JBHT|212.250000|216.449997|211.399994|213.440002|782900|0.9964612666|212.684692
2026-04-01|195|ATO|183.600006|186.589996|183.580002|185.490005|811200|0.9884163190|183.341339
2026-04-01|196|LRCX|215.449997|225.500000|215.000000|222.009995|10697600|0.9992960416|221.853714
2026-04-01|197|MU|348.910004|377.890015|343.000000|367.850006|74429800|0.9998462422|367.793427
2026-04-01|198|AJG|217.779999|219.770004|215.470001|216.339996|1864000|0.9966824645|215.622284
2026-04-01|199|AME|216.889999|221.080002|216.000000|218.630005|1184800|0.9985029940|218.302704
2026-04-01|200|SWKS|53.590000|54.389999|52.900002|53.220001|3277600|0.9913855858|52.761543
2026-04-01|201|EXPD|142.649994|146.240005|142.330002|144.309998|917000|0.9948730934|143.570129
2026-04-01|202|UNH|274.209991|275.299988|270.760010|273.980011|5473400|0.9943209633|272.424072
2026-04-01|203|BBY|64.820000|64.989998|63.619999|64.309998|2836500|0.9868673048|63.465435
2026-04-01|204|DOC|16.400000|16.500000|15.990000|16.379999|11539000|0.9746865370|15.965364
2026-04-01|205|ADSK|238.860001|240.490005|232.179993|237.869995|1800300|1.0000000000|237.869995
2026-04-01|206|DVN|49.099998|49.820000|47.639999|48.590000|18746100|0.9929375416|48.246838
2026-04-01|207|NVR|6584.950195|6748.979980|6532.509766|6664.189941|23800|1.0000000000|6664.189941
2026-04-01|208|ROST|217.740005|222.029999|216.470001|219.949997|2612400|0.9980432679|219.519608
2026-04-01|209|JKHY|158.149994|158.149994|154.279999|155.630005|997900|0.9955252350|154.933594
2026-04-01|210|MNST|72.419998|73.199997|71.870003|72.769997|4253000|0.5000000000|72.769997
2026-04-01|211|ORCL|149.089996|149.649994|144.669998|145.229996|20495900|0.9930647011|144.222794
2026-04-01|212|MSFT|373.489990|373.989990|368.200012|369.369995|29417200|0.9959638868|367.879181
2026-04-01|213|TROW|90.379997|91.250000|89.650002|89.870003|2538900|0.9881430134|88.804413
2026-04-01|214|COST|995.030029|1003.130005|990.590027|996.559998|1769800|0.9969659831|993.536438
2026-04-01|215|ADBE|241.960007|243.479996|235.000000|241.369995|3746700|1.0000000000|241.369995
2026-04-01|216|FISV|55.799999|56.150002|53.779999|55.450001|5817700|1.0000000000|55.450001
2026-04-01|217|BKR|60.430000|61.040001|59.180000|60.340000|8845800|0.9930140272|59.918468
2026-04-01|218|CDNS|280.190002|281.600006|274.660004|280.190002|1762400|1.0000000000|280.190002
2026-04-01|219|TJX|160.460007|162.369995|160.000000|162.029999|4003900|0.9936003560|160.993057
2026-04-01|220|FICO|1059.119995|1072.010010|1030.130005|1061.989990|254200|1.0000000000|1061.989990
2026-04-01|221|CCL|26.490000|26.740000|26.030001|26.580000|27439500|0.9887339129|26.280546
2026-04-01|222|FAST|46.549999|46.950001|46.209999|46.630001|5737600|0.9892709750|46.129707
2026-04-01|223|SCHW|95.010002|95.440002|90.000000|92.360001|15988700|0.9935274715|91.762192
2026-04-01|224|JCI|133.020004|135.600006|132.529999|134.720001|2910800|0.9972406182|134.348251
2026-04-01|225|COHR|244.139999|256.880005|244.139999|247.800003|6927800|1.0000000000|247.800003
2026-04-01|226|KEY|20.080000|20.510000|20.080000|20.340000|15971800|0.9901913874|20.140493
2026-04-01|227|MOS|25.500000|26.580000|25.120001|26.540001|11277200|0.9899359564|26.272902
2026-04-01|228|MGM|37.450001|37.669998|36.509998|36.779999|4079500|1.0000000000|36.779999
2026-04-01|229|WM|230.289993|232.490005|228.729996|231.000000|2034800|0.9956851284|230.003265
2026-04-01|230|TECH|52.290001|54.099998|52.290001|53.480000|2458700|0.9970482740|53.322144
2026-04-01|231|IEX|190.520004|192.869995|189.160004|191.979996|724700|0.9931996195|190.674454
2026-04-01|232|GEN|18.900000|19.170000|18.459999|18.709999|8610900|0.9903038605|18.528584
2026-04-01|233|CRH|106.209999|107.790001|105.570000|106.199997|3240100|0.9923991275|105.392784
2026-04-01|234|EOG|140.919998|142.580002|138.460007|140.419998|5707200|0.9849854996|138.311661
2026-04-01|235|PTC|142.490005|143.949997|140.110001|142.520004|770900|1.0000000000|142.520004
2026-04-01|236|CSCO|78.000000|79.120003|77.809998|77.930000|21309000|0.9909035959|77.221123
2026-04-01|237|LH|266.670013|273.529999|265.299988|272.739990|715400|0.9972597526|271.410706
2026-04-01|238|TRMB|65.620003|65.910004|63.970001|65.080002|1870500|1.0000000000|65.080002
2026-04-01|239|AZO|3384.719971|3444.219971|3376.679932|3426.469971|98300|1.0000000000|3426.469971
2026-04-01|240|REGN|775.000000|781.210022|769.969971|777.250000|627400|0.9973440317|775.185608
2026-04-01|241|IDXX|561.669983|568.750000|557.500000|564.659973|490500|1.0000000000|564.659973
2026-04-01|242|AES|14.070000|14.230000|14.070000|14.200000|10275900|0.9761125722|13.860799
2026-04-01|243|VRTX|449.170013|453.980011|446.709991|447.260010|1188100|1.0000000000|447.260010
2026-04-01|244|ZBRA|208.910004|210.190002|204.720001|207.279999|708700|1.0000000000|207.279999
2026-04-01|245|BIIB|183.160004|186.309998|181.710007|183.779999|1390200|1.0000000000|183.779999
2026-04-01|246|ODFL|194.669998|201.630005|194.669998|199.630005|2053500|0.9987340667|199.377289
2026-04-01|247|APH|127.169998|129.729996|127.160004|127.699997|7359900|0.9984936130|127.507629
2026-04-01|248|KIM|22.379999|22.590000|22.370001|22.450001|5713300|0.9891711788|22.206894
2026-04-01|249|QCOM|128.000000|130.229996|126.980003|127.279999|10210700|0.9963201471|126.811623
2026-04-01|250|GILD|139.690002|141.490005|138.820007|140.300003|5286500|0.9934708175|139.383957
2026-04-01|251|ROP|351.470001|356.470001|347.540009|355.869995|1350900|0.9949619600|354.077118
2026-04-01|252|SNPS|403.299988|403.470001|394.500000|396.739990|1163600|1.0000000000|396.739990
2026-04-01|253|STZ|152.250000|152.630005|148.300003|151.089996|2472700|0.9856055004|148.915131
2026-04-01|254|BSX|63.720001|64.230003|61.959999|62.000000|19486600|1.0000000000|62.000000
2026-04-01|255|STE|220.029999|222.399994|218.679993|219.940002|659000|0.9970332000|219.287476
2026-04-01|256|DHI|136.929993|139.990005|135.979996|138.250000|2166600|0.9940209933|137.423401
2026-04-01|257|LIN|492.820007|494.440002|488.489990|493.829987|2472400|0.9968477255|492.273315
2026-04-01|258|SBUX|90.250000|91.029999|89.480003|90.430000|8044500|0.9884945611|89.389565
2026-04-01|259|MS|168.910004|169.289993|163.199997|166.169998|7117000|0.9892093304|164.376923
2026-04-01|260|INTU|431.260010|431.619995|413.750000|425.869995|2743600|0.9925226498|422.685638
2026-04-01|261|MCHP|64.830002|66.529999|64.510002|65.379997|7926800|0.9890553567|64.664436
2026-04-01|262|CB|324.959991|328.500000|323.950012|327.160004|1212200|0.9968895800|326.142395
2026-04-01|263|ORLY|92.480003|93.230003|91.669998|92.099998|5722300|1.0000000000|92.099998
2026-04-01|264|RCL|282.850006|285.500000|278.000000|282.059998|2272100|0.9948418155|280.605072
2026-04-01|265|JBL|270.000000|275.579987|269.640015|271.959991|738400|0.9995582709|271.839844
2026-04-01|266|ALL|206.050003|206.839996|203.419998|204.100006|1659900|0.9947595710|203.030426
2026-04-01|267|CPT|98.309998|98.959999|97.550003|98.269997|1475700|0.9909199930|97.377708
2026-04-01|268|VMRK|59.029999|59.770000|58.930000|59.549999|2169100|0.9897192157|58.937778
2026-04-01|269|IT|157.690002|158.479996|151.250000|154.789993|1432000|1.0000000000|154.789993
2026-04-01|270|DECK|98.779999|103.430000|98.010002|100.910004|2397800|1.0000000000|100.910004
2026-04-01|271|REG|75.489998|76.500000|75.379997|76.110001|1272200|0.9906432027|75.397858
2026-04-01|272|INCY|94.650002|95.559998|93.800003|94.300003|1481000|1.0000000000|94.300003
2026-04-01|273|SPG|186.660004|188.800003|186.020004|188.089996|1988700|0.9891482587|186.048889
2026-04-01|274|MAA|121.599998|123.230003|121.599998|122.550003|1151200|0.9765831817|119.680275
2026-04-01|275|MLM|593.570007|606.530029|592.280029|598.919983|383700|0.9985730005|598.065308
2026-04-01|276|TSCO|45.369999|45.529999|44.330002|44.529999|6109000|0.9851405019|43.868305
2026-04-01|277|ALB|182.720001|185.690002|176.080002|178.470001|1842700|0.9974537910|178.015579
2026-04-01|278|CPRT|33.130001|33.520000|32.910000|33.020000|6103500|1.0000000000|33.020000
2026-04-01|279|FLEX|66.930000|68.599998|66.639999|68.239998|3103200|1.0000000000|68.239998
2026-04-01|280|ESS|241.220001|244.479996|240.539993|243.080002|407100|0.9912479300|240.952560
2026-04-01|281|O|61.250000|61.990002|61.009998|61.880001|5998900|0.9829305716|60.823746
2026-04-01|282|MCO|437.769989|440.519989|425.970001|438.779999|1111700|0.9955156672|436.812408
2026-04-01|283|SJM|95.379997|96.279999|94.680000|95.489998|1845200|0.9798392929|93.564850
2026-04-01|284|MCK|863.080017|880.859985|863.000000|872.320007|729500|0.9988955336|871.356567
2026-04-01|285|COF|185.610001|187.410004|183.669998|184.500000|4468100|0.9922218930|183.064941
2026-04-01|286|EME|747.859985|769.969971|746.109985|759.549988|252900|0.9989862194|758.779968
2026-04-01|287|DLTR|110.480003|110.790001|108.550003|108.699997|1671100|1.0000000000|108.699997
2026-04-01|288|COR|313.700012|319.869995|313.220001|317.660004|1532500|0.9957711437|316.316650
2026-04-01|289|DRI|195.750000|197.279999|193.039993|193.059998|1376800|0.9843985059|190.047974
2026-04-01|290|RMD|224.619995|225.800003|221.000000|222.850006|1051900|0.9941821390|221.553497
2026-04-01|291|WAB|252.369995|258.380005|252.080002|256.029999|1545700|0.9977552294|255.455276
2026-04-01|292|FCX|60.750000|62.049999|59.900002|61.200001|23684000|0.9953868541|60.917679
2026-04-01|293|IVZ|24.500000|24.790001|24.250000|24.320000|4548800|0.9856541725|23.971109
2026-04-01|294|ACGL|95.730003|95.800003|94.669998|95.489998|2325400|1.0000000000|95.489998
2026-04-01|295|ERIE|251.050003|251.050003|245.000000|246.990005|145100|0.9885906317|244.171997
2026-04-01|296|EG|324.839996|328.809998|321.750000|323.869995|259200|0.9940520446|321.943634
2026-04-01|297|DVA|152.839996|153.720001|150.320007|150.339996|978200|1.0000000000|150.339996
2026-04-01|298|HSIC|73.699997|74.620003|73.000000|73.040001|1149200|1.0000000000|73.040001
2026-04-01|299|EL|72.320000|73.900002|70.150002|70.709999|7895100|0.9961483439|70.437645
2026-04-01|300|WAT|301.929993|305.980011|297.390015|299.890015|911800|1.0000000000|299.890015
2026-04-01|301|NTAP|102.389999|103.959999|100.849998|102.040001|1867000|0.9918913810|101.212593
2026-04-01|302|HIG|134.889999|135.750000|134.190002|134.649994|1290600|0.9952804215|134.014511
2026-04-01|303|IRM|103.059998|104.080002|100.900002|100.949997|1505500|0.9932096824|100.264511
2026-04-01|304|BRK-B|478.980011|481.100006|477.250000|478.500000|3600800|1.0000000000|478.500000
2026-04-01|305|FDS|215.860001|227.449997|214.240005|224.860001|1689300|0.9951444118|223.768173
2026-04-01|306|STLD|181.970001|184.940002|181.199997|182.850006|1036700|0.9977371702|182.436249
2026-04-01|307|DGX|195.509995|198.860001|194.089996|197.690002|587300|0.9916252453|196.034393
2026-04-01|308|CIEN|401.709991|421.989990|399.820007|415.390015|2677100|1.0000000000|415.390015
2026-04-01|309|TTWO|198.000000|199.479996|196.550003|198.199997|1348600|1.0000000000|198.199997
2026-04-01|310|VTR|82.629997|82.650002|81.559998|82.010002|3074600|0.9941769319|81.532455
2026-04-01|311|AMZN|210.440002|213.580002|208.190002|210.570007|45955400|1.0000000000|210.570007
2026-04-01|312|ARE|46.500000|46.500000|43.250000|43.290001|4217400|0.9870480303|42.729309
2026-04-01|313|RL|347.230011|357.500000|344.269989|353.010010|677900|0.9975616297|352.149231
2026-04-01|314|BXP|51.930000|52.680000|50.740002|51.020000|2124300|0.9895631429|50.487514
2026-04-01|315|FIX|1393.750000|1465.439941|1393.750000|1428.520020|426400|0.9990909066|1427.221313
2026-04-01|316|YUM|157.190002|157.190002|152.610001|153.699997|1363700|0.9951301862|152.951508
2026-04-01|317|CHRW|167.699997|170.779999|166.580002|168.500000|1468900|0.9965870306|167.924911
2026-04-01|318|FE|50.480000|51.049999|50.410000|50.959999|4242300|0.9800753088|49.944633
2026-04-01|319|MTD|1269.890015|1292.750000|1257.410034|1274.050049|173800|1.0000000000|1274.050049
2026-04-01|320|PLD|131.779999|134.130005|131.399994|133.330002|3707900|0.9927946128|132.369308
2026-04-01|321|URI|734.070007|739.119995|724.309998|731.539978|583900|0.9962197184|728.774536
2026-04-01|322|AEE|109.169998|110.989998|109.169998|110.790001|1696500|0.9930004667|110.014519
2026-04-01|323|VRSN|248.190002|252.000000|245.479996|250.770004|762300|0.9944277890|249.372650
2026-04-01|324|PWR|555.890015|569.270020|554.059998|560.119995|1163400|0.9996508742|559.924438
2026-04-01|325|AMT|172.669998|173.910004|169.789993|171.020004|2311000|0.9807453674|167.727081
2026-04-01|326|MAR|329.640015|334.140015|325.309998|333.459991|1577500|0.9960059445|332.128143
2026-04-01|327|CTSH|61.320000|61.720001|59.730000|61.250000|3767200|0.9872095485|60.466587
2026-04-01|328|SRE|97.010002|98.449997|96.690002|97.410004|2598000|0.9929041305|96.718796
2026-04-01|329|CSGP|40.340000|40.340000|38.689999|39.630001|5478000|1.0000000000|39.630001
2026-04-01|330|RSG|218.860001|221.229996|218.110001|220.649994|998000|0.9942648020|219.384521
2026-04-01|331|CCI|80.769997|81.669998|80.019997|80.830002|2485900|0.9884657123|79.897690
2026-04-01|332|EBAY|91.910004|93.379997|90.540001|93.129997|4073500|0.9972353518|92.591011
2026-04-01|333|NVDA|176.000000|177.369995|174.750000|175.750000|168132000|0.9988358556|175.545410
2026-04-01|334|BKNG|4216.830063|4250.149918|4051.219940|4184.560013|352300|0.0398996955|166.962662
2026-04-01|335|GS|859.950012|870.200012|850.150024|860.210022|1803600|0.9956121536|856.435547
2026-04-01|336|FFIV|290.820007|297.309998|289.000000|295.649994|526800|1.0000000000|295.649994
2026-04-01|337|SBAC|170.630005|173.820007|170.339996|171.559998|976900|0.9871816268|169.360870
2026-04-01|338|LII|466.350006|476.690002|462.209991|464.839996|307800|0.9976091276|463.728638
2026-04-01|339|BLK|974.950012|978.989990|956.299988|957.400024|624400|0.9943964168|952.035156
2026-04-01|340|TKO|203.250000|204.809998|200.059998|201.070007|1333300|0.9961152636|200.288910
2026-04-01|341|AKAM|115.989998|117.639999|114.989998|115.750000|3268800|1.0000000000|115.750000
2026-04-01|342|UPS|98.849998|99.699997|97.690002|97.910004|5101600|0.9679890039|94.775810
2026-04-01|343|A|114.010002|115.720001|113.849998|114.540001|1555300|0.9980802530|114.320114
2026-04-01|344|TDY|608.919983|622.630005|605.070007|617.969971|362300|1.0000000000|617.969971
2026-04-01|345|PKG|214.210007|215.830002|211.130005|211.270004|691600|0.9934276825|209.881470
2026-04-01|346|EW|81.000000|82.169998|80.110001|81.260002|5357200|1.0000000000|81.260002
2026-04-01|347|MET|71.099998|72.129997|70.430000|71.169998|3306000|0.9862851080|70.193909
2026-04-01|348|ON|62.779999|63.689999|61.959999|62.200001|6716200|1.0000000000|62.200001
2026-04-01|349|ISRG|462.890015|468.329987|460.760010|464.450012|1427200|1.0000000000|464.450012
2026-04-01|350|CRL|173.770004|176.199997|171.660004|174.899994|915700|1.0000000000|174.899994
2026-04-01|351|MRVL|100.820000|107.839996|100.489998|106.709999|44072500|0.9992531920|106.630302
2026-04-01|352|EQIX|985.169983|999.669983|978.020020|995.979980|476800|0.9903463937|986.365173
2026-04-01|353|TPR|142.720001|146.020004|141.389999|144.350006|1696500|0.9971524169|143.938950
2026-04-01|354|GRMN|232.320007|237.919998|231.770004|237.570007|737900|0.9955900883|236.522339
2026-04-01|355|GPN|68.000000|68.480003|63.919998|65.360001|4783500|0.9961797067|65.110306
2026-04-01|356|ALGN|172.610001|178.169998|171.740005|172.729996|872200|1.0000000000|172.729996
2026-04-01|357|WTW|288.160004|292.869995|287.420013|287.529999|586800|0.9963732529|286.487183
2026-04-01|358|MDLZ|57.619999|57.650002|56.509998|57.070000|9978400|0.9916874483|56.595604
2026-04-01|359|AXON|432.519989|439.510010|422.040009|423.570007|679000|1.0000000000|423.570007
2026-04-01|360|FIS|46.919998|47.020000|44.560001|45.169998|7528400|0.9887092639|44.659996
2026-04-01|361|ACN|197.139999|198.500000|192.000000|197.059998|4810200|0.9798095806|193.081268
2026-04-01|362|ZBH|90.519997|91.160004|90.180000|91.029999|2498000|0.9973498233|90.788750
2026-04-01|363|BG|128.410004|129.500000|124.980003|128.320007|2073300|0.9877945902|126.753807
2026-04-01|364|PFG|90.440002|91.260002|89.629997|90.080002|1167100|0.9920864700|89.367149
2026-04-01|365|ELV|292.829987|299.320007|292.070007|298.500000|1310500|0.9959475060|297.290314
2026-04-01|366|CNC|32.419998|34.259998|32.230000|33.950001|5278700|1.0000000000|33.950001
2026-04-01|367|PRU|98.139999|99.160004|97.279999|97.980003|2273100|0.9752946989|95.559372
2026-04-01|368|NFLX|96.470001|97.199997|94.260002|95.550003|30439300|1.0000000000|95.550003
2026-04-01|369|NDAQ|85.599998|85.879997|84.180000|85.150002|2826600|0.9964261009|84.845688
2026-04-01|370|WYNN|102.470001|103.790001|101.000000|102.599998|1649200|0.9949442808|102.081284
2026-04-01|371|CME|295.739990|297.200012|293.500000|296.940002|1938900|0.9948418839|295.408356
2026-04-01|372|STX|396.489990|428.179993|396.309998|423.119995|3716000|0.9992874955|422.818512
2026-04-01|373|NRG|147.929993|150.880005|146.380005|149.899994|1829200|0.9934205862|148.913742
2026-04-01|374|AIZ|217.679993|218.380005|213.820007|216.330002|292500|0.9965805324|215.590271
2026-04-01|375|CBRE|134.589996|136.080002|133.070007|134.490005|1777900|1.0000000000|134.490005
2026-04-01|376|CRM|186.850006|188.979996|183.009995|186.240005|11677700|0.9949373630|185.297134
2026-04-01|377|DPZ|359.040009|362.480011|351.630005|361.540009|982700|0.9938557491|359.318634
2026-04-01|378|EXR|130.830002|132.740005|130.419998|132.490005|1129300|0.9892430283|131.064819
2026-04-01|379|GOOG|289.980011|297.984985|289.470001|294.899994|24403600|0.9993985127|294.722626
2026-04-01|380|GOOGL|290.839996|300.519989|290.410004|297.390015|37684500|0.9994030337|297.212494
2026-04-01|381|DLR|180.910004|182.720001|179.509995|180.449997|1906500|0.9933767643|179.254837
2026-04-01|382|MPWR|1100.750000|1138.420044|1095.010010|1119.510010|668200|0.9984765039|1117.804443
2026-04-01|383|LVS|54.180000|54.950001|53.990002|54.320000|3068900|0.9879067226|53.663094
2026-04-01|384|DXCM|62.799999|63.669998|61.910000|62.369999|3530100|1.0000000000|62.369999
2026-04-01|385|BLDR|82.300003|83.089996|80.889999|80.970001|1775800|1.0000000000|80.970001
2026-04-01|386|WBD|27.309999|27.760000|27.280001|27.490000|30772000|1.0000000000|27.490000
2026-04-01|387|EXPE|232.660004|234.639999|220.669998|227.669998|1623100|0.9964448664|226.860611
2026-04-01|388|CF|127.449997|129.649994|124.500000|127.980003|5571800|0.9908287958|126.806274
2026-04-01|389|AMP|448.489990|449.589996|427.149994|436.670013|645100|0.9932580907|433.726013
2026-04-01|390|ICE|156.770004|158.500000|155.240005|158.080002|2789300|0.9962997224|157.495071
2026-04-01|391|PSKY|9.030000|9.280000|8.970000|9.250000|9585500|0.9952244509|9.205827
2026-04-01|392|LYV|152.509995|154.130005|150.320007|152.630005|3095200|1.0000000000|152.630005
2026-04-01|393|CMG|32.419998|32.880001|32.000000|32.630001|12750300|1.0000000000|32.630001
2026-04-01|394|UAL|93.610001|96.559998|93.160004|95.080002|8465800|1.0000000000|95.080002
2026-04-01|395|TDG|1159.599976|1183.959961|1123.609985|1173.270020|472200|1.0000000000|1173.270020
2026-04-01|396|MA|502.230011|503.000000|485.649994|491.649994|4607100|0.9966137732|489.985168
2026-04-01|397|LDOS|154.479996|157.350006|154.479996|156.009995|852800|0.9964800263|155.460846
2026-04-01|398|FSLR|198.020004|200.729996|196.380005|199.419998|1580200|1.0000000000|199.419998
2026-04-01|399|BR|162.410004|162.410004|155.539993|159.979996|2504000|0.9932693636|158.903229
2026-04-01|400|SMCI|22.870001|23.370001|22.350000|22.510000|33420900|1.0000000000|22.510000
2026-04-01|401|TMUS|208.419998|209.320007|201.089996|204.250000|7038500|0.9946034600|201.982025
2026-04-01|402|DAL|67.010002|68.320000|66.900002|67.599998|12564300|0.9948974393|67.255066
2026-04-01|403|IBKR|68.379997|70.000000|67.790001|67.910004|5917500|0.9989881568|67.841286
2026-04-01|404|PODD|210.179993|212.720001|203.089996|207.039993|1169700|1.0000000000|207.039993
2026-04-01|405|TEL|207.899994|213.830002|207.899994|211.669998|1642300|0.9922749574|210.034836
2026-04-01|406|BX|116.879997|116.879997|112.680000|114.330002|7738600|0.9808140125|112.136467
2026-04-01|407|LULU|150.929993|161.000000|150.800003|158.809998|3039500|1.0000000000|158.809998
2026-04-01|408|ULTA|526.859985|541.250000|526.690002|536.609985|699500|1.0000000000|536.609985
2026-04-01|409|MSCI|531.169983|540.099976|525.580017|536.900024|397500|0.9928506457|533.061584
2026-04-01|410|ECHO|118.489998|124.000000|117.709999|120.599998|7062500|1.0000000000|120.599998
2026-04-01|411|PM|161.500000|162.470001|151.630005|157.330002|10125600|0.9917776037|156.036377
2026-04-01|412|V|305.049988|305.049988|293.890015|298.510010|7707600|0.9960807290|297.340088
2026-04-01|413|AWK|135.080002|137.460007|135.080002|136.789993|1728800|0.9863367160|134.920990
2026-04-01|414|KDP|25.969999|26.209999|25.530001|25.690001|11980100|0.9929274294|25.508307
2026-04-01|415|SW|40.160000|40.709999|39.939999|40.130001|3119300|0.9797713221|39.318226
2026-04-01|416|AVGO|313.369995|315.790009|310.480011|313.489990|19171000|0.9984198371|312.994629
2026-04-01|417|VRSK|187.690002|188.850006|183.259995|183.500000|1715300|0.9972796518|183.000809
2026-04-01|418|DG|120.419998|121.129997|117.120003|117.169998|4018900|0.9902299309|116.025246
2026-04-01|419|FTNT|81.769997|82.139999|80.000000|81.150002|5255500|1.0000000000|81.150002
2026-04-01|420|CHTR|213.169998|217.500000|208.520004|216.270004|1981700|1.0000000000|216.270004
2026-04-01|421|FERG|235.410004|241.860001|235.250000|239.059998|2272900|0.9924610460|237.257736
2026-04-01|422|GNRC|199.809998|201.690002|196.500000|199.050003|897200|1.0000000000|199.050003
2026-04-01|423|LYB|79.989998|80.599998|74.300003|76.709999|14185500|0.9795355103|75.140167
2026-04-01|424|CBOE|280.040009|283.519989|278.779999|280.290009|855000|0.9979084359|279.703766
2026-04-01|425|TSLA|378.630005|383.140015|374.079987|381.260010|58683800|1.0000000000|381.260010
2026-04-01|426|KKR|93.220001|93.660004|90.389999|91.360001|6574900|0.9961485906|91.008141
2026-04-01|427|NXPI|197.440002|199.660004|195.130005|195.580002|3403700|0.9966193239|194.918808
2026-04-01|428|GM|75.199997|75.870003|74.720001|75.040001|5147700|0.9978370584|74.877693
2026-04-01|429|TRGP|245.759995|249.309998|241.820007|244.789993|1975700|0.9903678073|242.432129
2026-04-01|430|CPAY|291.820007|292.410004|283.790009|289.579987|573000|1.0000000000|289.579987
2026-04-01|431|KMI|33.150002|33.310001|32.520000|32.880001|15741700|0.9816636474|32.277103
2026-04-01|432|HCA|473.100006|477.890015|470.079987|474.750000|699500|0.9979998461|473.800415
2026-04-01|433|HII|379.500000|396.170013|379.500000|393.320007|519900|0.9956995948|389.810638
2026-04-01|434|APO|112.629997|112.980003|108.980003|110.250000|2642500|0.9916121637|109.325241
2026-04-01|435|MPC|241.350006|243.000000|233.169998|238.160004|3277700|0.9934777159|236.606659
2026-04-01|436|XYL|120.330002|123.040001|120.190002|122.480003|2184500|0.9923180477|121.539116
2026-04-01|437|APTV|60.160000|62.340000|59.660000|62.090000|4785300|1.0000000000|62.090000
2026-04-01|438|PSX|180.009995|181.259995|173.149994|175.639999|5707000|0.9875507674|173.453430
2026-04-01|439|AMCR|40.000000|40.939999|40.000000|40.700001|6813800|0.9836148215|40.033123
2026-04-01|440|META|580.130005|592.549988|573.820007|579.229980|23608100|0.9990740414|578.693665
2026-04-01|441|NOW|105.230003|105.900002|102.010002|104.040001|12439700|1.0000000000|104.040001
2026-04-01|442|PANW|161.449997|161.800003|157.300003|160.669998|7643200|1.0000000000|160.669998
2026-04-01|443|FANG|190.529999|195.740005|187.339996|190.619995|4287000|0.9890830467|188.539001
2026-04-01|444|WDAY|129.830002|131.009995|125.019997|129.050003|4398700|1.0000000000|129.050003
2026-04-01|445|ABBV|218.369995|220.449997|213.750000|214.979996|5702800|0.9847626719|211.704285
2026-04-01|446|NCLH|19.100000|19.459999|18.950001|19.379999|26508800|1.0000000000|19.379999
2026-04-01|447|ZTS|118.199997|118.889999|116.760002|117.290001|2211600|0.9887765322|115.973602
2026-04-01|448|IQV|171.860001|174.270004|169.779999|172.399994|770100|1.0000000000|172.399994
2026-04-01|449|NWS|28.870001|29.090000|28.049999|28.150000|1884800|1.0000000000|28.150000
2026-04-01|450|NWSA|25.030001|25.430000|24.500000|24.709999|5604500|1.0000000000|24.709999
2026-04-01|451|CDW|121.400002|122.389999|120.580002|121.400002|2502200|0.9893792048|120.110634
2026-04-01|452|VEEV|176.690002|177.630005|172.440002|172.740005|1451500|1.0000000000|172.740005
2026-04-01|453|ALLE|145.770004|146.690002|143.699997|144.160004|884200|0.9958946033|143.568176
2026-04-01|454|HLT|304.350006|309.049988|300.809998|308.260010|1531500|0.9990803866|307.976532
2026-04-01|455|ARES|109.160004|109.989998|104.830002|105.800003|2938400|0.9900265958|104.744820
2026-04-01|456|ANET|126.059998|127.250000|124.660004|124.849998|5037700|1.0000000000|124.849998
2026-04-01|457|SYF|68.879997|69.320000|67.845001|68.320000|2826700|0.9916769819|67.751366
2026-04-01|458|CFG|60.849998|61.480000|60.380001|60.570000|5573300|0.9864525111|59.749428
2026-04-01|459|KEYS|286.750000|294.369995|285.290009|289.839996|1236700|1.0000000000|289.839996
2026-04-01|460|GDDY|82.120003|82.565002|79.519997|80.760002|2061300|1.0000000000|80.760002
2026-04-01|461|KHC|22.330000|22.389999|21.950001|22.270000|10617900|0.9821984863|21.873560
2026-04-01|462|PYPL|45.290001|45.500000|44.000000|44.630001|15319900|0.9967143863|44.483364
2026-04-01|463|LITE|734.875000|784.893982|732.000000|764.650024|6911900|1.0000000000|764.650024
2026-04-01|464|HPE|24.150000|24.434999|23.770000|23.980000|12283500|0.9970828234|23.910046
2026-04-01|465|XYZ|61.169998|61.424999|59.450001|59.540001|5493500|1.0000000000|59.540001
2026-04-01|466|FTV|55.529999|56.169998|55.270000|55.900002|2498000|0.9990168769|55.845047
2026-04-01|467|DELL|166.979996|171.330002|164.759995|169.380005|7311100|0.9952707496|168.578964
2026-04-01|468|TTD|22.639999|22.820000|21.719999|21.980000|16654900|1.0000000000|21.980000
2026-04-01|469|VST|151.470001|156.339996|151.399994|153.960007|3782800|0.9986015267|153.744705
2026-04-01|470|HWM|234.020004|240.380005|233.630005|239.039993|2650800|0.9990766853|238.819290
2026-04-01|471|INVH|24.844999|25.125000|24.780001|24.850000|4856400|0.9898785423|24.598482
2026-04-01|472|CVNA|316.674995|322.249985|294.710007|312.089996|3140600|0.2000000000|62.417999
2026-04-01|473|IR|80.250000|81.714996|79.970001|80.000000|2395900|0.9994839545|79.958710
2026-04-01|474|VICI|27.320000|27.530001|27.190001|27.459999|7912000|0.9834741092|27.006199
2026-04-01|475|VRT|257.000000|265.549988|257.000000|259.369995|5112600|0.9997919900|259.316040
2026-04-01|476|MRNA|51.639999|52.779999|49.580002|50.029999|7548900|1.0000000000|50.029999
2026-04-01|477|FOXA|58.520000|59.180000|57.599998|58.459999|3917700|1.0000000000|58.459999
2026-04-01|478|FOX|53.310001|53.660000|52.049999|52.880001|2353900|1.0000000000|52.880001
2026-04-01|479|DOW|41.590000|41.755001|39.584999|40.689999|21922000|0.9899338512|40.280407
2026-04-01|480|UBER|72.430000|72.699997|70.809998|71.709999|13035000|1.0000000000|71.709999
2026-04-01|481|CTVA|83.519997|84.139999|82.720001|83.809998|5582100|0.9977005620|83.617279
2026-04-01|482|CRWD|396.750000|396.940002|386.369995|393.309998|2118900|0.2500000000|98.327499
2026-04-01|483|DDOG|120.529999|121.989998|116.989998|118.669998|3600300|1.0000000000|118.669998
2026-04-01|484|CARR|56.639999|57.790001|56.215000|56.900002|5783900|0.9928803129|56.494896
2026-04-01|485|OTIS|76.430000|77.750000|76.190002|77.449997|2431600|0.9879889159|76.519737
2026-04-01|486|PLTR|147.000000|148.300003|144.470001|146.490005|34171000|1.0000000000|146.490005
2026-04-01|487|DASH|152.520004|153.929993|149.410004|150.500000|4394000|1.0000000000|150.500000
2026-04-01|488|ABNB|126.389999|127.500000|122.870003|125.190002|2925900|1.0000000000|125.190002
2026-04-01|489|EXE|108.345001|109.589996|105.690002|106.029999|3313500|0.9880522369|104.763184
2026-04-01|490|COIN|179.000000|179.300003|171.720001|172.990005|8828600|1.0000000000|172.990005
2026-04-01|491|APP|402.005005|403.989990|385.013000|387.839996|3189400|1.0000000000|387.839996
2026-04-01|492|HOOD|71.129997|71.551003|69.139999|70.110001|24130400|1.0000000000|70.110001
2026-04-01|493|CEG|282.437988|286.700012|277.299988|279.459991|3560400|0.9969162535|278.598206
2026-04-01|494|GEHC|71.019997|72.139999|71.019997|71.980003|3351200|0.9989494212|71.904381
2026-04-01|495|KVUE|17.230000|17.475000|17.170000|17.379999|21272200|0.9772015009|16.983761
2026-04-01|496|VLTO|87.300003|88.570000|87.080002|88.059998|1537500|0.9985280797|87.930382
2026-04-01|497|RDDT|136.375000|139.339996|133.250000|136.179993|3932000|1.0000000000|136.179993
2026-04-01|498|SOLV|65.489998|66.055000|64.330002|64.349998|1518000|1.0000000000|64.349998
2026-04-01|499|GEV|888.489990|912.619995|887.489990|894.780029|2467700|0.9994893113|894.323059
2026-04-01|500|SNDK|652.289978|710.849976|645.099976|692.729980|22322700|1.0000000000|692.729980
2026-04-01|501|Q|115.919998|120.820000|115.919998|118.559998|1266300|0.9994967288|118.500336
