date|security_id|ticker|open|high|low|close|volume|adj_factor|adj_close_vendor
2026-04-17|1|AEP|134.149994|134.169998|132.020004|133.660004|2869800|0.9852885257|131.693665
2026-04-17|2|BA|223.070007|230.240005|222.500000|223.380005|8874900|1.0000000000|223.380005
2026-04-17|3|CAT|780.510010|801.770020|776.000000|794.650024|2818800|0.9962516275|791.671387
2026-04-17|4|CNP|42.820000|43.070000|42.490002|43.000000|5003100|0.9886466776|42.511806
2026-04-17|5|CVX|181.889999|184.300003|177.740005|183.990005|15720600|0.9823507513|180.742722
2026-04-17|6|DIS|104.690002|106.330002|104.690002|106.290001|10506200|0.9923958226|105.481750
2026-04-17|7|DTE|146.330002|147.350006|145.070007|146.979996|975900|0.9921049063|145.819565
2026-04-17|8|ED|109.760002|110.320000|108.209999|110.150002|2109400|0.9836258984|108.346397
2026-04-17|9|GD|334.809998|338.589996|334.019989|336.290009|1309700|0.9956181446|334.816437
2026-04-17|10|GE|310.130005|314.000000|303.850006|304.130005|7733100|0.9987550328|303.751373
2026-04-17|11|HON|231.129995|236.450003|230.770002|233.550001|4071900|1.0399150842|242.872177
2026-04-17|12|HPQ|19.799999|20.040001|19.660000|19.879999|15876400|0.9879711310|19.640865
2026-04-17|13|IBM|254.669998|255.649994|251.039993|253.470001|5671500|0.9856234381|249.825958
2026-04-17|14|IP|36.820000|38.060001|36.660000|37.130001|6012800|0.9742073595|36.172321
2026-04-17|15|JNJ|234.360001|235.539993|232.039993|234.179993|8946300|0.9894021702|231.698196
2026-04-17|16|KO|74.949997|76.059998|74.800003|75.739998|15033900|0.9935850886|75.254135
2026-04-17|17|KR|66.809998|68.209999|65.650002|68.190002|6469900|0.9879807975|67.370415
2026-04-17|18|LMT|604.330017|609.380005|588.409973|592.190002|1701600|0.9934960884|588.338440
2026-04-17|19|MMM|152.839996|156.380005|151.910004|154.550003|4950500|0.9905187908|153.084671
2026-04-17|20|MO|64.160004|64.690002|64.080002|64.169998|9420400|0.9852654995|63.224483
2026-04-17|21|MRK|115.559998|119.199997|115.559998|119.070000|16194900|0.9928601430|118.219856
2026-04-17|22|MSI|443.690002|445.859985|440.529999|441.959991|1423800|0.9970118292|440.639343
2026-04-17|23|PG|143.410004|147.589996|143.160004|146.929993|10886000|0.9851719538|144.751312
2026-04-17|24|XOM|144.860001|146.800003|141.970001|146.440002|28947400|0.9868681737|144.516983
2026-04-17|25|RTX|195.580002|199.940002|195.199997|196.419998|4777200|0.9925545778|194.957565
2026-04-17|26|MCD|307.309998|312.540009|307.200012|311.359985|3225500|0.9932635540|309.262512
2026-04-17|27|AXP|330.000000|339.980011|329.529999|331.690002|4775500|0.9972701149|330.784515
2026-04-17|28|BMY|59.200001|60.480000|58.540001|60.169998|11535900|0.9888377035|59.498363
2026-04-17|29|DD|46.990000|48.080002|46.750000|47.350001|3502500|2.9881422927|141.488541
2026-04-17|30|DE|586.000000|593.700012|582.030029|590.460022|1238700|0.9974147424|588.933533
2026-04-17|31|EMR|142.559998|147.380005|142.559998|146.350006|3831100|0.9926085470|145.268265
2026-04-17|32|ETN|395.260010|410.910004|394.279999|406.209991|2624700|0.9947965913|404.096283
2026-04-17|33|ETR|115.129997|115.980003|114.000000|115.519997|3754300|0.9886701734|114.211174
2026-04-17|34|F|12.640000|13.040000|12.620000|12.870000|45735000|0.9769709546|12.573616
2026-04-17|35|HAL|36.029999|37.450001|35.509998|37.150002|15328000|0.9957637679|36.992626
2026-04-17|36|LLY|917.799988|929.989990|917.799988|927.030029|3266100|0.9968530383|924.112732
2026-04-17|37|PCG|17.240000|17.340000|17.020000|17.260000|22134000|0.9970997679|17.209942
2026-04-17|38|PEP|158.259995|160.029999|156.470001|157.669998|7799900|0.9895884624|156.028412
2026-04-17|39|PFE|27.330000|27.670000|27.120001|27.559999|30080400|0.9668473999|26.646313
2026-04-17|40|TXN|228.259995|230.529999|224.669998|229.820007|7091700|0.9898764050|227.493408
2026-04-17|41|WFC|82.129997|82.599998|81.029999|81.410004|24033900|0.9886393471|80.485138
2026-04-17|42|HUBB|527.059998|541.719971|527.059998|535.570007|579222|0.9970037769|533.965332
2026-04-17|43|WMT|124.570000|127.570000|123.370003|127.500000|24763700|0.9957114974|126.953217
2026-04-17|44|AIG|78.129997|79.620003|77.639999|78.680000|2667500|0.9933984683|78.160591
2026-04-17|45|AVY|167.470001|173.889999|167.470001|172.479996|639400|0.9936321953|171.381683
2026-04-17|46|BAC|54.160000|54.599998|53.750000|53.910000|43484700|0.9948310871|53.631344
2026-04-17|47|BALL|63.700001|65.360001|63.680000|64.480003|2469300|0.9963416864|64.244118
2026-04-17|48|BDX|155.410004|159.949997|155.190002|158.539993|3591700|0.9929995336|157.430145
2026-04-17|49|CLX|102.400002|106.860001|102.400002|104.580002|2895400|0.9761478543|102.085548
2026-04-17|50|CMI|615.630005|628.000000|614.239990|627.179993|1295200|0.9931721942|622.897705
2026-04-17|51|CMS|77.519997|77.809998|76.580002|77.750000|2439400|0.9843492113|76.533150
2026-04-17|52|CVS|76.690002|77.790001|76.239998|77.300003|8683700|0.9851999130|76.155952
2026-04-17|53|ECL|270.029999|279.000000|269.059998|274.799988|2636600|0.9972820015|274.053101
2026-04-17|54|ES|69.360001|69.360001|68.150002|69.250000|1650200|0.9882685720|68.437599
2026-04-17|55|EVRG|81.889999|82.489998|81.050003|82.370003|1971700|0.9834796618|81.009224
2026-04-17|56|GWW|1138.520020|1168.060059|1131.510010|1162.939941|271700|0.9960365882|1158.330688
2026-04-17|57|LNT|72.470001|72.919998|71.730003|72.830002|1784600|0.9850786184|71.743271
2026-04-17|58|MKC|53.040001|54.500000|53.009998|54.330002|3702400|0.9822640876|53.366413
2026-04-17|59|MRSH|181.759995|182.110001|175.690002|175.800003|3931500|0.9943746806|174.811081
2026-04-17|60|NEE|91.059998|92.019997|90.459999|91.980003|8148800|0.9927287582|90.629669
2026-04-17|61|NI|48.570000|48.830002|47.820000|48.310001|9707700|0.9871584841|47.689629
2026-04-17|62|PNW|103.790001|104.309998|102.959999|104.040001|1236900|0.9822795276|102.196358
2026-04-17|63|RVTY|90.989998|94.330002|90.650002|93.959999|1050400|0.9993733214|93.901115
2026-04-17|64|SNA|368.739990|382.579987|368.739990|380.269989|408400|0.9870969475|375.363342
2026-04-17|65|SPGI|442.880000|445.249992|437.500003|442.570010|1679500|0.9417621693|416.795685
2026-04-17|66|TER|375.739990|381.470001|371.100006|380.380005|2423200|0.9996224662|380.236389
2026-04-17|67|TGT|124.099998|128.050003|123.279999|127.839996|5844800|0.9830946401|125.678810
2026-04-17|68|TXT|90.809998|92.940002|90.809998|91.610001|982900|0.9997866667|91.590454
2026-04-17|69|VMC|289.220001|297.510010|288.320007|291.709991|960100|0.9961649269|290.591278
2026-04-17|70|XEL|81.110001|81.260002|79.809998|81.080002|4096700|0.9925145167|80.473076
2026-04-17|71|ITW|267.489990|274.100006|267.269989|272.260010|1474600|0.9939806334|270.621185
2026-04-17|72|CL|83.699997|86.300003|83.669998|85.809998|6406300|0.9881586198|84.793892
2026-04-17|73|EXC|46.060001|47.130001|45.770000|47.020000|15403700|0.9906832302|46.581928
2026-04-17|74|MDT|85.720001|87.050003|85.550003|86.190002|10460700|0.9910581218|85.419304
2026-04-17|75|BNY|135.960007|137.539993|134.839996|135.100006|6833000|0.9920974180|134.032379
2026-04-17|76|EIX|71.040001|71.500000|69.910004|70.750000|3105700|0.9882683051|69.919983
2026-04-17|77|FRT|110.699997|112.540001|110.239998|112.529999|1096800|0.9908457552|111.499870
2026-04-17|78|PNR|89.669998|92.309998|89.410004|91.080002|1925400|0.9956500725|90.683807
2026-04-17|79|USB|55.950001|57.389999|55.849998|56.930000|11266200|0.9915143601|56.446915
2026-04-17|80|WY|24.480000|25.190001|24.480000|25.170000|6861100|0.9914979760|24.956005
2026-04-17|81|SYY|74.139999|76.629997|74.120003|76.269997|5748100|0.9934155392|75.767799
2026-04-17|82|WRB|66.370003|67.089996|65.669998|66.830002|1858800|0.9910634494|66.232773
2026-04-17|83|IFF|72.180000|76.190002|72.180000|75.879997|2833700|0.9947403026|75.480888
2026-04-17|84|TAP|43.919998|44.900002|43.919998|44.590000|3437700|0.9881685974|43.554760
2026-04-17|85|PNC|221.520004|226.360001|221.369995|224.809998|2538300|0.9920904849|223.031860
2026-04-17|86|TRV|298.390015|305.089996|298.200012|300.809998|2374800|0.9958368027|299.557678
2026-04-17|87|C|131.080002|133.570007|130.660004|132.179993|15929400|0.9902572054|130.892181
2026-04-17|88|FDX|383.370002|392.860008|382.299995|392.380015|2326500|0.8027880446|314.997986
2026-04-17|89|WDC|370.350006|378.980011|366.179993|372.519989|5627500|0.9997393571|372.422882
2026-04-17|90|DHR|194.580002|197.020004|194.259995|194.750000|4243400|0.9979297139|194.346802
2026-04-17|91|APA|34.619999|35.950001|33.430000|35.740002|12539500|0.9864084367|35.254238
2026-04-17|92|LUV|43.340000|44.919998|42.549999|42.700001|10387600|0.9956521741|42.514351
2026-04-17|93|PEG|81.879997|82.180000|80.860001|81.580002|3023300|0.9913815279|80.876907
2026-04-17|94|UNP|252.440002|256.089996|250.979996|251.139999|4482800|0.9948314607|249.841965
2026-04-17|95|ABT|95.620003|97.139999|94.870003|96.809998|17559900|0.9929181654|96.124405
2026-04-17|96|ADI|359.670013|372.450012|357.820007|371.450012|5248200|0.9972683702|370.435364
2026-04-17|97|ADM|66.949997|67.250000|66.059998|67.040001|4257200|0.9871845133|66.180847
2026-04-17|98|ADP|201.649994|202.139999|198.330002|200.470001|2894700|0.9924702132|198.960510
2026-04-17|99|AFL|112.959999|115.599998|112.959999|114.519997|4906300|0.9898631333|113.359123
2026-04-17|100|AMAT|397.750000|400.500000|390.410004|396.940002|6017900|0.9976914901|396.023682
2026-04-17|101|AMD|281.000000|281.049988|274.140015|278.390015|35519900|1.0000000000|278.390015
2026-04-17|102|APD|289.880005|294.899994|288.649994|291.809998|1203700|0.9938263181|290.008453
2026-04-17|103|BF-B|29.500000|29.680000|28.719999|29.150000|5676100|0.9913580245|28.898087
2026-04-17|104|CHD|94.410004|97.070000|94.410004|96.879997|1719000|0.9937159244|96.271194
2026-04-17|105|CINF|163.389999|167.630005|163.250000|166.820007|2809700|0.9945494610|165.910751
2026-04-17|106|CMCSA|29.299999|29.780001|29.160000|29.629999|32422000|0.9865580444|29.231714
2026-04-17|107|D|62.119999|62.669998|61.560001|62.419998|5763200|0.9900860786|61.801170
2026-04-17|108|DOV|216.000000|222.139999|215.639999|219.070007|2560100|0.9975530563|218.533951
2026-04-17|109|DUK|127.510002|128.199997|125.930000|128.029999|3461600|0.9827918175|125.826836
2026-04-17|110|EFX|193.520004|197.279999|192.110001|196.220001|1323200|0.9965665237|195.546280
2026-04-17|111|EQT|56.759998|58.610001|56.380001|58.480000|10518800|0.9940720641|58.133335
2026-04-17|112|FITB|50.910000|51.049999|49.849998|50.340000|11725100|0.9929552658|49.985367
2026-04-17|113|GIS|35.360001|35.880001|35.220001|35.500000|7919200|0.9829846576|34.895954
2026-04-17|114|GPC|111.930000|115.830002|111.930000|113.790001|2036100|0.9892223458|112.563614
2026-04-17|115|HAS|94.300003|98.000000|94.300003|97.150002|1483500|0.9844894224|95.643150
2026-04-17|116|HBAN|16.740000|17.070000|16.680000|16.850000|23736400|0.9910508082|16.699205
2026-04-17|117|HRL|20.860001|21.250000|20.840000|21.190001|5618700|0.9881520418|20.938942
2026-04-17|118|HST|20.900000|21.180000|20.750000|21.120001|5803900|0.9630818621|20.340290
2026-04-17|119|HSY|190.169998|194.910004|189.649994|192.630005|3200800|0.9846288447|189.669052
2026-04-17|120|INTC|68.849998|70.330002|67.739998|68.500000|118831500|1.0000000000|68.500000
2026-04-17|121|J|127.919998|129.500000|127.699997|128.929993|733300|0.9944174758|128.210251
2026-04-17|122|JPM|312.470001|314.899994|310.089996|310.290009|11082400|0.9955152929|308.898438
2026-04-17|123|KMB|97.970001|100.029999|97.849998|98.839996|4075200|0.9864507253|97.500786
2026-04-17|124|L|109.419998|111.989998|109.419998|111.349998|785500|0.9988625697|111.223351
2026-04-17|125|LEN|90.949997|95.220001|90.730003|92.790001|3620700|0.9888298730|91.753532
2026-04-17|126|LOW|246.289993|255.520004|246.289993|251.720001|3773400|0.9891098782|248.978745
2026-04-17|127|MAS|65.059998|67.839996|64.860001|66.580002|3074500|0.9908891403|65.973404
2026-04-17|128|MTB|217.960007|220.860001|216.229996|218.789993|1378100|0.9930590903|217.271393
2026-04-17|129|NEM|114.550003|118.029999|113.410004|116.500000|6796000|0.9976704596|116.228607
2026-04-17|130|NTRS|158.679993|161.130005|157.460007|159.160004|1067300|0.9953773257|158.424255
2026-04-17|131|NUE|192.399994|197.130005|191.279999|195.869995|1546100|0.9975500919|195.390121
2026-04-17|132|OMC|78.860001|80.059998|78.320000|78.669998|4143000|0.9894221866|77.837845
2026-04-17|133|PCAR|125.849998|127.889999|125.000000|126.250000|3076700|0.9942707430|125.526688
2026-04-17|134|PGR|203.410004|206.119995|202.429993|202.580002|3150400|0.9995561474|202.490082
2026-04-17|135|PH|1029.000000|1029.000000|977.580017|988.799988|728900|0.9977448271|986.570068
2026-04-17|136|PHM|123.150002|129.389999|122.250000|126.529999|2700400|0.9978834255|126.262192
2026-04-17|137|PPG|115.000000|118.370003|113.809998|114.849998|5825000|0.9873814378|113.400757
2026-04-17|138|PPL|39.310001|39.369999|38.590000|39.020000|6552100|0.9920279720|38.708935
2026-04-17|139|RF|28.459999|28.650000|27.730000|28.129999|14650600|0.9905357143|27.863770
2026-04-17|140|ROL|54.650002|55.660000|54.580002|55.000000|2422900|0.9917679269|54.547234
2026-04-17|141|SHW|338.640015|350.589996|337.070007|345.549988|2683300|0.9951137391|343.861572
2026-04-17|142|STT|144.779999|148.990005|143.789993|145.429993|3179500|0.9950471700|144.709702
2026-04-17|143|SWK|70.010002|72.269997|69.900002|71.339996|3402000|0.9894240575|70.585510
2026-04-17|144|SYK|342.019989|347.519989|341.059998|343.320007|2477900|0.9973375287|342.405914
2026-04-17|145|TMO|523.109985|530.080017|518.000000|526.599976|1988100|0.9989985938|526.072632
2026-04-17|146|TPL|419.609985|427.260010|404.720001|422.579987|469000|0.9984732824|421.934814
2026-04-17|147|TSN|63.500000|64.930000|63.340000|64.820000|2417800|0.9916420846|64.278236
2026-04-17|148|TT|463.609985|480.510010|461.570007|476.109985|1416000|0.9977358979|475.032043
2026-04-17|149|TYL|345.230011|346.500000|339.420013|342.609985|318400|1.0000000000|342.609985
2026-04-17|150|UDR|34.270000|35.349998|34.209999|35.279999|3712700|0.9926177659|35.019550
2026-04-17|151|VTRS|14.060000|14.740000|14.060000|14.680000|11769700|0.9853197013|14.464494
2026-04-17|152|WEC|115.320000|116.019997|114.330002|115.870003|1246700|0.9829379991|113.893021
2026-04-17|153|WST|272.309998|275.429993|269.980011|273.730011|837400|0.9985945833|273.345306
2026-04-17|154|NDSN|279.010010|285.989990|279.010010|281.890015|386600|0.9971745572|281.093536
2026-04-17|155|TFC|48.740002|51.340000|48.560001|50.570000|13512600|0.9798350561|49.550259
2026-04-17|156|WELL|213.970001|214.990005|210.009995|210.520004|3276100|0.9928496012|209.014709
2026-04-17|157|AON|333.269989|336.350006|331.429993|331.799988|1161400|0.9951005240|330.174347
2026-04-17|158|GL|150.369995|152.550003|149.190002|151.860001|459100|0.9981716439|151.582336
2026-04-17|159|OKE|82.889999|83.879997|81.250000|83.510002|5343900|0.9765151605|81.548790
2026-04-17|160|KLAC|1771.260071|1791.750031|1744.069977|1791.439972|725400|0.0997597720|178.713638
2026-04-17|161|CSX|43.220001|43.610001|42.779999|43.320000|12917600|0.9969438988|43.187611
2026-04-17|162|PSA|302.359985|310.679993|302.359985|309.220001|988500|0.9907958521|306.373901
2026-04-17|163|NKE|46.380001|46.779999|45.779999|46.029999|31290400|0.9911312999|45.621773
2026-04-17|164|AAPL|266.959991|272.299988|266.720001|270.230011|61436200|0.9982185855|269.748627
2026-04-17|165|BRO|68.459999|68.860001|67.669998|67.720001|2317500|0.9947741799|67.366104
2026-04-17|166|UHS|178.399994|183.490005|178.229996|182.410004|535200|0.9986223049|182.158691
2026-04-17|167|HD|342.839996|352.019989|342.839996|349.399994|4930400|0.9925551970|346.798767
2026-04-17|168|BAX|18.260000|19.190001|18.250000|18.709999|8972800|0.9994805195|18.693068
2026-04-17|169|COP|116.330002|116.500000|112.209999|116.040001|11665700|0.9860463925|114.420822
2026-04-17|170|GLW|168.199997|170.100006|163.250000|164.380005|10349800|0.9984696945|164.128448
2026-04-17|171|HUM|201.800003|205.529999|200.330002|205.139999|1896600|0.9976462766|204.657150
2026-04-17|172|LHX|351.059998|356.470001|349.149994|350.350006|1267600|0.9959648783|348.936310
2026-04-17|173|NOC|671.020020|677.750000|663.020020|665.260010|745100|0.9956180811|662.344910
2026-04-17|174|OXY|53.660000|54.029999|51.959999|53.790001|24183800|0.9954022988|53.542690
2026-04-17|175|ROK|409.000000|418.899994|406.700012|415.730011|865300|0.9938632005|413.178741
2026-04-17|176|SLB|50.799999|53.419998|50.520000|52.660000|20594600|0.9947843000|52.385342
2026-04-17|177|SO|94.459999|94.720001|93.309998|94.510002|4894100|0.9836658196|92.966255
2026-04-17|178|WMB|69.900002|71.540001|69.330002|71.150002|7861300|0.9926696456|70.628448
2026-04-17|179|VLO|228.190002|229.000000|214.710007|223.649994|6989100|0.9914397807|221.735504
2026-04-17|180|CI|275.549988|279.929993|274.809998|278.640015|1899100|0.9942378017|277.034424
2026-04-17|181|NSC|302.510010|306.739990|301.890015|302.380005|1454600|0.9917671837|299.890564
2026-04-17|182|COO|70.320000|71.300003|69.830002|70.059998|2655000|1.0000000000|70.059998
2026-04-17|183|AMGN|351.899994|356.690002|349.420013|355.299988|3685900|0.9867386103|350.588196
2026-04-17|184|RJF|151.919998|153.039993|149.369995|151.750000|1836700|0.9964480694|151.210983
2026-04-17|185|WSM|194.399994|204.869995|193.500000|198.690002|1516500|0.9966722130|198.028809
2026-04-17|186|CAH|212.119995|214.589996|210.089996|213.990005|1962300|0.9978279171|213.525192
2026-04-17|187|CTAS|179.330002|180.699997|177.500000|179.169998|1619500|0.9947044338|178.221191
2026-04-17|188|PAYX|93.080002|93.300003|91.180000|91.959999|3215600|0.9771272923|89.856621
2026-04-17|189|BEN|26.930000|27.500000|26.799999|27.270000|6170500|0.9900632337|26.999025
2026-04-17|190|AOS|63.930000|66.290001|63.930000|64.820000|2422500|0.9883617008|64.065605
2026-04-17|191|CASY|738.989990|758.710022|735.090027|754.719971|369400|0.9985579358|753.631592
2026-04-17|192|T|26.150000|26.610001|26.040001|26.510000|35023800|0.9867870728|26.159725
2026-04-17|193|VZ|46.110001|46.889999|46.080002|46.549999|20004700|0.9832386370|45.769756
2026-04-17|194|JBHT|239.000000|247.949997|238.490005|245.080002|1281100|0.9964612666|244.212723
2026-04-17|195|ATO|187.339996|187.339996|183.770004|186.539993|841200|0.9884163190|184.379166
2026-04-17|196|LRCX|267.970001|268.760010|262.420013|267.600006|8465400|0.9992960416|267.411621
2026-04-17|197|MU|466.850006|470.970001|452.200012|455.070007|33405000|0.9998462422|455.000031
2026-04-17|198|AJG|224.000000|225.240005|220.720001|221.610001|1851000|0.9966824645|220.874802
2026-04-17|199|AME|232.710007|238.399994|231.199997|236.259995|1181900|0.9985029940|235.906311
2026-04-17|200|SWKS|59.130001|60.230000|57.509998|58.990002|3257500|0.9913855858|58.481838
2026-04-17|201|EXPD|146.289993|148.289993|145.929993|147.300003|1258900|0.9948730934|146.544815
2026-04-17|202|UNH|320.049988|325.269989|317.140015|324.630005|9414700|0.9943209633|322.786438
2026-04-17|203|BBY|64.989998|66.059998|64.730003|65.730003|4835100|0.9868673048|64.866791
2026-04-17|204|DOC|17.020000|17.430000|17.020000|17.370001|7852100|0.9805079461|17.031425
2026-04-17|205|ADSK|249.399994|250.000000|241.270004|242.020004|2550900|1.0000000000|242.020004
2026-04-17|206|DVN|43.340000|44.270000|41.919998|44.230000|22821000|0.9929375416|43.917629
2026-04-17|207|NVR|6772.100098|7057.879883|6772.100098|7000.919922|34100|1.0000000000|7000.919922
2026-04-17|208|ROST|224.119995|228.710007|223.000000|227.820007|2909700|0.9980432679|227.374222
2026-04-17|209|JKHY|154.339996|154.789993|152.740005|154.059998|877600|0.9955252350|153.370621
2026-04-17|210|MNST|75.720001|76.839996|75.360001|76.720001|4791300|0.5000000000|76.720001
2026-04-17|211|ORCL|182.929993|184.500000|173.360001|175.059998|45282600|0.9965330745|174.453079
2026-04-17|212|MSFT|424.820007|431.579987|420.690002|422.790009|48568200|0.9959638868|421.083588
2026-04-17|213|TROW|96.250000|97.970001|96.029999|96.980003|2109800|0.9881430134|95.830116
2026-04-17|214|COST|985.000000|1000.669983|977.000000|999.890015|2346500|0.9969659831|996.856323
2026-04-17|215|ADBE|254.080002|254.080002|243.500000|244.449997|6194200|1.0000000000|244.449997
2026-04-17|216|FISV|63.070000|64.339996|62.560001|63.970001|5159400|1.0000000000|63.970001
2026-04-17|217|BKR|59.689999|60.380001|58.419998|59.779999|12531200|0.9930140272|59.362377
2026-04-17|218|CDNS|316.329987|318.000000|308.399994|311.029999|2211900|1.0000000000|311.029999
2026-04-17|219|TJX|158.580002|161.399994|158.509995|160.679993|5190300|0.9936003560|159.651688
2026-04-17|220|FICO|1092.000000|1110.390015|1062.709961|1073.520020|282200|1.0000000000|1073.520020
2026-04-17|221|CCL|29.059999|30.160000|28.950001|29.219999|37524000|0.9887339129|28.890804
2026-04-17|222|FAST|45.230000|46.000000|45.130001|45.779999|9131600|0.9892709750|45.288826
2026-04-17|223|SCHW|93.349998|93.930000|90.570000|92.279999|20191300|0.9935274715|91.682709
2026-04-17|224|JCI|139.289993|142.460007|138.110001|140.869995|3582500|0.9972406182|140.481277
2026-04-17|225|COHR|333.489990|345.119995|332.250000|345.019989|5628900|1.0000000000|345.019989
2026-04-17|226|KEY|21.870001|22.160000|21.730000|21.799999|18022200|0.9901913874|21.586172
2026-04-17|227|MOS|24.230000|24.660000|24.070000|24.570000|11529900|0.9899359564|24.322725
2026-04-17|228|MGM|39.000000|40.200001|38.500000|38.590000|4318900|1.0000000000|38.590000
2026-04-17|229|WM|223.759995|224.199997|221.509995|223.949997|2389800|0.9956851284|222.983673
2026-04-17|230|TECH|58.490002|59.950001|58.250000|59.230000|1925300|0.9970482740|59.055168
2026-04-17|231|IEX|202.070007|207.690002|202.070007|205.919998|636000|0.9931996195|204.519669
2026-04-17|232|GEN|20.360001|20.360001|19.959999|20.120001|7524300|0.9903038605|19.924913
2026-04-17|233|CRH|117.480003|120.540001|116.480003|117.050003|5132300|0.9923991275|116.160324
2026-04-17|234|EOG|126.309998|129.000000|124.309998|128.429993|7249300|0.9926332518|127.483879
2026-04-17|235|PTC|140.589996|141.889999|139.470001|139.740005|858000|1.0000000000|139.740005
2026-04-17|236|CSCO|85.190002|86.379997|84.599998|86.250000|20321900|0.9962729613|85.928543
2026-04-17|237|LH|266.679993|273.630005|266.679993|270.679993|550000|0.9972597526|269.360748
2026-04-17|238|TRMB|69.550003|70.139999|68.910004|69.290001|1520000|1.0000000000|69.290001
2026-04-17|239|AZO|3511.030029|3603.350098|3503.300049|3572.379883|217600|1.0000000000|3572.379883
2026-04-17|240|REGN|754.739990|758.609985|746.909973|750.570007|513000|0.9973440317|748.576477
2026-04-17|241|IDXX|583.109985|594.520020|577.369995|589.250000|493500|1.0000000000|589.250000
2026-04-17|242|AES|14.510000|14.510000|14.460000|14.470000|9376900|0.9761125722|14.124350
2026-04-17|243|VRTX|441.549988|443.899994|437.579987|441.200012|1025200|1.0000000000|441.200012
2026-04-17|244|ZBRA|237.460007|240.830002|232.619995|234.429993|1069900|1.0000000000|234.429993
2026-04-17|245|BIIB|176.289993|178.410004|175.690002|177.350006|1239500|1.0000000000|177.350006
2026-04-17|246|ODFL|216.279999|220.179993|213.419998|217.759995|1561200|0.9987340667|217.484329
2026-04-17|247|APH|149.779999|152.410004|149.759995|151.059998|6784600|0.9984936130|150.832443
2026-04-17|248|KIM|23.790001|24.250000|23.709999|24.190001|4338100|0.9891711788|23.928053
2026-04-17|249|QCOM|136.690002|136.970001|134.410004|136.199997|9667600|0.9963201471|135.698792
2026-04-17|250|GILD|138.949997|139.759995|136.690002|137.639999|7345800|0.9934708175|136.741318
2026-04-17|251|ROP|367.690002|367.690002|358.519989|362.440002|1113500|0.9974983506|361.533295
2026-04-17|252|SNPS|452.549988|459.019989|447.179993|449.579987|1718200|1.0000000000|449.579987
2026-04-17|253|STZ|162.300003|165.589996|161.860001|162.279999|2316800|0.9856055004|159.944061
2026-04-17|254|BSX|64.080002|64.889999|63.900002|64.230003|12090100|1.0000000000|64.230003
2026-04-17|255|STE|222.149994|227.830002|219.380005|225.789993|600500|0.9970332000|225.120117
2026-04-17|256|DHI|146.690002|153.050003|146.690002|149.809998|3389200|0.9940209933|148.914276
2026-04-17|257|LIN|496.559998|497.959991|488.000000|492.230011|3012400|0.9968477255|490.678375
2026-04-17|258|SBUX|99.070000|101.430000|98.910004|100.000000|8133400|0.9884945611|98.849449
2026-04-17|259|MS|189.500000|191.220001|188.229996|188.820007|6846100|0.9892093304|186.782516
2026-04-17|260|INTU|396.250000|399.200012|389.209991|393.250000|3186300|0.9955898568|391.515717
2026-04-17|261|MCHP|78.779999|79.900002|77.760002|78.760002|10896300|0.9890553567|77.897995
2026-04-17|262|CB|326.730011|332.399994|326.429993|330.829987|2225200|0.9968895800|329.800964
2026-04-17|263|ORLY|93.029999|94.339996|92.660004|93.709999|5426300|1.0000000000|93.709999
2026-04-17|264|RCL|282.989990|295.329987|281.250000|285.480011|5460400|0.9948418155|284.007446
2026-04-17|265|JBL|313.679993|323.549988|312.850006|321.690002|1318000|0.9995582709|321.547913
2026-04-17|266|ALL|213.960007|218.080002|212.490005|216.160004|1233600|0.9947595710|215.027237
2026-04-17|267|CPT|100.519997|103.849998|100.519997|103.400002|1372000|0.9909199930|102.461128
2026-04-17|268|VMRK|61.020000|62.990002|60.779999|62.680000|3408900|0.9897192157|62.035599
2026-04-17|269|IT|155.910004|157.949997|152.789993|154.619995|1423900|1.0000000000|154.619995
2026-04-17|270|DECK|110.699997|113.870003|110.589996|112.500000|1841400|1.0000000000|112.500000
2026-04-17|271|REG|79.650002|81.139999|79.540001|80.930000|1453600|0.9906432027|80.172752
2026-04-17|272|INCY|96.599998|97.940002|95.629997|97.820000|1529900|1.0000000000|97.820000
2026-04-17|273|SPG|202.100006|206.729996|201.369995|206.229996|1345900|0.9891482587|203.992035
2026-04-17|274|MAA|123.419998|128.380005|123.419998|127.940002|1533800|0.9885547570|126.475700
2026-04-17|275|MLM|617.809998|634.979980|614.010010|622.020020|581200|0.9985730005|621.132385
2026-04-17|276|TSCO|44.700001|45.419998|44.660000|45.009998|8807900|0.9851405019|44.341167
2026-04-17|277|ALB|207.559998|208.050003|195.320007|197.750000|4160700|0.9974537910|197.246490
2026-04-17|278|CPRT|33.830002|33.830002|33.189999|33.450001|17874000|1.0000000000|33.450001
2026-04-17|279|FLEX|81.010002|82.849998|80.019997|81.830002|3235500|1.0000000000|81.830002
2026-04-17|280|ESS|248.759995|255.509995|248.559998|254.970001|462500|0.9912479300|252.738495
2026-04-17|281|O|64.610001|65.269997|64.269997|65.089996|5151200|0.9829305716|63.978943
2026-04-17|282|MCO|452.260010|459.269989|450.190002|455.350006|1539800|0.9955156672|453.308105
2026-04-17|283|SJM|93.500000|96.389999|93.500000|95.500000|2780500|0.9798392929|93.574654
2026-04-17|284|MCK|866.969971|867.830017|855.500000|866.380005|833200|0.9988955336|865.423096
2026-04-17|285|COF|204.619995|210.839996|204.619995|206.470001|5415600|0.9922218930|204.864059
2026-04-17|286|EME|800.710022|816.950012|797.710022|806.049988|477200|0.9994836978|805.633850
2026-04-17|287|DLTR|100.989998|106.800003|100.500000|105.930000|6296700|1.0000000000|105.930000
2026-04-17|288|COR|321.720001|327.709991|318.059998|327.559998|1670800|0.9957711437|326.174774
2026-04-17|289|DRI|198.660004|203.899994|198.229996|201.070007|1062400|0.9919770205|199.456833
2026-04-17|290|RMD|226.089996|230.029999|225.470001|228.119995|1173200|0.9941821390|226.792816
2026-04-17|291|WAB|258.959991|266.760010|257.750000|263.369995|973200|0.9977552294|262.778778
2026-04-17|292|FCX|69.370003|70.709999|67.790001|70.209999|20218300|0.9975786925|70.040001
2026-04-17|293|IVZ|24.459999|25.090000|24.299999|24.809999|7682000|0.9856541725|24.454081
2026-04-17|294|ACGL|96.709999|98.570000|96.639999|97.589996|5186000|1.0000000000|97.589996
2026-04-17|295|ERIE|241.949997|246.649994|241.429993|244.809998|255000|0.9943102712|243.417099
2026-04-17|296|EG|343.880005|352.750000|343.829987|351.489990|344000|0.9940520446|349.399353
2026-04-17|297|DVA|147.490005|149.490005|146.600006|147.910004|627100|1.0000000000|147.910004
2026-04-17|298|HSIC|78.040001|79.959999|78.040001|78.830002|1017200|1.0000000000|78.830002
2026-04-17|299|EL|76.870003|78.879997|76.000000|76.199997|4179300|0.9961483439|75.906502
2026-04-17|300|WAT|321.040009|329.559998|318.959991|327.769989|439200|1.0000000000|327.769989
2026-04-17|301|NTAP|103.800003|105.699997|103.000000|104.529999|2139100|0.9969719908|104.213478
2026-04-17|302|HIG|138.100006|140.940002|137.279999|139.839996|1661800|0.9952804215|139.180008
2026-04-17|303|IRM|118.550003|119.150002|116.959999|118.070000|1938900|0.9932096824|117.268265
2026-04-17|304|BRK-B|475.489990|479.690002|474.149994|474.579987|6492900|1.0000000000|474.579987
2026-04-17|305|FDS|232.479996|233.770004|230.410004|232.729996|765600|0.9951444118|231.599960
2026-04-17|306|STLD|196.050003|202.589996|196.020004|200.320007|1207100|0.9977371702|199.866714
2026-04-17|307|DGX|190.229996|196.449997|190.229996|195.020004|1000100|0.9959506546|194.230301
2026-04-17|308|CIEN|500.470001|513.830017|495.170013|507.429993|1926300|1.0000000000|507.429993
2026-04-17|309|TTWO|217.919998|218.699997|211.720001|212.039993|1792400|1.0000000000|212.039993
2026-04-17|310|VTR|85.180000|85.720001|84.250000|85.099998|6482000|0.9941769319|84.604454
2026-04-17|311|AMZN|254.990005|256.179993|250.110001|250.559998|52029300|1.0000000000|250.559998
2026-04-17|312|ARE|48.200001|49.180000|48.099998|48.630001|1918000|0.9870480303|48.000145
2026-04-17|313|RL|377.420013|388.920013|377.420013|386.880005|690200|0.9975616297|385.936646
2026-04-17|314|BXP|56.639999|58.400002|56.500000|58.049999|2646000|0.9895631429|57.444141
2026-04-17|315|FIX|1623.209961|1654.290039|1605.000000|1650.469971|434900|0.9990909066|1648.969482
2026-04-17|316|YUM|159.690002|163.320007|159.690002|162.789993|1283400|0.9951301862|161.997238
2026-04-17|317|CHRW|182.289993|187.089996|181.309998|182.240005|3901600|0.9965870306|181.618027
2026-04-17|318|FE|50.500000|50.500000|49.389999|50.099998|5109500|0.9800753088|49.101772
2026-04-17|319|MTD|1301.520020|1342.199951|1288.250000|1340.579956|115600|1.0000000000|1340.579956
2026-04-17|320|PLD|142.520004|145.440002|142.250000|145.100006|4432800|0.9927946128|144.054504
2026-04-17|321|URI|790.880005|808.559998|774.809998|796.150024|601500|0.9962197184|793.140381
2026-04-17|322|AEE|111.470001|113.029999|110.660004|112.709999|1739600|0.9930004667|111.921082
2026-04-17|323|VRSN|274.790009|276.130005|272.470001|274.049988|805400|0.9944277890|272.522919
2026-04-17|324|PWR|587.640015|603.390015|584.580017|601.880005|1176500|0.9998472307|601.788086
2026-04-17|325|AMT|178.289993|183.070007|177.410004|182.360001|4708600|0.9905446092|180.635712
2026-04-17|326|MAR|370.489990|379.559998|368.970001|377.929993|2052300|0.9960059445|376.420532
2026-04-17|327|CTSH|61.169998|61.880001|60.730000|61.299999|5037900|0.9872095485|60.515945
2026-04-17|328|SRE|95.400002|95.809998|92.930000|94.019997|4675800|0.9929041305|93.352844
2026-04-17|329|CSGP|40.580002|40.939999|39.520000|39.720001|3993900|1.0000000000|39.720001
2026-04-17|330|RSG|208.789993|208.889999|206.460007|207.660004|2197600|0.9970890970|207.055527
2026-04-17|331|CCI|86.959999|89.000000|86.440002|88.709999|3436500|0.9884657123|87.686790
2026-04-17|332|EBAY|102.699997|105.400002|102.269997|104.650002|4917000|0.9972353518|104.044342
2026-04-17|333|NVDA|199.899994|201.699997|199.270004|201.679993|160324400|0.9988358556|201.445206
2026-04-17|334|BKNG|188.559998|192.759995|188.000000|192.009995|7881200|0.9974923877|191.528503
2026-04-17|335|GS|915.500000|929.190002|912.219971|925.950012|2805100|0.9956121536|921.887085
2026-04-17|336|FFIV|310.540009|313.750000|306.910004|310.869995|606700|1.0000000000|310.869995
2026-04-17|337|SBAC|221.660004|224.270004|220.240005|223.139999|944700|0.9871816268|220.279694
2026-04-17|338|LII|484.059998|502.540009|483.739990|487.109985|461400|0.9976091276|485.945374
2026-04-17|339|BLK|1038.280029|1067.329956|1036.140015|1052.140015|1105200|0.9943964168|1046.244263
2026-04-17|340|TKO|186.570007|188.880005|184.619995|186.309998|1369900|0.9961152636|185.586227
2026-04-17|341|AKAM|97.570000|98.639999|94.959999|95.889999|5065800|1.0000000000|95.889999
2026-04-17|342|UPS|106.180000|107.589996|105.559998|106.440002|5506200|0.9679890039|103.032753
2026-04-17|343|A|119.470001|121.930000|118.879997|121.870003|4012300|0.9980802530|121.636040
2026-04-17|344|TDY|635.760010|645.330017|631.049988|635.830017|439000|1.0000000000|635.830017
2026-04-17|345|PKG|210.000000|217.169998|209.660004|213.389999|968000|0.9934276825|211.987534
2026-04-17|346|EW|78.790001|81.690002|78.790001|80.989998|5555200|1.0000000000|80.989998
2026-04-17|347|MET|77.440002|78.610001|77.339996|78.080002|4789300|0.9862851080|77.009140
2026-04-17|348|ON|80.339996|83.519997|79.779999|83.010002|15737800|1.0000000000|83.010002
2026-04-17|349|ISRG|463.600006|474.279999|463.019989|469.209991|2720700|1.0000000000|469.209991
2026-04-17|350|CRL|180.309998|185.610001|179.070007|183.880005|745000|1.0000000000|183.880005
2026-04-17|351|MRVL|134.880005|139.910004|133.160004|139.690002|26341300|0.9997533605|139.655548
2026-04-17|352|EQIX|1074.739990|1093.030029|1068.900024|1088.619995|463000|0.9903463937|1078.110840
2026-04-17|353|TPR|155.059998|158.559998|153.289993|155.850006|2367900|0.9971524169|155.406204
2026-04-17|354|GRMN|267.369995|273.320007|266.489990|267.420013|956500|0.9955900883|266.240723
2026-04-17|355|GPN|71.510002|73.010002|70.809998|72.370003|4018300|0.9961797067|72.093529
2026-04-17|356|ALGN|188.869995|194.669998|188.229996|190.070007|1025000|1.0000000000|190.070007
2026-04-17|357|WTW|295.690002|298.260010|294.890015|297.640015|631300|0.9963732529|296.560547
2026-04-17|358|MDLZ|57.340000|57.490002|56.849998|57.250000|8240800|0.9916874483|56.774109
2026-04-17|359|AXON|405.000000|410.390015|400.040009|402.850006|940100|1.0000000000|402.850006
2026-04-17|360|FIS|48.889999|49.279999|48.240002|48.500000|5418900|0.9887092639|47.952400
2026-04-17|361|ACN|195.860001|199.649994|195.809998|197.649994|4501400|0.9881186678|195.301651
2026-04-17|362|ZBH|94.750000|96.559998|94.599998|94.779999|1567100|0.9973498233|94.528816
2026-04-17|363|BG|120.029999|121.099998|117.739998|119.260002|2019200|0.9877945902|117.804390
2026-04-17|364|PFG|94.709999|96.540001|94.419998|96.169998|1259200|0.9920864700|95.408951
2026-04-17|365|ELV|316.100006|324.609985|314.339996|323.049988|1336100|0.9959475060|321.740814
2026-04-17|366|CNC|39.110001|39.459999|37.919998|38.169998|5467500|1.0000000000|38.169998
2026-04-17|367|PRU|100.209999|102.839996|100.209999|101.650002|2438900|0.9752946989|99.138702
2026-04-17|368|NFLX|96.370003|98.739998|95.099998|97.309998|125958700|1.0000000000|97.309998
2026-04-17|369|NDAQ|89.430000|89.730003|88.050003|88.610001|2818500|0.9964261009|88.293320
2026-04-17|370|WYNN|108.330002|111.970001|107.849998|109.190002|1574300|0.9949442808|108.637970
2026-04-17|371|CME|293.570007|294.079987|284.480011|287.649994|3976200|0.9948418839|286.166260
2026-04-17|372|STX|544.450012|553.570007|537.520020|547.750000|3449100|0.9992874955|547.359741
2026-04-17|373|NRG|169.000000|171.350006|166.289993|167.729996|3433200|0.9934205862|166.626434
2026-04-17|374|AIZ|224.699997|230.009995|224.240005|227.759995|226700|0.9965805324|226.981186
2026-04-17|375|CBRE|149.080002|152.729996|149.080002|151.509995|1658400|1.0000000000|151.509995
2026-04-17|376|CRM|185.429993|187.979996|181.029999|182.139999|17225700|0.9974256962|181.671112
2026-04-17|377|DPZ|370.529999|376.989990|369.000000|372.059998|690000|0.9938557491|369.773987
2026-04-17|378|EXR|141.550003|146.190002|141.550003|145.360001|1140700|0.9892430283|143.796371
2026-04-17|379|GOOG|334.429993|339.984985|333.290009|339.399994|19683800|0.9993985127|339.195862
2026-04-17|380|GOOGL|337.649994|342.320007|336.239990|341.679993|25581900|0.9994030337|341.476044
2026-04-17|381|DLR|199.460007|204.210007|199.220001|203.619995|2063100|0.9933767643|202.271378
2026-04-17|382|MPWR|1437.619995|1479.229980|1420.339966|1468.349976|635600|0.9984765039|1466.112915
2026-04-17|383|LVS|57.130001|58.459999|57.130001|57.639999|4095900|0.9879067226|56.942944
2026-04-17|384|DXCM|62.430000|64.089996|61.900002|63.980000|7831100|1.0000000000|63.980000
2026-04-17|385|BLDR|89.050003|92.239998|87.660004|88.500000|2739100|1.0000000000|88.500000
2026-04-17|386|WBD|27.389999|27.570000|27.340000|27.469999|27561400|1.0000000000|27.469999
2026-04-17|387|EXPE|262.209991|269.649994|260.649994|265.839996|1882500|0.9964448664|264.894897
2026-04-17|388|CF|114.000000|114.800003|109.709999|112.680000|6855800|0.9908287958|111.646591
2026-04-17|389|AMP|462.299988|466.329987|454.880005|456.200012|1082200|0.9932580907|453.124359
2026-04-17|390|ICE|164.000000|164.330002|159.839996|161.240005|4881700|0.9962997224|160.643372
2026-04-17|391|PSKY|11.790000|11.970000|11.610000|11.740000|7187800|0.9952244509|11.683935
2026-04-17|392|LYV|160.690002|161.750000|155.139999|156.559998|4115000|1.0000000000|156.559998
2026-04-17|393|CMG|35.619999|36.650002|35.430000|35.830002|16513800|1.0000000000|35.830002
2026-04-17|394|UAL|102.879997|105.980003|100.910004|101.800003|13120700|1.0000000000|101.800003
2026-04-17|395|TDG|1239.000000|1290.109985|1235.000000|1265.880005|384800|1.0000000000|1265.880005
2026-04-17|396|MA|521.500000|527.469971|518.739990|521.299988|3617200|0.9983264725|520.427612
2026-04-17|397|LDOS|156.759995|157.729996|154.050003|155.169998|1043400|0.9964800263|154.623810
2026-04-17|398|FSLR|192.029999|194.970001|189.470001|190.440002|3406200|1.0000000000|190.440002
2026-04-17|399|BR|163.679993|165.179993|160.369995|162.919998|1234900|0.9932693636|161.823441
2026-04-17|400|SMCI|29.059999|29.129999|28.180000|28.559999|21872300|1.0000000000|28.559999
2026-04-17|401|TMUS|194.770004|198.559998|194.000000|197.669998|4800700|0.9946034600|195.475082
2026-04-17|402|DAL|74.419998|75.019997|71.320000|71.720001|12765600|0.9948974393|71.354042
2026-04-17|403|IBKR|81.449997|82.879997|80.870003|81.709999|5487900|0.9989881568|81.627319
2026-04-17|404|PODD|204.139999|205.949997|201.889999|203.729996|864800|1.0000000000|203.729996
2026-04-17|405|TEL|239.630005|246.500000|238.710007|246.139999|2718600|0.9922749574|244.238556
2026-04-17|406|BX|130.089996|133.149994|128.300003|129.080002|7638200|0.9808140125|126.603470
2026-04-17|407|LULU|165.250000|168.949997|165.000000|167.279999|2244600|1.0000000000|167.279999
2026-04-17|408|ULTA|543.909973|560.950012|543.380005|553.359985|992300|1.0000000000|553.359985
2026-04-17|409|MSCI|569.020020|572.900024|562.890015|568.549988|804500|0.9928506457|564.485229
2026-04-17|410|ECHO|135.270004|135.679993|132.089996|133.210007|5818100|1.0000000000|133.210007
2026-04-17|411|PM|155.160004|158.020004|154.899994|157.789993|5646100|0.9917776037|156.492584
2026-04-17|412|V|316.600006|319.440002|315.179993|317.019989|8082300|0.9960807290|315.777496
2026-04-17|413|AWK|129.490005|131.809998|128.500000|131.610001|2097300|0.9863367160|129.811768
2026-04-17|414|KDP|26.040001|26.629999|26.000000|26.530001|11331300|0.9929274294|26.342365
2026-04-17|415|SW|42.419998|43.450001|42.099998|42.240002|8233400|0.9797713221|41.385544
2026-04-17|416|AVGO|400.899994|406.730011|399.809998|406.540009|20581700|0.9984198371|405.897614
2026-04-17|417|VRSK|178.699997|179.449997|176.339996|178.070007|1616700|0.9972796518|177.585587
2026-04-17|418|DG|123.309998|127.260002|123.309998|126.680000|3071800|0.9949256041|126.037178
2026-04-17|419|FTNT|83.949997|84.250000|81.019997|81.839996|4968300|1.0000000000|81.839996
2026-04-17|420|CHTR|236.000000|241.500000|234.229996|236.619995|1778300|1.0000000000|236.619995
2026-04-17|421|FERG|261.700012|265.119995|259.899994|260.489990|1816400|0.9924610460|258.526154
2026-04-17|422|GNRC|208.820007|216.320007|208.820007|212.100006|682700|1.0000000000|212.100006
2026-04-17|423|LYB|70.120003|70.339996|65.760002|66.269997|14506500|0.9795355103|64.913818
2026-04-17|424|CBOE|307.000000|308.700012|299.429993|299.940002|1555700|0.9979084359|299.312653
2026-04-17|425|TSLA|395.920013|409.279999|391.649994|400.619995|90640000|1.0000000000|400.619995
2026-04-17|426|KKR|104.019997|106.870003|103.089996|103.599998|5831900|0.9961485906|103.200996
2026-04-17|427|NXPI|215.770004|218.960007|210.270004|216.029999|4289700|0.9966193239|215.299683
2026-04-17|428|GM|79.400002|82.669998|79.400002|81.320000|7298200|0.9978370584|81.144112
2026-04-17|429|TRGP|235.919998|236.589996|231.000000|235.500000|2106700|0.9903678073|233.231628
2026-04-17|430|CPAY|332.630005|343.559998|331.029999|334.640015|730000|1.0000000000|334.640015
2026-04-17|431|KMI|31.150000|32.090000|30.920000|32.020000|14356000|0.9816636474|31.432871
2026-04-17|432|HCA|482.970001|493.149994|480.540009|488.000000|960800|0.9979998461|487.023926
2026-04-17|433|HII|396.000000|400.709991|393.000000|394.809998|637000|0.9956995948|391.287323
2026-04-17|434|APO|122.800003|126.580002|121.120003|124.620003|6405200|0.9916121637|123.574707
2026-04-17|435|MPC|217.250000|220.080002|210.639999|213.690002|3800300|0.9934777159|212.296265
2026-04-17|436|XYL|120.800003|123.349998|120.550003|121.110001|4648000|0.9923180477|120.179642
2026-04-17|437|APTV|59.450001|61.619999|59.450001|59.619999|3501100|1.0000000000|59.619999
2026-04-17|438|PSX|157.080002|158.440002|153.580002|156.369995|3694400|0.9875507674|154.423325
2026-04-17|439|AMCR|40.970001|42.500000|40.770000|41.939999|5527400|0.9836148215|41.252804
2026-04-17|440|META|678.599976|691.520020|675.130005|688.549988|16283500|0.9990740414|687.912415
2026-04-17|441|NOW|97.949997|98.820000|96.129997|96.660004|17754600|1.0000000000|96.660004
2026-04-17|442|PANW|170.479996|170.619995|166.699997|167.850006|7037300|1.0000000000|167.850006
2026-04-17|443|FANG|176.449997|180.610001|170.550003|180.270004|6169400|0.9890830467|178.302002
2026-04-17|444|WDAY|127.989998|128.789993|122.230003|123.830002|5053100|1.0000000000|123.830002
2026-04-17|445|ABBV|209.660004|212.350006|207.820007|208.380005|8986600|0.9929324291|206.907272
2026-04-17|446|NCLH|21.400000|22.219999|20.900000|20.990000|31605200|1.0000000000|20.990000
2026-04-17|447|ZTS|120.080002|122.970001|119.570000|122.379997|6170600|0.9887765322|121.006470
2026-04-17|448|IQV|174.399994|179.380005|173.610001|176.460007|1635200|1.0000000000|176.460007
2026-04-17|449|NWS|29.730000|30.170000|29.600000|29.959999|692900|1.0000000000|29.959999
2026-04-17|450|NWSA|25.820000|26.219999|25.590000|26.010000|2646100|1.0000000000|26.010000
2026-04-17|451|CDW|133.990005|135.160004|133.199997|133.960007|1048900|0.9893792048|132.537231
2026-04-17|452|VEEV|171.039993|173.270004|166.270004|167.949997|2173400|1.0000000000|167.949997
2026-04-17|453|ALLE|142.509995|147.110001|142.509995|144.320007|904100|0.9958946033|143.727524
2026-04-17|454|HLT|334.700012|344.750000|334.510010|341.029999|1874700|0.9990803866|340.716400
2026-04-17|455|ARES|118.190002|121.199997|117.019997|117.779999|4030700|0.9900265958|116.605331
2026-04-17|456|ANET|162.235001|165.279999|160.470001|164.229996|8216400|1.0000000000|164.229996
2026-04-17|457|SYF|76.379997|78.709999|76.169998|78.339996|5257300|0.9916769819|77.687965
2026-04-17|458|CFG|65.120003|66.059998|64.199997|64.449997|9595300|0.9864525111|63.576862
2026-04-17|459|KEYS|331.029999|338.000000|331.029999|334.339996|1354400|1.0000000000|334.339996
2026-04-17|460|GDDY|84.849998|86.224998|84.000000|85.720001|2461400|1.0000000000|85.720001
2026-04-17|461|KHC|22.600000|22.730000|22.400000|22.469999|12796600|0.9821984863|22.070000
2026-04-17|462|PYPL|50.345001|51.200001|49.772999|50.810001|18758600|0.9967143863|50.643063
2026-04-17|463|LITE|912.000000|912.000000|865.020020|894.070007|4343900|1.0000000000|894.070007
2026-04-17|464|HPE|26.100000|26.559999|25.895000|26.440001|17927100|0.9970828234|26.362871
2026-04-17|465|XYZ|70.040001|72.180000|69.900002|71.260002|6778800|1.0000000000|71.260002
2026-04-17|466|FTV|60.169998|61.154999|59.740002|60.520000|3741100|0.9990168769|60.460503
2026-04-17|467|DELL|192.830002|197.339996|191.750000|196.550003|6311200|0.9952707496|195.620483
2026-04-17|468|TTD|23.066000|23.420000|22.299999|22.469999|19586700|1.0000000000|22.469999
2026-04-17|469|VST|166.259995|168.490005|162.259995|163.460007|4104300|0.9986015267|163.231415
2026-04-17|470|HWM|251.330002|258.739990|251.330002|255.690002|2276400|0.9990766853|255.453934
2026-04-17|471|INVH|26.309999|27.070000|26.309999|27.030001|4821500|0.9898785423|26.756418
2026-04-17|472|CVNA|369.215012|398.120003|367.570000|387.529984|4737600|0.2000000000|77.505997
2026-04-17|473|IR|84.839996|87.239998|84.529999|85.800003|6630800|0.9994839545|85.755730
2026-04-17|474|VICI|28.469999|29.129999|28.400000|29.010000|8705000|0.9834741092|28.530584
2026-04-17|475|VRT|298.700012|308.540009|298.220001|307.339996|5805500|0.9997919900|307.276062
2026-04-17|476|MRNA|55.700001|56.060001|52.950001|53.720001|13585400|1.0000000000|53.720001
2026-04-17|477|FOXA|64.580002|65.294998|64.160004|65.070000|2424000|1.0000000000|65.070000
2026-04-17|478|FOX|57.869999|58.610001|57.560001|58.529999|1064200|1.0000000000|58.529999
2026-04-17|479|DOW|36.290001|36.549999|34.799999|35.599998|27285900|0.9899338512|35.241642
2026-04-17|480|UBER|77.415001|78.720001|76.610001|77.120003|16966600|1.0000000000|77.120003
2026-04-17|481|CTVA|80.120003|80.760002|78.910004|80.339996|4368400|0.9977005620|80.155258
2026-04-17|482|CRWD|428.959991|431.839996|420.359985|423.950012|2906300|0.2500000000|105.987503
2026-04-17|483|DDOG|126.650002|128.429993|123.809998|126.610001|4050600|1.0000000000|126.610001
2026-04-17|484|CARR|60.310001|62.965000|60.189999|61.320000|6461100|0.9928803129|60.883423
2026-04-17|485|OTIS|80.720001|82.639999|80.559998|81.430000|3520000|0.9879889159|80.451935
2026-04-17|486|PLTR|145.315002|148.279999|143.300003|146.389999|50657600|1.0000000000|146.389999
2026-04-17|487|DASH|184.914993|188.440002|183.477005|183.889999|4424100|1.0000000000|183.889999
2026-04-17|488|ABNB|139.904999|143.300003|139.199997|141.550003|4056800|1.0000000000|141.550003
2026-04-17|489|EXE|95.209999|96.695000|94.970001|95.820000|4896400|0.9880522369|94.675171
2026-04-17|490|COIN|205.199997|216.050003|202.949997|206.330002|15670400|1.0000000000|206.330002
2026-04-17|491|APP|478.500000|486.459991|472.239990|477.200012|4014900|1.0000000000|477.200012
2026-04-17|492|HOOD|90.059998|93.320000|89.570000|90.750000|49795300|1.0000000000|90.750000
2026-04-17|493|CEG|304.019989|305.760010|291.600006|296.209991|2266600|0.9969162535|295.296539
2026-04-17|494|GEHC|75.040001|75.949997|74.364998|74.660004|3461400|0.9994353928|74.617851
2026-04-17|495|KVUE|17.500000|17.795000|17.480000|17.610001|16495800|0.9772015009|17.208519
2026-04-17|496|VLTO|91.300003|92.753998|90.889999|90.980003|2060400|0.9985280797|90.846085
2026-04-17|497|RDDT|165.505005|168.699997|161.363998|163.800003|4068600|1.0000000000|163.800003
2026-04-17|498|SOLV|70.000000|71.419998|69.785004|70.480003|913700|1.0000000000|70.480003
2026-04-17|499|GEV|988.650024|1009.489990|977.210022|1002.750000|2328800|0.9994893113|1002.237915
2026-04-17|500|SNDK|920.840027|930.500000|886.000000|920.989990|25655700|1.0000000000|920.989990
2026-04-17|501|Q|134.270004|137.800003|133.869995|136.289993|1399900|0.9994967288|136.221405
