date|security_id|ticker|open|high|low|close|volume|adj_factor|adj_close_vendor
2026-04-13|1|AEP|136.490005|136.600006|133.580002|134.460007|2401500|0.9852885257|132.481903
2026-04-13|2|BA|216.250000|222.210007|215.460007|222.139999|4136900|1.0000000000|222.139999
2026-04-13|3|CAT|788.419983|798.539978|785.330017|791.729980|1820100|0.9962516275|788.762268
2026-04-13|4|CNP|43.389999|43.450001|42.450001|42.730000|3910400|0.9886466776|42.244873
2026-04-13|5|CVX|191.449997|192.610001|189.720001|191.779999|12000200|0.9823507513|188.395233
2026-04-13|6|DIS|98.529999|101.269997|98.529999|101.180000|6790300|0.9923958226|100.410606
2026-04-13|7|DTE|149.509995|149.509995|146.509995|147.509995|1357700|0.9921049063|146.345383
2026-04-13|8|ED|113.540001|113.730003|111.220001|111.889999|1488500|0.9836258984|110.057899
2026-04-13|9|GD|336.589996|341.380005|336.250000|340.760010|1622600|0.9956181446|339.266846
2026-04-13|10|GE|306.429993|312.149994|304.320007|311.899994|3811500|0.9987550328|311.511688
2026-04-13|11|HON|233.439994|234.890002|231.790007|233.640003|2657300|1.0399150842|242.965759
2026-04-13|12|HPQ|18.290001|19.420000|18.150000|19.230000|32994200|0.9879711310|18.998684
2026-04-13|13|IBM|233.630005|238.070007|231.699997|237.820007|5349600|0.9856234381|234.400970
2026-04-13|14|IP|36.279999|36.709999|35.619999|36.650002|6370800|0.9742073595|35.704700
2026-04-13|15|JNJ|237.710007|238.389999|235.179993|237.960007|7663600|0.9894021702|235.438141
2026-04-13|16|KO|77.320000|77.449997|75.830002|76.410004|12696200|0.9935850886|75.919846
2026-04-13|17|KR|68.529999|68.769997|67.610001|68.029999|3690000|0.9879807975|67.212334
2026-04-13|18|LMT|617.869995|622.510010|615.010010|619.690002|678700|0.9934960884|615.659546
2026-04-13|19|MMM|149.929993|152.789993|148.710007|152.789993|2489100|0.9905187908|151.341370
2026-04-13|20|MO|67.489998|67.570000|66.389999|66.809998|6795700|0.9852654995|65.825584
2026-04-13|21|MRK|121.029999|121.300003|119.059998|120.150002|6357300|0.9928601430|119.292145
2026-04-13|22|MSI|434.250000|439.910004|433.010010|439.910004|739500|0.9970118292|438.595490
2026-04-13|23|PG|145.000000|145.089996|142.630005|143.580002|7121400|0.9851719538|141.450974
2026-04-13|24|XOM|154.270004|154.619995|151.279999|152.639999|18685600|0.9868681737|150.635559
2026-04-13|25|RTX|201.750000|202.990005|200.130005|201.410004|3429200|0.9925545778|199.910431
2026-04-13|26|MCD|304.220001|304.899994|302.100006|304.510010|2872100|0.9932635540|302.458679
2026-04-13|27|AXP|311.179993|324.220001|310.000000|323.820007|2581800|0.9972701149|322.936005
2026-04-13|28|BMY|58.110001|58.900002|57.549999|58.060001|10529200|0.9888377035|57.411919
2026-04-13|29|DD|46.880000|47.299998|46.519999|47.149999|3105501|2.9881422927|140.890900
2026-04-13|30|DE|604.460022|607.929993|598.849976|603.039978|1178300|0.9974147424|601.480957
2026-04-13|31|EMR|143.410004|144.500000|141.880005|144.460007|2606900|0.9926085470|143.392242
2026-04-13|32|ETN|403.850006|404.750000|395.179993|403.359985|1818700|0.9947965913|401.261139
2026-04-13|33|ETR|116.459999|116.459999|114.230003|115.330002|1814300|0.9886701734|114.023331
2026-04-13|34|F|12.030000|12.170000|11.920000|12.160000|32688600|0.9769709546|11.879967
2026-04-13|35|HAL|38.130001|38.669998|37.910000|38.610001|13797400|0.9957637679|38.446442
2026-04-13|36|LLY|939.969971|945.900024|927.169983|929.549988|2089600|0.9968530383|926.624756
2026-04-13|37|PCG|18.430000|18.490000|17.320000|17.740000|36562600|0.9970997679|17.688549
2026-04-13|38|PEP|156.990005|157.029999|154.949997|155.880005|5827800|0.9895884624|154.257050
2026-04-13|39|PFE|26.830000|27.570000|26.680000|27.340000|44156200|0.9668473999|26.433607
2026-04-13|40|TXN|213.949997|217.199997|212.110001|216.710007|4630500|0.9898764050|214.516129
2026-04-13|41|WFC|84.589996|86.699997|84.070000|86.639999|14506600|0.9886393471|85.655716
2026-04-13|42|HUBB|535.239990|540.630005|531.330017|539.789978|474441|0.9970037769|538.172668
2026-04-13|43|WMT|126.290001|126.300003|123.949997|124.570000|14510600|0.9957114974|124.035782
2026-04-13|44|AIG|76.580002|77.989998|76.580002|77.830002|1960700|0.9933984683|77.316208
2026-04-13|45|AVY|170.720001|172.399994|168.160004|172.220001|559300|0.9936321953|171.123337
2026-04-13|46|BAC|52.180000|53.439999|51.849998|53.349998|27835300|0.9948310871|53.074238
2026-04-13|47|BALL|61.599998|63.820000|61.599998|63.599998|2514400|0.9963416864|63.367332
2026-04-13|48|BDX|153.929993|155.550003|152.789993|155.429993|3061300|0.9929995336|154.341919
2026-04-13|49|CLX|104.849998|105.089996|101.800003|103.389999|1950500|0.9761478543|100.923927
2026-04-13|50|CMI|613.739990|619.799988|609.440002|618.280029|652600|0.9931721942|614.058533
2026-04-13|51|CMS|79.320000|79.339996|77.800003|78.449997|2429100|0.9843492113|77.222191
2026-04-13|52|CVS|78.139999|78.820000|77.540001|78.089996|6714700|0.9851999130|76.934258
2026-04-13|53|ECL|271.730011|275.890015|269.880005|275.200012|1712400|0.9972820015|274.452026
2026-04-13|54|ES|69.809998|69.989998|68.070000|68.680000|1913600|0.9882685720|67.874283
2026-04-13|55|EVRG|83.650002|83.690002|81.980003|82.449997|1617800|0.9834796618|81.087891
2026-04-13|56|GWW|1168.000000|1171.410034|1134.869995|1161.660034|324200|0.9960365882|1157.055786
2026-04-13|57|LNT|73.139999|73.349998|71.980003|72.510002|1822700|0.9850786184|71.428055
2026-04-13|58|MKC|53.709999|54.709999|52.840000|54.110001|5914500|0.9822640876|53.150311
2026-04-13|59|MRSH|168.830002|173.570007|168.279999|173.550003|2811300|0.9943746806|172.573730
2026-04-13|60|NEE|93.849998|94.040001|91.930000|92.300003|6111500|0.9927287582|90.944969
2026-04-13|61|NI|47.950001|48.020000|46.900002|47.189999|2965000|0.9871584841|46.584007
2026-04-13|62|PNW|103.599998|103.879997|101.910004|102.629997|788400|0.9822795276|100.811348
2026-04-13|63|RVTY|89.269997|92.660004|89.150002|92.639999|502900|0.9985919505|92.509560
2026-04-13|64|SNA|379.720001|381.709991|375.010010|381.709991|380100|0.9870969475|376.784760
2026-04-13|65|SPGI|416.799990|430.200000|416.010014|430.080004|1778000|0.9417621693|405.033051
2026-04-13|66|TER|365.940002|370.420013|362.019989|370.130005|2434700|0.9996224662|369.990265
2026-04-13|67|TGT|120.430000|121.089996|117.360001|117.879997|5800600|0.9830946401|115.887192
2026-04-13|68|TXT|91.139999|93.309998|90.889999|93.110001|1127300|0.9997866667|93.090141
2026-04-13|69|VMC|293.709991|297.570007|289.619995|297.149994|724400|0.9961649269|296.010437
2026-04-13|70|XEL|82.300003|82.349998|80.410004|80.449997|4324300|0.9925145167|79.847786
2026-04-13|71|ITW|269.519989|274.609985|268.049988|274.510010|1408300|0.9939806334|272.857635
2026-04-13|72|CL|84.099998|84.290001|83.029999|83.980003|4704600|0.9881586198|82.985565
2026-04-13|73|EXC|48.509998|48.669998|48.009998|48.150002|5722600|0.9906832302|47.701401
2026-04-13|74|MDT|87.000000|88.160004|86.410004|88.000000|8276900|0.9910581218|87.213112
2026-04-13|75|BNY|126.750000|129.220001|126.419998|129.149994|3574200|0.9920974180|128.129379
2026-04-13|76|EIX|75.449997|75.519997|71.550003|72.389999|3882200|0.9882683051|71.540741
2026-04-13|77|FRT|108.419998|109.250000|107.889999|108.989998|897000|0.9908457552|107.992271
2026-04-13|78|PNR|90.199997|91.199997|88.790001|91.199997|1173500|0.9926207111|90.527008
2026-04-13|79|USB|55.290001|56.570000|54.950001|56.509998|5998000|0.9915143601|56.030476
2026-04-13|80|WY|24.650000|24.860001|24.320000|24.820000|3344900|0.9914979760|24.608980
2026-04-13|81|SYY|73.019997|73.730003|72.629997|73.360001|6922400|0.9934155392|72.876961
2026-04-13|82|WRB|65.669998|67.120003|65.669998|66.959999|1511700|0.9910634494|66.361610
2026-04-13|83|IFF|71.970001|72.330002|70.550003|71.699997|1391300|0.9947403026|71.322876
2026-04-13|84|TAP|45.000000|45.000000|44.150002|44.650002|2204300|0.9881685974|43.613369
2026-04-13|85|PNC|219.610001|223.339996|218.000000|223.000000|2507400|0.9845274632|219.549622
2026-04-13|86|TRV|296.450012|301.899994|296.040009|301.309998|913000|0.9958368027|300.055573
2026-04-13|87|C|123.010002|126.309998|122.349998|126.279999|14416800|0.9902572054|125.049675
2026-04-13|88|FDX|370.270006|373.949983|368.379988|371.889994|1226300|0.8027880446|298.548859
2026-04-13|89|WDC|341.549988|351.869995|339.500000|350.160004|5429400|0.9997393571|350.068726
2026-04-13|90|DHR|188.669998|196.520004|188.059998|195.869995|4836300|0.9979297139|195.464478
2026-04-13|91|APA|39.630001|39.799999|38.950001|39.490002|7139300|0.9864084367|38.953270
2026-04-13|92|LUV|38.709999|39.480000|38.200001|39.450001|4503200|0.9956521741|39.278481
2026-04-13|93|PEG|82.559998|82.980003|80.720001|81.260002|2000200|0.9913815279|80.559662
2026-04-13|94|UNP|251.000000|251.979996|248.669998|251.339996|1590900|0.9948314607|250.040924
2026-04-13|95|ABT|100.129997|100.900002|99.050003|100.690002|11199500|0.9867277802|99.353630
2026-04-13|96|ADI|348.690002|350.079987|344.000000|350.010010|2485100|0.9972683702|349.053925
2026-04-13|97|ADM|70.540001|70.989998|69.099998|69.820000|2663600|0.9871845133|68.925217
2026-04-13|98|ADP|188.259995|195.470001|188.259995|195.380005|3142300|0.9924702132|193.908829
2026-04-13|99|AFL|109.680000|112.279999|109.080002|112.139999|1522800|0.9898631333|111.003250
2026-04-13|100|AMAT|397.850006|400.500000|389.589996|395.730011|5246600|0.9976914901|394.816498
2026-04-13|101|AMD|245.029999|247.330002|242.029999|246.830002|22781800|1.0000000000|246.830002
2026-04-13|102|APD|299.109985|301.000000|296.959991|298.649994|1011400|0.9938263181|296.806213
2026-04-13|103|BF-B|29.600000|29.790001|28.840000|29.270000|5673500|0.9913580245|29.017050
2026-04-13|104|CHD|95.599998|95.930000|93.639999|95.029999|1279800|0.9937159244|94.432823
2026-04-13|105|CINF|161.750000|163.990005|161.210007|163.679993|698200|0.9945494610|162.787842
2026-04-13|106|CMCSA|27.950001|28.190001|27.590000|28.049999|20312900|0.9865580444|27.672953
2026-04-13|107|D|64.080002|64.150002|62.580002|62.970001|3541000|0.9900860786|62.345722
2026-04-13|108|DOV|216.820007|219.360001|214.029999|219.240005|969100|0.9975530563|218.703537
2026-04-13|109|DUK|131.830002|132.119995|129.750000|130.399994|3580000|0.9827918175|128.156052
2026-04-13|110|EFX|177.580002|186.669998|175.740005|186.470001|1697800|0.9965665237|185.829758
2026-04-13|111|EQT|58.779999|58.970001|57.209999|57.700001|5650300|0.9940720641|57.357960
2026-04-13|112|FITB|48.930000|49.880001|48.740002|49.840000|5152800|0.9929552658|49.488892
2026-04-13|113|GIS|35.520000|35.630001|34.040001|34.560001|11761100|0.9829846576|33.971951
2026-04-13|114|GPC|107.459999|109.860001|106.589996|109.790001|2348800|0.9892223458|108.606720
2026-04-13|115|HAS|91.730003|92.860001|91.430000|92.489998|1352100|0.9844894224|91.055428
2026-04-13|116|HBAN|16.270000|16.650000|16.139999|16.620001|22689200|0.9910508082|16.471264
2026-04-13|117|HRL|20.540001|20.600000|20.320000|20.480000|5750000|0.9881520418|20.237352
2026-04-13|118|HST|20.120001|20.280001|19.770000|20.270000|6817400|0.9630818621|19.521669
2026-04-13|119|HSY|200.240005|201.369995|196.850006|197.610001|2357700|0.9846288447|194.572495
2026-04-13|120|INTC|62.180000|65.650002|62.180000|65.180000|112111000|1.0000000000|65.180000
2026-04-13|121|J|121.029999|125.449997|120.730003|125.309998|901300|0.9944174758|124.610451
2026-04-13|122|JPM|307.470001|313.739990|305.459991|313.679993|8318200|0.9955152929|312.273224
2026-04-13|123|KMB|96.570000|97.199997|95.449997|96.599998|4792800|0.9864507253|95.291138
2026-04-13|124|L|109.300003|110.250000|108.760002|110.230003|764800|0.9988625697|110.104630
2026-04-13|125|LEN|88.389999|89.879997|87.129997|89.790001|2595800|0.9888298730|88.787033
2026-04-13|126|LOW|243.839996|247.279999|241.229996|247.080002|2484100|0.9891098782|244.389282
2026-04-13|127|MAS|63.200001|64.370003|62.029999|64.309998|2807700|0.9908891403|63.724079
2026-04-13|128|MTB|218.350006|221.860001|217.369995|221.289993|916000|0.9930590903|219.754044
2026-04-13|129|NEM|118.220001|119.989998|115.500000|116.500000|8361300|0.9976704596|116.228607
2026-04-13|130|NTRS|150.699997|154.100006|150.690002|153.990005|820000|0.9953773257|153.278152
2026-04-13|131|NUE|186.119995|189.869995|186.119995|189.669998|1137700|0.9975500919|189.205322
2026-04-13|132|OMC|74.349998|76.750000|74.269997|76.000000|3704700|0.9894221866|75.196091
2026-04-13|133|PCAR|127.190002|127.500000|125.629997|127.379997|2332200|0.9942707430|126.650208
2026-04-13|134|PGR|194.000000|199.800003|193.839996|199.570007|2844200|0.9995561474|199.481430
2026-04-13|135|PH|982.559998|991.700012|972.590027|989.489990|435500|0.9977448271|987.258484
2026-04-13|136|PHM|121.260002|121.790001|118.879997|121.750000|2291300|0.9978834255|121.492310
2026-04-13|137|PPG|110.169998|110.389999|107.699997|110.230003|1819900|0.9873814378|108.839058
2026-04-13|138|PPL|39.900002|40.110001|39.340000|39.500000|6675500|0.9920279720|39.185104
2026-04-13|139|RF|27.139999|27.870001|27.139999|27.830000|8779100|0.9905357143|27.566610
2026-04-13|140|ROL|54.290001|54.680000|53.709999|54.660000|2095100|0.9917679269|54.210033
2026-04-13|141|SHW|334.179993|336.489990|327.109985|334.380005|1499200|0.9951137391|332.746155
2026-04-13|142|STT|138.020004|141.729996|137.839996|141.619995|2517000|0.9950471700|140.918579
2026-04-13|143|SWK|71.709999|72.410004|70.709999|72.349998|1722100|0.9894240575|71.584831
2026-04-13|144|SYK|341.000000|347.549988|339.290009|347.239990|2590400|0.9973375287|346.315460
2026-04-13|145|TMO|494.959991|515.650024|492.040009|514.229980|1828900|0.9989985938|513.715027
2026-04-13|146|TPL|410.000000|422.190002|405.609985|416.769989|523400|0.9984732824|416.133698
2026-04-13|147|TSN|65.620003|65.620003|63.950001|64.449997|2055200|0.9916420846|63.911327
2026-04-13|148|TT|466.000000|473.089996|463.390015|472.940002|1167800|0.9977358979|471.869232
2026-04-13|149|TYL|318.950012|324.320007|318.089996|320.850006|789400|1.0000000000|320.850006
2026-04-13|150|UDR|35.009998|35.090000|34.500000|34.750000|3479500|0.9803230978|34.066227
2026-04-13|151|VTRS|13.380000|13.860000|13.370000|13.830000|7802800|0.9853197013|13.626971
2026-04-13|152|WEC|117.330002|117.330002|115.419998|116.320000|1896800|0.9829379991|114.335342
2026-04-13|153|WST|256.190002|259.980011|254.559998|259.959991|590300|0.9985945833|259.594635
2026-04-13|154|NDSN|274.399994|278.329987|272.269989|278.089996|308100|0.9971745572|277.304260
2026-04-13|155|TFC|49.119999|50.040001|48.950001|50.009998|5232900|0.9798350561|49.001549
2026-04-13|156|WELL|207.649994|208.880005|205.300003|206.970001|2546900|0.9928496012|205.490082
2026-04-13|157|AON|315.000000|325.679993|313.000000|325.399994|1687500|0.9951005240|323.805725
2026-04-13|158|GL|145.490005|147.610001|144.300003|147.550003|340800|0.9981716439|147.280228
2026-04-13|159|OKE|86.879997|87.150002|84.599998|85.330002|4269700|0.9765151605|83.326042
2026-04-13|160|KLAC|1734.640045|1771.820068|1720.269928|1768.780060|830100|0.0997597720|176.453094
2026-04-13|161|CSX|42.099998|42.400002|41.939999|42.349998|7474400|0.9969438988|42.220573
2026-04-13|162|PSA|293.410004|296.769989|290.790009|296.230011|1116300|0.9907958521|293.503479
2026-04-13|163|NKE|42.230000|42.980000|42.090000|42.910000|21236700|0.9911312999|42.529446
2026-04-13|164|AAPL|259.730011|260.179993|256.660004|259.200012|36234700|0.9982185855|258.738281
2026-04-13|165|BRO|65.080002|67.489998|64.930000|67.459999|2409700|0.9947741799|67.107468
2026-04-13|166|UHS|179.509995|183.220001|177.419998|183.199997|730900|0.9986223049|182.947601
2026-04-13|167|HD|335.540009|341.440002|331.929993|341.160004|3741200|0.9925551970|338.620148
2026-04-13|168|BAX|16.959999|17.680000|16.809999|17.629999|12110000|0.9994805195|17.614046
2026-04-13|169|COP|124.959999|125.330002|122.379997|123.620003|8639400|0.9860463925|121.895058
2026-04-13|170|GLW|169.649994|175.610001|169.649994|175.169998|7209900|0.9984696945|174.901932
2026-04-13|171|HUM|191.000000|198.449997|190.020004|198.229996|1424200|0.9976462766|197.763412
2026-04-13|172|LHX|355.239990|360.140015|354.500000|357.950012|1082300|0.9959648783|356.505646
2026-04-13|173|NOC|677.719971|683.869995|677.010010|681.309998|515900|0.9956180811|678.324585
2026-04-13|174|OXY|58.619999|59.240002|57.400002|58.060001|14483200|0.9954022988|57.793056
2026-04-13|175|ROK|397.820007|408.200012|393.779999|407.779999|780000|0.9938632005|405.277527
2026-04-13|176|SLB|52.200001|52.750000|51.520000|51.919998|11847000|0.9947843000|51.649200
2026-04-13|177|SO|97.250000|97.379997|95.529999|95.930000|4731900|0.9836658196|94.363060
2026-04-13|178|WMB|72.949997|73.050003|71.029999|71.540001|5426700|0.9926696456|71.015587
2026-04-13|179|VLO|243.160004|243.309998|237.779999|242.080002|2772500|0.9914397807|240.007751
2026-04-13|180|CI|270.029999|275.140015|269.010010|275.119995|1173100|0.9942378017|273.534698
2026-04-13|181|NSC|295.440002|297.640015|294.040009|297.559998|818000|0.9917671837|295.110260
2026-04-13|182|COO|70.739998|71.800003|69.830002|71.699997|1437200|1.0000000000|71.699997
2026-04-13|183|AMGN|352.089996|352.619995|345.489990|349.820007|2547700|0.9867386103|345.180908
2026-04-13|184|RJF|145.210007|150.809998|145.080002|150.369995|1162000|0.9964480694|149.835892
2026-04-13|185|WSM|191.750000|195.669998|191.009995|193.520004|1275000|0.9927167515|192.110550
2026-04-13|186|CAH|215.929993|217.470001|212.649994|214.179993|1394600|0.9978279171|213.714767
2026-04-13|187|CTAS|174.929993|176.389999|173.619995|175.679993|1869600|0.9947044338|174.749664
2026-04-13|188|PAYX|85.690002|89.470001|85.690002|89.320000|4436800|0.9771272923|87.277008
2026-04-13|189|BEN|24.670000|25.690001|24.590000|25.670000|4364400|0.9900632337|25.414925
2026-04-13|190|AOS|65.790001|67.209999|65.430000|67.180000|1125900|0.9883617008|66.398140
2026-04-13|191|CASY|737.289978|737.289978|729.190002|735.000000|426700|0.9985579358|733.940063
2026-04-13|192|T|26.370001|26.389999|25.400000|25.610001|46751800|0.9867870728|25.271618
2026-04-13|193|VZ|46.090000|46.090000|45.040001|45.419998|32920900|0.9832386370|44.658695
2026-04-13|194|JBHT|226.500000|227.830002|222.169998|227.610001|758300|0.9964612666|226.804550
2026-04-13|195|ATO|190.259995|190.259995|186.479996|187.750000|874700|0.9884163190|185.575150
2026-04-13|196|LRCX|263.119995|267.540009|260.850006|267.320007|8773600|0.9992960416|267.131836
2026-04-13|197|MU|416.470001|426.880005|408.500000|426.559998|37015800|0.9998462422|426.494415
2026-04-13|198|AJG|214.279999|223.529999|213.649994|222.500000|2301800|0.9966824645|221.761856
2026-04-13|199|AME|234.509995|235.000000|231.440002|234.470001|963800|0.9985029940|234.118988
2026-04-13|200|SWKS|56.150002|56.560001|55.369999|56.500000|2748200|0.9913855858|56.013287
2026-04-13|201|EXPD|143.539993|144.550003|142.220001|143.880005|1077500|0.9948730934|143.142349
2026-04-13|202|UNH|303.250000|313.320007|302.920013|313.000000|7972200|0.9943209633|311.222473
2026-04-13|203|BBY|60.049999|61.320000|59.770000|60.849998|5511100|0.9868673048|60.050873
2026-04-13|204|DOC|16.650000|16.770000|16.410000|16.500000|6952500|0.9746865370|16.082327
2026-04-13|205|ADSK|218.009995|227.529999|216.419998|227.139999|2836300|1.0000000000|227.139999
2026-04-13|206|DVN|48.330002|48.639999|46.820000|47.270000|10285700|0.9929375416|46.936161
2026-04-13|207|NVR|6743.430176|6796.169922|6691.350098|6781.689941|17000|1.0000000000|6781.689941
2026-04-13|208|ROST|221.570007|221.960007|219.600006|220.949997|1843500|0.9980432679|220.517654
2026-04-13|209|JKHY|147.490005|151.429993|146.929993|151.399994|1149100|0.9955252350|150.722519
2026-04-13|210|MNST|75.349998|75.529999|74.589996|75.169998|3513600|0.5000000000|75.169998
2026-04-13|211|ORCL|139.770004|155.910004|139.720001|155.619995|49997700|0.9965330745|155.080475
2026-04-13|212|MSFT|373.609985|384.540009|371.019989|384.369995|35745800|0.9959638868|382.818634
2026-04-13|213|TROW|91.540001|94.449997|91.239998|94.370003|2017200|0.9881430134|93.251060
2026-04-13|214|COST|998.469971|1000.049988|979.359985|980.849976|2255500|0.9969659831|977.874023
2026-04-13|215|ADBE|227.139999|240.190002|226.500000|240.110001|6115800|1.0000000000|240.110001
2026-04-13|216|FISV|55.900002|59.049999|55.700001|58.790001|7401800|1.0000000000|58.790001
2026-04-13|217|BKR|62.689999|63.560001|61.980000|62.560001|8546400|0.9930140272|62.122959
2026-04-13|218|CDNS|266.059998|288.329987|265.220001|288.200012|2649000|1.0000000000|288.200012
2026-04-13|219|TJX|160.970001|161.250000|157.330002|159.330002|5208400|0.9936003560|158.310333
2026-04-13|220|FICO|927.409973|1013.510010|923.000000|1000.909973|636500|1.0000000000|1000.909973
2026-04-13|221|CCL|27.100000|27.799999|26.830000|27.750000|20060100|0.9887339129|27.437366
2026-04-13|222|FAST|48.740002|49.000000|45.270000|45.799999|16217600|0.9892709750|45.308609
2026-04-13|223|SCHW|94.720001|96.849998|94.199997|96.790001|7449700|0.9935274715|96.163521
2026-04-13|224|JCI|141.610001|143.000000|140.639999|142.820007|3974300|0.9972406182|142.425903
2026-04-13|225|COHR|305.750000|313.000000|302.809998|307.929993|4516800|1.0000000000|307.929993
2026-04-13|226|KEY|21.290001|21.740000|21.190001|21.719999|15045800|0.9901913874|21.506956
2026-04-13|227|MOS|25.129999|25.540001|24.480000|24.540001|10224400|0.9899359564|24.293028
2026-04-13|228|MGM|36.959999|37.189999|36.209999|36.750000|2627900|1.0000000000|36.750000
2026-04-13|229|WM|230.229996|231.020004|228.179993|231.000000|2313600|0.9956851284|230.003265
2026-04-13|230|TECH|55.419998|57.680000|55.270000|57.529999|1847300|0.9970482740|57.360184
2026-04-13|231|IEX|200.960007|205.460007|199.839996|205.119995|797400|0.9931996195|203.725098
2026-04-13|232|GEN|17.840000|18.920000|17.780001|18.910000|7572000|0.9903038605|18.726646
2026-04-13|233|CRH|115.639999|117.550003|114.389999|117.269997|6451900|0.9923991275|116.378639
2026-04-13|234|EOG|138.770004|139.369995|135.600006|136.960007|3755000|0.9849854996|134.903610
2026-04-13|235|PTC|134.089996|135.470001|130.889999|134.210007|1817300|1.0000000000|134.210007
2026-04-13|236|CSCO|82.040001|82.389999|81.250000|82.349998|19997500|0.9962729613|82.043076
2026-04-13|237|LH|259.100006|265.630005|257.799988|264.179993|555000|0.9972597526|262.892426
2026-04-13|238|TRMB|64.580002|67.000000|64.370003|66.889999|1940300|1.0000000000|66.889999
2026-04-13|239|AZO|3452.899902|3519.020020|3400.000000|3514.469971|216500|1.0000000000|3514.469971
2026-04-13|240|REGN|747.739990|756.900024|737.340027|746.460022|747000|0.9973440317|744.477478
2026-04-13|241|IDXX|559.330017|576.109985|558.309998|574.000000|458900|1.0000000000|574.000000
2026-04-13|242|AES|14.380000|14.400000|14.350000|14.400000|7221500|0.9761125722|14.056021
2026-04-13|243|VRTX|434.170013|445.109985|433.679993|440.049988|1004600|1.0000000000|440.049988
2026-04-13|244|ZBRA|219.130005|226.360001|216.470001|226.089996|803200|1.0000000000|226.089996
2026-04-13|245|BIIB|172.619995|176.789993|171.220001|176.369995|1415000|1.0000000000|176.369995
2026-04-13|246|ODFL|208.009995|208.119995|203.509995|207.630005|1348100|0.9987340667|207.367157
2026-04-13|247|APH|140.000000|145.350006|139.919998|145.270004|7635000|0.9984936130|145.051178
2026-04-13|248|KIM|23.090000|23.200001|22.969999|23.200001|4236200|0.9891711788|22.948772
2026-04-13|249|QCOM|128.000000|131.309998|126.459999|131.240005|8615000|0.9963201471|130.757065
2026-04-13|250|GILD|137.990005|139.550003|137.020004|139.029999|5101500|0.9934708175|138.122238
2026-04-13|251|ROP|343.570007|358.250000|343.570007|356.350006|1529100|0.9974983506|355.458527
2026-04-13|252|SNPS|392.500000|418.420013|388.070007|417.769989|2525900|1.0000000000|417.769989
2026-04-13|253|STZ|168.500000|168.600006|162.869995|164.600006|2443800|0.9856055004|162.230667
2026-04-13|254|BSX|61.500000|63.180000|61.439999|63.180000|12228000|1.0000000000|63.180000
2026-04-13|255|STE|221.940002|224.850006|220.759995|224.850006|527300|0.9970332000|224.182922
2026-04-13|256|DHI|141.970001|144.440002|140.429993|144.330002|1719300|0.9940209933|143.467056
2026-04-13|257|LIN|503.609985|509.230011|502.790009|508.869995|2247600|0.9968477255|507.265900
2026-04-13|258|SBUX|96.599998|97.669998|95.449997|97.480003|5249200|0.9884945611|96.358452
2026-04-13|259|MS|175.759995|181.179993|175.009995|181.139999|6282900|0.9892093304|179.185379
2026-04-13|260|INTU|354.500000|370.450012|352.010010|369.440002|3483700|0.9955898568|367.810730
2026-04-13|261|MCHP|71.459999|73.709999|71.120003|73.550003|6724900|0.9890553567|72.745018
2026-04-13|262|CB|327.910004|330.040009|326.649994|329.980011|1638500|0.9968895800|328.953644
2026-04-13|263|ORLY|93.129997|94.070000|92.529999|94.010002|3644900|1.0000000000|94.010002
2026-04-13|264|RCL|271.000000|282.519989|270.000000|282.410004|2141900|0.9948418155|280.953278
2026-04-13|265|JBL|297.739990|305.950012|297.739990|305.369995|1010900|0.9995582709|305.235107
2026-04-13|266|ALL|210.669998|215.240005|210.259995|215.089996|1017000|0.9947595710|213.962830
2026-04-13|267|CPT|101.620003|101.620003|99.730003|100.820000|838900|0.9909199930|99.904556
2026-04-13|268|VMRK|60.939999|60.959999|59.959999|60.779999|1923700|0.9897192157|60.155132
2026-04-13|269|IT|145.100006|154.610001|145.100006|154.220001|1651100|1.0000000000|154.220001
2026-04-13|270|DECK|107.680000|108.650002|106.669998|108.139999|1225200|1.0000000000|108.139999
2026-04-13|271|REG|78.389999|78.389999|77.660004|78.330002|1267000|0.9906432027|77.597084
2026-04-13|272|INCY|96.129997|96.849998|93.839996|95.550003|1186300|1.0000000000|95.550003
2026-04-13|273|SPG|200.600006|200.759995|197.380005|200.710007|1372200|0.9891482587|198.531952
2026-04-13|274|MAA|126.000000|126.330002|124.449997|125.889999|821100|0.9765831817|122.942055
2026-04-13|275|MLM|627.080017|635.590027|614.429993|635.289978|345900|0.9985730005|634.383423
2026-04-13|276|TSCO|45.130001|45.480000|44.330002|45.439999|6891200|0.9851405019|44.764782
2026-04-13|277|ALB|175.250000|189.350006|175.250000|185.429993|2960200|0.9974537910|184.957855
2026-04-13|278|CPRT|32.700001|33.380001|32.480000|33.250000|7188100|1.0000000000|33.250000
2026-04-13|279|FLEX|75.959999|78.459999|75.269997|78.309998|2817600|1.0000000000|78.309998
2026-04-13|280|ESS|249.309998|250.029999|246.360001|248.949997|388600|0.9912479300|246.771179
2026-04-13|281|O|63.369999|63.560001|62.820000|63.320000|5086700|0.9829305716|62.239166
2026-04-13|282|MCO|425.260010|439.940002|425.260010|439.609985|710700|0.9955156672|437.638641
2026-04-13|283|SJM|91.000000|91.250000|88.250000|89.529999|2516900|0.9798392929|87.725006
2026-04-13|284|MCK|865.469971|870.710022|855.179993|864.570007|554700|0.9988955336|863.615112
2026-04-13|285|COF|191.039993|197.669998|190.110001|197.550003|3472100|0.9922218930|196.013443
2026-04-13|286|EME|799.940002|815.919983|799.380005|812.210022|271000|0.9989862194|811.386597
2026-04-13|287|DLTR|98.220001|102.940002|98.220001|102.129997|3978000|1.0000000000|102.129997
2026-04-13|288|COR|321.049988|322.940002|314.510010|319.119995|1230000|0.9957711437|317.770477
2026-04-13|289|DRI|191.380005|191.919998|186.910004|191.889999|1583400|0.9919770205|190.350479
2026-04-13|290|RMD|228.149994|230.339996|226.919998|230.259995|711300|0.9941821390|228.920364
2026-04-13|291|WAB|266.420013|269.140015|265.000000|269.040009|971800|0.9977552294|268.436066
2026-04-13|292|FCX|66.849998|68.550003|66.849998|68.029999|13134100|0.9953868541|67.716164
2026-04-13|293|IVZ|23.290001|24.309999|23.250000|24.299999|4857100|0.9856541725|23.951395
2026-04-13|294|ACGL|95.400002|97.269997|95.190002|97.099998|2201500|1.0000000000|97.099998
2026-04-13|295|ERIE|252.220001|262.250000|251.419998|261.290009|159400|0.9943102712|259.803345
2026-04-13|296|EG|328.049988|333.839996|327.970001|333.429993|348900|0.9940520446|331.446777
2026-04-13|297|DVA|149.759995|151.960007|148.820007|151.559998|411600|1.0000000000|151.559998
2026-04-13|298|HSIC|75.029999|76.040001|74.180000|75.989998|642400|1.0000000000|75.989998
2026-04-13|299|EL|72.050003|74.830002|71.849998|74.550003|4792900|0.9961483439|74.262863
2026-04-13|300|WAT|318.820007|325.109985|316.239990|324.679993|907900|1.0000000000|324.679993
2026-04-13|301|NTAP|95.830002|98.570000|95.059998|98.400002|1654500|0.9969719908|98.102043
2026-04-13|302|HIG|136.860001|139.210007|136.860001|139.070007|1166400|0.9952804215|138.413666
2026-04-13|303|IRM|109.300003|111.919998|108.309998|111.879997|1085500|0.9932096824|111.120293
2026-04-13|304|BRK-B|478.899994|481.109985|477.399994|480.190002|3612400|1.0000000000|480.190002
2026-04-13|305|FDS|212.419998|226.970001|212.419998|226.419998|1117500|0.9951444118|225.320602
2026-04-13|306|STLD|189.380005|195.550003|189.309998|195.470001|924400|0.9977371702|195.027679
2026-04-13|307|DGX|191.029999|193.130005|189.720001|192.910004|899000|0.9959506546|192.128845
2026-04-13|308|CIEN|493.440002|494.600006|472.320007|479.899994|3048400|1.0000000000|479.899994
2026-04-13|309|TTWO|197.479996|202.190002|196.009995|201.360001|2078800|1.0000000000|201.360001
2026-04-13|310|VTR|85.370003|85.480003|83.550003|84.410004|3988900|0.9941769319|83.918480
2026-04-13|311|AMZN|237.449997|240.000000|235.750000|239.889999|42166200|1.0000000000|239.889999
2026-04-13|312|ARE|42.259998|43.759998|42.000000|43.750000|2007100|0.9870480303|43.183350
2026-04-13|313|RL|372.309998|378.070007|367.829987|376.980011|752000|0.9975616297|376.060791
2026-04-13|314|BXP|52.779999|53.590000|52.360001|53.570000|1757200|0.9895631429|53.010899
2026-04-13|315|FIX|1582.869995|1635.579956|1582.869995|1627.810059|426400|0.9990909066|1626.330200
2026-04-13|316|YUM|161.770004|161.770004|159.490005|161.429993|1002000|0.9951301862|160.643860
2026-04-13|317|CHRW|162.940002|165.100006|159.960007|164.919998|1837400|0.9965870306|164.357132
2026-04-13|318|FE|51.509998|51.509998|50.700001|51.049999|3175000|0.9800753088|50.032845
2026-04-13|319|MTD|1322.449951|1346.439941|1318.000000|1345.890015|145500|1.0000000000|1345.890015
2026-04-13|320|PLD|136.949997|137.199997|135.029999|137.149994|4253100|0.9927946128|136.161774
2026-04-13|321|URI|767.270020|779.530029|760.479980|779.530029|423200|0.9962197184|776.583191
2026-04-13|322|AEE|113.180000|113.300003|111.199997|111.779999|1672300|0.9930004667|110.997589
2026-04-13|323|VRSN|262.029999|271.690002|261.549988|271.440002|861700|0.9944277890|269.927460
2026-04-13|324|PWR|585.359985|596.419983|582.250000|595.840027|1022300|0.9998472307|595.749023
2026-04-13|325|AMT|179.479996|181.210007|178.479996|180.940002|2597700|0.9807453674|177.456070
2026-04-13|326|MAR|351.519989|359.739990|348.000000|359.559998|1286200|0.9960059445|358.123871
2026-04-13|327|CTSH|57.939999|60.590000|57.509998|60.529999|6025600|0.9872095485|59.755791
2026-04-13|328|SRE|98.650002|98.769997|95.379997|96.230003|3231800|0.9929041305|95.547165
2026-04-13|329|CSGP|36.139999|37.259998|34.750000|37.060001|11553600|1.0000000000|37.060001
2026-04-13|330|RSG|215.270004|215.270004|211.220001|213.479996|1991900|0.9970890970|212.858582
2026-04-13|331|CCI|86.230003|87.099998|85.720001|87.080002|2339800|0.9884657123|86.075600
2026-04-13|332|EBAY|95.620003|98.199997|94.980003|98.150002|4325500|0.9972353518|97.581963
2026-04-13|333|NVDA|186.029999|189.660004|185.740005|189.309998|133648200|0.9988358556|189.089615
2026-04-13|334|BKNG|170.710007|177.759995|170.589996|177.250000|5825300|0.9974923877|176.805527
2026-04-13|335|GS|875.549988|896.940002|865.340027|890.789978|4236200|0.9956121536|886.881348
2026-04-13|336|FFIV|287.040009|298.489990|287.040009|298.070007|642100|1.0000000000|298.070007
2026-04-13|337|SBAC|222.520004|223.029999|217.139999|220.240005|1315500|0.9871816268|217.416870
2026-04-13|338|LII|503.510010|519.359985|503.510010|517.880005|470200|0.9976091276|516.641846
2026-04-13|339|BLK|992.799988|1025.650024|991.960022|1023.650024|929400|0.9943964168|1017.913879
2026-04-13|340|TKO|196.360001|197.869995|193.559998|195.470001|898600|0.9961152636|194.710648
2026-04-13|341|AKAM|91.849998|97.839996|91.639999|94.940002|6283100|1.0000000000|94.940002
2026-04-13|342|UPS|100.879997|102.110001|99.930000|102.019997|3799900|0.9679890039|98.754234
2026-04-13|343|A|114.940002|117.750000|114.669998|117.500000|1795600|0.9980802530|117.274429
2026-04-13|344|TDY|643.880005|657.559998|643.299988|655.989990|273900|1.0000000000|655.989990
2026-04-13|345|PKG|205.630005|211.149994|204.800003|210.479996|879200|0.9934276825|209.096649
2026-04-13|346|EW|77.570000|78.169998|77.199997|78.120003|6303200|1.0000000000|78.120003
2026-04-13|347|MET|73.220001|75.559998|73.220001|75.360001|3913400|0.9862851080|74.326447
2026-04-13|348|ON|70.300003|71.309998|68.809998|71.019997|7823500|1.0000000000|71.019997
2026-04-13|349|ISRG|448.170013|459.250000|448.170013|458.959991|1691000|1.0000000000|458.959991
2026-04-13|350|CRL|177.470001|179.759995|173.229996|178.339996|636200|1.0000000000|178.339996
2026-04-13|351|MRVL|129.970001|133.199997|128.970001|131.300003|31264700|0.9997533605|131.267624
2026-04-13|352|EQIX|1027.589966|1057.880005|1023.770020|1056.839966|450700|0.9903463937|1046.637573
2026-04-13|353|TPR|148.940002|150.580002|147.699997|149.970001|1490700|0.9971524169|149.542938
2026-04-13|354|GRMN|255.710007|262.589996|255.139999|261.570007|629300|0.9955900883|260.416504
2026-04-13|355|GPN|64.949997|68.260002|64.660004|68.139999|2522900|0.9961797067|67.879684
2026-04-13|356|ALGN|171.740005|181.279999|170.179993|180.669998|1031600|1.0000000000|180.669998
2026-04-13|357|WTW|279.619995|288.220001|278.109985|287.940002|813300|0.9963732529|286.895721
2026-04-13|358|MDLZ|58.720001|58.830002|57.419998|57.680000|9286300|0.9916874483|57.200535
2026-04-13|359|AXON|345.890015|364.880005|342.600006|359.630005|1540200|1.0000000000|359.630005
2026-04-13|360|FIS|43.580002|46.490002|43.450001|46.430000|10604000|0.9887092639|45.905773
2026-04-13|361|ACN|180.979996|192.039993|180.369995|191.949997|6681800|0.9881186678|189.669373
2026-04-13|362|ZBH|92.529999|95.430000|92.239998|95.339996|1784100|0.9973498233|95.087326
2026-04-13|363|BG|124.300003|125.820000|121.889999|123.500000|1175700|0.9877945902|121.992638
2026-04-13|364|PFG|91.480003|93.690002|90.620003|93.550003|1195600|0.9920864700|92.809692
2026-04-13|365|ELV|309.510010|316.480011|307.910004|316.070007|1661900|0.9959475060|314.789124
2026-04-13|366|CNC|36.849998|37.630001|36.419998|37.470001|4106100|1.0000000000|37.470001
2026-04-13|367|PRU|96.000000|98.519997|95.949997|98.480003|1808400|0.9752946989|96.047020
2026-04-13|368|NFLX|103.029999|103.669998|102.059998|103.160004|26042800|1.0000000000|103.160004
2026-04-13|369|NDAQ|82.769997|86.220001|82.769997|86.150002|3344400|0.9964261009|85.842110
2026-04-13|370|WYNN|103.769997|103.769997|101.949997|103.059998|1223600|0.9949442808|102.538963
2026-04-13|371|CME|297.119995|300.739990|295.829987|300.589996|1611900|0.9948418839|299.039520
2026-04-13|372|STX|500.079987|514.750000|495.649994|513.280029|2880000|0.9992874955|512.914307
2026-04-13|373|NRG|161.979996|170.429993|160.889999|170.240005|2682500|0.9934205862|169.119919
2026-04-13|374|AIZ|219.029999|222.449997|218.149994|222.399994|335500|0.9965805324|221.639511
2026-04-13|375|CBRE|140.589996|146.399994|140.229996|145.940002|1804100|1.0000000000|145.940002
2026-04-13|376|CRM|167.050003|173.399994|165.770004|172.820007|12390800|0.9974256962|172.375107
2026-04-13|377|DPZ|365.390015|370.100006|362.320007|368.829987|801200|0.9938557491|366.563812
2026-04-13|378|EXR|137.990005|139.910004|137.110001|139.750000|828100|0.9892430283|138.246719
2026-04-13|379|GOOG|315.420013|319.429993|313.690002|319.209991|12212800|0.9993985127|319.018005
2026-04-13|380|GOOGL|317.140015|321.630005|315.470001|321.309998|18866400|0.9994030337|321.118195
2026-04-13|381|DLR|188.240005|191.899994|187.880005|191.850006|1559800|0.9933767643|190.579346
2026-04-13|382|MPWR|1336.410034|1377.250000|1332.040039|1372.229980|393500|0.9984765039|1370.139404
2026-04-13|383|LVS|53.610001|54.840000|53.090000|54.840000|2782400|0.9879067226|54.176804
2026-04-13|384|DXCM|63.990002|64.029999|61.639999|63.119999|5701400|1.0000000000|63.119999
2026-04-13|385|BLDR|84.269997|87.680000|82.690002|87.529999|2147600|1.0000000000|87.529999
2026-04-13|386|WBD|27.400000|27.450001|27.309999|27.389999|16003700|1.0000000000|27.389999
2026-04-13|387|EXPE|226.970001|240.369995|224.729996|240.210007|2101800|0.9964448664|239.356033
2026-04-13|388|CF|124.720001|126.250000|120.809998|121.680000|3650900|0.9908287958|120.564049
2026-04-13|389|AMP|443.170013|455.119995|442.000000|455.059998|655200|0.9932580907|451.992004
2026-04-13|390|ICE|160.470001|164.610001|160.470001|164.309998|1871600|0.9962997224|163.702011
2026-04-13|391|PSKY|10.530000|10.760000|10.320000|10.730000|11251900|0.9952244509|10.678759
2026-04-13|392|LYV|158.179993|166.639999|158.179993|165.720001|2488700|1.0000000000|165.720001
2026-04-13|393|CMG|33.950001|34.840000|33.400002|34.590000|12712200|1.0000000000|34.590000
2026-04-13|394|UAL|94.570000|95.599998|93.199997|95.199997|5469000|1.0000000000|95.199997
2026-04-13|395|TDG|1207.199951|1235.500000|1201.030029|1233.109985|328900|1.0000000000|1233.109985
2026-04-13|396|MA|496.230011|508.869995|495.000000|508.579987|3318100|0.9983264725|507.728882
2026-04-13|397|LDOS|155.190002|157.940002|153.600006|157.589996|1220300|0.9964800263|157.035294
2026-04-13|398|FSLR|203.580002|206.000000|198.860001|200.350006|1621300|1.0000000000|200.350006
2026-04-13|399|BR|151.649994|157.830002|150.500000|157.360001|1179200|0.9932693636|156.300873
2026-04-13|400|SMCI|25.059999|25.990000|24.450001|25.969999|30023600|1.0000000000|25.969999
2026-04-13|401|TMUS|195.919998|195.919998|190.800003|192.429993|5844100|0.9946034600|190.293259
2026-04-13|402|DAL|66.900002|67.160004|65.760002|67.050003|8593800|0.9948974393|66.707878
2026-04-13|403|IBKR|70.510002|74.730003|70.510002|74.550003|4787200|0.9989881568|74.474571
2026-04-13|404|PODD|195.729996|198.470001|194.610001|197.809998|665600|1.0000000000|197.809998
2026-04-13|405|TEL|227.509995|234.339996|224.289993|234.330002|1397100|0.9922749574|232.519791
2026-04-13|406|BX|115.540001|121.949997|115.199997|121.820000|7564400|0.9808140125|119.482765
2026-04-13|407|LULU|162.199997|163.940002|156.550003|162.559998|1986800|1.0000000000|162.559998
2026-04-13|408|ULTA|520.400024|528.099976|517.950012|526.760010|658800|1.0000000000|526.760010
2026-04-13|409|MSCI|536.099976|552.919983|535.669983|552.750000|414700|0.9928506457|548.798218
2026-04-13|410|ECHO|128.500000|129.250000|125.000000|125.550003|2872900|1.0000000000|125.550003
2026-04-13|411|PM|160.470001|163.660004|160.029999|162.750000|6029100|0.9917776037|161.411804
2026-04-13|412|V|303.929993|309.750000|302.339996|309.390015|6787200|0.9960807290|308.177429
2026-04-13|413|AWK|136.029999|136.929993|133.470001|134.410004|1828600|0.9863367160|132.573532
2026-04-13|414|KDP|26.530001|26.530001|25.690001|26.040001|13259200|0.9929274294|25.855831
2026-04-13|415|SW|41.509998|42.154999|41.000000|42.110001|3220100|0.9797713221|41.258171
2026-04-13|416|AVGO|369.660004|380.859985|369.480011|379.750000|24115800|0.9984198371|379.149933
2026-04-13|417|VRSK|164.850006|168.330002|164.529999|167.869995|1804800|0.9972796518|167.413330
2026-04-13|418|DG|114.900002|119.949997|114.680000|119.260002|4016500|0.9949256041|118.654831
2026-04-13|419|FTNT|76.949997|78.800003|76.099998|78.739998|6716300|1.0000000000|78.739998
2026-04-13|420|CHTR|218.589996|227.729996|216.000000|226.300003|1858800|1.0000000000|226.300003
2026-04-13|421|FERG|254.869995|258.970001|254.360001|258.450012|1138500|0.9924610460|256.501587
2026-04-13|422|GNRC|206.520004|207.199997|201.940002|205.160004|667700|1.0000000000|205.160004
2026-04-13|423|LYB|75.500000|76.680000|74.919998|75.510002|4736800|0.9795355103|73.964729
2026-04-13|424|CBOE|295.649994|301.100006|295.220001|300.299988|695200|0.9979084359|299.671875
2026-04-13|425|TSLA|350.070007|356.350006|348.570007|352.420013|53617500|1.0000000000|352.420013
2026-04-13|426|KKR|91.150002|98.230003|90.820000|98.139999|6905700|0.9961485906|97.762024
2026-04-13|427|NXPI|201.279999|208.130005|199.009995|208.000000|2372700|0.9966193239|207.296829
2026-04-13|428|GM|75.610001|76.860001|75.150002|76.830002|3970200|0.9978370584|76.663826
2026-04-13|429|TRGP|244.789993|245.720001|238.210007|240.509995|1178300|0.9903678073|238.193359
2026-04-13|430|CPAY|301.549988|316.179993|301.290009|315.170013|485600|1.0000000000|315.170013
2026-04-13|431|KMI|32.790001|32.849998|31.719999|32.070000|10601600|0.9816636474|31.481953
2026-04-13|432|HCA|493.809998|497.459991|487.140015|497.420013|628300|0.9979998461|496.425110
2026-04-13|433|HII|396.000000|400.070007|390.970001|394.459991|409500|0.9956995948|390.940460
2026-04-13|434|APO|103.959999|110.000000|103.510002|109.949997|4700800|0.9916121637|109.027756
2026-04-13|435|MPC|225.000000|228.380005|221.649994|225.289993|2039700|0.9934777159|223.820587
2026-04-13|436|XYL|128.279999|128.910004|126.669998|128.850006|2031700|0.9923180477|127.860191
2026-04-13|437|APTV|58.939999|59.650002|58.279999|59.360001|2606500|1.0000000000|59.360001
2026-04-13|438|PSX|161.059998|162.639999|158.399994|160.399994|3221900|0.9875507674|158.403152
2026-04-13|439|AMCR|40.720001|40.990002|40.029999|40.959999|2790500|0.9836148215|40.288860
2026-04-13|440|META|629.500000|635.000000|624.400024|634.530029|9538900|0.9990740414|633.942505
2026-04-13|441|NOW|84.769997|89.239998|84.180000|89.059998|31675400|1.0000000000|89.059998
2026-04-13|442|PANW|155.580002|162.800003|154.839996|162.509995|8545600|1.0000000000|162.509995
2026-04-13|443|FANG|190.550003|192.020004|187.660004|189.100006|3560300|0.9890830467|187.035599
2026-04-13|444|WDAY|114.300003|121.459999|113.769997|119.919998|5674400|1.0000000000|119.919998
2026-04-13|445|ABBV|206.429993|208.080002|203.009995|206.470001|7532500|0.9847626719|203.323959
2026-04-13|446|NCLH|19.309999|20.280001|19.200001|20.260000|17184800|1.0000000000|20.260000
2026-04-13|447|ZTS|117.169998|120.110001|116.849998|120.080002|3533500|0.9887765322|118.732292
2026-04-13|448|IQV|166.699997|173.179993|166.259995|171.990005|1401700|1.0000000000|171.990005
2026-04-13|449|NWS|28.219999|28.840000|28.190001|28.830000|720700|1.0000000000|28.830000
2026-04-13|450|NWSA|24.410000|24.959999|24.400000|24.940001|3761400|1.0000000000|24.940001
2026-04-13|451|CDW|125.360001|132.360001|125.250000|131.889999|1737200|0.9893792048|130.489212
2026-04-13|452|VEEV|151.479996|158.929993|151.190002|158.449997|2713400|1.0000000000|158.449997
2026-04-13|453|ALLE|144.740005|147.320007|143.139999|147.210007|962300|0.9958946033|146.605652
2026-04-13|454|HLT|323.429993|327.350006|320.200012|327.260010|1367400|0.9990803866|326.959076
2026-04-13|455|ARES|99.900002|107.050003|99.599998|106.680000|3963700|0.9900265958|105.616035
2026-04-13|456|ANET|146.729996|152.139999|144.796005|152.020004|7217900|1.0000000000|152.020004
2026-04-13|457|SYF|71.690002|73.910004|71.430000|73.790001|2051200|0.9916769819|73.175842
2026-04-13|458|CFG|63.619999|64.800003|63.290001|64.760002|3542300|0.9864525111|63.882668
2026-04-13|459|KEYS|322.559998|331.290009|320.730988|331.109985|993700|1.0000000000|331.109985
2026-04-13|460|GDDY|79.620003|82.089996|79.144997|81.949997|2410100|1.0000000000|81.949997
2026-04-13|461|KHC|22.969999|23.000000|22.125000|22.420000|15983200|0.9821984863|22.020889
2026-04-13|462|PYPL|45.102001|47.875000|45.060001|47.509998|15179300|0.9967143863|47.353901
2026-04-13|463|LITE|889.000000|905.900024|841.049988|871.179993|6558600|1.0000000000|871.179993
2026-04-13|464|HPE|24.490000|25.250000|23.860001|24.809999|19954400|0.9970828234|24.737625
2026-04-13|465|XYZ|61.090000|64.309998|60.634998|64.220001|5213700|1.0000000000|64.220001
2026-04-13|466|FTV|58.119999|60.014999|58.119999|59.820000|3557700|0.9990168769|59.761189
2026-04-13|467|DELL|179.000000|191.369995|177.500000|189.789993|10506700|0.9952707496|188.892426
2026-04-13|468|TTD|20.150000|21.285000|20.120001|21.219999|14529400|1.0000000000|21.219999
2026-04-13|469|VST|152.649994|160.720001|152.649994|158.199997|4458600|0.9986015267|157.978760
2026-04-13|470|HWM|251.429993|256.299988|249.380005|256.140015|1975500|0.9990766853|255.903519
2026-04-13|471|INVH|25.990000|26.010000|25.670000|25.959999|4785400|0.9898785423|25.697247
2026-04-13|472|CVNA|333.499985|359.790001|330.509987|359.269981|2431900|0.2000000000|71.853996
2026-04-13|473|IR|84.980003|88.179001|84.930000|87.690002|2966300|0.9994839545|87.644753
2026-04-13|474|VICI|28.030001|28.330000|27.885000|28.330000|7097500|0.9834741092|27.861822
2026-04-13|475|VRT|294.980011|300.679993|294.980011|299.959991|4733900|0.9997919900|299.897583
2026-04-13|476|MRNA|51.009998|53.000000|50.470001|50.680000|6652100|1.0000000000|50.680000
2026-04-13|477|FOXA|61.020000|62.740002|60.830002|62.450001|2058800|1.0000000000|62.450001
2026-04-13|478|FOX|54.669998|56.400002|54.669998|56.250000|793200|1.0000000000|56.250000
2026-04-13|479|DOW|40.000000|40.618000|39.780998|40.110001|9495700|0.9899338512|39.706245
2026-04-13|480|UBER|70.070000|72.809998|69.820000|72.339996|12690600|1.0000000000|72.339996
2026-04-13|481|CTVA|84.180000|84.625000|82.894997|83.510002|2943000|0.9977005620|83.317978
2026-04-13|482|CRWD|380.100006|403.059998|378.250000|402.239990|4166500|0.2500000000|100.559998
2026-04-13|483|DDOG|105.330002|110.269997|103.300003|110.080002|4502400|1.0000000000|110.080002
2026-04-13|484|CARR|63.290001|64.430000|62.880001|64.320000|6643900|0.9928803129|63.862064
2026-04-13|485|OTIS|80.150002|81.769997|79.855003|81.769997|2360000|0.9879889159|80.787857
2026-04-13|486|PLTR|130.229996|134.419998|129.149994|132.369995|65772800|1.0000000000|132.369995
2026-04-13|487|DASH|150.460007|159.759995|150.261002|159.610001|3694800|1.0000000000|159.610001
2026-04-13|488|ABNB|127.199997|130.649994|125.360001|130.320007|3256600|1.0000000000|130.320007
2026-04-13|489|EXE|99.540001|100.080002|97.260002|97.779999|2971400|0.9880522369|96.611755
2026-04-13|490|COIN|164.830002|175.009995|164.330002|174.529999|7481100|1.0000000000|174.529999
2026-04-13|491|APP|395.660004|422.464996|394.303986|417.450012|5499800|1.0000000000|417.450012
2026-04-13|492|HOOD|68.205002|71.699997|67.800003|71.669998|21181700|1.0000000000|71.669998
2026-04-13|493|CEG|283.040009|292.700012|281.500000|291.720001|2696000|0.9969162535|290.820404
2026-04-13|494|GEHC|72.620003|73.959999|72.050003|73.830002|2326400|0.9994353928|73.788315
2026-04-13|495|KVUE|17.250000|17.295000|17.115000|17.260000|16081700|0.9772015009|16.866497
2026-04-13|496|VLTO|89.330002|91.070000|88.455002|90.849998|1345300|0.9985280797|90.716270
2026-04-13|497|RDDT|138.970001|149.449997|138.809998|149.350006|3638900|1.0000000000|149.350006
2026-04-13|498|SOLV|65.239998|67.449997|65.129997|67.410004|1306200|1.0000000000|67.410004
2026-04-13|499|GEV|998.000000|1007.380005|987.159973|991.119995|1636200|0.9994893113|990.613831
2026-04-13|500|SNDK|867.085022|953.409973|866.950012|952.500000|20234400|1.0000000000|952.500000
2026-04-13|501|Q|130.080002|135.059998|129.774994|135.020004|1517800|0.9994967288|134.952057
