date|security_id|ticker|open|high|low|close|volume|adj_factor|adj_close_vendor
2025-12-18|1|AEP|115.000000|115.800003|115.000000|115.580002|4794800|0.9775591772|112.986290
2025-12-18|2|BA|207.990005|210.550003|207.660004|208.270004|5652100|1.0000000000|208.270004
2025-12-18|3|CAT|568.500000|574.659973|561.909973|565.830017|2193000|0.9939261318|562.393250
2025-12-18|4|CNP|38.480000|38.610001|38.029999|38.240002|6780300|0.9832236217|37.598469
2025-12-18|5|CVX|148.850006|149.270004|147.080002|147.690002|6998800|0.9728341284|143.677872
2025-12-18|6|DIS|110.529999|112.800003|110.419998|111.870003|12913900|0.9923958226|111.019325
2025-12-18|7|DTE|129.559998|130.880005|129.000000|129.899994|3205400|0.9843774065|127.870613
2025-12-18|8|ED|99.830002|100.239998|99.000000|99.989998|2345300|0.9759585897|97.586098
2025-12-18|9|GD|337.220001|340.429993|336.440002|337.339996|992700|0.9869830633|332.948883
2025-12-18|10|GE|296.000000|302.309998|295.420013|301.690002|4495100|0.9961629631|300.532440
2025-12-18|11|HON|200.830006|201.330006|196.660001|198.079993|4168300|1.0347776740|204.968750
2025-12-18|12|HPQ|23.870001|24.110001|22.980000|23.450001|20895200|0.9721972446|22.798027
2025-12-18|13|IBM|303.149994|304.450012|295.700012|300.450012|5411700|0.9800357773|294.451752
2025-12-18|14|IP|38.980000|39.240002|38.360001|38.599998|3485700|0.9645837619|37.232933
2025-12-18|15|JNJ|209.800003|211.059998|207.759995|208.309998|7499900|0.9841702191|205.012497
2025-12-18|16|KO|70.269997|70.800003|70.169998|70.360001|15524800|0.9867998793|69.431236
2025-12-18|17|KR|63.380001|63.520000|62.700001|62.790001|8355500|0.9830507535|61.725754
2025-12-18|18|LMT|472.410004|476.200012|469.000000|470.140015|1363900|0.9882876617|464.633575
2025-12-18|19|MMM|163.369995|164.229996|161.429993|161.759995|2606000|0.9860940463|159.510574
2025-12-18|20|MO|58.919998|59.130001|58.380001|58.389999|10777700|0.9516126626|55.564663
2025-12-18|21|MRK|99.269997|101.370003|98.860001|100.690002|14312800|0.9855603323|99.236069
2025-12-18|22|MSI|374.489990|375.459991|370.500000|373.739990|2204200|0.9943844568|371.641235
2025-12-18|23|PG|146.619995|147.500000|145.350006|145.520004|12239900|0.9782265339|142.351517
2025-12-18|24|XOM|116.989998|116.989998|115.629997|116.540001|13705600|0.9803338832|114.248116
2025-12-18|25|RTX|178.490005|180.500000|178.089996|178.289993|4090600|0.9892687733|176.376709
2025-12-18|26|MCD|319.380005|321.790009|318.350006|319.649994|3335200|0.9877457529|315.732910
2025-12-18|27|AXP|380.000000|380.540009|373.850006|375.519989|2884400|0.9919237847|372.487213
2025-12-18|28|BMY|53.320000|53.799999|53.090000|53.330002|17296500|0.9673144843|51.586884
2025-12-18|29|DD|40.850001|41.000000|40.459999|40.510000|5544801|2.9761992776|120.565834
2025-12-18|30|DE|483.040009|487.130005|469.779999|475.049988|1927500|0.9910776808|470.811462
2025-12-18|31|EMR|133.449997|134.369995|131.550003|131.600006|2309800|0.9888087280|130.127228
2025-12-18|32|ETN|322.040009|323.079987|314.000000|315.950012|3826600|0.9917042798|313.328949
2025-12-18|33|ETR|92.489998|92.839996|91.910004|92.209999|2821100|0.9822109154|90.569672
2025-12-18|34|F|13.380000|13.470000|13.250000|13.320000|52604800|0.9665034086|12.873825
2025-12-18|35|HAL|27.660000|27.770000|27.320000|27.459999|8327700|0.9909628646|27.211840
2025-12-18|36|LLY|1041.800049|1079.260010|1039.540039|1056.880005|3848600|0.9951920486|1051.798706
2025-12-18|37|PCG|15.700000|15.860000|15.650000|15.820000|23717900|0.9911560857|15.680089
2025-12-18|38|PEP|149.800003|150.369995|149.250000|149.369995|6643200|0.9808256472|146.505920
2025-12-18|39|PFE|25.010000|25.230000|24.980000|25.040001|47062500|0.9509184966|23.811001
2025-12-18|40|TXN|176.800003|178.899994|175.899994|176.190002|8546200|0.9834571490|173.275314
2025-12-18|41|WFC|93.029999|93.889999|91.290001|91.480003|11844100|0.9838041369|89.998405
2025-12-18|42|HUBB|436.980011|440.190002|430.769989|434.850006|597282|0.9943029521|432.372650
2025-12-18|43|WMT|115.010002|116.480003|114.610001|114.830002|21476700|0.9936722171|114.103378
2025-12-18|44|AIG|85.580002|86.809998|84.930000|86.190002|4960800|0.9875732230|85.118935
2025-12-18|45|AVY|184.149994|185.250000|183.020004|183.240005|719100|0.9887328339|181.175415
2025-12-18|46|BAC|54.799999|55.150002|53.770000|54.259998|87452700|0.9892387825|53.676094
2025-12-18|47|BALL|52.139999|52.970001|51.820000|52.450001|3701500|0.9933732915|52.102428
2025-12-18|48|BDX|195.100007|196.979999|194.269993|194.700003|3319400|0.7757059857|151.029968
2025-12-18|49|CLX|101.250000|101.690002|98.800003|99.389999|3893000|0.9654541242|95.956482
2025-12-18|50|CMI|504.100006|506.040009|498.470001|500.609985|929600|0.9898444823|495.526031
2025-12-18|51|CMS|70.410004|70.779999|70.250000|70.610001|2752700|0.9770377822|68.988632
2025-12-18|52|CVS|77.639999|78.230003|77.360001|77.790001|6439400|0.9771601786|76.013283
2025-12-18|53|ECL|261.829987|266.309998|260.000000|262.920013|1338600|0.9946163507|261.504547
2025-12-18|54|ES|67.339996|68.180000|67.290001|67.980003|2307000|0.9779292778|66.479630
2025-12-18|55|EVRG|73.449997|73.889999|73.029999|73.290001|2538000|0.9752573788|71.476616
2025-12-18|56|GWW|1022.950012|1029.930054|1012.859985|1019.520020|369200|0.9941570385|1013.562988
2025-12-18|57|LNT|65.599998|66.040001|65.570000|65.690002|1611100|0.9771332386|64.187881
2025-12-18|58|MKC|68.620003|69.160004|68.339996|68.459999|4472900|0.9754240070|66.777527
2025-12-18|59|MRSH|185.740005|187.240005|185.350006|185.729996|2898200|0.9842873682|182.811691
2025-12-18|60|NEE|80.400002|81.180000|80.000000|80.849998|9201300|0.9860055271|79.123550
2025-12-18|61|NI|41.410000|41.860001|41.410000|41.509998|4575600|0.9804324438|40.697750
2025-12-18|62|PNW|89.019997|89.250000|88.080002|88.550003|1710100|0.9727255046|86.134834
2025-12-18|63|RVTY|97.650002|98.680000|95.730003|96.260002|1081400|0.9979858512|96.066124
2025-12-18|64|SNA|347.859985|350.399994|344.869995|345.940002|308000|0.9808470667|339.314209
2025-12-18|65|SPGI|510.839991|515.869998|505.980010|506.709988|1567100|0.9395781501|476.093597
2025-12-18|66|TER|192.500000|195.080002|189.270004|190.449997|2754700|0.9992046578|190.298523
2025-12-18|67|TGT|98.599998|101.989998|98.559998|99.050003|9594200|0.9731968404|96.395149
2025-12-18|68|TXT|87.599998|88.889999|87.000000|87.959999|1904000|0.9995682296|87.922020
2025-12-18|69|VMC|289.089996|292.500000|286.019989|288.339996|1225300|0.9942812010|286.691071
2025-12-18|70|XEL|73.269997|73.849998|73.059998|73.610001|8312200|0.9776860259|71.967468
2025-12-18|71|ITW|252.570007|254.279999|250.669998|251.179993|1415900|0.9813941046|246.506561
2025-12-18|72|CL|79.410004|79.570000|77.500000|77.730003|9910900|0.9821445459|76.342094
2025-12-18|73|EXC|44.270000|44.450001|44.000000|44.279999|6533700|0.9822723358|43.495022
2025-12-18|74|MDT|98.690002|99.260002|98.089996|98.480003|6306000|0.9758565703|96.102364
2025-12-18|75|BNY|114.349998|115.309998|113.910004|114.449997|2875100|0.9877222173|113.044807
2025-12-18|76|EIX|59.639999|60.209999|59.570000|60.169998|3127600|0.9623086217|57.902115
2025-12-18|77|FRT|102.620003|102.809998|101.500000|101.650002|655900|0.9693143333|98.530807
2025-12-18|78|PNR|104.440002|104.660004|102.849998|103.400002|1166500|0.9901423720|102.380722
2025-12-18|79|USB|53.799999|54.410000|53.520000|53.869999|9095600|0.9719845662|52.360813
2025-12-18|80|WY|23.830000|23.830000|23.420000|23.600000|8374000|0.9829820427|23.198378
2025-12-18|81|SYY|75.720001|76.010002|74.879997|75.070000|3753700|0.9787571978|73.475304
2025-12-18|82|WRB|68.820000|69.610001|68.529999|69.550003|1697100|0.9898085858|68.841187
2025-12-18|83|IFF|65.720001|66.519997|65.070000|65.410004|2421800|0.9828526607|64.288391
2025-12-18|84|TAP|47.880001|48.349998|47.599998|47.689999|2472100|0.9780980891|46.108055
2025-12-18|85|PNC|210.729996|213.000000|208.690002|209.500000|2119200|0.9770281499|204.687393
2025-12-18|86|TRV|290.609985|294.339996|288.850006|293.649994|1342400|0.9922238191|291.366516
2025-12-18|87|C|112.220001|113.849998|112.120003|112.830002|21155800|0.9851223482|111.151360
2025-12-18|88|FDX|283.139994|288.050007|281.599992|287.119995|4062500|0.7995464875|229.565796
2025-12-18|89|WDC|174.800003|181.490005|174.429993|175.009995|9147100|0.9992611044|174.880676
2025-12-18|90|DHR|223.669998|227.520004|223.369995|224.350006|3502400|0.9944303518|223.100449
2025-12-18|91|APA|24.469999|24.629999|23.629999|23.809999|5522800|0.9771167223|23.265150
2025-12-18|92|LUV|41.250000|41.830002|40.669998|40.730000|10585500|0.9870678085|40.203274
2025-12-18|93|PEG|80.589996|81.260002|80.209999|80.660004|3904100|0.9834778438|79.327324
2025-12-18|94|UNP|236.800003|238.009995|234.080002|234.419998|3053400|0.9896596115|231.996002
2025-12-18|95|ABT|126.580002|127.580002|124.930000|125.120003|5891700|0.9817546722|122.837151
2025-12-18|96|ADI|275.690002|277.100006|272.799988|274.920013|4104700|0.9941555324|273.313263
2025-12-18|97|ADM|58.459999|59.090000|58.290001|58.299999|2871200|0.9797994474|57.122307
2025-12-18|98|ADP|263.130005|265.250000|260.760010|260.970001|3508700|0.9843371720|256.882477
2025-12-18|99|AFL|109.930000|110.769997|109.529999|110.459999|3268800|0.9846316611|108.762421
2025-12-18|100|AMAT|259.089996|260.820007|252.229996|253.500000|8741200|0.9964487658|252.599762
2025-12-18|101|AMD|203.820007|206.360001|200.500000|201.059998|29720100|1.0000000000|201.059998
2025-12-18|102|APD|247.850006|249.169998|243.660004|243.750000|1892300|0.9804771664|238.991318
2025-12-18|103|BF-B|28.980000|29.350000|28.709999|28.860001|4254800|0.9822921615|28.348953
2025-12-18|104|CHD|86.239998|86.900002|85.050003|85.070000|2610800|0.9906552793|84.275040
2025-12-18|105|CINF|166.729996|168.220001|166.449997|167.910004|461100|0.9835715596|165.151489
2025-12-18|106|CMCSA|29.920000|30.430000|29.740000|30.270001|46352100|0.9033911576|27.345650
2025-12-18|107|D|60.380001|60.470001|59.970001|60.099998|11093100|0.9796460230|58.876724
2025-12-18|108|DOV|197.429993|198.820007|195.470001|196.070007|1224100|0.9952693212|195.142471
2025-12-18|109|DUK|117.339996|117.809998|116.650002|117.550003|4611000|0.9744921325|114.551552
2025-12-18|110|EFX|220.229996|222.570007|218.490005|219.410004|1228800|0.9938812654|218.067490
2025-12-18|111|EQT|54.220001|55.410000|53.439999|53.759998|8107400|0.9912778241|53.291092
2025-12-18|112|FITB|47.840000|48.340000|47.439999|47.660000|5256800|0.9757841433|46.505875
2025-12-18|113|GIS|48.480000|49.250000|48.360001|48.709999|8108600|0.9532424984|46.432438
2025-12-18|114|GPC|128.270004|128.660004|125.230003|125.930000|1035700|0.9802432378|123.442032
2025-12-18|115|HAS|81.709999|82.510002|81.570000|82.029999|1851000|0.9777483232|80.204697
2025-12-18|116|HBAN|17.690001|17.840000|17.510000|17.590000|23821000|0.9810694650|17.257011
2025-12-18|117|HRL|23.850000|24.209999|23.850000|24.000000|5207800|0.9619905057|23.087772
2025-12-18|118|HST|18.660000|18.719999|18.370001|18.459999|8280200|0.9346875076|17.254330
2025-12-18|119|HSY|188.509995|190.039993|186.839996|188.160004|1022600|0.9782056212|184.059174
2025-12-18|120|INTC|37.380001|37.490002|35.669998|36.279999|69468400|1.0000000000|36.279999
2025-12-18|121|J|134.070007|134.690002|131.000000|132.690002|1552000|0.9918477371|131.608276
2025-12-18|122|JPM|316.000000|317.700012|312.220001|313.000000|11444900|0.9859988977|308.617645
2025-12-18|123|KMB|102.660004|102.669998|101.260002|101.510002|7977900|0.9744151054|98.912872
2025-12-18|124|L|105.709999|106.300003|105.209999|105.860001|813000|0.9982870407|105.678665
2025-12-18|125|LEN|111.389999|112.970001|108.029999|108.330002|7284900|0.9844362452|106.643982
2025-12-18|126|LOW|250.759995|254.039993|247.460007|247.710007|2553400|0.9846876283|243.916977
2025-12-18|127|MAS|65.860001|66.230003|64.889999|65.110001|2467800|0.9866652888|64.241776
2025-12-18|128|MTB|206.619995|208.089996|202.729996|203.660004|1228800|0.9861939937|200.848267
2025-12-18|129|NEM|98.360001|100.839996|97.900002|99.339996|7445100|0.9956554334|98.908409
2025-12-18|130|NTRS|138.910004|139.699997|137.600006|138.330002|846800|0.9898281838|136.922928
2025-12-18|131|NUE|159.639999|160.869995|157.149994|157.830002|2031700|0.9907811186|156.374985
2025-12-18|132|OMC|82.639999|82.820000|81.099998|81.660004|4879600|0.9700503706|79.214317
2025-12-18|133|PCAR|111.910004|112.489998|110.709999|111.500000|4408200|0.9792369323|109.184921
2025-12-18|134|PGR|226.750000|226.940002|222.419998|224.860001|3692000|0.9393741219|211.227646
2025-12-18|135|PH|871.679993|876.760010|865.469971|867.950012|699900|0.9958887879|864.381653
2025-12-18|136|PHM|124.199997|124.839996|121.120003|121.660004|2694900|0.9957597479|121.144135
2025-12-18|137|PPG|104.389999|105.480003|102.830002|102.910004|2263300|0.9817392581|101.030785
2025-12-18|138|PPL|34.430000|34.840000|34.360001|34.750000|10165300|0.9846479678|34.216518
2025-12-18|139|RF|27.639999|27.950001|27.290001|27.490000|13741100|0.9811037357|26.970541
2025-12-18|140|ROL|60.020000|60.950001|59.990002|60.189999|2766600|0.9887685295|59.513977
2025-12-18|141|SHW|331.510010|335.299988|325.179993|325.359985|2348000|0.9929181711|323.055847
2025-12-18|142|STT|128.179993|129.000000|126.760002|127.370003|2056000|0.9820070009|125.078239
2025-12-18|143|SWK|72.879997|74.110001|72.430000|72.940002|1567900|0.9785642065|71.376480
2025-12-18|144|SYK|353.839996|359.809998|352.730011|353.109985|1968300|0.9921744259|350.346710
2025-12-18|145|TMO|562.450012|569.409973|554.530029|562.390015|2287300|0.9980119596|561.271973
2025-12-18|146|TPL|890.659973|918.499969|885.950043|895.410004|249100|0.3324435416|297.673248
2025-12-18|147|TSN|58.480000|58.639999|58.130001|58.250000|2515500|0.9836914879|57.300026
2025-12-18|148|TT|386.190002|392.679993|383.739990|385.220001|1285700|0.9953350758|383.422974
2025-12-18|149|TYL|451.000000|458.380005|447.350006|455.420013|561000|1.0000000000|455.420013
2025-12-18|150|UDR|36.200001|36.459999|36.070000|36.119999|2441900|0.9688744575|34.995747
2025-12-18|151|VTRS|11.680000|12.030000|11.560000|11.940000|15329800|0.9769695342|11.665015
2025-12-18|152|WEC|104.839996|105.750000|104.620003|105.250000|2097900|0.9747231440|102.589600
2025-12-18|153|WST|269.299988|271.410004|266.660004|268.660004|748800|0.9976812219|268.037048
2025-12-18|154|NDSN|239.320007|239.500000|236.259995|238.339996|648400|0.9941183690|236.938156
2025-12-18|155|TFC|50.250000|50.500000|49.419998|49.939999|7590500|0.9700498779|48.444286
2025-12-18|156|WELL|188.860001|190.020004|184.679993|187.490005|4167400|0.9893392873|185.491241
2025-12-18|157|AON|350.700012|354.059998|350.700012|353.019989|980100|0.9951005240|351.290405
2025-12-18|158|GL|138.110001|140.130005|137.279999|138.529999|508300|0.9938835716|137.682678
2025-12-18|159|OKE|73.050003|73.190002|71.470001|71.690002|3219700|0.9633206765|69.060455
2025-12-18|160|KLAC|1223.000031|1233.000031|1210.999985|1222.389984|1056500|0.0996303139|121.787094
2025-12-18|161|CSX|36.610001|36.799999|36.439999|36.610001|13115300|0.9936713984|36.378311
2025-12-18|162|PSA|266.250000|268.079987|261.160004|261.369995|1775200|0.9808120164|256.354828
2025-12-18|163|NKE|66.010002|67.000000|65.400002|65.629997|35650000|0.9845960180|64.619034
2025-12-18|164|AAPL|273.609985|273.630005|266.950012|272.190002|51630700|0.9972854026|271.451141
2025-12-18|165|BRO|80.449997|81.519997|80.040001|81.070000|2192700|0.9924932219|80.461418
2025-12-18|166|UHS|225.660004|228.729996|224.440002|224.740005|622200|0.9976532391|224.212585
2025-12-18|167|HD|363.540009|366.299988|354.559998|354.989990|4805200|0.9859634354|350.007141
2025-12-18|168|BAX|19.309999|19.430000|19.030001|19.070000|7948800|0.9989896155|19.043385
2025-12-18|169|COP|94.250000|94.489998|92.160004|92.230003|7336900|0.9784321345|90.240799
2025-12-18|170|GLW|87.400002|88.550003|86.139999|86.879997|5951600|0.9966096046|86.585442
2025-12-18|171|HUM|259.299988|266.700012|257.410004|260.670013|1302000|0.9892166205|257.859131
2025-12-18|172|LHX|280.190002|284.399994|280.179993|282.720001|1124800|0.9925076273|280.601746
2025-12-18|173|NOC|564.000000|569.929993|558.059998|559.520020|950200|0.9924395226|555.289795
2025-12-18|174|OXY|40.540001|40.540001|39.540001|39.730000|9025700|0.9906984712|39.360447
2025-12-18|175|ROK|396.670013|397.589996|391.130005|391.619995|874600|0.9904239689|387.869843
2025-12-18|176|SLB|38.540001|38.560001|37.889999|38.130001|12014800|0.9889523968|37.708755
2025-12-18|177|SO|87.160004|87.459999|86.709999|87.220001|5553400|0.9759995454|85.126671
2025-12-18|178|WMB|59.099998|59.939999|58.610001|58.660000|6624000|0.9855810767|57.814182
2025-12-18|179|VLO|163.850006|163.850006|160.720001|161.940002|2548500|0.9854130966|159.577789
2025-12-18|180|CI|273.130005|275.529999|270.619995|274.000000|1678900|0.9887906885|270.928650
2025-12-18|181|NSC|294.820007|296.600006|291.209991|291.829987|1274200|0.9874047136|288.154327
2025-12-18|182|COO|82.800003|83.309998|81.919998|82.459999|3336700|1.0000000000|82.459999
2025-12-18|183|AMGN|326.269989|328.239990|321.910004|324.420013|2669000|0.9799483831|317.914856
2025-12-18|184|RJF|161.410004|163.580002|160.169998|160.220001|1605500|0.9893936166|158.520645
2025-12-18|185|WSM|189.139999|196.839996|188.889999|189.360001|1532900|0.9895967846|187.390060
2025-12-18|186|CAH|198.830002|200.899994|197.559998|199.100006|2488700|0.9929397050|197.694290
2025-12-18|187|CTAS|192.080002|196.050003|186.520004|189.889999|3081200|0.9924218382|188.450989
2025-12-18|188|PAYX|116.360001|116.669998|113.459999|114.239998|6418200|0.9670710940|110.478195
2025-12-18|189|BEN|24.260000|24.469999|23.840000|23.900000|6721800|0.9625940231|23.005999
2025-12-18|190|AOS|68.309998|69.139999|68.019997|68.190002|984700|0.9834989125|67.064789
2025-12-18|191|CASY|553.000000|559.979980|541.119995|547.539978|348400|0.9976268719|546.240601
2025-12-18|192|T|24.309999|24.549999|24.230000|24.260000|31038800|0.9652496452|23.416958
2025-12-18|193|VZ|40.779999|40.910000|40.389999|40.410000|18822600|0.9521495225|38.476364
2025-12-18|194|JBHT|195.850006|198.369995|193.199997|196.419998|1198500|0.9944705560|195.333908
2025-12-18|195|ATO|168.710007|170.440002|168.710007|169.419998|1025000|0.9829545502|166.532150
2025-12-18|196|LRCX|163.190002|168.289993|162.000000|164.699997|14006400|0.9981002163|164.387100
2025-12-18|197|MU|256.529999|263.649994|245.000000|248.550003|65006100|0.9990228227|248.307114
2025-12-18|198|AJG|249.750000|253.770004|249.130005|252.639999|1262900|0.9936444599|251.034332
2025-12-18|199|AME|201.350006|202.820007|199.990005|201.960007|1799500|0.9969202115|201.338013
2025-12-18|200|SWKS|66.339996|66.339996|64.440002|64.489998|2646000|0.9796110161|63.175110
2025-12-18|201|EXPD|150.929993|151.830002|149.690002|150.720001|1393600|0.9948730934|149.947281
2025-12-18|202|UNH|328.929993|330.179993|324.570007|328.140015|6354900|0.9866504480|323.759521
2025-12-18|203|BBY|72.519997|73.889999|71.610001|71.760002|4830000|0.9720666083|69.755501
2025-12-18|204|DOC|16.520000|16.570000|16.379999|16.410000|7127200|0.9513422733|15.611526
2025-12-18|205|ADSK|294.649994|300.029999|293.769989|299.239990|1960400|1.0000000000|299.239990
2025-12-18|206|DVN|36.990002|37.000000|35.709999|35.720001|8142400|0.9877783076|35.283443
2025-12-18|207|NVR|7581.680176|7611.689941|7496.020020|7561.620117|30300|1.0000000000|7561.620117
2025-12-18|208|ROST|183.500000|184.500000|181.759995|182.570007|2163900|0.9959267541|181.826340
2025-12-18|209|JKHY|188.009995|188.399994|183.460007|184.380005|1090200|0.9919197584|182.890167
2025-12-18|210|MNST|74.099998|75.580002|74.059998|75.459999|4826100|0.5000000000|75.459999
2025-12-18|211|ORCL|182.720001|184.759995|178.580002|180.029999|36297300|0.9904465499|178.310089
2025-12-18|212|MSFT|478.190002|489.600006|477.890015|483.980011|28573500|0.9936958009|480.928925
2025-12-18|213|TROW|104.529999|105.410004|103.199997|103.320000|1280400|0.9736426638|100.596764
2025-12-18|214|COST|860.299988|863.150024|852.510010|857.590027|2467500|0.9956058515|853.821594
2025-12-18|215|ADBE|355.869995|358.339996|351.359985|355.809998|3352700|1.0000000000|355.809998
2025-12-18|216|FISV|68.739998|69.250000|67.220001|68.000000|13086000|1.0000000000|68.000000
2025-12-18|217|BKR|45.290001|45.369999|44.259998|44.470001|9225400|0.9892821118|43.993378
2025-12-18|218|CDNS|318.390015|322.410004|314.350006|315.100006|1817000|1.0000000000|315.100006
2025-12-18|219|TJX|155.660004|156.919998|154.660004|154.880005|5513100|0.9907991610|153.454971
2025-12-18|220|FICO|1773.760010|1785.750000|1752.329956|1761.410034|272200|1.0000000000|1761.410034
2025-12-18|221|CCL|28.389999|28.510000|27.980000|28.340000|22533800|0.9841845235|27.891788
2025-12-18|222|FAST|41.869999|42.419998|41.740002|42.340000|7620800|0.9838279433|41.655277
2025-12-18|223|SCHW|96.900002|97.379997|95.919998|97.230003|9627500|0.9901836685|96.275558
2025-12-18|224|JCI|118.000000|119.519997|116.809998|117.739998|8073600|0.9941759575|117.054276
2025-12-18|225|COHR|178.750000|179.500000|170.610001|175.710007|4707800|1.0000000000|175.710007
2025-12-18|226|KEY|20.900000|21.120001|20.850000|20.940001|16179500|0.9804836286|20.531326
2025-12-18|227|MOS|24.450001|24.629999|23.920000|23.959999|5813900|0.9816582705|23.520531
2025-12-18|228|MGM|36.400002|37.080002|36.299999|36.770000|4162300|1.0000000000|36.770000
2025-12-18|229|WM|218.550003|220.529999|217.919998|218.320007|1476800|0.9917417797|216.517075
2025-12-18|230|TECH|57.490002|58.430000|56.840000|57.099998|1731400|0.9957086055|56.854965
2025-12-18|231|IEX|177.619995|178.779999|176.570007|177.500000|574600|0.9895889092|175.652039
2025-12-18|232|GEN|27.959999|28.129999|27.500000|27.690001|5973500|0.9850474704|27.275963
2025-12-18|233|CRH|124.800003|127.540001|124.550003|127.169998|9489600|0.9889154582|125.760368
2025-12-18|234|EOG|104.209999|104.209999|102.120003|102.610001|3928100|0.9756845809|100.114990
2025-12-18|235|PTC|176.270004|176.889999|174.649994|175.899994|557000|1.0000000000|175.899994
2025-12-18|236|CSCO|76.330002|77.809998|76.260002|76.949997|19249400|0.9856294108|75.844185
2025-12-18|237|LH|256.799988|257.500000|250.889999|252.029999|1062700|0.9947633093|250.173843
2025-12-18|238|TRMB|79.830002|80.690002|79.379997|79.910004|1611800|1.0000000000|79.910004
2025-12-18|239|AZO|3384.270020|3430.550049|3344.040039|3426.610107|250500|1.0000000000|3426.610107
2025-12-18|240|REGN|747.539978|752.840027|739.229980|748.710022|1057600|0.9961457605|745.824341
2025-12-18|241|IDXX|699.260010|711.679993|693.369995|697.099976|483800|1.0000000000|697.099976
2025-12-18|242|AES|13.600000|13.750000|13.540000|13.680000|6758200|0.9646899783|13.196959
2025-12-18|243|VRTX|449.739990|452.630005|445.410004|447.380005|1056900|1.0000000000|447.380005
2025-12-18|244|ZBRA|258.380005|259.089996|249.580002|252.710007|705900|1.0000000000|252.710007
2025-12-18|245|BIIB|171.589996|173.000000|168.559998|169.910004|2761000|1.0000000000|169.910004
2025-12-18|246|ODFL|156.910004|160.100006|156.309998|158.550003|2631400|0.9973411992|158.128448
2025-12-18|247|APH|129.210007|130.509995|127.889999|129.610001|8009200|0.9965240421|129.159485
2025-12-18|248|KIM|20.530001|20.570000|20.230000|20.280001|4502900|0.9782318124|19.838543
2025-12-18|249|QCOM|175.710007|177.080002|173.529999|174.190002|8967500|0.9899641514|172.441864
2025-12-18|250|GILD|121.239998|122.290001|120.930000|121.470001|5795400|0.9878606941|119.995430
2025-12-18|251|ROP|449.059998|454.809998|446.809998|450.510010|2344000|0.9929279129|447.323975
2025-12-18|252|SNPS|460.320007|467.820007|454.690002|458.130005|1694300|1.0000000000|458.130005
2025-12-18|253|STZ|139.500000|141.029999|136.720001|136.809998|2019400|0.9792322433|133.968750
2025-12-18|254|BSX|95.000000|97.050003|94.660004|96.110001|15706900|1.0000000000|96.110001
2025-12-18|255|STE|252.210007|255.289993|251.089996|251.550003|451800|0.9945039836|250.167480
2025-12-18|256|DHI|156.229996|156.350006|151.210007|151.399994|3849800|0.9911938574|150.066742
2025-12-18|257|LIN|421.529999|424.480011|418.470001|418.989990|3370800|0.9935105778|416.270996
2025-12-18|258|SBUX|87.690002|90.580002|87.300003|89.419998|16466100|0.9821606772|87.824806
2025-12-18|259|MS|176.550003|177.070007|172.580002|172.960007|7993400|0.9837860335|170.155655
2025-12-18|260|INTU|663.750000|676.539978|661.500000|668.880005|2040200|0.9906980199|662.658081
2025-12-18|261|MCHP|65.320000|65.680000|63.750000|64.059998|6554800|0.9832658267|62.988007
2025-12-18|262|CB|311.000000|312.519989|309.950012|310.959991|2022600|0.9939554166|309.080383
2025-12-18|263|ORLY|92.849998|93.160004|91.500000|91.790001|8208700|1.0000000000|91.790001
2025-12-18|264|RCL|287.000000|290.890015|285.049988|286.730011|2318600|0.9862054091|282.774719
2025-12-18|265|JBL|219.220001|221.089996|206.759995|217.039993|2246700|0.9992441666|216.875931
2025-12-18|266|ALL|208.360001|208.360001|203.710007|204.929993|2542100|0.9897514584|202.829758
2025-12-18|267|CPT|108.160004|108.790001|107.669998|108.120003|2830000|0.9801843508|105.977531
2025-12-18|268|VMRK|61.990002|62.639999|61.759998|62.090000|2855700|0.9671264641|60.048889
2025-12-18|269|IT|252.050003|254.529999|246.179993|249.570007|1170200|1.0000000000|249.570007
2025-12-18|270|DECK|102.279999|104.550003|100.349998|100.550003|2758300|1.0000000000|100.550003
2025-12-18|271|REG|67.889999|68.099998|67.250000|67.709999|1866900|0.9810739142|66.428520
2025-12-18|272|INCY|98.250000|98.339996|97.010002|97.309998|1757700|1.0000000000|97.309998
2025-12-18|273|SPG|184.990005|187.080002|183.550003|185.070007|1144300|0.9778630534|180.973129
2025-12-18|274|MAA|137.500000|137.610001|136.130005|136.309998|1068100|0.9656183896|131.623428
2025-12-18|275|MLM|626.450012|634.219971|623.020020|627.380005|536600|0.9973479749|625.716187
2025-12-18|276|TSCO|53.459999|53.639999|52.099998|52.330002|6025500|0.9807531624|51.322815
2025-12-18|277|ALB|135.399994|140.779999|133.880005|140.479996|3387600|0.9949889134|139.776031
2025-12-18|278|CPRT|39.160000|39.500000|39.009998|39.220001|7496900|1.0000000000|39.220001
2025-12-18|279|FLEX|64.239998|65.199997|62.630001|63.040001|10521000|1.0000000000|63.040001
2025-12-18|280|ESS|263.570007|263.570007|260.440002|261.070007|489800|0.9710345219|253.507996
2025-12-18|281|O|57.840000|58.020000|56.610001|56.770000|9714500|0.9656842140|54.821888
2025-12-18|282|MCO|501.929993|505.570007|497.260010|497.690002|1092600|0.9933686768|494.389679
2025-12-18|283|SJM|100.349998|102.199997|100.239998|100.370003|1561200|0.9701300487|97.371948
2025-12-18|284|MCK|810.969971|819.390015|807.750000|810.559998|671600|0.9980659618|808.992371
2025-12-18|285|COF|241.080002|244.789993|241.080002|242.800003|3794400|0.9884398390|239.993195
2025-12-18|286|EME|607.840027|617.599976|602.299988|612.859985|477300|0.9983902989|611.873413
2025-12-18|287|DLTR|129.479996|130.649994|126.180000|126.900002|2771000|1.0000000000|126.900002
2025-12-18|288|COR|343.089996|344.200012|339.339996|340.579987|1805500|0.9940692618|338.560089
2025-12-18|289|DRI|198.000000|198.000000|187.259995|192.880005|4743900|0.9771066651|188.464340
2025-12-18|290|RMD|246.100006|247.779999|241.660004|242.550003|1103200|0.9918845144|240.581589
2025-12-18|291|WAB|213.910004|215.580002|212.110001|213.600006|851900|0.9965472933|212.862503
2025-12-18|292|FCX|48.070000|48.299999|47.320000|47.919998|15029500|0.9929128187|47.580379
2025-12-18|293|IVZ|26.690001|27.080000|26.360001|26.480000|4511800|0.9777629266|25.891163
2025-12-18|294|ACGL|95.370003|96.510002|94.779999|96.449997|2263200|1.0000000000|96.449997
2025-12-18|295|ERIE|287.609985|292.690002|286.980011|289.049988|128900|0.9834606060|284.269287
2025-12-18|296|EG|326.190002|334.019989|322.459991|332.519989|415600|0.9878843207|328.491302
2025-12-18|297|DVA|118.510002|118.680000|115.370003|116.150002|636800|1.0000000000|116.150002
2025-12-18|298|HSIC|76.599998|77.150002|76.269997|77.019997|1113100|1.0000000000|77.019997
2025-12-18|299|EL|105.419998|109.209999|105.360001|107.940002|4145400|0.9930325985|107.187943
2025-12-18|300|WAT|377.260010|381.519989|373.850006|376.309998|593400|1.0000000000|376.309998
2025-12-18|301|NTAP|112.370003|112.699997|107.629997|110.500000|2405400|0.9870750252|109.071793
2025-12-18|302|HIG|137.619995|139.330002|137.330002|138.929993|1598800|0.9910400733|137.685196
2025-12-18|303|IRM|81.050003|81.279999|77.769997|78.860001|2673100|0.9851777356|77.691109
2025-12-18|304|BRK-B|502.230011|505.429993|501.010010|503.390015|3646700|1.0000000000|503.390015
2025-12-18|305|FDS|302.690002|306.100006|268.260010|273.390015|2253800|0.9900356292|270.665863
2025-12-18|306|STLD|172.880005|176.619995|172.570007|174.580002|1950800|0.9917509611|173.139877
2025-12-18|307|DGX|179.190002|179.800003|176.029999|176.149994|973800|0.9871163208|173.880539
2025-12-18|308|CIEN|212.000000|215.470001|209.000000|210.710007|3057100|1.0000000000|210.710007
2025-12-18|309|TTWO|242.979996|246.850006|241.380005|246.649994|1810300|1.0000000000|246.649994
2025-12-18|310|VTR|79.089996|80.129997|78.400002|79.910004|3610600|0.9818295408|78.458008
2025-12-18|311|AMZN|225.710007|229.229996|224.410004|226.759995|50272400|1.0000000000|226.759995
2025-12-18|312|ARE|47.720001|49.169998|47.540001|48.950001|2964600|0.9575530500|46.872223
2025-12-18|313|RL|368.850006|380.000000|368.390015|370.059998|827100|0.9923194237|367.217712
2025-12-18|314|BXP|70.000000|70.000000|68.669998|69.190002|1562900|0.9663309942|66.860443
2025-12-18|315|FIX|908.000000|926.479980|896.190002|918.539978|512500|0.9985721755|917.228394
2025-12-18|316|YUM|152.710007|154.979996|152.710007|154.699997|2258100|0.9905648102|153.240372
2025-12-18|317|CHRW|160.190002|165.919998|159.789993|165.029999|2432600|0.9931897587|163.906097
2025-12-18|318|FE|44.639999|44.810001|44.459999|44.619999|4422000|0.9707938980|43.316826
2025-12-18|319|MTD|1400.890015|1406.979980|1385.869995|1389.420044|134000|1.0000000000|1389.420044
2025-12-18|320|PLD|128.889999|129.789993|127.599998|127.660004|3559200|0.9848712132|125.728668
2025-12-18|321|URI|806.510010|828.260010|795.919983|800.530029|774000|0.9939808437|795.711487
2025-12-18|322|AEE|98.930000|99.459999|98.650002|99.199997|2810400|0.9863006617|97.841019
2025-12-18|323|VRSN|243.199997|247.100006|241.660004|244.389999|803400|0.9907421953|242.127487
2025-12-18|324|PWR|427.000000|427.459991|419.029999|421.309998|1099300|0.9993903388|421.053131
2025-12-18|325|AMT|178.600006|179.360001|174.190002|174.289993|3950800|0.9712942756|169.286880
2025-12-18|326|MAR|310.250000|311.690002|304.899994|306.820007|1659700|0.9940852561|305.005249
2025-12-18|327|CTSH|83.639999|84.529999|82.559998|83.760002|5767900|0.9822114026|82.270035
2025-12-18|328|SRE|87.720001|87.949997|87.110001|87.250000|4716000|0.9860298575|86.031105
2025-12-18|329|CSGP|65.010002|65.500000|64.650002|64.879997|5129500|1.0000000000|64.879997
2025-12-18|330|RSG|214.419998|215.160004|212.910004|213.460007|2178800|0.9913326285|211.609879
2025-12-18|331|CCI|88.480003|88.750000|86.830002|86.900002|3449700|0.9762634240|84.837296
2025-12-18|332|EBAY|82.849998|84.589996|82.330002|83.660004|3586100|0.9939126631|82.898689
2025-12-18|333|NVDA|174.529999|176.149994|171.820007|174.139999|176096000|0.9987817973|173.927856
2025-12-18|334|BKNG|5338.840103|5426.770020|5332.740021|5345.470047|194800|0.0398088823|212.797180
2025-12-18|335|GS|880.500000|892.789978|874.700012|876.299988|2066300|0.9903999491|867.887451
2025-12-18|336|FFIV|256.260010|260.399994|252.039993|259.109985|1129100|1.0000000000|259.109985
2025-12-18|337|SBAC|191.330002|192.179993|189.220001|190.360001|956100|0.9805017315|186.648315
2025-12-18|338|LII|494.019989|508.940002|491.420013|494.010010|366900|0.9920705337|490.092743
2025-12-18|339|BLK|1073.910034|1078.510010|1057.449951|1064.989990|588400|0.9888912077|1053.159180
2025-12-18|340|TKO|212.130005|215.410004|210.869995|211.610001|1298400|0.9921219970|209.942932
2025-12-18|341|AKAM|88.129997|88.910004|87.110001|88.489998|1934900|1.0000000000|88.489998
2025-12-18|342|UPS|101.330002|102.889999|101.190002|102.080002|7611600|0.9546755018|97.453278
2025-12-18|343|A|137.089996|138.979996|136.229996|136.899994|2693900|0.9940314297|136.082901
2025-12-18|344|TDY|505.529999|507.609985|500.019989|504.459991|247900|1.0000000000|504.459991
2025-12-18|345|PKG|202.139999|204.929993|200.089996|204.029999|975300|0.9876260349|201.505356
2025-12-18|346|EW|85.830002|86.070000|84.639999|84.800003|3021000|1.0000000000|84.800003
2025-12-18|347|MET|82.470001|82.519997|80.900002|81.709999|5528000|0.9792675716|80.015953
2025-12-18|348|ON|54.970001|55.310001|54.139999|54.340000|9963500|1.0000000000|54.340000
2025-12-18|349|ISRG|557.289978|566.849976|557.260010|561.890015|1545600|1.0000000000|561.890015
2025-12-18|350|CRL|197.320007|199.929993|193.630005|193.850006|670800|1.0000000000|193.850006
2025-12-18|351|MRVL|84.480003|85.029999|82.650002|84.470001|12732100|0.9985347355|84.346230
2025-12-18|352|EQIX|752.500000|757.030029|740.750000|744.080017|723400|0.9849779860|732.902466
2025-12-18|353|TPR|123.839996|127.540001|123.199997|125.400002|3852500|0.9944862341|124.708572
2025-12-18|354|GRMN|202.350006|204.710007|201.360001|202.199997|1247800|0.9917889977|200.539734
2025-12-18|355|GPN|82.690002|83.290001|81.639999|82.120003|3126300|0.9929199565|81.538589
2025-12-18|356|ALGN|161.880005|162.580002|159.970001|161.440002|1141300|1.0000000000|161.440002
2025-12-18|357|WTW|329.190002|331.489990|328.269989|329.649994|486000|0.9903328749|326.463226
2025-12-18|358|MDLZ|53.750000|54.840000|53.680000|54.779999|19270400|0.9742061707|53.367016
2025-12-18|359|AXON|555.840027|568.609985|555.150024|563.280029|955600|1.0000000000|563.280029
2025-12-18|360|FIS|66.519997|66.669998|65.360001|65.900002|3229900|0.9802816760|64.600571
2025-12-18|361|ACN|265.000000|272.369995|261.500000|269.959991|6923200|0.9798095806|264.509369
2025-12-18|362|ZBH|91.790001|92.820000|90.260002|90.400002|2146600|0.9920119396|89.677879
2025-12-18|363|BG|92.809998|93.930000|91.669998|91.720001|1391200|0.9821514316|90.082939
2025-12-18|364|PFG|89.629997|90.250000|88.779999|89.339996|1199800|0.9832413887|87.842781
2025-12-18|365|ELV|342.079987|346.380005|337.540009|344.600006|1860400|0.9898456688|341.100830
2025-12-18|366|CNC|38.639999|39.910000|38.270000|39.220001|5144600|1.0000000000|39.220001
2025-12-18|367|PRU|115.540001|116.089996|114.349998|115.550003|1866500|0.9622422893|111.187096
2025-12-18|368|NFLX|95.019997|95.809998|93.589996|94.000000|37244700|1.0000000000|94.000000
2025-12-18|369|NDAQ|94.099998|95.860001|94.010002|94.709999|5749300|0.9932805958|94.073601
2025-12-18|370|WYNN|126.989998|128.479996|125.610001|126.510002|1371000|0.9927789107|125.596466
2025-12-18|371|CME|272.980011|274.279999|265.410004|266.029999|2110600|0.9716146686|258.478638
2025-12-18|372|STX|288.500000|299.230011|286.670013|292.000000|3730500|0.9949371232|290.521606
2025-12-18|373|NRG|154.289993|158.210007|152.089996|154.639999|2218200|0.9903289609|153.144485
2025-12-18|374|AIZ|236.440002|240.580002|234.660004|238.029999|434000|0.9925480196|236.256210
2025-12-18|375|CBRE|161.149994|162.710007|159.729996|160.559998|1028100|1.0000000000|160.559998
2025-12-18|376|CRM|258.420013|260.070007|256.160004|257.850006|5654200|0.9949373630|256.544586
2025-12-18|377|DPZ|438.100006|442.350006|430.709991|431.369995|710500|0.9888611209|426.565033
2025-12-18|378|EXR|132.210007|132.660004|130.520004|130.889999|1224900|0.9779070040|127.998245
2025-12-18|379|GOOG|303.059998|305.260010|300.630005|303.750000|21040500|0.9986949468|303.353607
2025-12-18|380|GOOGL|301.720001|303.959991|299.230011|302.459991|33518000|0.9986999831|302.066803
2025-12-18|381|DLR|151.350006|151.960007|146.229996|147.929993|2545200|0.9866588059|145.956436
2025-12-18|382|MPWR|936.409973|951.630005|922.880005|929.479980|731400|0.9948016730|924.648254
2025-12-18|383|LVS|66.839996|67.379997|66.440002|66.959999|4874500|0.9827791790|65.806892
2025-12-18|384|DXCM|66.309998|66.669998|65.559998|65.910004|3922600|1.0000000000|65.910004
2025-12-18|385|BLDR|107.500000|108.470001|104.940002|105.620003|2244000|1.0000000000|105.620003
2025-12-18|386|WBD|28.350000|28.379999|27.410000|27.610001|67719600|1.0000000000|27.610001
2025-12-18|387|EXPE|287.429993|289.890015|284.709991|285.589996|2012000|0.9942877675|283.958679
2025-12-18|388|CF|78.750000|79.820000|78.089996|78.290001|3602900|0.9855673857|77.160072
2025-12-18|389|AMP|488.750000|493.220001|486.720001|487.690002|800200|0.9903313094|482.974670
2025-12-18|390|ICE|161.250000|162.289993|160.020004|160.070007|2639300|0.9930916239|158.964188
2025-12-18|391|PSKY|13.110000|13.240000|12.950000|13.010000|7405300|0.9901049837|12.881267
2025-12-18|392|LYV|137.289993|140.139999|136.320007|138.880005|2553100|1.0000000000|138.880005
2025-12-18|393|CMG|37.459999|38.060001|37.270000|37.630001|29399100|1.0000000000|37.630001
2025-12-18|394|UAL|112.150002|114.320000|111.580002|112.849998|3780800|1.0000000000|112.849998
2025-12-18|395|TDG|1270.989990|1276.770020|1237.089966|1262.780029|720100|1.0000000000|1262.780029
2025-12-18|396|MA|565.000000|569.130005|563.039978|566.210022|2259000|0.9951190330|563.446411
2025-12-18|397|LDOS|182.220001|183.570007|180.630005|181.190002|886800|0.9940154778|180.105682
2025-12-18|398|FSLR|258.890015|266.720001|255.500000|261.790009|1873500|1.0000000000|261.790009
2025-12-18|399|BR|230.210007|230.919998|225.570007|226.610001|786100|0.9878384663|223.854065
2025-12-18|400|SMCI|30.709999|30.910000|29.100000|29.370001|25658700|1.0000000000|29.370001
2025-12-18|401|TMUS|199.190002|202.369995|199.190002|200.270004|6862900|0.9898439218|197.098480
2025-12-18|402|DAL|70.820000|70.989998|70.000000|70.150002|5988000|0.9922015511|69.602936
2025-12-18|403|IBKR|63.689999|64.000000|62.549999|62.939999|3709200|0.9979162811|62.808849
2025-12-18|404|PODD|292.190002|299.220001|291.739990|292.880005|750200|1.0000000000|292.880005
2025-12-18|405|TEL|226.960007|227.320007|223.029999|225.970001|2181300|0.9892434805|223.539352
2025-12-18|406|BX|156.750000|157.500000|153.539993|153.729996|4417500|0.9695455041|149.048233
2025-12-18|407|LULU|223.889999|225.979996|215.050003|215.110001|12120600|1.0000000000|215.110001
2025-12-18|408|ULTA|594.119995|600.320007|586.539978|594.010010|779100|1.0000000000|594.010010
2025-12-18|409|MSCI|563.190002|570.599976|560.869995|562.400024|800500|0.9889531620|556.187256
2025-12-18|410|ECHO|103.589996|105.860001|101.589996|102.589996|4023700|1.0000000000|102.589996
2025-12-18|411|PM|158.289993|159.009995|156.490005|157.309998|5386400|0.9741176592|153.238434
2025-12-18|412|V|345.170013|347.529999|344.269989|346.010010|6805000|0.9940309283|343.944672
2025-12-18|413|AWK|132.759995|134.639999|132.550003|133.020004|1766100|0.9796942856|130.318954
2025-12-18|414|KDP|28.020000|28.400000|27.959999|28.100000|16502200|0.9761522236|27.429878
2025-12-18|415|SW|38.095001|38.805000|37.724998|38.619999|5629700|0.9711821711|37.507057
2025-12-18|416|AVGO|336.000000|336.029999|323.630005|329.880005|54501900|0.9944270811|328.041595
2025-12-18|417|VRSK|219.899994|220.300003|217.529999|218.570007|1262200|0.9947617775|217.425095
2025-12-18|418|DG|135.949997|137.899994|135.660004|136.679993|4335400|0.9860246787|134.769836
2025-12-18|419|FTNT|80.540001|80.599998|78.570000|79.750000|8070000|1.0000000000|79.750000
2025-12-18|420|CHTR|209.660004|213.800003|206.399994|206.500000|2294700|1.0000000000|206.500000
2025-12-18|421|FERG|229.089996|232.110001|225.669998|226.059998|1442100|0.9848254111|222.629639
2025-12-18|422|GNRC|148.839996|149.800003|134.800003|136.990005|2753300|1.0000000000|136.990005
2025-12-18|423|LYB|43.419998|43.599998|42.720001|43.060001|4375600|0.9677851714|41.672829
2025-12-18|424|CBOE|251.300003|253.029999|248.309998|248.669998|736800|0.9954503651|247.538635
2025-12-18|425|TSLA|478.160004|490.859985|473.119995|483.369995|95168400|1.0000000000|483.369995
2025-12-18|426|KKR|134.449997|135.789993|131.860001|131.970001|4291400|0.9943370554|131.222656
2025-12-18|427|NXPI|227.270004|228.600006|222.029999|222.080002|2665300|0.9914738451|220.186508
2025-12-18|428|GM|80.500000|81.980003|80.389999|81.169998|9086200|0.9954799629|80.803108
2025-12-18|429|TRGP|181.720001|182.210007|178.039993|178.600006|1513700|0.9854533185|176.001968
2025-12-18|430|CPAY|309.440002|310.820007|305.570007|306.269989|361700|1.0000000000|306.269989
2025-12-18|431|KMI|26.709999|26.860001|26.320000|26.340000|12326900|0.9722301462|25.608541
2025-12-18|432|HCA|473.470001|477.790009|465.339996|466.559998|1410200|0.9965176399|464.935272
2025-12-18|433|HII|321.709991|327.190002|320.730011|322.630005|399200|0.9925978670|318.755310
2025-12-18|434|APO|148.559998|149.429993|146.250000|146.300003|2653500|0.9875780044|144.482666
2025-12-18|435|MPC|173.410004|174.380005|167.130005|168.110001|2888600|0.9885237030|166.180725
2025-12-18|436|XYL|138.039993|138.949997|136.360001|136.690002|1164000|0.9889650951|135.181641
2025-12-18|437|APTV|77.639999|78.900002|76.919998|77.589996|2453700|1.0000000000|77.589996
2025-12-18|438|PSX|132.250000|132.449997|127.940002|129.130005|2677700|0.9794981865|126.482613
2025-12-18|439|AMCR|8.400000|8.440000|8.310000|8.340000|18089900|4.8543684849|40.485435
2025-12-18|440|META|657.030029|670.559998|656.460022|664.450012|20260300|0.9982193806|663.266846
2025-12-18|441|NOW|156.509995|157.779999|151.149994|153.380005|9644000|1.0000000000|153.380005
2025-12-18|442|PANW|185.710007|186.919998|183.190002|185.880005|7224300|1.0000000000|185.880005
2025-12-18|443|FANG|153.429993|153.770004|146.169998|147.000000|2178300|0.9832059760|144.531281
2025-12-18|444|WDAY|217.369995|219.259995|216.570007|218.080002|3234800|1.0000000000|218.080002
2025-12-18|445|ABBV|224.000000|226.259995|222.789993|222.820007|4760400|0.9769027438|217.673492
2025-12-18|446|NCLH|21.780001|22.100000|21.570000|21.629999|18262300|1.0000000000|21.629999
2025-12-18|447|ZTS|122.209999|125.529999|122.000000|122.760002|7929800|0.9845723480|120.866104
2025-12-18|448|IQV|222.050003|225.800003|221.229996|222.520004|1251400|1.0000000000|222.520004
2025-12-18|449|NWS|29.719999|29.900000|29.500000|29.770000|1167200|0.9963262306|29.660631
2025-12-18|450|NWSA|26.120001|26.549999|26.059999|26.230000|4114400|0.9958385353|26.120844
2025-12-18|451|CDW|145.039993|146.149994|141.479996|143.080002|2118700|0.9844137869|140.849930
2025-12-18|452|VEEV|217.000000|219.850006|216.419998|218.100006|3139200|1.0000000000|218.100006
2025-12-18|453|ALLE|162.050003|164.559998|159.309998|159.919998|976200|0.9921390873|158.662888
2025-12-18|454|HLT|292.859985|294.920013|285.799988|287.670013|2173000|0.9986088702|287.269806
2025-12-18|455|ARES|169.839996|171.070007|166.589996|166.660004|2757100|0.9767290545|162.781662
2025-12-18|456|ANET|125.000000|127.160004|123.879997|124.620003|5515200|1.0000000000|124.620003
2025-12-18|457|SYF|83.790001|84.889999|83.320000|83.680000|2292200|0.9876561264|82.647064
2025-12-18|458|CFG|58.810001|59.160000|58.090000|58.410000|4092100|0.9795741096|57.216927
2025-12-18|459|KEYS|202.259995|203.860001|197.919998|199.529999|1461700|1.0000000000|199.529999
2025-12-18|460|GDDY|125.919998|127.945000|125.599998|126.669998|1510000|1.0000000000|126.669998
2025-12-18|461|KHC|24.660000|24.980000|24.600000|24.750000|13212400|0.9659839010|23.908100
2025-12-18|462|PYPL|59.590000|60.320000|58.915001|59.439999|23734500|0.9937057617|59.065872
2025-12-18|463|LITE|336.399994|343.649994|326.049988|337.130005|3966400|1.0000000000|337.130005
2025-12-18|464|HPE|24.100000|24.190001|23.385000|23.920000|23603100|0.9847720717|23.555748
2025-12-18|465|XYZ|64.650002|65.900002|64.160004|64.389999|4593700|1.0000000000|64.389999
2025-12-18|466|FTV|55.439999|55.669998|54.480000|54.669998|3477100|0.9979248563|54.556549
2025-12-18|467|DELL|128.009995|128.690002|122.099998|122.940002|9344800|0.9909355870|121.825623
2025-12-18|468|TTD|37.630001|37.730000|36.889999|37.290001|10653500|1.0000000000|37.290001
2025-12-18|469|VST|165.660004|171.919998|162.669998|166.169998|7652500|0.9958526400|165.480835
2025-12-18|470|HWM|193.699997|200.059998|193.580002|198.000000|2899900|0.9985047767|197.703949
2025-12-18|471|INVH|27.400000|27.510000|27.170000|27.410000|5384100|0.9672165501|26.511406
2025-12-18|472|CVNA|449.970016|467.869987|448.359985|465.740013|4569500|0.2000000000|93.148003
2025-12-18|473|IR|79.059998|79.970001|78.599998|78.849998|3291700|0.9992655835|78.792084
2025-12-18|474|VICI|28.340000|28.389999|28.049999|28.100000|16031700|0.9677245240|27.193062
2025-12-18|475|VRT|156.429993|158.755005|151.500000|154.389999|7773800|0.9995540701|154.321152
2025-12-18|476|MRNA|30.740000|32.209999|30.610001|30.950001|13696900|1.0000000000|30.950001
2025-12-18|477|FOXA|71.250000|71.940002|70.830002|71.260002|2456000|0.9951185496|70.912148
2025-12-18|478|FOX|63.259998|63.959999|63.000000|63.410000|1055500|0.9946544484|63.071041
2025-12-18|479|DOW|22.809999|23.245001|22.750000|23.040001|11153200|0.9783459966|22.541092
2025-12-18|480|UBER|80.360001|80.709999|79.550003|79.690002|18681800|1.0000000000|79.690002
2025-12-18|481|CTVA|66.830002|67.459999|66.440002|66.959999|3839700|0.9954590981|66.655937
2025-12-18|482|CRWD|479.700012|482.040009|473.910004|477.260010|1835100|0.2500000000|119.315002
2025-12-18|483|DDOG|140.449997|141.570007|137.410004|138.289993|4380200|1.0000000000|138.289993
2025-12-18|484|CARR|53.430000|54.060001|53.110001|53.200001|8212600|0.9886394999|52.595623
2025-12-18|485|OTIS|88.320000|89.397003|87.050003|87.349998|3430000|0.9834662418|85.905777
2025-12-18|486|PLTR|181.509995|187.330002|181.509995|185.690002|40221500|1.0000000000|185.690002
2025-12-18|487|DASH|224.110001|233.490005|223.649994|230.940002|3326900|1.0000000000|230.940002
2025-12-18|488|ABNB|133.300003|135.410004|132.960007|133.990005|4257800|1.0000000000|133.990005
2025-12-18|489|EXE|109.589996|110.540001|107.629997|107.739998|3840800|0.9826864450|105.874634
2025-12-18|490|COIN|253.100006|255.410004|239.100006|239.199997|9291500|1.0000000000|239.199997
2025-12-18|491|APP|675.000000|704.130005|674.000000|694.369995|3596900|1.0000000000|694.369995
2025-12-18|492|HOOD|121.870003|124.250000|117.050003|117.160004|24274300|1.0000000000|117.160004
2025-12-18|493|CEG|351.989990|371.239990|348.779999|361.049988|3773200|0.9955820742|359.454895
2025-12-18|494|GEHC|82.809998|83.480003|82.239998|82.519997|2095100|0.9985528329|82.400574
2025-12-18|495|KVUE|17.280001|17.400000|17.070000|17.100000|53627200|0.9661066365|16.520424
2025-12-18|496|VLTO|100.209999|101.745003|99.889999|100.769997|1972500|0.9957401186|100.340729
2025-12-18|497|RDDT|232.820007|246.149994|229.453995|231.339996|6060400|1.0000000000|231.339996
2025-12-18|498|SOLV|80.349998|81.220001|80.139999|80.680000|1378400|1.0000000000|80.680000
2025-12-18|499|GEV|649.299988|658.690002|636.534973|639.429993|4426500|0.9981503345|638.247253
2025-12-18|500|SNDK|222.735001|231.000000|214.000000|219.460007|9924100|1.0000000000|219.460007
2025-12-18|501|Q|78.320000|80.690002|77.760002|79.029999|2565700|0.9988559230|78.939583
