date|security_id|ticker|open|high|low|close|volume|adj_factor|adj_close_vendor
2025-12-23|1|AEP|114.589996|115.230003|114.239998|115.150002|2918000|0.9775591772|112.565933
2025-12-23|2|BA|216.899994|217.559998|215.320007|216.850006|4496300|1.0000000000|216.850006
2025-12-23|3|CAT|580.500000|588.710022|580.500000|582.419983|1731000|0.9939261318|578.882446
2025-12-23|4|CNP|37.759998|38.049999|37.700001|37.970001|3930800|0.9832236217|37.332996
2025-12-23|5|CVX|150.039993|151.080002|149.850006|150.509995|4663700|0.9728341284|146.421265
2025-12-23|6|DIS|112.290001|113.309998|112.040001|113.220001|7634500|0.9923958226|112.359055
2025-12-23|7|DTE|128.309998|129.070007|127.879997|128.520004|1368400|0.9843774065|126.512184
2025-12-23|8|ED|98.690002|99.330002|98.330002|98.949997|1485100|0.9759585897|96.571106
2025-12-23|9|GD|345.670013|347.440002|343.179993|343.839996|1246800|0.9869830633|339.364258
2025-12-23|10|GE|315.000000|317.750000|314.160004|315.529999|2724800|0.9961629631|314.319305
2025-12-23|11|HON|195.799994|196.210007|194.720003|195.500003|2419700|1.0347776740|202.299042
2025-12-23|12|HPQ|23.150000|23.389999|22.780001|22.930000|10546600|0.9721972446|22.292484
2025-12-23|13|IBM|301.339996|305.130005|300.649994|303.779999|2923000|0.9800357773|297.715271
2025-12-23|14|IP|39.410000|39.610001|38.990002|39.459999|3319600|0.9645837619|38.062477
2025-12-23|15|JNJ|205.020004|206.529999|203.279999|205.779999|7047300|0.9841702191|202.522552
2025-12-23|16|KO|70.199997|70.260002|69.690002|69.870003|9471000|0.9867998793|68.947716
2025-12-23|17|KR|62.660000|62.750000|62.080002|62.299999|4037500|0.9830507535|61.244057
2025-12-23|18|LMT|484.000000|484.950012|481.000000|482.549988|864000|0.9882876617|476.898193
2025-12-23|19|MMM|159.979996|160.490005|158.449997|160.149994|1828900|0.9860940463|157.922958
2025-12-23|20|MO|58.610001|58.759998|58.320000|58.750000|7780900|0.9516126626|55.907246
2025-12-23|21|MRK|104.559998|105.389999|104.330002|105.040001|13587500|0.9855603323|103.523262
2025-12-23|22|MSI|373.809998|380.100006|372.000000|378.380005|1035700|0.9943844568|376.255219
2025-12-23|23|PG|142.490005|143.729996|142.080002|143.179993|9541600|0.9782265339|140.062469
2025-12-23|24|XOM|118.470001|120.029999|118.320000|119.419998|12567600|0.9803338832|117.071472
2025-12-23|25|RTX|185.750000|188.000000|185.259995|185.759995|3354700|0.9892687733|183.766556
2025-12-23|26|MCD|312.100006|314.119995|310.630005|310.839996|2922800|0.9877457529|307.030884
2025-12-23|27|AXP|380.750000|384.549988|380.100006|382.190002|1768200|0.9919237847|379.103363
2025-12-23|28|BMY|54.660000|54.779999|54.009998|54.279999|16579400|0.9673144843|52.505829
2025-12-23|29|DD|41.389999|41.470001|40.990000|41.040001|6847599|2.9761992776|122.143219
2025-12-23|30|DE|470.390015|471.179993|465.410004|466.209991|1083700|0.9910776808|462.050354
2025-12-23|31|EMR|134.809998|136.169998|134.399994|135.490005|1816000|0.9888087280|133.973694
2025-12-23|32|ETN|319.660004|324.209991|319.200012|322.809998|2196900|0.9917042798|320.132019
2025-12-23|33|ETR|92.059998|92.680000|91.720001|92.330002|2550000|0.9822109154|90.687531
2025-12-23|34|F|13.430000|13.450000|13.280000|13.290000|25440800|0.9665034086|12.844831
2025-12-23|35|HAL|28.190001|28.500000|27.959999|28.170000|4505200|0.9909628646|27.915424
2025-12-23|36|LLY|1063.500000|1088.479980|1063.500000|1071.640015|2108600|0.9951920486|1066.487671
2025-12-23|37|PCG|15.970000|15.970000|15.780000|15.860000|16614900|0.9911560857|15.719734
2025-12-23|38|PEP|147.190002|147.190002|143.559998|143.679993|7254800|0.9808256472|140.925034
2025-12-23|39|PFE|25.260000|25.340000|24.830000|24.879999|43692900|0.9509184966|23.658852
2025-12-23|40|TXN|178.270004|178.610001|176.679993|177.080002|3500300|0.9834571490|174.150604
2025-12-23|41|WFC|94.239998|94.680000|94.029999|94.470001|8642100|0.9838041369|92.939980
2025-12-23|42|HUBB|449.390015|457.750000|449.390015|455.920013|374354|0.9943029521|453.322632
2025-12-23|43|WMT|111.989998|112.349998|110.699997|110.900002|20319900|0.9936722171|110.198250
2025-12-23|44|AIG|86.410004|87.000000|85.940002|86.589996|2086200|0.9875732230|85.513962
2025-12-23|45|AVY|181.320007|181.880005|180.389999|181.220001|772800|0.9887328339|179.178162
2025-12-23|46|BAC|55.810001|56.220001|55.810001|55.970001|22274600|0.9892387825|55.367695
2025-12-23|47|BALL|52.080002|52.500000|51.820000|52.230000|1493300|0.9933732915|51.883888
2025-12-23|48|BDX|196.359992|196.359992|194.819990|195.669996|1040400|0.7757059857|151.782394
2025-12-23|49|CLX|97.919998|97.919998|96.660004|97.430000|1984600|0.9654541242|94.064194
2025-12-23|50|CMI|519.030029|520.049988|516.320007|517.090027|496400|0.9898444823|511.838715
2025-12-23|51|CMS|69.699997|70.260002|69.529999|70.019997|2399700|0.9770377822|68.412178
2025-12-23|52|CVS|78.300003|78.480003|77.940002|78.040001|4027000|0.9771601786|76.257576
2025-12-23|53|ECL|267.980011|267.980011|264.160004|264.739990|864800|0.9946163507|263.314758
2025-12-23|54|ES|66.000000|66.849998|65.830002|66.370003|2114500|0.9779292778|64.905167
2025-12-23|55|EVRG|72.410004|72.849998|72.290001|72.570000|1462700|0.9752573788|70.774437
2025-12-23|56|GWW|1034.800049|1035.219971|1021.330017|1023.900024|265400|0.9941570385|1017.917358
2025-12-23|57|LNT|65.040001|65.330002|64.800003|65.260002|1525600|0.9771332386|63.767712
2025-12-23|58|MKC|68.919998|69.169998|68.209999|68.900002|2620000|0.9754240070|67.206718
2025-12-23|59|MRSH|185.220001|186.169998|184.979996|185.899994|1785400|0.9842873682|182.979019
2025-12-23|60|NEE|80.029999|80.699997|79.750000|79.790001|7875000|0.9860055271|78.086189
2025-12-23|61|NI|41.540001|41.799999|41.349998|41.599998|3271400|0.9804324438|40.785988
2025-12-23|62|PNW|87.750000|88.250000|87.300003|88.029999|905100|0.9727255046|85.629021
2025-12-23|63|RVTY|97.559998|97.879997|96.980003|97.580002|727800|0.9979858512|97.383469
2025-12-23|64|SNA|350.320007|352.709991|349.420013|352.010010|259500|0.9808470667|345.268005
2025-12-23|65|SPGI|520.940005|527.060012|519.860006|525.140006|1585300|0.9395781501|493.410034
2025-12-23|66|TER|196.139999|199.320007|195.610001|198.500000|1344900|0.9992046578|198.342133
2025-12-23|67|TGT|95.250000|95.379997|93.769997|94.300003|7975900|0.9731968404|91.772469
2025-12-23|68|TXT|90.820000|91.019997|90.180000|90.500000|1126200|0.9995682296|90.460922
2025-12-23|69|VMC|292.940002|293.779999|291.230011|292.839996|586500|0.9942812010|291.165344
2025-12-23|70|XEL|73.779999|74.290001|73.489998|74.010002|8072400|0.9776860259|72.358543
2025-12-23|71|ITW|251.860001|253.000000|251.229996|251.830002|594100|0.9813941046|247.144470
2025-12-23|72|CL|78.910004|80.050003|78.830002|79.930000|5919300|0.9821445459|78.502815
2025-12-23|73|EXC|43.580002|43.590000|43.220001|43.459999|6461300|0.9822723358|42.689560
2025-12-23|74|MDT|97.510002|97.889999|97.269997|97.470001|3579700|0.9758565703|95.116745
2025-12-23|75|BNY|117.199997|118.129997|116.959999|117.220001|2656800|0.9877222173|115.780800
2025-12-23|76|EIX|60.320000|60.700001|59.970001|60.060001|2305200|0.9623086217|57.796261
2025-12-23|77|FRT|101.930000|101.930000|100.910004|101.129997|472600|0.9693143333|98.026756
2025-12-23|78|PNR|105.290001|106.089996|104.870003|105.470001|743200|0.9901423720|104.430313
2025-12-23|79|USB|54.910000|55.130001|54.470001|54.490002|6205900|0.9719845662|52.963444
2025-12-23|80|WY|23.690001|23.700001|23.420000|23.549999|5226800|0.9829820427|23.149227
2025-12-23|81|SYY|74.480003|74.650002|73.730003|73.989998|2111200|0.9787571978|72.418243
2025-12-23|82|WRB|70.849998|71.180000|70.150002|70.230003|4495400|0.9898085858|69.514267
2025-12-23|83|IFF|67.000000|67.000000|66.169998|66.370003|1697600|0.9889000540|65.633301
2025-12-23|84|TAP|46.880001|46.880001|45.700001|46.029999|2462500|0.9780980891|44.503117
2025-12-23|85|PNC|212.899994|213.979996|211.610001|211.949997|1121900|0.9770281499|207.081100
2025-12-23|86|TRV|291.790009|293.970001|290.940002|292.459991|989500|0.9922238191|290.185791
2025-12-23|87|C|118.160004|120.269997|118.070000|119.400002|16135000|0.9851223482|117.623611
2025-12-23|88|FDX|292.999994|295.439994|290.830005|295.209995|1725200|0.7995464875|236.034119
2025-12-23|89|WDC|175.520004|178.399994|174.500000|178.250000|3721100|0.9992611044|178.118286
2025-12-23|90|DHR|227.059998|231.220001|226.050003|230.830002|1868500|0.9944303518|229.544342
2025-12-23|91|APA|24.440001|24.570000|24.150000|24.360001|3169800|0.9771167223|23.802563
2025-12-23|92|LUV|42.029999|42.660000|41.389999|41.560001|8845300|0.9870678085|41.022541
2025-12-23|93|PEG|80.650002|81.019997|79.510002|80.430000|2571600|0.9834778438|79.101120
2025-12-23|94|UNP|234.679993|235.229996|233.250000|234.149994|1980700|0.9896596115|231.728790
2025-12-23|95|ABT|125.000000|125.180000|123.849998|124.540001|7534900|0.9817546722|122.267731
2025-12-23|96|ADI|275.630005|277.470001|274.579987|276.730011|1763400|0.9941555324|275.112671
2025-12-23|97|ADM|57.840000|58.020000|57.290001|57.470001|2073100|0.9797994474|56.309074
2025-12-23|98|ADP|260.269989|260.369995|256.589996|257.010010|1875900|0.9843371720|252.984512
2025-12-23|99|AFL|110.220001|111.080002|109.750000|110.720001|1659300|0.9846316611|109.018425
2025-12-23|100|AMAT|258.160004|260.450012|257.880005|260.230011|3791500|0.9964487658|259.305878
2025-12-23|101|AMD|212.860001|217.029999|212.279999|214.899994|20272300|1.0000000000|214.899994
2025-12-23|102|APD|244.380005|245.509995|242.220001|244.770004|919800|0.9804771664|239.991425
2025-12-23|103|BF-B|28.059999|28.090000|26.559999|26.639999|5424500|0.9822921615|26.168262
2025-12-23|104|CHD|84.089996|85.440002|83.889999|85.250000|1544300|0.9906552793|84.453362
2025-12-23|105|CINF|166.960007|167.779999|165.740005|165.779999|763100|0.9887134133|163.908905
2025-12-23|106|CMCSA|29.280001|29.410000|29.000000|29.380000|21049300|0.9033911576|26.541630
2025-12-23|107|D|56.990002|58.310001|56.880001|58.139999|8862900|0.9796460230|56.956619
2025-12-23|108|DOV|199.429993|200.449997|198.710007|199.949997|594900|0.9952693212|199.004089
2025-12-23|109|DUK|116.370003|117.190002|116.120003|116.790001|3627800|0.9744921325|113.810936
2025-12-23|110|EFX|219.669998|221.240005|217.369995|219.990005|794800|0.9938812654|218.643951
2025-12-23|111|EQT|54.279999|54.740002|53.680000|54.520000|6384800|0.9912778241|54.044464
2025-12-23|112|FITB|48.250000|48.430000|48.060001|48.099998|6372400|0.9757841433|46.935215
2025-12-23|113|GIS|47.349998|47.360001|46.450001|46.639999|8545300|0.9532424984|44.459229
2025-12-23|114|GPC|125.949997|126.080002|123.610001|123.860001|650300|0.9802432378|121.412926
2025-12-23|115|HAS|81.790001|81.989998|81.000000|81.410004|1094900|0.9777483232|79.598495
2025-12-23|116|HBAN|17.920000|17.940001|17.709999|17.730000|16424400|0.9810694650|17.394360
2025-12-23|117|HRL|24.100000|24.100000|23.850000|24.090000|3811300|0.9619905057|23.174351
2025-12-23|118|HST|18.639999|18.690001|18.330000|18.360001|4897600|0.9346875076|17.160862
2025-12-23|119|HSY|185.000000|185.000000|178.800003|182.619995|1750200|0.9782056212|178.639908
2025-12-23|120|INTC|36.240002|36.799999|36.029999|36.349998|35958000|1.0000000000|36.349998
2025-12-23|121|J|135.639999|136.000000|134.520004|135.860001|557000|0.9918477371|134.752441
2025-12-23|122|JPM|323.609985|327.779999|323.089996|325.929993|6668300|0.9859988977|321.366608
2025-12-23|123|KMB|99.699997|100.570000|99.599998|100.110001|3689200|0.9744151054|97.548698
2025-12-23|124|L|108.360001|108.389999|107.309998|107.510002|679300|0.9982870407|107.325836
2025-12-23|125|LEN|106.910004|107.169998|104.250000|104.739998|2801500|0.9844362452|103.109848
2025-12-23|126|LOW|241.500000|242.210007|239.539993|242.149994|1863800|0.9846876283|238.442108
2025-12-23|127|MAS|64.309998|64.629997|63.160000|64.070000|1808600|0.9866652888|63.215645
2025-12-23|128|MTB|207.369995|208.259995|205.869995|206.419998|707100|0.9861939937|203.570175
2025-12-23|129|NEM|105.730003|105.730003|103.300003|105.250000|6351200|0.9956554334|104.792732
2025-12-23|130|NTRS|140.429993|141.250000|139.580002|140.190002|1481400|0.9898281838|138.764008
2025-12-23|131|NUE|165.080002|165.820007|163.289993|163.690002|1241000|0.9907811186|162.180954
2025-12-23|132|OMC|79.739998|79.970001|78.110001|78.699997|3417600|0.9796477026|77.098274
2025-12-23|133|PCAR|112.730003|113.059998|111.669998|111.720001|1875300|0.9916886281|110.791466
2025-12-23|134|PGR|227.949997|228.710007|227.100006|227.889999|2272600|0.9393741219|214.073959
2025-12-23|135|PH|886.070007|888.739990|880.590027|887.140015|311100|0.9958887879|883.492737
2025-12-23|136|PHM|119.519997|119.620003|116.339996|117.379997|2967000|0.9957597479|116.882278
2025-12-23|137|PPG|103.809998|104.000000|102.320000|102.669998|1589000|0.9817392581|100.795166
2025-12-23|138|PPL|34.740002|34.840000|34.590000|34.810001|4168900|0.9846479678|34.275600
2025-12-23|139|RF|27.799999|27.860001|27.520000|27.549999|7041400|0.9811037357|27.029409
2025-12-23|140|ROL|60.599998|61.240002|60.560001|60.740002|1582700|0.9887685295|60.057804
2025-12-23|141|SHW|325.000000|325.000000|321.269989|324.049988|1454400|0.9929181711|321.755157
2025-12-23|142|STT|130.899994|131.300003|130.009995|130.699997|2706300|0.9820070009|128.348297
2025-12-23|143|SWK|74.739998|75.089996|73.690002|74.650002|1301500|0.9785642065|73.049812
2025-12-23|144|SYK|355.140015|356.519989|353.950012|354.820007|905200|0.9921744259|352.043335
2025-12-23|145|TMO|575.390015|580.559998|573.700012|579.940002|732000|0.9980119596|578.787048
2025-12-23|146|TPL|305.480011|310.440002|294.869995|297.329987|342300|0.9973306248|296.536285
2025-12-23|147|TSN|58.580002|58.580002|57.500000|57.790001|1769900|0.9836914879|56.847530
2025-12-23|148|TT|389.869995|394.540009|388.799988|393.739990|891100|0.9953350758|391.903229
2025-12-23|149|TYL|465.000000|466.000000|458.839996|462.250000|243600|1.0000000000|462.250000
2025-12-23|150|UDR|36.150002|36.150002|35.570000|36.049999|3135500|0.9688744575|34.927921
2025-12-23|151|VTRS|12.000000|12.030000|11.900000|12.020000|7878000|0.9769695342|11.743174
2025-12-23|152|WEC|105.010002|105.610001|104.540001|105.019997|1530400|0.9747231440|102.365417
2025-12-23|153|WST|275.339996|277.829987|272.880005|277.489990|688600|0.9976812219|276.846527
2025-12-23|154|NDSN|243.360001|243.360001|241.669998|241.979996|298300|0.9941183690|240.556747
2025-12-23|155|TFC|50.650002|50.860001|50.410000|50.490002|6807500|0.9700498779|48.977818
2025-12-23|156|WELL|186.169998|187.490005|185.259995|186.860001|2406200|0.9893392873|184.867950
2025-12-23|157|AON|355.769989|356.809998|353.880005|355.869995|590300|0.9951005240|354.126434
2025-12-23|158|GL|142.690002|143.639999|141.809998|142.369995|415600|0.9938835716|141.499207
2025-12-23|159|OKE|72.949997|73.500000|72.669998|73.459999|2357700|0.9633206765|70.765533
2025-12-23|160|KLAC|1259.010010|1272.089996|1257.539978|1268.750000|600700|0.0996303139|126.405960
2025-12-23|161|CSX|36.540001|36.619999|36.349998|36.590000|7413000|0.9936713984|36.358433
2025-12-23|162|PSA|261.309998|261.359985|258.690002|259.429993|930200|0.9808120164|254.452072
2025-12-23|163|NKE|57.180000|57.599998|56.990002|57.340000|23276700|0.9845960180|56.456738
2025-12-23|164|AAPL|270.839996|272.500000|269.559998|272.359985|29642000|0.9972854026|271.620667
2025-12-23|165|BRO|80.500000|80.529999|79.169998|79.959999|2948700|0.9924932219|79.359756
2025-12-23|166|UHS|226.619995|228.009995|225.110001|227.270004|593700|0.9976532391|226.736649
2025-12-23|167|HD|344.000000|347.500000|341.940002|344.970001|3873400|0.9859634354|340.127808
2025-12-23|168|BAX|18.980000|18.990000|18.650000|18.930000|5030600|0.9989896155|18.903582
2025-12-23|169|COP|93.349998|93.779999|92.440002|92.730003|5671100|0.9784321345|90.730011
2025-12-23|170|GLW|88.080002|89.739998|87.839996|89.339996|3397500|0.9966096046|89.037094
2025-12-23|171|HUM|256.500000|258.109985|255.580002|257.119995|924800|0.9892166205|254.347382
2025-12-23|172|LHX|295.480011|298.779999|294.440002|297.829987|1051500|0.9925076273|295.598541
2025-12-23|173|NOC|585.280029|586.000000|576.700012|580.059998|564700|0.9924395226|575.674500
2025-12-23|174|OXY|40.299999|40.439999|39.720001|40.099998|7796400|0.9906984712|39.727005
2025-12-23|175|ROK|398.649994|399.869995|395.049988|398.839996|508300|0.9904239689|395.020691
2025-12-23|176|SLB|38.490002|38.900002|37.930000|38.200001|7930300|0.9889523968|37.777985
2025-12-23|177|SO|85.709999|86.790001|85.599998|86.389999|4319300|0.9759995454|84.316597
2025-12-23|178|WMB|58.849998|59.790001|58.779999|59.750000|6099100|0.9855810767|58.888470
2025-12-23|179|VLO|164.160004|165.190002|162.979996|164.770004|1970900|0.9854130966|162.366516
2025-12-23|180|CI|275.429993|275.940002|273.290009|273.750000|1013000|0.9887906885|270.681458
2025-12-23|181|NSC|291.529999|292.440002|290.670013|291.880005|1069800|0.9874047136|288.203674
2025-12-23|182|COO|83.449997|83.610001|82.559998|82.879997|1609500|1.0000000000|82.879997
2025-12-23|183|AMGN|328.089996|333.670013|328.070007|331.489990|1552800|0.9799483831|324.843109
2025-12-23|184|RJF|166.399994|167.619995|164.910004|165.770004|1272100|0.9893936166|164.011795
2025-12-23|185|WSM|191.029999|191.990005|186.429993|188.110001|1005900|0.9895967846|186.153046
2025-12-23|186|CAH|204.589996|207.899994|204.300003|207.369995|1300200|0.9929397050|205.905899
2025-12-23|187|CTAS|191.990005|192.789993|189.860001|190.660004|1380400|0.9924218382|189.215164
2025-12-23|188|PAYX|114.889999|114.989998|113.709999|114.099998|3155200|0.9670710940|110.342804
2025-12-23|189|BEN|24.510000|24.570000|24.139999|24.190001|2998000|0.9625940231|23.285151
2025-12-23|190|AOS|68.209999|68.379997|67.349998|67.739998|747600|0.9834989125|66.622215
2025-12-23|191|CASY|573.479980|575.979980|564.760010|566.979980|262400|0.9976268719|565.634460
2025-12-23|192|T|24.280001|24.530001|24.260000|24.459999|20869100|0.9652496452|23.610004
2025-12-23|193|VZ|40.000000|40.200001|39.869999|39.919998|19761800|0.9521495225|38.009808
2025-12-23|194|JBHT|199.279999|200.289993|195.960007|197.029999|856800|0.9944705560|195.940536
2025-12-23|195|ATO|167.419998|168.679993|166.990005|167.990005|983900|0.9829545502|165.126541
2025-12-23|196|LRCX|175.259995|177.289993|174.779999|175.160004|6483000|0.9981002163|174.827240
2025-12-23|197|MU|275.920013|281.859985|272.320007|276.269989|20767600|0.9990228227|276.000000
2025-12-23|198|AJG|258.000000|259.000000|256.480011|258.700012|1153600|0.9936444599|257.055847
2025-12-23|199|AME|208.000000|210.139999|207.000000|208.559998|1421200|0.9969202115|207.917679
2025-12-23|200|SWKS|65.059998|65.250000|64.290001|64.480003|1755200|0.9796110161|63.165321
2025-12-23|201|EXPD|153.020004|153.350006|151.490005|151.649994|915700|0.9948730934|150.872498
2025-12-23|202|UNH|324.000000|327.799988|323.760010|324.799988|4463300|0.9866504480|320.464050
2025-12-23|203|BBY|71.360001|71.449997|69.440002|69.580002|4065200|0.9720666083|67.636398
2025-12-23|204|DOC|15.980000|16.000000|15.710000|15.780000|8944800|0.9572925378|15.106076
2025-12-23|205|ADSK|298.859985|300.380005|295.609985|297.579987|1128400|1.0000000000|297.579987
2025-12-23|206|DVN|36.580002|36.630001|36.119999|36.340000|4609900|0.9877783076|35.895866
2025-12-23|207|NVR|7439.979980|7439.979980|7266.779785|7338.049805|19400|1.0000000000|7338.049805
2025-12-23|208|ROST|180.789993|181.139999|178.880005|180.610001|1563500|0.9959267541|179.874329
2025-12-23|209|JKHY|184.600006|185.570007|183.000000|185.309998|449500|0.9919197584|183.812637
2025-12-23|210|MNST|77.820000|78.309998|77.470001|77.669998|3775000|0.5000000000|77.669998
2025-12-23|211|ORCL|196.429993|197.199997|192.190002|195.339996|18301600|0.9904465499|193.473831
2025-12-23|212|MSFT|484.980011|487.829987|484.739990|486.850006|14683600|0.9936958009|483.780823
2025-12-23|213|TROW|104.820000|105.199997|103.970001|104.029999|1633700|0.9736426638|101.288040
2025-12-23|214|COST|849.099976|854.979980|846.799988|854.789978|1903300|0.9956058515|851.033936
2025-12-23|215|ADBE|357.470001|359.670013|350.579987|352.420013|3052500|1.0000000000|352.420013
2025-12-23|216|FISV|68.389999|68.820000|67.580002|67.720001|8820200|1.0000000000|67.720001
2025-12-23|217|BKR|45.560001|45.709999|45.009998|45.189999|7895600|0.9892821118|44.705654
2025-12-23|218|CDNS|314.730011|317.390015|314.529999|316.929993|893400|1.0000000000|316.929993
2025-12-23|219|TJX|156.880005|157.160004|155.610001|155.919998|2793900|0.9907991610|154.485397
2025-12-23|220|FICO|1742.630005|1749.199951|1712.869995|1725.780029|140700|1.0000000000|1725.780029
2025-12-23|221|CCL|32.520000|32.889999|31.320000|31.660000|24490100|0.9841845235|31.159281
2025-12-23|222|FAST|41.750000|41.869999|41.680000|41.720001|4751000|0.9838279433|41.045303
2025-12-23|223|SCHW|101.519997|102.050003|100.900002|101.180000|5727400|0.9901836685|100.186783
2025-12-23|224|JCI|119.779999|121.150002|119.430000|121.129997|3726700|0.9941759575|120.424522
2025-12-23|225|COHR|187.559998|192.990005|187.300003|191.869995|2052300|1.0000000000|191.869995
2025-12-23|226|KEY|21.219999|21.250000|21.040001|21.049999|8420000|0.9804836286|20.639179
2025-12-23|227|MOS|24.260000|24.580000|24.070000|24.290001|4728700|0.9816582705|23.844481
2025-12-23|228|MGM|37.540001|37.639999|36.880001|36.970001|3102900|1.0000000000|36.970001
2025-12-23|229|WM|219.619995|220.539993|219.050003|220.339996|915200|0.9917417797|218.520386
2025-12-23|230|TECH|59.080002|59.580002|58.540001|59.250000|1373700|0.9957086055|58.995735
2025-12-23|231|IEX|179.729996|181.729996|178.220001|180.339996|464200|0.9895889092|178.462448
2025-12-23|232|GEN|27.650000|27.719999|27.309999|27.450001|2734400|0.9850474704|27.039555
2025-12-23|233|CRH|126.309998|126.639999|125.139999|126.599998|5108200|0.9889154582|125.196693
2025-12-23|234|EOG|103.699997|104.080002|103.250000|103.989998|2334800|0.9756845809|101.461441
2025-12-23|235|PTC|178.080002|178.610001|174.380005|176.020004|569800|1.0000000000|176.020004
2025-12-23|236|CSCO|77.610001|78.120003|77.589996|78.019997|16712600|0.9856294108|76.898811
2025-12-23|237|LH|254.970001|255.419998|252.039993|253.149994|657400|0.9947633093|251.285583
2025-12-23|238|TRMB|81.750000|82.169998|80.470001|80.500000|1598800|1.0000000000|80.500000
2025-12-23|239|AZO|3436.290039|3486.199951|3419.360107|3463.610107|196200|1.0000000000|3463.610107
2025-12-23|240|REGN|777.359985|792.750000|777.000000|785.169983|832000|0.9961457605|782.143738
2025-12-23|241|IDXX|695.960022|700.000000|676.059998|682.309998|586300|1.0000000000|682.309998
2025-12-23|242|AES|13.920000|14.020000|13.810000|13.900000|4812100|0.9646899783|13.409190
2025-12-23|243|VRTX|460.440002|461.489990|457.040009|459.209991|768500|1.0000000000|459.209991
2025-12-23|244|ZBRA|248.119995|250.550003|245.470001|246.759995|526000|1.0000000000|246.759995
2025-12-23|245|BIIB|174.259995|175.580002|173.080002|174.820007|1281600|1.0000000000|174.820007
2025-12-23|246|ODFL|158.619995|159.449997|158.169998|158.619995|1175400|0.9973411992|158.198257
2025-12-23|247|APH|133.660004|137.250000|133.279999|137.119995|4807000|0.9965240421|136.643372
2025-12-23|248|KIM|20.059999|20.200001|19.930000|20.110001|7481500|0.9782318124|19.672243
2025-12-23|249|QCOM|173.610001|175.270004|173.509995|174.750000|4690400|0.9899641514|172.996216
2025-12-23|250|GILD|124.169998|127.410004|124.000000|125.190002|5712500|0.9878606941|123.670280
2025-12-23|251|ROP|449.140015|449.440002|446.019989|449.339996|598800|0.9929279129|446.162231
2025-12-23|252|SNPS|477.519989|478.190002|469.880005|475.470001|1318700|1.0000000000|475.470001
2025-12-23|253|STZ|141.259995|141.520004|138.509995|139.229996|2242200|0.9792322433|136.338501
2025-12-23|254|BSX|95.809998|96.250000|95.690002|96.089996|5824700|1.0000000000|96.089996
2025-12-23|255|STE|254.500000|256.989990|252.580002|255.389999|448700|0.9945039836|253.986374
2025-12-23|256|DHI|145.669998|145.940002|143.289993|144.470001|2967800|0.9911938574|143.197784
2025-12-23|257|LIN|423.600006|425.329987|423.000000|425.100006|1656600|0.9935105778|422.341370
2025-12-23|258|SBUX|86.019997|86.139999|83.379997|83.860001|9511300|0.9821606772|82.363998
2025-12-23|259|MS|179.830002|180.580002|179.130005|179.500000|3514800|0.9837860335|176.589600
2025-12-23|260|INTU|671.640015|676.000000|666.400024|674.140015|954300|0.9906980199|667.869202
2025-12-23|261|MCHP|65.860001|66.209999|65.099998|65.349998|4874300|0.9832658267|64.256424
2025-12-23|262|CB|311.489990|314.119995|311.279999|313.299988|1007700|0.9939554166|311.406219
2025-12-23|263|ORLY|91.860001|92.300003|91.510002|92.070000|5276700|1.0000000000|92.070000
2025-12-23|264|RCL|300.500000|304.000000|291.519989|292.290009|1713100|0.9862054091|288.257996
2025-12-23|265|JBL|227.720001|235.320007|226.449997|235.070007|1103200|0.9992441666|234.892334
2025-12-23|266|ALL|208.199997|210.350006|208.169998|209.550003|1297000|0.9897514584|207.402420
2025-12-23|267|CPT|108.779999|108.779999|107.059998|107.800003|1051500|0.9801843508|105.663879
2025-12-23|268|VMRK|62.450001|62.450001|61.669998|62.330002|2037900|0.9671264641|60.280998
2025-12-23|269|IT|250.789993|251.919998|248.639999|250.380005|744400|1.0000000000|250.380005
2025-12-23|270|DECK|101.699997|101.889999|99.500000|100.680000|1994500|1.0000000000|100.680000
2025-12-23|271|REG|69.279999|69.279999|68.559998|69.120003|989400|0.9810739142|67.811836
2025-12-23|272|INCY|100.500000|101.709999|100.019997|100.910004|1330700|1.0000000000|100.910004
2025-12-23|273|SPG|186.550003|187.740005|185.770004|187.600006|937900|0.9778630534|183.447128
2025-12-23|274|MAA|137.020004|137.619995|135.600006|136.240005|802900|0.9656183896|131.555847
2025-12-23|275|MLM|634.340027|639.219971|632.219971|638.780029|261500|0.9973479749|637.085999
2025-12-23|276|TSCO|51.750000|51.840000|50.509998|51.080002|4502100|0.9807531624|50.096870
2025-12-23|277|ALB|147.979996|149.880005|146.210007|146.699997|1736700|0.9949889134|145.964874
2025-12-23|278|CPRT|39.340000|39.400002|38.860001|39.150002|8573000|1.0000000000|39.150002
2025-12-23|279|FLEX|63.320000|64.099998|62.799999|63.740002|3089500|1.0000000000|63.740002
2025-12-23|280|ESS|261.130005|261.130005|257.769989|259.690002|291500|0.9710345219|252.167938
2025-12-23|281|O|56.720001|56.799999|55.860001|55.930000|6825100|0.9656842140|54.010723
2025-12-23|282|MCO|508.869995|515.890015|508.260010|515.390015|568700|0.9933686768|511.972321
2025-12-23|283|SJM|99.169998|99.169998|97.320000|97.949997|1927000|0.9701300487|95.024231
2025-12-23|284|MCK|814.380005|825.880005|813.000000|825.729980|388500|0.9980659618|824.132996
2025-12-23|285|COF|246.339996|247.910004|246.220001|247.600006|1848700|0.9884398390|244.737717
2025-12-23|286|EME|619.150024|627.719971|618.590027|625.690002|197900|0.9983902989|624.682800
2025-12-23|287|DLTR|122.489998|123.080002|119.050003|119.529999|3338000|1.0000000000|119.529999
2025-12-23|288|COR|337.519989|341.079987|336.410004|340.589996|774100|0.9940692618|338.570068
2025-12-23|289|DRI|189.100006|189.100006|184.639999|187.000000|1465700|0.9771066651|182.718948
2025-12-23|290|RMD|246.020004|247.449997|243.130005|244.600006|718500|0.9918845144|242.614960
2025-12-23|291|WAB|220.639999|221.889999|218.850006|219.550003|750500|0.9965472933|218.791962
2025-12-23|292|FCX|51.610001|52.290001|50.990002|51.900002|14155700|0.9929128187|51.532177
2025-12-23|293|IVZ|27.309999|27.430000|27.049999|27.090000|4037000|0.9777629266|26.487598
2025-12-23|294|ACGL|97.180000|97.599998|96.860001|96.959999|1696200|1.0000000000|96.959999
2025-12-23|295|ERIE|286.350006|287.459991|283.730011|283.779999|101400|0.9834606060|279.086456
2025-12-23|296|EG|336.350006|338.769989|334.839996|337.040009|485700|0.9878843207|332.956543
2025-12-23|297|DVA|116.279999|116.279999|114.650002|114.720001|442800|1.0000000000|114.720001
2025-12-23|298|HSIC|77.570000|77.680000|76.410004|76.500000|825000|1.0000000000|76.500000
2025-12-23|299|EL|108.029999|108.970001|107.209999|107.639999|1692100|0.9930325985|106.890030
2025-12-23|300|WAT|383.040009|383.859985|380.779999|383.209991|346300|1.0000000000|383.209991
2025-12-23|301|NTAP|110.599998|111.550003|109.650002|109.839996|1394000|0.9870750252|108.420311
2025-12-23|302|HIG|139.889999|140.500000|138.490005|139.080002|1123600|0.9910400733|137.833862
2025-12-23|303|IRM|80.959999|81.050003|79.500000|80.800003|1476500|0.9851777356|79.602364
2025-12-23|304|BRK-B|500.480011|502.329987|498.160004|500.510010|3680800|1.0000000000|500.510010
2025-12-23|305|FDS|291.589996|291.720001|288.890015|290.880005|421600|0.9900356292|287.981598
2025-12-23|306|STLD|175.869995|178.360001|175.210007|177.199997|941300|0.9917509611|175.738266
2025-12-23|307|DGX|176.550003|176.550003|174.479996|175.080002|652500|0.9871163208|172.824341
2025-12-23|308|CIEN|234.750000|243.000000|234.750000|240.289993|1802100|1.0000000000|240.289993
2025-12-23|309|TTWO|248.539993|249.460007|247.660004|249.229996|648200|1.0000000000|249.229996
2025-12-23|310|VTR|79.019997|79.339996|78.660004|79.110001|1208700|0.9818295408|77.672546
2025-12-23|311|AMZN|229.059998|232.449997|228.729996|232.139999|29230200|1.0000000000|232.139999
2025-12-23|312|ARE|48.419998|48.480000|47.849998|48.070000|1860900|0.9575530500|46.029572
2025-12-23|313|RL|367.000000|367.940002|359.200012|362.739990|457000|0.9923194237|359.953918
2025-12-23|314|BXP|69.260002|69.260002|68.559998|68.800003|1131600|0.9663309942|66.483574
2025-12-23|315|FIX|948.330017|970.000000|946.229980|965.369995|327700|0.9985721755|963.991577
2025-12-23|316|YUM|154.820007|155.490005|154.149994|154.529999|1660200|0.9905648102|153.071976
2025-12-23|317|CHRW|164.990005|166.119995|163.869995|164.589996|1245300|0.9931897587|163.469101
2025-12-23|318|FE|44.400002|44.680000|44.259998|44.639999|3739200|0.9707938980|43.336239
2025-12-23|319|MTD|1409.589966|1416.640015|1399.680054|1414.599976|82700|1.0000000000|1414.599976
2025-12-23|320|PLD|127.320000|127.970001|127.220001|127.769997|2114000|0.9848712132|125.836998
2025-12-23|321|URI|816.690002|821.299988|810.109985|817.849976|313500|0.9939808437|812.927185
2025-12-23|322|AEE|99.389999|99.680000|98.669998|99.349998|1474000|0.9863006617|97.988968
2025-12-23|323|VRSN|245.059998|246.429993|244.380005|245.080002|311600|0.9907421953|242.811096
2025-12-23|324|PWR|431.940002|437.410004|431.000000|435.200012|562600|0.9993903388|434.934662
2025-12-23|325|AMT|172.949997|174.580002|172.130005|174.509995|3358100|0.9712942756|169.500565
2025-12-23|326|MAR|313.140015|316.690002|313.140015|314.070007|1171800|0.9940852561|312.212372
2025-12-23|327|CTSH|85.050003|85.370003|84.599998|85.180000|2586200|0.9822114026|83.664764
2025-12-23|328|SRE|88.000000|88.889999|87.610001|88.680000|3207400|0.9860298575|87.441124
2025-12-23|329|CSGP|66.599998|66.879997|65.790001|66.639999|2723500|1.0000000000|66.639999
2025-12-23|330|RSG|212.910004|213.869995|212.639999|213.059998|1618500|0.9913326285|211.213333
2025-12-23|331|CCI|86.769997|87.470001|86.139999|87.419998|3261100|0.9762634240|85.344955
2025-12-23|332|EBAY|84.000000|84.830002|83.879997|84.050003|2748200|0.9939126631|83.285149
2025-12-23|333|NVDA|182.970001|189.330002|182.899994|189.210007|174873600|0.9987817973|188.979507
2025-12-23|334|BKNG|5395.769882|5441.320038|5392.279816|5439.270020|120700|0.0398088823|216.531250
2025-12-23|335|GS|900.349976|905.919983|893.700012|901.710022|1210200|0.9903999491|893.053589
2025-12-23|336|FFIV|259.859985|261.519989|258.170013|260.459991|936300|1.0000000000|260.459991
2025-12-23|337|SBAC|191.210007|191.970001|188.779999|191.910004|700000|0.9805017315|188.168091
2025-12-23|338|LII|495.970001|497.399994|490.079987|494.549988|231200|0.9920705337|490.628448
2025-12-23|339|BLK|1085.550049|1091.739990|1083.400024|1086.550049|265400|0.9888912077|1074.479736
2025-12-23|340|TKO|216.050003|217.509995|215.059998|215.699997|556600|0.9921219970|214.000717
2025-12-23|341|AKAM|89.860001|89.900002|88.610001|89.230003|1747800|1.0000000000|89.230003
2025-12-23|342|UPS|100.690002|100.900002|99.879997|100.190002|4645300|0.9546755018|95.648949
2025-12-23|343|A|138.169998|138.919998|137.639999|138.360001|1208700|0.9940314297|137.534195
2025-12-23|344|TDY|517.630005|521.590027|512.900024|518.900024|252200|1.0000000000|518.900024
2025-12-23|345|PKG|206.539993|207.559998|205.130005|206.830002|563300|0.9876260349|204.270706
2025-12-23|346|EW|86.099998|86.529999|85.820000|86.230003|1743000|1.0000000000|86.230003
2025-12-23|347|MET|81.339996|81.610001|80.870003|80.910004|2135500|0.9792675716|79.232536
2025-12-23|348|ON|56.000000|56.490002|55.119999|55.689999|4941000|1.0000000000|55.689999
2025-12-23|349|ISRG|577.140015|579.200012|573.679993|577.340027|1282800|1.0000000000|577.340027
2025-12-23|350|CRL|202.199997|204.070007|201.559998|202.869995|462200|1.0000000000|202.869995
2025-12-23|351|MRVL|84.400002|88.050003|84.290001|87.680000|12334100|0.9985347355|87.551521
2025-12-23|352|EQIX|757.000000|761.039978|753.109985|760.130005|333800|0.9849779860|748.711304
2025-12-23|353|TPR|129.059998|130.279999|128.990005|129.440002|2706100|0.9944862341|128.726288
2025-12-23|354|GRMN|204.770004|206.240005|203.149994|203.220001|619400|0.9917889977|201.551361
2025-12-23|355|GPN|81.330002|81.989998|79.739998|80.190002|2222200|0.9929199565|79.622261
2025-12-23|356|ALGN|158.479996|158.589996|155.979996|156.759995|934400|1.0000000000|156.759995
2025-12-23|357|WTW|333.000000|334.670013|330.850006|332.299988|550200|0.9903328749|329.087585
2025-12-23|358|MDLZ|54.310001|54.419998|53.509998|54.150002|8644500|0.9742061707|52.753265
2025-12-23|359|AXON|597.260010|608.380005|584.289978|591.020020|709500|1.0000000000|591.020020
2025-12-23|360|FIS|66.970001|67.339996|66.440002|66.800003|2452800|0.9802816760|65.482819
2025-12-23|361|ACN|269.820007|271.670013|268.779999|270.769989|2598800|0.9798095806|265.303040
2025-12-23|362|ZBH|89.500000|89.889999|88.839996|89.430000|1337500|0.9920119396|88.715622
2025-12-23|363|BG|89.970001|90.169998|88.239998|88.550003|1212200|0.9821514316|86.969513
2025-12-23|364|PFG|89.690002|90.000000|89.239998|89.519997|890500|0.9832413887|88.019760
2025-12-23|365|ELV|342.730011|345.329987|341.720001|343.220001|806400|0.9898456688|339.734833
2025-12-23|366|CNC|39.919998|39.990002|39.340000|39.599998|3586200|1.0000000000|39.599998
2025-12-23|367|PRU|114.690002|115.230003|114.150002|114.180000|1229000|0.9622422893|109.868820
2025-12-23|368|NFLX|93.400002|93.809998|91.330002|93.500000|25896200|1.0000000000|93.500000
2025-12-23|369|NDAQ|97.480003|98.290001|97.349998|98.010002|3506000|0.9932805958|97.351433
2025-12-23|370|WYNN|126.169998|126.970001|124.849998|124.959999|1096700|0.9927789107|124.057655
2025-12-23|371|CME|272.529999|275.809998|271.010010|275.529999|766100|0.9716146686|267.709015
2025-12-23|372|STX|278.579987|282.850006|274.709991|282.799988|2084400|0.9949371232|281.368195
2025-12-23|373|NRG|156.929993|159.710007|156.649994|158.110001|1297900|0.9903289609|156.580917
2025-12-23|374|AIZ|242.080002|243.220001|240.559998|241.250000|290600|0.9925480196|239.452209
2025-12-23|375|CBRE|164.179993|164.210007|162.350006|163.850006|858400|1.0000000000|163.850006
2025-12-23|376|CRM|262.720001|264.239990|260.519989|263.429993|4745100|0.9949373630|262.096344
2025-12-23|377|DPZ|426.720001|431.940002|424.230011|426.179993|491700|0.9888611209|421.432831
2025-12-23|378|EXR|130.899994|131.000000|129.139999|129.399994|1330600|0.9779070040|126.541161
2025-12-23|379|GOOG|311.135010|316.299988|310.750000|315.679993|13961400|0.9986949468|315.268036
2025-12-23|380|GOOGL|309.630005|314.940002|309.320007|314.350006|25478700|0.9986999831|313.941345
2025-12-23|381|DLR|153.179993|154.029999|151.619995|153.880005|1700500|0.9866588059|151.827072
2025-12-23|382|MPWR|939.880005|946.510010|935.830017|943.549988|355300|0.9948016730|938.645142
2025-12-23|383|LVS|66.959999|67.110001|66.050003|66.199997|3423300|0.9827791790|65.059982
2025-12-23|384|DXCM|67.360001|67.400002|66.349998|66.860001|2818300|1.0000000000|66.860001
2025-12-23|385|BLDR|103.669998|103.669998|101.800003|102.699997|1095000|1.0000000000|102.699997
2025-12-23|386|WBD|28.760000|29.270000|28.730000|29.150000|49960500|1.0000000000|29.150000
2025-12-23|387|EXPE|288.410004|291.359985|287.459991|288.230011|1184900|0.9942877675|286.583588
2025-12-23|388|CF|77.500000|78.820000|77.500000|78.139999|1497300|0.9855673857|77.012238
2025-12-23|389|AMP|497.679993|499.559998|495.079987|498.380005|428000|0.9903313094|493.561310
2025-12-23|390|ICE|161.259995|162.589996|161.179993|161.949997|1997500|0.9930916239|160.831192
2025-12-23|391|PSKY|13.490000|13.640000|13.440000|13.530000|4407500|0.9901049837|13.396120
2025-12-23|392|LYV|142.399994|144.759995|141.889999|144.100006|1929500|1.0000000000|144.100006
2025-12-23|393|CMG|37.980000|37.980000|37.000000|37.790001|17914100|1.0000000000|37.790001
2025-12-23|394|UAL|115.110001|115.949997|112.650002|113.529999|3285200|1.0000000000|113.529999
2025-12-23|395|TDG|1305.420044|1318.180054|1296.260010|1314.520020|246600|1.0000000000|1314.520020
2025-12-23|396|MA|575.890015|581.719971|575.750000|576.349976|1794700|0.9951190330|573.536865
2025-12-23|397|LDOS|185.979996|187.350006|184.639999|186.320007|553700|0.9940154778|185.204971
2025-12-23|398|FSLR|282.000000|283.369995|262.000000|269.390015|3848500|1.0000000000|269.390015
2025-12-23|399|BR|228.259995|228.309998|226.309998|227.360001|396000|0.9878384663|224.594955
2025-12-23|400|SMCI|30.940001|31.110001|30.270000|30.760000|18146700|1.0000000000|30.760000
2025-12-23|401|TMUS|195.850006|197.960007|195.759995|197.669998|4403800|0.9898439218|194.539658
2025-12-23|402|DAL|71.790001|71.900002|70.339996|70.500000|6050300|0.9922015511|69.950211
2025-12-23|403|IBKR|65.800003|66.339996|65.459999|65.959999|3085400|0.9979162811|65.822556
2025-12-23|404|PODD|291.609985|292.750000|285.019989|285.500000|579900|1.0000000000|285.500000
2025-12-23|405|TEL|231.300003|234.470001|230.820007|232.690002|1286500|0.9892434805|230.187057
2025-12-23|406|BX|155.570007|156.750000|155.020004|155.160004|2518000|0.9695455041|150.434692
2025-12-23|407|LULU|211.110001|213.369995|209.250000|212.679993|2867800|1.0000000000|212.679993
2025-12-23|408|ULTA|615.489990|616.340027|601.890015|604.090027|895100|1.0000000000|604.090027
2025-12-23|409|MSCI|577.369995|581.789978|573.320007|581.299988|428000|0.9889531620|574.878418
2025-12-23|410|ECHO|107.989998|108.290001|105.120003|106.760002|2539900|1.0000000000|106.760002
2025-12-23|411|PM|159.369995|162.320007|159.270004|162.059998|4728100|0.9741176592|157.865509
2025-12-23|412|V|352.000000|356.380005|352.000000|353.380005|3703200|0.9940309283|351.270660
2025-12-23|413|AWK|131.550003|131.729996|130.460007|130.750000|869100|0.9796942856|128.095032
2025-12-23|414|KDP|28.240000|28.240000|27.860001|27.900000|9156600|0.9761522236|27.234648
2025-12-23|415|SW|38.349998|38.349998|37.529999|38.240002|2999800|0.9711821711|37.138008
2025-12-23|416|AVGO|340.809998|350.109985|338.540009|349.320007|28232600|0.9963298147|348.037933
2025-12-23|417|VRSK|220.339996|220.869995|217.720001|218.460007|1440900|0.9947617775|217.315674
2025-12-23|418|DG|137.179993|137.199997|133.880005|134.250000|2338700|0.9860246787|132.373810
2025-12-23|419|FTNT|81.610001|81.709999|80.099998|80.660004|3465700|1.0000000000|80.660004
2025-12-23|420|CHTR|206.259995|207.130005|203.979996|205.279999|1291800|1.0000000000|205.279999
2025-12-23|421|FERG|228.550003|229.229996|225.729996|227.300003|777000|0.9848254111|223.850815
2025-12-23|422|GNRC|139.710007|140.889999|137.639999|139.869995|938700|1.0000000000|139.869995
2025-12-23|423|LYB|43.810001|43.849998|42.439999|42.650002|4763600|0.9677851714|41.276039
2025-12-23|424|CBOE|251.940002|255.869995|251.190002|254.759995|376400|0.9954503651|253.600922
2025-12-23|425|TSLA|489.399994|491.970001|482.839996|485.559998|58223600|1.0000000000|485.559998
2025-12-23|426|KKR|131.100006|131.580002|130.639999|131.000000|2981500|0.9943370554|130.258163
2025-12-23|427|NXPI|226.669998|227.899994|224.500000|225.979996|1871300|0.9914738451|224.053268
2025-12-23|428|GM|82.730003|83.430000|82.660004|82.750000|4819900|0.9954799629|82.375969
2025-12-23|429|TRGP|183.820007|184.970001|182.460007|184.789993|770900|0.9854533185|182.101913
2025-12-23|430|CPAY|314.190002|316.010010|307.190002|309.769989|357400|1.0000000000|309.769989
2025-12-23|431|KMI|26.840000|27.290001|26.840000|27.280001|8517900|0.9722301462|26.522440
2025-12-23|432|HCA|470.029999|475.450012|468.100006|474.040009|660400|0.9965176399|472.389221
2025-12-23|433|HII|358.070007|360.200012|351.230011|354.519989|644600|0.9925978670|350.262299
2025-12-23|434|APO|148.449997|149.660004|148.100006|148.369995|2173800|0.9875780044|146.526947
2025-12-23|435|MPC|165.270004|166.949997|164.220001|166.399994|2380600|0.9885237030|164.490341
2025-12-23|436|XYL|138.990005|139.720001|138.130005|138.619995|683200|0.9889650951|137.090332
2025-12-23|437|APTV|77.040001|77.099998|75.620003|76.360001|1899400|1.0000000000|76.360001
2025-12-23|438|PSX|128.990005|129.740005|128.600006|129.119995|1708200|0.9794981865|126.472801
2025-12-23|439|AMCR|8.320000|8.330000|8.260000|8.270000|14007700|4.8543684849|40.145626
2025-12-23|440|META|660.049988|666.000000|658.250000|664.940002|8486800|0.9982193806|663.755981
2025-12-23|441|NOW|155.500000|156.089996|151.630005|154.360001|12572500|1.0000000000|154.360001
2025-12-23|442|PANW|189.070007|189.720001|187.289993|188.119995|3371300|1.0000000000|188.119995
2025-12-23|443|FANG|148.740005|149.770004|147.190002|148.160004|1041200|0.9832059760|145.671799
2025-12-23|444|WDAY|217.050003|217.089996|213.630005|215.440002|2150400|1.0000000000|215.440002
2025-12-23|445|ABBV|228.220001|230.789993|227.910004|228.789993|3612100|0.9769027438|223.505585
2025-12-23|446|NCLH|24.230000|24.309999|23.080000|23.110001|13677200|1.0000000000|23.110001
2025-12-23|447|ZTS|123.000000|123.980003|122.459999|123.540001|4952000|0.9845723480|121.634071
2025-12-23|448|IQV|223.169998|225.380005|222.910004|225.149994|711800|1.0000000000|225.149994
2025-12-23|449|NWS|29.910000|30.080000|29.879999|30.000000|393400|0.9963262306|29.889786
2025-12-23|450|NWSA|26.299999|26.420000|26.219999|26.400000|2810900|0.9958385353|26.290136
2025-12-23|451|CDW|139.600006|140.449997|137.779999|138.139999|1207300|0.9844137869|135.986908
2025-12-23|452|VEEV|222.830002|224.630005|221.419998|224.259995|1000800|1.0000000000|224.259995
2025-12-23|453|ALLE|160.940002|161.800003|160.080002|160.619995|424900|0.9921390873|159.357376
2025-12-23|454|HLT|292.220001|293.839996|290.980011|291.380005|1084800|0.9986088702|290.974670
2025-12-23|455|ARES|170.000000|171.080002|168.490005|168.740005|1502300|0.9767290545|164.813263
2025-12-23|456|ANET|129.320007|131.720001|129.250000|131.320007|2884300|1.0000000000|131.320007
2025-12-23|457|SYF|85.760002|86.139999|85.129997|85.570000|1837100|0.9876561264|84.513733
2025-12-23|458|CFG|59.959999|60.099998|59.470001|59.509998|3023300|0.9795741096|58.294453
2025-12-23|459|KEYS|202.190002|205.755005|202.000000|205.250000|752600|1.0000000000|205.250000
2025-12-23|460|GDDY|126.019997|126.790001|124.589996|126.750000|1018600|1.0000000000|126.750000
2025-12-23|461|KHC|24.167999|24.167999|23.600000|23.700001|13899700|0.9659839010|22.893820
2025-12-23|462|PYPL|59.830002|60.070000|58.939999|59.410000|12153600|0.9937057617|59.036060
2025-12-23|463|LITE|380.959991|390.410004|380.910004|387.410004|1627000|1.0000000000|387.410004
2025-12-23|464|HPE|24.730000|24.799999|24.459999|24.580000|16269200|0.9906947030|24.351276
2025-12-23|465|XYZ|64.389999|65.180000|63.919998|64.940002|5068200|1.0000000000|64.940002
2025-12-23|466|FTV|55.770000|55.914001|55.285000|55.639999|1612700|0.9979248563|55.524540
2025-12-23|467|DELL|126.330002|128.630005|126.330002|127.620003|3494400|0.9909355870|126.463203
2025-12-23|468|TTD|37.130001|37.616001|36.790001|37.439999|9550200|1.0000000000|37.439999
2025-12-23|469|VST|161.570007|163.699997|160.130005|161.669998|3772000|0.9972411805|161.223984
2025-12-23|470|HWM|208.039993|210.429993|207.899994|209.570007|1479300|0.9985047767|209.256653
2025-12-23|471|INVH|27.080000|27.090000|26.715000|26.889999|3170400|0.9779475029|26.297009
2025-12-23|472|CVNA|433.209991|437.869987|424.000015|437.350006|2340400|0.2000000000|87.470001
2025-12-23|473|IR|80.769997|81.470001|80.300003|81.449997|1514800|0.9992655835|81.390175
2025-12-23|474|VICI|27.860001|27.879999|27.590000|27.760000|12408200|0.9677245240|26.864035
2025-12-23|475|VRT|165.529999|167.960007|161.830002|166.259995|3220400|0.9995540701|166.185852
2025-12-23|476|MRNA|34.860001|34.970001|32.138000|32.290001|11927000|1.0000000000|32.290001
2025-12-23|477|FOXA|73.550003|74.199997|73.010002|73.709999|2718000|0.9951185496|73.350189
2025-12-23|478|FOX|64.699997|64.860001|63.959999|64.500000|1327800|0.9946544484|64.155212
2025-12-23|479|DOW|23.260000|23.400000|22.770000|22.900000|7884500|0.9783459966|22.404123
2025-12-23|480|UBER|81.010002|81.419998|80.349998|80.970001|10445500|1.0000000000|80.970001
2025-12-23|481|CTVA|67.080002|67.230003|66.500000|67.150002|2635300|0.9954590981|66.845078
2025-12-23|482|CRWD|482.489990|483.589996|473.500000|478.839996|2053000|0.2500000000|119.709999
2025-12-23|483|DDOG|141.740005|142.479996|138.330002|141.229996|3084500|1.0000000000|141.229996
2025-12-23|484|CARR|53.230000|53.639999|52.880001|53.340000|4527900|0.9886394999|52.734035
2025-12-23|485|OTIS|87.540001|87.940002|87.120003|87.830002|1926800|0.9834662418|86.377838
2025-12-23|486|PLTR|192.824997|195.369995|191.735001|194.130005|24041000|1.0000000000|194.130005
2025-12-23|487|DASH|233.289993|233.979996|230.100006|232.699997|2694900|1.0000000000|232.699997
2025-12-23|488|ABNB|136.600006|137.210007|135.580002|136.490005|3464800|1.0000000000|136.490005
2025-12-23|489|EXE|108.709999|111.510002|108.474998|111.169998|2412600|0.9826864450|109.245247
2025-12-23|490|COIN|243.250000|245.199997|238.800003|242.300003|7004200|1.0000000000|242.300003
2025-12-23|491|APP|727.380005|737.000000|710.250000|728.450012|2229400|1.0000000000|728.450012
2025-12-23|492|HOOD|120.294998|121.150002|116.750000|120.239998|16953500|1.0000000000|120.239998
2025-12-23|493|CEG|353.140015|364.309998|353.000000|361.329987|1404300|0.9955820742|359.733643
2025-12-23|494|GEHC|83.809998|84.010002|83.165001|83.320000|2117000|0.9985528329|83.199417
2025-12-23|495|KVUE|17.010000|17.120001|16.930000|17.020000|27073500|0.9661066365|16.443134
2025-12-23|496|VLTO|102.059998|102.690002|101.250000|102.639999|1293300|0.9957401186|102.202759
2025-12-23|497|RDDT|231.529999|237.500000|225.449997|225.820007|3487700|1.0000000000|225.820007
2025-12-23|498|SOLV|80.860001|80.989998|80.254997|80.550003|752800|1.0000000000|80.550003
2025-12-23|499|GEV|664.820007|664.820007|654.000000|661.450012|1997600|0.9981503345|660.226562
2025-12-23|500|SNDK|238.419998|245.500000|234.000000|244.899994|5305700|1.0000000000|244.899994
2025-12-23|501|Q|81.540001|83.260002|81.129997|83.169998|1244100|0.9988559230|83.074852
