date|security_id|ticker|open|high|low|close|volume|adj_factor|adj_close_vendor
2025-12-17|1|AEP|114.440002|115.029999|113.870003|114.709999|3808900|0.9775591772|112.135811
2025-12-17|2|BA|206.779999|210.660004|205.820007|206.330002|7301100|1.0000000000|206.330002
2025-12-17|3|CAT|587.590027|591.000000|557.460022|561.890015|3753300|0.9939261318|558.477234
2025-12-17|4|CNP|38.020000|38.419998|37.910000|38.310001|5137300|0.9832236217|37.667297
2025-12-17|5|CVX|147.500000|149.869995|147.350006|149.520004|8805300|0.9728341284|145.458176
2025-12-17|6|DIS|111.059998|112.129997|110.459999|110.629997|12142500|0.9923958226|109.788750
2025-12-17|7|DTE|128.960007|129.000000|127.349998|128.889999|2174000|0.9843774065|126.876396
2025-12-17|8|ED|98.639999|100.330002|98.510002|100.209999|2330700|0.9759585897|97.800812
2025-12-17|9|GD|336.410004|339.529999|333.049988|336.410004|1003700|0.9869830633|332.031006
2025-12-17|10|GE|299.119995|301.230011|291.619995|292.179993|3802500|0.9961629631|291.058929
2025-12-17|11|HON|198.410000|202.460003|198.120004|199.889994|6291100|1.0347776740|206.841705
2025-12-17|12|HPQ|24.770000|24.889999|24.219999|24.430000|12454000|0.9721972446|23.750780
2025-12-17|13|IBM|303.790009|306.250000|303.079987|303.320007|3131000|0.9800357773|297.264435
2025-12-17|14|IP|38.410000|39.099998|38.240002|38.689999|3495700|0.9645837619|37.319744
2025-12-17|15|JNJ|209.389999|211.520004|208.460007|210.330002|8457600|0.9841702191|207.000534
2025-12-17|16|KO|70.570000|70.919998|70.309998|70.669998|13672700|0.9867998793|69.737152
2025-12-17|17|KR|62.250000|63.900002|62.099998|63.810001|5539600|0.9830507535|62.728470
2025-12-17|18|LMT|471.000000|476.890015|462.250000|474.790009|1989200|0.9882876617|469.229095
2025-12-17|19|MMM|162.190002|164.229996|161.009995|162.169998|2638500|0.9860940463|159.914871
2025-12-17|20|MO|59.509998|59.750000|58.869999|59.180000|8385300|0.9516126626|56.316437
2025-12-17|21|MRK|98.180000|100.139999|98.059998|99.180000|13180600|0.9855603323|97.747871
2025-12-17|22|MSI|367.970001|379.609985|366.489990|374.489990|2285100|0.9943844568|372.387024
2025-12-17|23|PG|146.690002|148.449997|146.449997|147.809998|9833300|0.9782265339|144.591660
2025-12-17|24|XOM|115.209999|117.620003|115.169998|117.410004|18502200|0.9803338832|115.101006
2025-12-17|25|RTX|178.919998|180.330002|176.539993|177.199997|6632700|0.9892687733|175.298431
2025-12-17|26|MCD|315.549988|319.200012|315.000000|318.690002|3328600|0.9877457529|314.784698
2025-12-17|27|AXP|381.549988|384.339996|374.549988|375.609985|2973900|0.9919237847|372.576477
2025-12-17|28|BMY|54.070000|54.490002|53.500000|53.549999|14990500|0.9673144843|51.799690
2025-12-17|29|DD|40.440000|40.980001|40.230001|40.600001|4669401|2.9761992776|120.833694
2025-12-17|30|DE|484.950012|490.420013|479.690002|481.000000|1641500|0.9910776808|476.708374
2025-12-17|31|EMR|134.300003|135.309998|130.500000|131.639999|3510300|0.9888087280|130.166779
2025-12-17|32|ETN|329.250000|331.119995|311.920013|315.820007|7694400|0.9917042798|313.200012
2025-12-17|33|ETR|92.970001|93.139999|91.669998|91.830002|3647500|0.9822109154|90.196426
2025-12-17|34|F|13.630000|13.660000|13.290000|13.310000|58320600|0.9665034086|12.864161
2025-12-17|35|HAL|27.340000|27.840000|27.320000|27.740000|12114900|0.9909628646|27.489309
2025-12-17|36|LLY|1064.300049|1064.300049|1036.410034|1041.790039|3726600|0.9951920486|1036.781128
2025-12-17|37|PCG|15.270000|15.810000|15.270000|15.680000|23197600|0.9911560857|15.541327
2025-12-17|38|PEP|150.380005|151.240005|149.479996|150.080002|8067100|0.9808256472|147.202316
2025-12-17|39|PFE|25.400000|25.490000|25.030001|25.040001|61255300|0.9509184966|23.811001
2025-12-17|40|TXN|177.869995|179.639999|173.690002|174.490005|8865600|0.9834571490|171.603424
2025-12-17|41|WFC|92.760002|93.330002|92.470001|92.589996|14819000|0.9838041369|91.090424
2025-12-17|42|HUBB|437.049988|440.239990|424.690002|429.679993|599833|0.9943029521|427.232086
2025-12-17|43|WMT|115.199997|116.389999|115.070000|115.660004|16177800|0.9936722171|114.928131
2025-12-17|44|AIG|84.730003|86.339996|84.459999|86.139999|7404500|0.9875732230|85.069557
2025-12-17|45|AVY|182.160004|184.809998|181.809998|183.860001|729200|0.9887328339|181.788422
2025-12-17|46|BAC|55.119999|55.570000|54.459999|54.549999|35304100|0.9892387825|53.962975
2025-12-17|47|BALL|51.970001|52.389999|51.410000|52.070000|3509100|0.9933732915|51.724949
2025-12-17|48|BDX|196.029998|198.479999|194.960008|195.359993|3310300|0.7757059857|151.541916
2025-12-17|49|CLX|99.699997|101.940002|99.699997|101.519997|3545100|0.9654541242|98.012901
2025-12-17|50|CMI|514.700012|518.739990|495.489990|497.440002|1757200|0.9898444823|492.388214
2025-12-17|51|CMS|69.889999|70.389999|69.820000|70.260002|2631800|0.9770377822|68.646675
2025-12-17|52|CVS|78.500000|78.589996|77.129997|77.879997|6305100|0.9771601786|76.101227
2025-12-17|53|ECL|258.679993|263.399994|258.619995|261.890015|1560600|0.9946163507|260.480072
2025-12-17|54|ES|67.169998|67.669998|66.730003|67.279999|3231600|0.9779292778|65.795074
2025-12-17|55|EVRG|73.510002|73.980003|73.309998|73.589996|2308500|0.9752573788|71.769188
2025-12-17|56|GWW|1018.270020|1024.270020|1008.570007|1020.049988|258400|0.9941570385|1014.089783
2025-12-17|57|LNT|65.120003|65.669998|64.870003|65.480003|2198400|0.9771332386|63.982685
2025-12-17|58|MKC|68.330002|69.459999|68.330002|68.650002|4596700|0.9754240070|66.962860
2025-12-17|59|MRSH|186.720001|188.559998|185.639999|186.360001|2912700|0.9842873682|183.431793
2025-12-17|60|NEE|80.970001|81.309998|79.650002|80.290001|10212000|0.9860055271|78.575500
2025-12-17|61|NI|41.610001|41.799999|41.139999|41.250000|4029800|0.9804324438|40.442841
2025-12-17|62|PNW|87.660004|89.080002|87.580002|88.910004|1440900|0.9727255046|86.485023
2025-12-17|63|RVTY|95.800003|100.160004|95.800003|96.769997|1416600|0.9979858512|96.575089
2025-12-17|64|SNA|348.429993|351.109985|344.920013|346.049988|225500|0.9808470667|339.422119
2025-12-17|65|SPGI|500.930003|512.410007|500.239991|510.589998|2134600|0.9395781501|479.739197
2025-12-17|66|TER|194.000000|194.570007|182.160004|185.210007|3577500|0.9992046578|185.062698
2025-12-17|67|TGT|97.000000|98.620003|95.150002|98.599998|6830400|0.9731968404|95.957207
2025-12-17|68|TXT|86.389999|88.180000|86.220001|87.440002|2314200|0.9995682296|87.402252
2025-12-17|69|VMC|290.380005|290.380005|280.600006|285.410004|1942500|0.9942812010|283.777802
2025-12-17|70|XEL|73.610001|73.879997|72.790001|73.139999|9096500|0.9776860259|71.507957
2025-12-17|71|ITW|250.539993|253.710007|249.369995|252.399994|1317400|0.9813941046|247.703857
2025-12-17|72|CL|79.000000|80.129997|78.989998|79.730003|5053700|0.9821445459|78.306381
2025-12-17|73|EXC|43.860001|44.430000|43.689999|44.220001|7973700|0.9822723358|43.436085
2025-12-17|74|MDT|97.809998|98.589996|97.760002|98.300003|5574300|0.9758565703|95.926712
2025-12-17|75|BNY|114.349998|115.440002|113.449997|113.559998|3765900|0.9877222173|112.165741
2025-12-17|76|EIX|58.400002|59.990002|58.380001|59.540001|3618300|0.9623086217|57.295860
2025-12-17|77|FRT|100.000000|101.959999|100.000000|101.699997|549400|0.9693143333|98.579262
2025-12-17|78|PNR|103.949997|105.949997|103.160004|103.660004|1077700|0.9901423720|102.638161
2025-12-17|79|USB|53.700001|54.040001|53.580002|53.740002|9936400|0.9719845662|52.234451
2025-12-17|80|WY|23.500000|23.959999|23.379999|23.730000|10747200|0.9829820427|23.326164
2025-12-17|81|SYY|75.209999|75.940002|75.050003|75.750000|2271000|0.9787571978|74.140854
2025-12-17|82|WRB|68.239998|69.180000|68.000000|69.110001|1780000|0.9898085858|68.405670
2025-12-17|83|IFF|64.370003|66.279999|64.260002|65.620003|2102500|0.9828526607|64.494797
2025-12-17|84|TAP|47.799999|48.520000|47.750000|48.060001|2190800|0.9780980891|46.465782
2025-12-17|85|PNC|210.559998|212.630005|209.479996|210.300003|1724300|0.9770281499|205.469025
2025-12-17|86|TRV|289.390015|291.390015|287.779999|291.269989|1797800|0.9922238191|289.005035
2025-12-17|87|C|111.889999|113.010002|110.959999|111.459999|9949700|0.9851223482|109.801743
2025-12-17|88|FDX|282.449998|284.999998|281.369993|282.210001|1559700|0.7995464875|225.640030
2025-12-17|89|WDC|179.899994|181.669998|165.470001|166.259995|6693100|0.9992611044|166.137146
2025-12-17|90|DHR|225.589996|226.669998|222.619995|222.630005|5088700|0.9944303518|221.390030
2025-12-17|91|APA|24.299999|24.760000|24.049999|24.629999|5941500|0.9771167223|24.066383
2025-12-17|92|LUV|42.169998|42.830002|40.980000|40.980000|12332900|0.9870678085|40.450039
2025-12-17|93|PEG|79.930000|80.239998|79.370003|79.910004|3462900|0.9834778438|78.589714
2025-12-17|94|UNP|235.289993|237.940002|234.529999|236.740005|2530100|0.9896596115|234.292023
2025-12-17|95|ABT|126.750000|127.669998|125.940002|126.709999|8048900|0.9817546722|124.398140
2025-12-17|96|ADI|279.380005|280.429993|270.140015|271.040009|4006000|0.9941555324|269.455902
2025-12-17|97|ADM|58.560001|59.360001|58.119999|58.560001|2901100|0.9797994474|57.377060
2025-12-17|98|ADP|261.279999|266.420013|261.000000|265.470001|2511200|0.9843371720|261.311981
2025-12-17|99|AFL|108.980003|110.809998|108.889999|110.500000|3867900|0.9846316611|108.801811
2025-12-17|100|AMAT|258.160004|260.100006|246.919998|248.270004|7855400|0.9964487658|247.388351
2025-12-17|101|AMD|210.039993|211.500000|197.529999|198.110001|31595400|1.0000000000|198.110001
2025-12-17|102|APD|242.250000|247.720001|241.610001|246.380005|2454100|0.9804771664|241.569977
2025-12-17|103|BF-B|29.840000|30.190001|28.459999|28.840000|6279400|0.9822921615|28.329308
2025-12-17|104|CHD|85.930000|87.769997|85.839996|86.519997|2295700|0.9906552793|85.711487
2025-12-17|105|CINF|165.369995|167.289993|164.389999|167.110001|580200|0.9835715596|164.364639
2025-12-17|106|CMCSA|29.560000|30.590001|29.430001|30.320001|71664900|0.9033911576|27.390818
2025-12-17|107|D|59.419998|60.410000|58.950001|60.110001|9188200|0.9796460230|58.886524
2025-12-17|108|DOV|196.190002|199.100006|194.990005|196.149994|1077600|0.9952693212|195.222076
2025-12-17|109|DUK|115.470001|117.910004|115.400002|117.430000|4436700|0.9744921325|114.434616
2025-12-17|110|EFX|217.619995|223.380005|216.990005|218.139999|1330100|0.9938812654|216.805267
2025-12-17|111|EQT|53.689999|54.500000|53.270000|54.360001|8145800|0.9912778241|53.885860
2025-12-17|112|FITB|47.799999|47.990002|47.470001|47.750000|6647000|0.9757841433|46.593689
2025-12-17|113|GIS|48.000000|48.869999|47.230000|48.610001|15918600|0.9532424984|46.337116
2025-12-17|114|GPC|128.600006|130.270004|127.690002|128.059998|1224600|0.9802432378|125.529945
2025-12-17|115|HAS|80.269997|81.779999|79.480003|81.349998|1600000|0.9777483232|79.539818
2025-12-17|116|HBAN|17.680000|17.910000|17.660000|17.750000|23967900|0.9725023795|17.261919
2025-12-17|117|HRL|23.780001|24.100000|23.740000|23.990000|5446700|0.9619905057|23.078152
2025-12-17|118|HST|18.320000|18.660000|18.250000|18.570000|7170100|0.9346875076|17.357145
2025-12-17|119|HSY|188.820007|190.190002|187.690002|188.940002|1069600|0.9782056212|184.822174
2025-12-17|120|INTC|37.590000|37.840000|35.970001|36.049999|54792000|1.0000000000|36.049999
2025-12-17|121|J|133.600006|134.809998|131.770004|132.380005|1565100|0.9918477371|131.300812
2025-12-17|122|JPM|318.429993|319.369995|314.660004|314.980011|8718700|0.9859988977|310.569946
2025-12-17|123|KMB|102.220001|103.800003|102.190002|102.940002|6576200|0.9744151054|100.306297
2025-12-17|124|L|103.989998|106.220001|103.790001|106.040001|892300|0.9982870407|105.858353
2025-12-17|125|LEN|113.650002|116.540001|110.019997|112.230003|10385800|0.9844362452|110.483284
2025-12-17|126|LOW|246.000000|249.610001|245.080002|247.960007|2030600|0.9846876283|244.163147
2025-12-17|127|MAS|64.129997|65.650002|64.000000|65.110001|2700900|0.9866652888|64.241776
2025-12-17|128|MTB|204.860001|207.339996|204.860001|206.119995|1058200|0.9861939937|203.274307
2025-12-17|129|NEM|99.300003|100.279999|97.860001|99.449997|7025900|0.9956554334|99.017929
2025-12-17|130|NTRS|139.119995|140.220001|137.639999|137.779999|1130200|0.9898281838|136.378525
2025-12-17|131|NUE|156.990005|161.679993|156.580002|160.690002|2032600|0.9907811186|159.208618
2025-12-17|132|OMC|80.339996|83.209999|80.250000|82.699997|5068900|0.9700503706|80.223160
2025-12-17|133|PCAR|111.690002|112.489998|111.080002|111.629997|3060500|0.9792369323|109.312218
2025-12-17|134|PGR|223.649994|227.460007|218.830002|227.270004|5574500|0.9393741219|213.491547
2025-12-17|135|PH|875.530029|879.919983|862.289978|863.190002|657000|0.9958887879|859.641174
2025-12-17|136|PHM|122.599998|125.110001|120.559998|122.800003|2033100|0.9957597479|122.279305
2025-12-17|137|PPG|103.110001|104.709999|103.000000|103.720001|2127700|0.9817392581|101.825989
2025-12-17|138|PPL|33.880001|34.470001|33.860001|34.340000|8165900|0.9846479678|33.812813
2025-12-17|139|RF|27.629999|27.870001|27.530001|27.570000|12468900|0.9811037357|27.049030
2025-12-17|140|ROL|60.099998|61.029999|59.459999|60.240002|3913700|0.9887685295|59.563416
2025-12-17|141|SHW|325.320007|329.480011|323.880005|327.950012|1569000|0.9929181711|325.627563
2025-12-17|142|STT|127.949997|129.070007|126.730003|127.360001|2497800|0.9820070009|125.068405
2025-12-17|143|SWK|71.750000|73.889999|71.160004|71.919998|2032100|0.9785642065|70.378334
2025-12-17|144|SYK|352.459991|357.160004|351.149994|352.579987|1967100|0.9921744259|349.820862
2025-12-17|145|TMO|567.539978|572.989990|561.489990|562.559998|2301800|0.9980119596|561.441589
2025-12-17|146|TPL|835.000031|892.000031|829.389954|883.000031|261300|0.3324435416|293.547638
2025-12-17|147|TSN|58.230000|58.529999|57.970001|58.500000|2028500|0.9836914879|57.545952
2025-12-17|148|TT|393.299988|396.760010|381.209991|382.299988|1639800|0.9953350758|380.516571
2025-12-17|149|TYL|450.570007|456.739990|448.839996|451.260010|351500|1.0000000000|451.260010
2025-12-17|150|UDR|35.580002|36.560001|35.520000|36.410000|3638100|0.9688744575|35.276718
2025-12-17|151|VTRS|11.490000|11.830000|11.420000|11.700000|7633200|0.9769695342|11.430544
2025-12-17|152|WEC|104.400002|104.980003|103.949997|104.760002|1897400|0.9747231440|102.111992
2025-12-17|153|WST|265.230011|275.559998|264.920013|269.130005|710900|0.9976812219|268.505981
2025-12-17|154|NDSN|235.710007|239.619995|235.539993|238.070007|658700|0.9941183690|236.669754
2025-12-17|155|TFC|49.900002|50.389999|49.669998|50.150002|8882100|0.9700498779|48.648003
2025-12-17|156|WELL|190.070007|191.520004|188.119995|189.160004|4458000|0.9893392873|187.143417
2025-12-17|157|AON|350.359985|354.399994|349.929993|352.029999|885300|0.9951005240|350.305267
2025-12-17|158|GL|140.289993|141.149994|138.619995|138.729996|565900|0.9938835716|137.881470
2025-12-17|159|OKE|71.139999|73.220001|70.699997|73.050003|4992000|0.9633206765|70.370583
2025-12-17|160|KLAC|1223.000031|1233.560028|1169.390030|1172.020035|913800|0.0996303139|116.768730
2025-12-17|161|CSX|36.680000|36.860001|36.320000|36.500000|12040600|0.9936713984|36.269005
2025-12-17|162|PSA|266.809998|269.700012|264.239990|267.170013|1722900|0.9808120164|262.043549
2025-12-17|163|NKE|66.559998|66.830002|65.620003|65.690002|13205500|0.9845960180|64.678116
2025-12-17|164|AAPL|275.010010|276.160004|271.640015|271.839996|50138700|0.9972854026|271.102051
2025-12-17|165|BRO|80.599998|81.739998|80.239998|80.620003|1842000|0.9924932219|80.014809
2025-12-17|166|UHS|221.070007|225.759995|219.690002|224.899994|861200|0.9976532391|224.372208
2025-12-17|167|HD|351.970001|357.500000|350.980011|356.750000|3875200|0.9859634354|351.742432
2025-12-17|168|BAX|19.000000|19.410000|18.969999|19.290001|8587500|0.9989896155|19.263081
2025-12-17|169|COP|91.930000|95.120003|91.809998|94.959999|9661000|0.9784321345|92.911911
2025-12-17|170|GLW|87.440002|88.910004|84.820000|85.419998|6778900|0.9966096046|85.130394
2025-12-17|171|HUM|257.470001|266.079987|256.350006|260.279999|1081900|0.9892166205|257.473297
2025-12-17|172|LHX|279.049988|282.799988|277.570007|278.720001|1262800|0.9925076273|276.631744
2025-12-17|173|NOC|562.789978|572.299988|557.590027|564.190002|761800|0.9924395226|559.924438
2025-12-17|174|OXY|39.310001|40.880001|39.259998|40.630001|13941400|0.9906984712|40.252075
2025-12-17|175|ROK|399.640015|404.000000|388.320007|389.540009|816500|0.9904239689|385.809753
2025-12-17|176|SLB|37.830002|38.619999|37.730000|38.529999|15363900|0.9889523968|38.104336
2025-12-17|177|SO|85.620003|87.580002|85.599998|87.029999|8995400|0.9759995454|84.941238
2025-12-17|178|WMB|58.590000|59.130001|58.090000|58.840000|7482700|0.9855810767|57.991589
2025-12-17|179|VLO|163.389999|163.389999|159.899994|162.910004|2924300|0.9854130966|160.533646
2025-12-17|180|CI|275.579987|277.510010|273.679993|273.839996|1681100|0.9887906885|270.770447
2025-12-17|181|NSC|294.000000|295.660004|293.019989|294.429993|1118600|0.9874047136|290.721558
2025-12-17|182|COO|82.629997|84.250000|82.230003|82.480003|3629100|1.0000000000|82.480003
2025-12-17|183|AMGN|327.519989|330.040009|325.429993|326.010010|2517300|0.9799483831|319.472992
2025-12-17|184|RJF|162.070007|163.990005|160.839996|161.009995|1529800|0.9893936166|159.302261
2025-12-17|185|WSM|186.750000|187.929993|183.910004|185.690002|1090700|0.9895967846|183.758224
2025-12-17|186|CAH|198.190002|199.369995|196.539993|198.440002|2581300|0.9929397050|197.038956
2025-12-17|187|CTAS|186.979996|189.559998|186.770004|187.369995|2531900|0.9924218382|185.950073
2025-12-17|188|PAYX|115.220001|117.830002|114.589996|116.699997|5109800|0.9670710940|112.857193
2025-12-17|189|BEN|23.440001|23.870001|23.420000|23.670000|5216300|0.9625940231|22.784601
2025-12-17|190|AOS|67.489998|68.790001|67.180000|68.080002|1185800|0.9834989125|66.956604
2025-12-17|191|CASY|552.820007|558.760010|551.409973|554.729980|224700|0.9976268719|553.413513
2025-12-17|192|T|24.110001|24.450001|24.080000|24.360001|39455100|0.9652496452|23.513481
2025-12-17|193|VZ|40.779999|40.900002|40.470001|40.880001|22316100|0.9521495225|38.923874
2025-12-17|194|JBHT|195.830002|197.279999|193.779999|194.100006|954200|0.9944705560|193.026749
2025-12-17|195|ATO|167.949997|170.779999|167.429993|169.169998|1192400|0.9829545502|166.286407
2025-12-17|196|LRCX|163.860001|164.520004|153.600006|154.979996|12277800|0.9981002163|154.685562
2025-12-17|197|MU|236.559998|237.449997|221.690002|225.520004|41957100|0.9990228227|225.299622
2025-12-17|198|AJG|252.000000|254.779999|250.259995|250.899994|1666200|0.9936444599|249.305389
2025-12-17|199|AME|200.479996|202.199997|199.070007|199.899994|1783200|0.9969202115|199.284348
2025-12-17|200|SWKS|66.000000|66.779999|64.480003|65.000000|2179100|0.9796110161|63.674717
2025-12-17|201|EXPD|149.460007|150.729996|149.000000|149.750000|1689200|0.9948730934|148.982254
2025-12-17|202|UNH|333.609985|335.519989|330.480011|331.630005|4685600|0.9866504480|327.202911
2025-12-17|203|BBY|71.870003|72.900002|71.239998|71.449997|5296600|0.9720666083|69.454155
2025-12-17|204|DOC|16.360001|16.620001|16.340000|16.400000|7696400|0.9513422733|15.602013
2025-12-17|205|ADSK|294.130005|298.299988|292.049988|292.970001|1390500|1.0000000000|292.970001
2025-12-17|206|DVN|35.700001|37.040001|35.610001|36.950001|10536900|0.9877783076|36.498409
2025-12-17|207|NVR|7444.979980|7605.000000|7418.660156|7472.549805|21100|1.0000000000|7472.549805
2025-12-17|208|ROST|182.539993|183.300003|181.589996|182.740005|2327600|0.9959267541|181.995651
2025-12-17|209|JKHY|186.869995|189.770004|186.869995|188.089996|676800|0.9919197584|186.570175
2025-12-17|210|MNST|75.209999|75.320000|73.910004|74.339996|4388400|0.5000000000|74.339996
2025-12-17|211|ORCL|183.309998|186.500000|177.070007|178.460007|50222000|0.9904465499|176.755096
2025-12-17|212|MSFT|476.910004|480.000000|475.000000|476.119995|24527200|0.9936958009|473.118439
2025-12-17|213|TROW|104.279999|106.059998|103.769997|103.900002|2089100|0.9736426638|101.161469
2025-12-17|214|COST|858.500000|868.580017|858.229980|862.650024|2363700|0.9956058515|858.859375
2025-12-17|215|ADBE|347.890015|357.799988|347.799988|354.660004|4371600|1.0000000000|354.660004
2025-12-17|216|FISV|67.699997|69.389999|67.589996|68.330002|14524700|1.0000000000|68.330002
2025-12-17|217|BKR|45.169998|45.570000|44.880001|45.290001|9173300|0.9892821118|44.804588
2025-12-17|218|CDNS|319.000000|319.890015|310.940002|313.019989|1531700|1.0000000000|313.019989
2025-12-17|219|TJX|155.559998|155.869995|154.610001|155.660004|3845900|0.9907991610|154.227783
2025-12-17|220|FICO|1790.459961|1815.160034|1747.439941|1755.020020|226000|1.0000000000|1755.020020
2025-12-17|221|CCL|28.260000|28.900000|28.010000|28.030001|18753700|0.9841845235|27.586693
2025-12-17|222|FAST|42.200001|42.290001|41.520000|41.869999|8677000|0.9838279433|41.192875
2025-12-17|223|SCHW|96.570000|97.199997|95.820000|96.610001|10929800|0.9901836685|95.661652
2025-12-17|224|JCI|118.519997|120.000000|116.000000|116.379997|8227500|0.9941759575|115.702194
2025-12-17|225|COHR|180.000000|186.669998|170.119995|170.440002|4582800|1.0000000000|170.440002
2025-12-17|226|KEY|20.620001|20.889999|20.620001|20.799999|16295300|0.9804836286|20.394058
2025-12-17|227|MOS|23.559999|24.320000|23.559999|24.030001|7517900|0.9816582705|23.589249
2025-12-17|228|MGM|36.380001|36.700001|36.000000|36.200001|4442500|1.0000000000|36.200001
2025-12-17|229|WM|218.000000|220.570007|217.820007|219.770004|1628700|0.9917417797|217.955093
2025-12-17|230|TECH|57.360001|58.279999|56.930000|56.990002|1697400|0.9957086055|56.745438
2025-12-17|231|IEX|176.380005|179.720001|175.820007|176.330002|977500|0.9895889092|174.494202
2025-12-17|232|GEN|27.389999|27.940001|27.360001|27.900000|8918200|0.9850474704|27.482822
2025-12-17|233|CRH|125.339996|127.110001|122.790001|123.050003|8465200|0.9889154582|121.686058
2025-12-17|234|EOG|102.010002|105.019997|101.879997|104.739998|5374600|0.9756845809|102.193199
2025-12-17|235|PTC|174.240005|176.990005|173.610001|175.309998|959500|1.0000000000|175.309998
2025-12-17|236|CSCO|77.900002|78.199997|75.919998|76.000000|26094400|0.9856294108|74.907837
2025-12-17|237|LH|257.049988|259.100006|255.179993|255.809998|664000|0.9947633093|253.925995
2025-12-17|238|TRMB|80.449997|80.879997|78.379997|78.889999|1568800|1.0000000000|78.889999
2025-12-17|239|AZO|3401.000000|3441.020020|3390.020020|3393.350098|180400|1.0000000000|3393.350098
2025-12-17|240|REGN|746.549988|751.989990|743.330017|749.789978|765900|0.9961457605|746.900146
2025-12-17|241|IDXX|692.000000|705.659973|688.500000|695.599976|473500|1.0000000000|695.599976
2025-12-17|242|AES|13.670000|13.760000|13.360000|13.480000|6537200|0.9646899783|13.004022
2025-12-17|243|VRTX|453.829987|456.049988|447.309998|449.519989|1349700|1.0000000000|449.519989
2025-12-17|244|ZBRA|261.600006|266.089996|253.199997|254.270004|543300|1.0000000000|254.270004
2025-12-17|245|BIIB|171.429993|173.830002|169.550003|172.100006|2783500|1.0000000000|172.100006
2025-12-17|246|ODFL|156.130005|159.039993|154.820007|155.729996|2272500|0.9973411992|155.315948
2025-12-17|247|APH|129.460007|129.910004|125.379997|126.510002|12047300|0.9965240421|126.070259
2025-12-17|248|KIM|20.090000|20.500000|20.049999|20.450001|3934400|0.9782318124|20.004843
2025-12-17|249|QCOM|176.119995|177.479996|172.050003|172.339996|8501900|0.9899641514|170.610413
2025-12-17|250|GILD|119.269997|122.070000|118.580002|121.360001|7958600|0.9878606941|119.886765
2025-12-17|251|ROP|442.489990|453.839996|441.040009|452.239990|2056900|0.9929279129|449.041718
2025-12-17|252|SNPS|465.910004|467.000000|452.959991|453.070007|2526100|1.0000000000|453.070007
2025-12-17|253|STZ|140.500000|141.919998|138.759995|139.720001|2382200|0.9792322433|136.818329
2025-12-17|254|BSX|93.769997|95.989998|93.580002|94.480003|12335900|1.0000000000|94.480003
2025-12-17|255|STE|252.160004|255.309998|250.460007|251.669998|513900|0.9945039836|250.286819
2025-12-17|256|DHI|152.000000|153.259995|150.149994|152.000000|4082300|0.9911938574|150.661453
2025-12-17|257|LIN|423.000000|424.410004|420.779999|422.339996|4766000|0.9935105778|419.599243
2025-12-17|258|SBUX|84.570000|85.830002|84.500000|85.209999|7947000|0.9821606772|83.689911
2025-12-17|259|MS|178.050003|179.449997|174.460007|174.800003|5796100|0.9837860335|171.965805
2025-12-17|260|INTU|671.020020|676.210022|660.159973|660.780029|2237300|0.9906980199|654.633484
2025-12-17|261|MCHP|66.169998|66.610001|63.439999|63.990002|8750500|0.9832658267|62.919182
2025-12-17|262|CB|309.000000|313.399994|308.500000|312.959991|2893400|0.9939554166|311.068268
2025-12-17|263|ORLY|92.349998|93.639999|92.209999|92.849998|6073200|1.0000000000|92.849998
2025-12-17|264|RCL|282.980011|290.459991|282.980011|284.880005|2568100|0.9862054091|280.950226
2025-12-17|265|JBL|222.500000|232.850006|207.000000|216.300003|4280200|0.9992441666|216.136520
2025-12-17|266|ALL|208.350006|209.770004|206.639999|209.080002|1919600|0.9897514584|206.937241
2025-12-17|267|CPT|104.529999|108.059998|104.529999|107.790001|2204700|0.9801843508|105.654076
2025-12-17|268|VMRK|60.959999|62.270000|60.779999|61.980000|3384300|0.9671264641|59.942497
2025-12-17|269|IT|246.770004|256.899994|246.429993|251.289993|1189200|1.0000000000|251.289993
2025-12-17|270|DECK|104.099998|105.050003|102.230003|102.389999|3347000|1.0000000000|102.389999
2025-12-17|271|REG|67.099998|68.160004|66.860001|68.050003|1489200|0.9810739142|66.762085
2025-12-17|272|INCY|97.260002|98.900002|97.089996|97.629997|1598500|1.0000000000|97.629997
2025-12-17|273|SPG|182.979996|184.850006|182.399994|184.220001|1442600|0.9778630534|180.141937
2025-12-17|274|MAA|133.570007|137.610001|133.490005|137.089996|1515000|0.9656183896|132.376617
2025-12-17|275|MLM|625.890015|631.099976|610.320007|619.010010|607300|0.9973479749|617.368347
2025-12-17|276|TSCO|52.590000|53.639999|52.529999|53.490002|5481900|0.9807531624|52.460484
2025-12-17|277|ALB|135.199997|138.690002|134.429993|134.710007|3105300|0.9949889134|134.034973
2025-12-17|278|CPRT|38.840000|39.430000|38.840000|39.110001|9536400|1.0000000000|39.110001
2025-12-17|279|FLEX|65.949997|67.070000|62.480000|62.849998|12879200|1.0000000000|62.849998
2025-12-17|280|ESS|255.580002|264.119995|255.419998|262.450012|542400|0.9710345219|254.848022
2025-12-17|281|O|57.389999|57.880001|57.189999|57.759998|6212400|0.9656842140|55.777916
2025-12-17|282|MCO|491.649994|503.910004|491.299988|499.019989|1279300|0.9933686768|495.710815
2025-12-17|283|SJM|99.790001|101.010002|99.389999|100.389999|1162200|0.9701300487|97.391350
2025-12-17|284|MCK|811.469971|812.979980|801.210022|806.520020|722000|0.9980659618|804.960205
2025-12-17|285|COF|242.630005|244.820007|238.869995|239.500000|3440500|0.9884398390|236.731339
2025-12-17|286|EME|621.159973|625.340027|591.250000|596.469971|591100|0.9983902989|595.509827
2025-12-17|287|DLTR|131.570007|131.750000|127.190002|128.350006|3911600|1.0000000000|128.350006
2025-12-17|288|COR|342.410004|344.600006|339.140015|342.959991|1482500|0.9940692618|340.925995
2025-12-17|289|DRI|185.559998|191.990005|185.500000|189.529999|2593500|0.9771066651|185.191025
2025-12-17|290|RMD|247.009995|249.750000|245.029999|245.940002|918800|0.9918845144|243.944077
2025-12-17|291|WAB|213.429993|215.309998|210.559998|212.080002|769700|0.9965472933|211.347763
2025-12-17|292|FCX|48.110001|48.240002|47.369999|47.820000|15613000|0.9929128187|47.481091
2025-12-17|293|IVZ|26.590000|26.830000|26.330000|26.400000|5714500|0.9777629266|25.812941
2025-12-17|294|ACGL|95.400002|96.349998|95.029999|95.889999|2337000|1.0000000000|95.889999
2025-12-17|295|ERIE|287.149994|292.170013|287.149994|288.809998|198200|0.9834606060|284.033234
2025-12-17|296|EG|326.000000|330.929993|325.049988|328.630005|400400|0.9878843207|324.648438
2025-12-17|297|DVA|117.779999|120.080002|117.500000|118.419998|692200|1.0000000000|118.419998
2025-12-17|298|HSIC|76.769997|77.510002|76.379997|76.610001|1554700|1.0000000000|76.610001
2025-12-17|299|EL|103.980003|106.260002|103.980003|105.300003|4065500|0.9930325985|104.566330
2025-12-17|300|WAT|379.290009|383.540009|375.450012|377.119995|504400|1.0000000000|377.119995
2025-12-17|301|NTAP|113.739998|114.730003|110.419998|110.959999|2070900|0.9870750252|109.525841
2025-12-17|302|HIG|137.800003|138.860001|137.169998|138.360001|1888200|0.9910400733|137.120300
2025-12-17|303|IRM|81.050003|82.489998|79.050003|79.389999|3152100|0.9851777356|78.213257
2025-12-17|304|BRK-B|499.899994|505.190002|499.500000|504.269989|4128600|1.0000000000|504.269989
2025-12-17|305|FDS|297.049988|300.279999|294.809998|296.130005|878300|0.9900356292|293.179291
2025-12-17|306|STLD|166.500000|172.949997|165.800003|172.740005|2096600|0.9917509611|171.315063
2025-12-17|307|DGX|178.330002|179.229996|177.020004|179.100006|1652300|0.9871163208|176.792542
2025-12-17|308|CIEN|212.850006|215.699997|201.699997|203.899994|2365600|1.0000000000|203.899994
2025-12-17|309|TTWO|244.690002|246.199997|240.279999|240.550003|1563900|1.0000000000|240.550003
2025-12-17|310|VTR|78.269997|78.949997|77.199997|78.900002|3638400|0.9818295408|77.466354
2025-12-17|311|AMZN|224.660004|225.190002|220.990005|221.270004|44034400|1.0000000000|221.270004
2025-12-17|312|ARE|46.970001|47.880001|46.799999|47.560001|2339400|0.9575530500|45.541225
2025-12-17|313|RL|372.899994|374.739990|364.980011|365.720001|720600|0.9923194237|362.911072
2025-12-17|314|BXP|70.870003|71.580002|68.739998|69.540001|1730800|0.9663309942|67.198654
2025-12-17|315|FIX|970.299988|976.619995|878.590027|883.789978|800100|0.9985721755|882.528076
2025-12-17|316|YUM|150.669998|154.070007|150.669998|153.139999|2488800|0.9905648102|151.695099
2025-12-17|317|CHRW|158.199997|161.110001|158.009995|160.100006|1749300|0.9931897587|159.009689
2025-12-17|318|FE|44.000000|44.520000|43.900002|44.500000|6494700|0.9707938980|43.200325
2025-12-17|319|MTD|1375.819946|1404.209961|1375.819946|1384.680054|153300|1.0000000000|1384.680054
2025-12-17|320|PLD|127.519997|129.029999|127.089996|128.070007|4780100|0.9848712132|126.132469
2025-12-17|321|URI|822.380005|824.989990|784.270020|792.539978|839400|0.9939808437|787.769592
2025-12-17|322|AEE|97.959999|99.010002|97.820000|98.529999|3425500|0.9863006617|97.180206
2025-12-17|323|VRSN|242.279999|245.580002|241.809998|243.119995|775000|0.9907421953|240.869217
2025-12-17|324|PWR|436.480011|441.410004|412.589996|414.250000|1556700|0.9993903388|413.997406
2025-12-17|325|AMT|178.539993|180.770004|177.800003|178.490005|4084700|0.9712942756|173.366318
2025-12-17|326|MAR|305.459991|311.660004|305.459991|310.070007|1658700|0.9940852561|308.236023
2025-12-17|327|CTSH|83.650002|84.870003|83.309998|83.629997|8448800|0.9822114026|82.142342
2025-12-17|328|SRE|87.510002|88.169998|86.239998|86.779999|5368900|0.9860298575|85.567673
2025-12-17|329|CSGP|63.619999|65.089996|63.599998|64.830002|5365600|1.0000000000|64.830002
2025-12-17|330|RSG|213.300003|216.500000|212.770004|214.729996|2201600|0.9913326285|212.868866
2025-12-17|331|CCI|87.489998|89.040001|87.110001|88.250000|3114600|0.9762634240|86.155251
2025-12-17|332|EBAY|81.730003|83.449997|81.620003|82.709999|5240300|0.9939126631|81.957329
2025-12-17|333|NVDA|176.100006|176.130005|170.309998|170.940002|222775500|0.9987817973|170.731766
2025-12-17|334|BKNG|5425.260162|5451.459885|5334.180069|5340.980148|178500|0.0398088823|212.618439
2025-12-17|335|GS|886.330017|895.969971|868.440002|872.330017|2213300|0.9903999491|863.955627
2025-12-17|336|FFIV|257.910004|260.970001|255.800003|256.070007|1434300|1.0000000000|256.070007
2025-12-17|337|SBAC|189.500000|192.520004|189.369995|190.949997|755000|0.9805017315|187.226807
2025-12-17|338|LII|490.200012|495.000000|486.480011|487.470001|617600|0.9920705337|483.604614
2025-12-17|339|BLK|1072.800049|1083.750000|1064.640015|1065.000000|648100|0.9888912077|1053.169067
2025-12-17|340|TKO|210.610001|216.139999|210.610001|211.619995|1212300|0.9921219970|209.952866
2025-12-17|341|AKAM|87.559998|89.339996|87.150002|87.550003|2122000|1.0000000000|87.550003
2025-12-17|342|UPS|100.180000|101.400002|99.910004|100.959999|5978800|0.9546755018|96.384041
2025-12-17|343|A|138.669998|139.309998|136.270004|136.660004|2242000|0.9940314297|135.844330
2025-12-17|344|TDY|504.510010|509.839996|501.339996|502.820007|273700|1.0000000000|502.820007
2025-12-17|345|PKG|203.059998|203.589996|200.169998|202.330002|837800|0.9876260349|199.826385
2025-12-17|346|EW|85.760002|86.190002|84.669998|84.839996|3900300|1.0000000000|84.839996
2025-12-17|347|MET|82.660004|82.879997|81.879997|82.529999|5432700|0.9792675716|80.818947
2025-12-17|348|ON|54.540001|55.180000|53.119999|53.330002|7931300|1.0000000000|53.330002
2025-12-17|349|ISRG|554.679993|561.460022|554.000000|556.859985|1705500|1.0000000000|556.859985
2025-12-17|350|CRL|194.559998|198.949997|194.559998|195.979996|586900|1.0000000000|195.979996
2025-12-17|351|MRVL|86.500000|87.180000|81.180000|81.699997|16662700|0.9985347355|81.580276
2025-12-17|352|EQIX|757.000000|764.500000|739.809998|747.880005|924500|0.9849779860|736.645325
2025-12-17|353|TPR|124.000000|124.220001|122.010002|122.190002|2372600|0.9944862341|121.516266
2025-12-17|354|GRMN|205.570007|209.500000|201.259995|201.470001|1125400|0.9917889977|199.815735
2025-12-17|355|GPN|81.459999|83.370003|81.459999|82.220001|2064600|0.9929199565|81.637878
2025-12-17|356|ALGN|163.000000|165.259995|159.399994|160.580002|1165000|1.0000000000|160.580002
2025-12-17|357|WTW|328.709991|331.380005|326.209991|329.839996|643500|0.9903328749|326.651367
2025-12-17|358|MDLZ|54.200001|54.330002|53.439999|53.820000|17839300|0.9742061707|52.431778
2025-12-17|359|AXON|546.340027|563.469971|544.500000|550.000000|1140700|1.0000000000|550.000000
2025-12-17|360|FIS|66.320000|67.150002|66.080002|66.300003|2952900|0.9802816760|64.992683
2025-12-17|361|ACN|272.649994|279.380005|272.000000|273.739990|5586800|0.9798095806|268.213043
2025-12-17|362|ZBH|90.550003|92.739998|90.510002|91.559998|2173300|0.9920119396|90.828606
2025-12-17|363|BG|92.699997|93.489998|92.180000|92.910004|1436800|0.9821514316|91.251694
2025-12-17|364|PFG|89.779999|90.300003|89.029999|89.370003|1162000|0.9832413887|87.872284
2025-12-17|365|ELV|349.570007|351.000000|343.000000|345.959991|1586400|0.9898456688|342.446991
2025-12-17|366|CNC|39.070000|39.150002|38.020000|38.869999|6387000|1.0000000000|38.869999
2025-12-17|367|PRU|116.989998|117.309998|115.050003|115.680000|2065500|0.9622422893|111.312187
2025-12-17|368|NFLX|95.980003|97.330002|94.459999|94.790001|50472800|1.0000000000|94.790001
2025-12-17|369|NDAQ|93.080002|94.599998|92.930000|93.709999|3178800|0.9932805958|93.080330
2025-12-17|370|WYNN|126.779999|127.010002|125.050003|125.440002|977900|0.9927789107|124.534195
2025-12-17|371|CME|273.350006|276.510010|272.140015|273.739990|1409700|0.9716146686|265.969788
2025-12-17|372|STX|291.109985|296.679993|276.109985|277.649994|3514100|0.9949371232|276.244293
2025-12-17|373|NRG|160.539993|161.080002|147.979996|149.479996|4748200|0.9903289609|148.034378
2025-12-17|374|AIZ|233.100006|237.960007|232.139999|237.039993|443600|0.9925480196|235.273590
2025-12-17|375|CBRE|160.449997|162.119995|159.250000|160.009995|2256400|1.0000000000|160.009995
2025-12-17|376|CRM|256.329987|261.970001|256.250000|258.140015|6269000|0.9933339931|256.419250
2025-12-17|377|DPZ|433.250000|442.000000|432.000000|438.420013|580800|0.9888611209|433.536499
2025-12-17|378|EXR|131.350006|133.369995|129.449997|131.880005|1571700|0.9779070040|128.966385
2025-12-17|379|GOOG|309.010010|309.195007|297.450012|298.059998|29120400|0.9986949468|297.671021
2025-12-17|380|GOOGL|308.010010|308.089996|296.119995|296.720001|43930400|0.9986999831|296.334259
2025-12-17|381|DLR|150.009995|151.399994|146.970001|148.389999|2820600|0.9866588059|146.410309
2025-12-17|382|MPWR|959.609985|966.140015|909.000000|912.250000|855800|0.9948016730|907.507812
2025-12-17|383|LVS|67.320000|67.589996|66.330002|66.489998|5492900|0.9827791790|65.344986
2025-12-17|384|DXCM|66.180000|68.190002|65.629997|65.750000|5235300|1.0000000000|65.750000
2025-12-17|385|BLDR|102.230003|105.250000|101.680000|103.510002|1992600|1.0000000000|103.510002
2025-12-17|386|WBD|28.549999|28.850000|28.190001|28.209999|70350800|1.0000000000|28.209999
2025-12-17|387|EXPE|282.970001|287.329987|280.230011|282.820007|1759200|0.9942877675|281.204468
2025-12-17|388|CF|77.940002|79.489998|77.309998|79.010002|2746100|0.9855673857|77.869682
2025-12-17|389|AMP|487.760010|493.010010|486.420013|487.500000|712900|0.9903313094|482.786469
2025-12-17|390|ICE|159.630005|161.779999|159.589996|160.860001|3563700|0.9930916239|159.748718
2025-12-17|391|PSKY|13.550000|13.580000|13.060000|13.100000|12883200|0.9863259572|12.920870
2025-12-17|392|LYV|137.750000|137.759995|135.050003|136.410004|3218700|1.0000000000|136.410004
2025-12-17|393|CMG|35.730000|37.520000|35.700001|37.000000|27823500|1.0000000000|37.000000
2025-12-17|394|UAL|113.000000|114.830002|109.849998|110.269997|5600500|1.0000000000|110.269997
2025-12-17|395|TDG|1263.800049|1286.810059|1256.530029|1261.640015|469000|1.0000000000|1261.640015
2025-12-17|396|MA|565.520020|571.760010|563.559998|565.469971|3287100|0.9951190330|562.709900
2025-12-17|397|LDOS|181.059998|183.610001|180.000000|181.360001|852500|0.9940154778|180.274658
2025-12-17|398|FSLR|260.000000|264.000000|251.699997|254.029999|1750700|1.0000000000|254.029999
2025-12-17|399|BR|227.330002|231.440002|227.190002|228.770004|1097100|0.9878384663|225.987808
2025-12-17|400|SMCI|31.490000|31.910000|29.840000|29.840000|24797200|1.0000000000|29.840000
2025-12-17|401|TMUS|198.009995|201.339996|197.970001|199.380005|6266200|0.9898439218|196.222595
2025-12-17|402|DAL|70.940002|71.949997|69.510002|69.720001|7222300|0.9922015511|69.176300
2025-12-17|403|IBKR|63.500000|64.699997|62.099998|62.450001|3907100|0.9979162811|62.319874
2025-12-17|404|PODD|288.809998|295.000000|288.809998|289.570007|697800|1.0000000000|289.570007
2025-12-17|405|TEL|227.880005|229.070007|221.570007|222.729996|1867100|0.9892434805|220.334183
2025-12-17|406|BX|152.410004|156.500000|151.940002|153.190002|3770100|0.9695455041|148.524673
2025-12-17|407|LULU|206.429993|209.449997|201.009995|207.869995|5254400|1.0000000000|207.869995
2025-12-17|408|ULTA|589.270020|591.289978|582.950012|585.979980|503800|1.0000000000|585.979980
2025-12-17|409|MSCI|551.159973|568.280029|550.530029|560.969971|705300|0.9889531620|554.773010
2025-12-17|410|ECHO|103.809998|104.360001|99.900002|100.889999|3757000|1.0000000000|100.889999
2025-12-17|411|PM|157.500000|159.559998|156.770004|158.610001|8460800|0.9741176592|154.504807
2025-12-17|412|V|345.549988|347.790009|343.679993|344.410004|7263500|0.9940309283|342.354187
2025-12-17|413|AWK|132.199997|134.210007|131.580002|134.009995|1796500|0.9796942856|131.288834
2025-12-17|414|KDP|28.500000|28.730000|28.020000|28.049999|15742400|0.9761522236|27.381069
2025-12-17|415|SW|37.430000|38.320000|37.375000|38.020000|5476600|0.9711821711|36.924347
2025-12-17|416|AVGO|346.609985|346.609985|321.420013|326.019989|73300900|0.9944270811|324.203094
2025-12-17|417|VRSK|216.979996|220.779999|216.880005|219.169998|2027300|0.9947617775|218.021942
2025-12-17|418|DG|134.190002|137.600006|133.500000|136.970001|3765700|0.9860246787|135.055801
2025-12-17|419|FTNT|80.089996|81.440002|79.379997|79.379997|9268900|1.0000000000|79.379997
2025-12-17|420|CHTR|209.429993|212.160004|209.380005|209.660004|1742400|1.0000000000|209.660004
2025-12-17|421|FERG|223.059998|225.289993|221.500000|225.000000|1776200|0.9848254111|221.585724
2025-12-17|422|GNRC|154.899994|156.449997|143.820007|144.820007|1736100|1.0000000000|144.820007
2025-12-17|423|LYB|43.040001|44.389999|42.950001|43.759998|5723000|0.9677851714|42.350277
2025-12-17|424|CBOE|249.350006|253.699997|249.350006|252.259995|702600|0.9954503651|251.112305
2025-12-17|425|TSLA|488.220001|495.279999|466.200012|467.260010|106490400|1.0000000000|467.260010
2025-12-17|426|KKR|133.520004|135.720001|132.039993|132.149994|3527100|0.9943370554|131.401642
2025-12-17|427|NXPI|230.320007|231.830002|223.029999|223.229996|2685000|0.9914738451|221.326706
2025-12-17|428|GM|81.180000|81.489998|80.389999|80.510002|8864300|0.9954799629|80.146095
2025-12-17|429|TRGP|177.529999|182.440002|177.270004|182.369995|2037200|0.9854533185|179.717117
2025-12-17|430|CPAY|312.040009|315.940002|307.440002|308.579987|554600|1.0000000000|308.579987
2025-12-17|431|KMI|26.400000|26.740000|26.350000|26.650000|12229600|0.9722301462|25.909933
2025-12-17|432|HCA|468.329987|471.989990|461.000000|471.850006|1206500|0.9965176399|470.206848
2025-12-17|433|HII|324.170013|327.380005|318.619995|321.290009|475100|0.9925978670|317.431396
2025-12-17|434|APO|147.649994|150.630005|145.559998|146.399994|3479900|0.9875780044|144.581421
2025-12-17|435|MPC|177.289993|177.529999|172.860001|174.500000|3050900|0.9885237030|172.497391
2025-12-17|436|XYL|137.050003|138.539993|136.320007|136.880005|1428300|0.9889650951|135.369553
2025-12-17|437|APTV|77.430000|77.510002|75.940002|76.750000|2079300|1.0000000000|76.750000
2025-12-17|438|PSX|132.029999|133.000000|130.000000|131.990005|4603900|0.9794981865|129.283966
2025-12-17|439|AMCR|8.300000|8.430000|8.280000|8.370000|18856900|4.8543684849|40.631062
2025-12-17|440|META|655.609985|661.229980|649.200012|649.500000|15598500|0.9982193806|648.343506
2025-12-17|441|NOW|785.000000|809.660034|781.449966|782.389984|2354900|0.2000000000|156.477997
2025-12-17|442|PANW|187.529999|188.330002|183.279999|183.440002|5758300|1.0000000000|183.440002
2025-12-17|443|FANG|150.649994|154.940002|149.789993|154.070007|2313100|0.9832059760|151.482544
2025-12-17|444|WDAY|215.820007|221.529999|215.809998|216.000000|3778000|1.0000000000|216.000000
2025-12-17|445|ABBV|223.880005|226.410004|222.860001|224.309998|5243400|0.9769027438|219.129044
2025-12-17|446|NCLH|21.600000|22.389999|21.510000|21.540001|19993700|1.0000000000|21.540001
2025-12-17|447|ZTS|123.300003|124.440002|122.250000|122.250000|7021400|0.9845723480|120.363976
2025-12-17|448|IQV|220.210007|225.470001|220.210007|221.429993|1409200|1.0000000000|221.429993
2025-12-17|449|NWS|29.430000|29.860001|29.260000|29.610001|1005100|0.9963262306|29.501219
2025-12-17|450|NWSA|25.900000|26.240000|25.750000|26.030001|5781700|0.9958385353|25.921677
2025-12-17|451|CDW|144.880005|146.080002|142.410004|143.690002|2015000|0.9844137869|141.450409
2025-12-17|452|VEEV|219.070007|221.509995|215.300003|215.460007|1757900|1.0000000000|215.460007
2025-12-17|453|ALLE|158.559998|161.820007|158.199997|160.710007|993900|0.9921390873|159.446686
2025-12-17|454|HLT|285.799988|294.700012|285.059998|293.000000|3696100|0.9986088702|292.592407
2025-12-17|455|ARES|172.449997|173.824997|167.940002|168.509995|3255900|0.9767290545|164.588608
2025-12-17|456|ANET|125.940002|126.830002|121.629997|122.360001|8589200|1.0000000000|122.360001
2025-12-17|457|SYF|83.930000|84.184998|82.889999|83.230003|2420100|0.9876561264|82.202621
2025-12-17|458|CFG|58.380001|59.044998|58.180000|58.610001|4661200|0.9795741096|57.412842
2025-12-17|459|KEYS|205.970001|207.199997|196.389999|198.529999|1798300|1.0000000000|198.529999
2025-12-17|460|GDDY|124.589996|127.239998|124.529999|125.599998|1831100|1.0000000000|125.599998
2025-12-17|461|KHC|24.680000|24.950001|24.639999|24.750000|14094300|0.9659839010|23.908100
2025-12-17|462|PYPL|61.389999|62.410000|60.130001|60.180000|16357800|0.9937057617|59.801212
2025-12-17|463|LITE|337.910004|337.910004|315.000000|320.250000|4164200|1.0000000000|320.250000
2025-12-17|464|HPE|24.370001|24.670000|23.840000|24.020000|31541800|0.9847720717|23.654226
2025-12-17|465|XYZ|64.680000|65.739998|63.639999|63.770000|4947500|1.0000000000|63.770000
2025-12-17|466|FTV|54.529999|55.730000|54.465000|55.240002|3801500|0.9979248563|55.125370
2025-12-17|467|DELL|133.470001|133.740005|126.610001|127.889999|6125700|0.9909355870|126.730751
2025-12-17|468|TTD|36.570000|37.959999|36.360001|37.169998|14206300|1.0000000000|37.169998
2025-12-17|469|VST|174.009995|175.139999|158.699997|159.970001|6902900|0.9958526400|159.306549
2025-12-17|470|HWM|195.199997|197.910004|191.050003|191.190002|2645100|0.9985047767|190.904129
2025-12-17|471|INVH|26.799999|27.424999|26.750000|27.360001|6837100|0.9672165501|26.463045
2025-12-17|472|CVNA|457.729988|464.329987|445.970001|446.230011|3476400|0.2000000000|89.246002
2025-12-17|473|IR|79.389999|80.370003|77.680000|78.120003|3235300|0.9992655835|78.062630
2025-12-17|474|VICI|27.900000|28.395000|27.879999|28.389999|28634600|0.9677245240|27.473700
2025-12-17|475|VRT|161.009995|161.009995|147.820007|149.830002|11959800|0.9995540701|149.763199
2025-12-17|476|MRNA|30.010000|31.700001|29.910000|30.510000|11557300|1.0000000000|30.510000
2025-12-17|477|FOXA|70.400002|71.449997|70.349998|71.169998|2738200|0.9951185496|70.822586
2025-12-17|478|FOX|62.459999|63.410000|62.459999|63.119999|1423400|0.9946544484|62.782589
2025-12-17|479|DOW|22.980000|23.375999|22.910000|23.070000|14084900|0.9783459966|22.570442
2025-12-17|480|UBER|80.809998|81.300003|78.779999|79.139999|28007500|1.0000000000|79.139999
2025-12-17|481|CTVA|65.489998|66.489998|65.150002|66.430000|3973300|0.9954590981|66.128349
2025-12-17|482|CRWD|489.410004|490.440002|469.834991|470.019989|2317300|0.2500000000|117.504997
2025-12-17|483|DDOG|140.389999|140.850006|136.369995|136.710007|3790000|1.0000000000|136.710007
2025-12-17|484|CARR|53.459999|53.740002|51.930000|52.400002|9700300|0.9886394999|51.804714
2025-12-17|485|OTIS|87.959999|89.459999|87.910004|89.000000|4374400|0.9834662418|87.528503
2025-12-17|486|PLTR|187.714996|187.750000|176.500000|177.289993|50424700|1.0000000000|177.289993
2025-12-17|487|DASH|228.990005|229.910004|221.179993|221.300003|4010400|1.0000000000|221.300003
2025-12-17|488|ABNB|133.960007|136.820007|133.621002|133.779999|6158000|1.0000000000|133.779999
2025-12-17|489|EXE|107.570000|109.830002|107.089996|109.540001|3659400|0.9826864450|107.643478
2025-12-17|490|COIN|254.779999|259.549988|243.699997|244.190002|8429500|1.0000000000|244.190002
2025-12-17|491|APP|684.590027|688.989990|656.869995|657.130005|2997200|1.0000000000|657.130005
2025-12-17|492|HOOD|120.970001|124.699997|115.589996|115.800003|36270000|1.0000000000|115.800003
2025-12-17|493|CEG|368.515015|372.000000|334.179993|340.970001|4598000|0.9955820742|339.463623
2025-12-17|494|GEHC|82.199997|83.559998|82.110001|82.379997|3100800|0.9985528329|82.260780
2025-12-17|495|KVUE|17.270000|17.480000|17.245001|17.280001|38076600|0.9661066365|16.694323
2025-12-17|496|VLTO|99.019997|100.430000|98.654999|100.050003|2789200|0.9957401186|99.623802
2025-12-17|497|RDDT|226.830002|235.419998|226.830002|227.339996|5721800|1.0000000000|227.339996
2025-12-17|498|SOLV|80.309998|81.480003|79.760002|79.949997|1580000|1.0000000000|79.949997
2025-12-17|499|GEV|687.000000|694.000000|613.090027|614.190002|6770100|0.9981503345|613.053955
2025-12-17|500|SNDK|215.990005|221.990005|205.520004|206.830002|8232300|1.0000000000|206.830002
2025-12-17|501|Q|78.930000|78.980003|75.669998|76.260002|2017500|0.9988559230|76.172760
