date|security_id|ticker|open|high|low|close|volume|adj_factor|adj_close_vendor
2025-12-15|1|AEP|114.750000|116.080002|114.410004|115.769997|3031100|0.9775591772|113.172020
2025-12-15|2|BA|204.380005|206.630005|203.169998|205.500000|6721600|1.0000000000|205.500000
2025-12-15|3|CAT|602.530029|604.150024|587.890015|589.760010|3968600|0.9939261318|586.177917
2025-12-15|4|CNP|38.000000|38.220001|37.860001|38.200001|5114200|0.9832236217|37.559143
2025-12-15|5|CVX|149.839996|150.100006|148.429993|149.800003|7503000|0.9728341284|145.730576
2025-12-15|6|DIS|110.699997|111.550003|108.550003|110.489998|14318000|0.9923958226|109.649811
2025-12-15|7|DTE|129.649994|129.649994|128.110001|128.809998|2868700|0.9843774065|126.797646
2025-12-15|8|ED|97.669998|99.480003|97.489998|99.389999|2388100|0.9759585897|97.000526
2025-12-15|9|GD|338.320007|341.220001|337.369995|340.690002|1382500|0.9869830633|336.255280
2025-12-15|10|GE|300.000000|308.059998|299.910004|300.980011|6808600|0.9961629631|299.825165
2025-12-15|11|HON|195.660001|197.539998|193.370007|197.449996|3463300|1.0347776740|204.316864
2025-12-15|12|HPQ|24.950001|25.030001|24.379999|24.490000|12812100|0.9721972446|23.809109
2025-12-15|13|IBM|308.989990|311.359985|306.350006|308.660004|3566700|0.9800357773|302.497833
2025-12-15|14|IP|38.799999|38.880001|38.400002|38.599998|4468100|0.9645837619|37.232933
2025-12-15|15|JNJ|210.350006|215.190002|209.009995|214.169998|8467000|0.9841702191|210.779739
2025-12-15|16|KO|70.430000|71.320000|70.320000|70.970001|18660100|0.9867998793|70.033188
2025-12-15|17|KR|63.090000|63.320000|62.529999|62.660000|6234000|0.9830507535|61.597958
2025-12-15|18|LMT|478.989990|484.769989|477.239990|484.420013|1002300|0.9882876617|478.746307
2025-12-15|19|MMM|169.559998|170.360001|165.190002|165.699997|2576400|0.9860940463|163.395782
2025-12-15|20|MO|58.759998|59.810001|58.750000|59.090000|10998400|0.9516126626|56.230793
2025-12-15|21|MRK|99.989998|100.940002|98.000000|100.260002|16735900|0.9855603323|98.812279
2025-12-15|22|MSI|363.890015|365.589996|361.320007|364.839996|1654900|0.9943844568|362.791229
2025-12-15|23|PG|143.270004|145.320007|143.199997|145.130005|13877700|0.9782265339|141.970016
2025-12-15|24|XOM|119.010002|119.029999|116.849998|117.760002|16358700|0.9803338832|115.444122
2025-12-15|25|RTX|179.740005|182.279999|179.169998|182.110001|3691700|0.9892687733|180.155731
2025-12-15|26|MCD|316.700012|319.660004|315.799988|318.730011|3814900|0.9877457529|314.824188
2025-12-15|27|AXP|384.399994|385.750000|379.869995|382.570007|2734700|0.9919237847|379.480316
2025-12-15|28|BMY|53.500000|54.799999|53.009998|54.290001|21936600|0.9673144843|52.515503
2025-12-15|29|DD|41.300001|41.490000|40.360001|40.610001|5956800|2.9761992776|120.863457
2025-12-15|30|DE|484.799988|488.989990|484.799988|488.010010|1473200|0.9910776808|483.655853
2025-12-15|31|EMR|138.000000|138.139999|136.520004|137.259995|2074500|0.9888087280|135.723877
2025-12-15|32|ETN|334.500000|336.040009|331.720001|333.209991|2569000|0.9917042798|330.445770
2025-12-15|33|ETR|92.129997|94.019997|91.580002|93.750000|2498900|0.9822109154|92.082275
2025-12-15|34|F|13.800000|13.810000|13.490000|13.650000|53577300|0.9665034086|13.192771
2025-12-15|35|HAL|28.570000|28.690001|28.110001|28.410000|10022500|0.9909628646|28.153255
2025-12-15|36|LLY|1032.550049|1065.000000|1032.550049|1062.189941|4648400|0.9951920486|1057.083008
2025-12-15|37|PCG|15.200000|15.420000|15.120000|15.360000|25631000|0.9911560857|15.224157
2025-12-15|38|PEP|150.940002|151.699997|150.279999|151.220001|8409600|0.9808256472|148.320465
2025-12-15|39|PFE|25.820000|26.650000|25.809999|26.430000|60360000|0.9509184966|25.132774
2025-12-15|40|TXN|175.350006|179.360001|174.000000|177.970001|9037500|0.9834571490|175.025864
2025-12-15|41|WFC|93.580002|94.260002|92.489998|92.900002|13885200|0.9838041369|91.395401
2025-12-15|42|HUBB|454.779999|454.779999|444.000000|444.839996|571492|0.9943029521|442.305725
2025-12-15|43|WMT|116.930000|117.449997|115.639999|116.790001|18713700|0.9936722171|116.050972
2025-12-15|44|AIG|85.040001|86.580002|84.209999|86.300003|7679300|0.9824236525|84.783165
2025-12-15|45|AVY|182.600006|183.899994|181.190002|183.690002|544500|0.9887328339|181.620331
2025-12-15|46|BAC|55.410000|56.070000|55.070000|55.330002|32881300|0.9892387825|54.734585
2025-12-15|47|BALL|51.000000|51.639999|50.630001|51.580002|3597800|0.9933732915|51.238197
2025-12-15|48|BDX|200.889998|202.439996|198.510005|200.089990|3711200|0.7757059857|155.211014
2025-12-15|49|CLX|104.019997|104.239998|101.199997|101.720001|3312700|0.9654541242|98.205994
2025-12-15|50|CMI|513.330017|518.739990|507.029999|517.250000|755500|0.9898444823|511.997101
2025-12-15|51|CMS|70.260002|70.809998|69.910004|70.760002|1982200|0.9770377822|69.135193
2025-12-15|52|CVS|79.750000|79.900002|79.190002|79.690002|5850900|0.9771601786|77.869896
2025-12-15|53|ECL|262.839996|263.910004|259.359985|261.109985|1669500|0.9918356453|258.978210
2025-12-15|54|ES|68.389999|68.669998|67.639999|68.370003|2583900|0.9670826030|66.119438
2025-12-15|55|EVRG|74.209999|74.400002|73.699997|74.120003|2029900|0.9752573788|72.286087
2025-12-15|56|GWW|1025.209961|1038.609985|1023.640015|1029.560059|397600|0.9941570385|1023.544373
2025-12-15|57|LNT|65.599998|65.790001|65.139999|65.629997|1744200|0.9771332386|64.129250
2025-12-15|58|MKC|67.730003|68.669998|67.570000|68.449997|2818200|0.9754240070|66.767769
2025-12-15|59|MRSH|186.350006|187.429993|185.660004|187.300003|2562600|0.9842873682|184.357025
2025-12-15|60|NEE|82.010002|82.239998|80.529999|81.650002|9489800|0.9860055271|79.906471
2025-12-15|61|NI|41.560001|41.880001|41.330002|41.830002|2175100|0.9804324438|41.011494
2025-12-15|62|PNW|88.370003|88.559998|87.589996|88.370003|1118100|0.9727255046|85.959755
2025-12-15|63|RVTY|100.029999|100.879997|96.879997|99.080002|2045400|0.9979858512|98.880440
2025-12-15|64|SNA|353.100006|354.619995|350.489990|351.950012|208200|0.9808470667|345.209137
2025-12-15|65|SPGI|502.519986|503.269996|497.680005|499.630010|1750100|0.9395781501|469.441437
2025-12-15|66|TER|199.910004|200.490005|193.550003|194.699997|3223300|0.9992046578|194.545151
2025-12-15|67|TGT|97.559998|97.930000|96.309998|97.559998|5730100|0.9731968404|94.945084
2025-12-15|68|TXT|87.629997|88.000000|86.830002|87.940002|1867800|0.9995682296|87.902031
2025-12-15|69|VMC|297.220001|298.100006|295.089996|296.679993|996800|0.9942812010|294.983368
2025-12-15|70|XEL|76.050003|76.050003|75.070000|75.720001|6506100|0.9776860259|74.030388
2025-12-15|71|ITW|259.000000|259.779999|257.869995|258.660004|1315700|0.9813941046|253.847382
2025-12-15|72|CL|78.489998|79.570000|78.250000|79.430000|4667100|0.9821445459|78.011742
2025-12-15|73|EXC|43.869999|44.110001|43.669998|43.869999|7162200|0.9822723358|43.092289
2025-12-15|74|MDT|99.900002|100.669998|98.349998|98.570000|9569100|0.9758565703|96.190178
2025-12-15|75|BNY|117.559998|118.019997|116.500000|116.959999|3550600|0.9877222173|115.523994
2025-12-15|76|EIX|58.860001|59.410000|58.389999|59.090000|2965300|0.9623086217|56.862820
2025-12-15|77|FRT|99.959999|100.980003|99.680000|100.910004|770800|0.9693143333|97.813507
2025-12-15|78|PNR|106.379997|106.379997|104.449997|105.040001|1064300|0.9901423720|104.004555
2025-12-15|79|USB|53.820000|54.009998|53.419998|53.709999|12045500|0.9719845662|52.205292
2025-12-15|80|WY|23.639999|23.639999|23.010000|23.350000|7158300|0.9829820427|22.952631
2025-12-15|81|SYY|74.610001|76.629997|74.339996|75.430000|3268400|0.9787571978|73.827660
2025-12-15|82|WRB|68.660004|69.370003|68.550003|69.099998|3284800|0.9898085858|68.395775
2025-12-15|83|IFF|63.689999|64.279999|62.900002|64.169998|2724800|0.9828526607|63.069653
2025-12-15|84|TAP|47.610001|47.810001|45.119999|47.669998|3660100|0.9780980891|46.088718
2025-12-15|85|PNC|211.990005|213.000000|210.889999|210.889999|1968500|0.9770281499|206.045471
2025-12-15|86|TRV|286.459991|290.890015|285.829987|290.589996|2074900|0.9922238191|288.330322
2025-12-15|87|C|112.449997|113.519997|112.220001|112.800003|10692100|0.9851223482|111.121803
2025-12-15|88|FDX|282.300005|282.999999|278.699995|281.229998|2001000|0.7995464875|224.856461
2025-12-15|89|WDC|178.289993|180.979996|171.820007|172.039993|5781900|0.9992611044|171.912872
2025-12-15|90|DHR|227.850006|228.779999|224.320007|228.529999|4826600|0.9944303518|227.257156
2025-12-15|91|APA|25.969999|25.969999|24.959999|25.270000|4859200|0.9771167223|24.691738
2025-12-15|92|LUV|41.610001|41.959999|40.910000|41.720001|18835600|0.9870678085|41.180470
2025-12-15|93|PEG|79.730003|80.779999|78.879997|80.599998|3003600|0.9834778438|79.268311
2025-12-15|94|UNP|240.000000|241.169998|238.139999|240.470001|3289100|0.9896596115|237.983444
2025-12-15|95|ABT|125.720001|129.639999|125.199997|128.470001|7716000|0.9817546722|126.126038
2025-12-15|96|ADI|281.630005|282.720001|278.899994|280.440002|3594500|0.9941555324|278.800995
2025-12-15|97|ADM|59.689999|60.369999|59.049999|60.200001|2645900|0.9797994474|58.983929
2025-12-15|98|ADP|266.329987|267.850006|264.570007|264.950012|2958000|0.9843371720|260.800140
2025-12-15|99|AFL|110.970001|111.949997|110.050003|111.500000|4213700|0.9846316611|109.786438
2025-12-15|100|AMAT|263.429993|265.690002|259.790009|261.269989|6406000|0.9964487658|260.342163
2025-12-15|101|AMD|212.279999|215.360001|206.580002|207.580002|27222200|1.0000000000|207.580002
2025-12-15|102|APD|240.919998|245.110001|239.929993|245.009995|2099000|0.9804771664|240.226715
2025-12-15|103|BF-B|30.770000|31.000000|30.150000|30.370001|3795400|0.9822921615|29.832214
2025-12-15|104|CHD|84.889999|85.290001|84.650002|85.010002|2739700|0.9906552793|84.215599
2025-12-15|105|CINF|166.800003|167.639999|165.320007|167.070007|522400|0.9835715596|164.325302
2025-12-15|106|CMCSA|27.550001|28.300001|27.470001|28.210001|40010600|0.9033911576|25.484665
2025-12-15|107|D|59.430000|59.939999|58.950001|59.840000|6858700|0.9796460230|58.622017
2025-12-15|108|DOV|200.389999|202.110001|199.839996|201.300003|1191300|0.9952693212|200.347717
2025-12-15|109|DUK|115.809998|116.949997|115.410004|116.730003|3797200|0.9744921325|113.752464
2025-12-15|110|EFX|221.279999|222.460007|215.369995|217.020004|2008800|0.9938812654|215.692123
2025-12-15|111|EQT|55.570000|55.580002|53.959999|55.169998|10307300|0.9912778241|54.688793
2025-12-15|112|FITB|48.630001|48.680000|47.669998|47.830002|10521000|0.9757841433|46.671757
2025-12-15|113|GIS|46.860001|47.150002|46.700001|47.060001|6929300|0.9532424984|44.859596
2025-12-15|114|GPC|132.009995|132.619995|131.110001|131.910004|2209800|0.9802432378|129.303879
2025-12-15|115|HAS|82.360001|82.360001|80.900002|81.099998|2553200|0.9777483232|79.295380
2025-12-15|116|HBAN|17.969999|18.040001|17.650000|17.740000|24793600|0.9725023795|17.252192
2025-12-15|117|HRL|24.150000|24.190001|23.870001|24.000000|5069000|0.9619905057|23.087772
2025-12-15|118|HST|18.459999|18.670000|18.200001|18.639999|8942200|0.9346875076|17.422575
2025-12-15|119|HSY|186.449997|188.630005|184.380005|188.110001|2213100|0.9782056212|184.010254
2025-12-15|120|INTC|38.330002|38.480000|37.320000|37.509998|60898500|1.0000000000|37.509998
2025-12-15|121|J|136.800003|137.690002|134.889999|135.520004|1114700|0.9918477371|134.415207
2025-12-15|122|JPM|319.589996|322.880005|318.390015|320.019989|10864100|0.9859988977|315.539368
2025-12-15|123|KMB|103.220001|103.550003|102.089996|102.800003|7624200|0.9744151054|100.169868
2025-12-15|124|L|104.709999|105.500000|104.300003|105.410004|883900|0.9982870407|105.229439
2025-12-15|125|LEN|120.000000|121.349998|118.919998|119.730003|3195900|0.9844362452|117.866554
2025-12-15|126|LOW|247.740005|249.440002|243.860001|248.779999|3108400|0.9846876283|244.970581
2025-12-15|127|MAS|64.970001|65.000000|62.740002|64.919998|2989500|0.9866652888|64.054314
2025-12-15|128|MTB|205.520004|206.559998|203.990005|204.710007|1250600|0.9861939937|201.883789
2025-12-15|129|NEM|100.360001|101.480003|98.400002|99.690002|9174100|0.9956554334|99.256897
2025-12-15|130|NTRS|139.610001|140.750000|138.309998|139.619995|1322900|0.9898281838|138.199799
2025-12-15|131|NUE|165.729996|165.729996|160.589996|162.020004|1695800|0.9907811186|160.526367
2025-12-15|132|OMC|80.459999|81.180000|79.809998|80.480003|5428100|0.9700503706|78.069656
2025-12-15|133|PCAR|112.589996|113.379997|110.940002|112.959999|4655200|0.9792369323|110.614609
2025-12-15|134|PGR|235.279999|236.500000|234.779999|236.360001|3102600|0.9393741219|222.030457
2025-12-15|135|PH|890.000000|892.340027|881.580017|883.469971|593800|0.9958887879|879.837769
2025-12-15|136|PHM|128.029999|128.160004|125.839996|126.510002|1396700|0.9937132889|125.714668
2025-12-15|137|PPG|104.010002|104.250000|102.570000|103.720001|1655500|0.9817392581|101.825989
2025-12-15|138|PPL|34.139999|34.330002|33.950001|34.259998|6121100|0.9846479678|33.734039
2025-12-15|139|RF|27.900000|27.969999|27.379999|27.389999|12464000|0.9811037357|26.872433
2025-12-15|140|ROL|60.200001|60.669998|59.799999|60.020000|2082400|0.9887685295|59.345886
2025-12-15|141|SHW|331.220001|331.339996|326.779999|328.450012|1623600|0.9929181711|326.124023
2025-12-15|142|STT|128.880005|130.070007|128.139999|128.949997|2763300|0.9820070009|126.629791
2025-12-15|143|SWK|75.930000|76.099998|74.110001|74.150002|1770900|0.9785642065|72.560539
2025-12-15|144|SYK|354.519989|356.209991|351.109985|355.309998|2144000|0.9921744259|352.529510
2025-12-15|145|TMO|574.229980|576.340027|565.669983|575.909973|1702200|0.9980119596|574.765015
2025-12-15|146|TPL|844.670013|845.929962|811.999969|839.630035|209800|0.3324435416|279.129608
2025-12-15|147|TSN|60.410000|60.470001|59.070000|59.529999|3457700|0.9836914879|58.559151
2025-12-15|148|TT|395.470001|398.940002|393.489990|394.869995|1256500|0.9953350758|393.027954
2025-12-15|149|TYL|458.670013|458.670013|445.640015|447.000000|551500|1.0000000000|447.000000
2025-12-15|150|UDR|35.770000|35.849998|35.529999|35.790001|1650400|0.9688744575|34.676018
2025-12-15|151|VTRS|11.730000|11.830000|11.630000|11.660000|7344300|0.9769695342|11.391464
2025-12-15|152|WEC|104.120003|105.360001|104.000000|105.260002|2288400|0.9747231440|102.599350
2025-12-15|153|WST|267.970001|272.799988|265.970001|271.859985|692700|0.9976812219|271.229584
2025-12-15|154|NDSN|237.199997|239.559998|234.600006|237.789993|796900|0.9906696357|235.571335
2025-12-15|155|TFC|50.240002|50.430000|49.650002|49.740002|6284900|0.9700498779|48.250278
2025-12-15|156|WELL|188.020004|191.009995|187.830002|190.470001|3914800|0.9893392873|188.439453
2025-12-15|157|AON|353.709991|355.329987|350.980011|354.100006|968800|0.9951005240|352.365112
2025-12-15|158|GL|140.250000|141.449997|139.300003|140.649994|519500|0.9938835716|139.789719
2025-12-15|159|OKE|73.860001|74.000000|72.370003|72.830002|4256500|0.9633206765|70.158646
2025-12-15|160|KLAC|1229.029999|1255.000000|1215.339966|1225.110016|1258400|0.0996303139|122.058098
2025-12-15|161|CSX|37.520000|37.540001|36.820000|37.180000|19986600|0.9936713984|36.944702
2025-12-15|162|PSA|274.820007|276.109985|269.989990|272.380005|1869000|0.9808120164|267.153595
2025-12-15|163|NKE|67.410004|68.349998|66.690002|67.779999|15287500|0.9845960180|66.735924
2025-12-15|164|AAPL|280.149994|280.149994|272.839996|274.109985|50409100|0.9972854026|273.365875
2025-12-15|165|BRO|81.739998|82.379997|81.510002|82.330002|2715500|0.9924932219|81.711975
2025-12-15|166|UHS|222.429993|225.289993|220.009995|223.869995|1131100|0.9976532391|223.344620
2025-12-15|167|HD|359.390015|362.670013|355.619995|356.989990|4387400|0.9859634354|351.979065
2025-12-15|168|BAX|19.250000|19.820000|19.120001|19.530001|9150200|0.9989896155|19.502745
2025-12-15|169|COP|95.540001|95.599998|93.309998|94.360001|8942100|0.9784321345|92.324852
2025-12-15|170|GLW|89.220001|91.059998|87.949997|88.110001|6265800|0.9966096046|87.811272
2025-12-15|171|HUM|268.829987|274.929993|265.380005|274.739990|2028800|0.9892166205|271.777374
2025-12-15|172|LHX|287.450012|289.369995|286.859985|288.529999|902400|0.9925076273|286.368225
2025-12-15|173|NOC|569.140015|575.789978|568.570007|575.789978|448800|0.9924395226|571.436707
2025-12-15|174|OXY|41.020000|41.040001|39.770000|40.189999|11340900|0.9906984712|39.816166
2025-12-15|175|ROK|404.670013|408.170013|400.470001|401.649994|911100|0.9904239689|397.803772
2025-12-15|176|SLB|39.410000|39.500000|38.520000|38.900002|10957100|0.9889523968|38.470249
2025-12-15|177|SO|84.820000|86.160004|84.510002|86.000000|6826800|0.9759995454|83.935959
2025-12-15|178|WMB|59.650002|59.689999|58.529999|59.480000|7624700|0.9855810767|58.622360
2025-12-15|179|VLO|168.300003|168.320007|166.029999|167.899994|3332600|0.9854130966|165.450851
2025-12-15|180|CI|276.010010|278.000000|274.209991|277.149994|1713700|0.9887906885|274.043335
2025-12-15|181|NSC|298.000000|299.839996|295.910004|299.489990|1570100|0.9874047136|295.717804
2025-12-15|182|COO|82.160004|82.660004|80.809998|81.529999|2414500|1.0000000000|81.529999
2025-12-15|183|AMGN|321.209991|325.769989|319.059998|325.309998|4049500|0.9799483831|318.786987
2025-12-15|184|RJF|164.559998|164.720001|161.899994|162.830002|1339000|0.9893936166|161.102966
2025-12-15|185|WSM|188.750000|190.729996|185.259995|185.429993|1244300|0.9895967846|183.500946
2025-12-15|186|CAH|198.809998|200.830002|198.100006|199.960007|3004000|0.9929397050|198.548218
2025-12-15|187|CTAS|189.479996|190.820007|187.529999|188.449997|3705200|0.9924218382|187.021881
2025-12-15|188|PAYX|115.830002|116.519997|114.919998|115.379997|4444700|0.9670710940|111.580650
2025-12-15|189|BEN|23.910000|24.030001|23.520000|23.620001|4683200|0.9625940231|22.736473
2025-12-15|190|AOS|68.879997|69.349998|68.099998|68.820000|1195300|0.9834989125|67.684395
2025-12-15|191|CASY|542.559998|549.409973|538.989990|546.919983|395300|0.9976268719|545.622070
2025-12-15|192|T|24.490000|24.629999|24.219999|24.309999|37162500|0.9652496452|23.465219
2025-12-15|193|VZ|40.900002|41.310001|40.799999|40.799999|34725800|0.9521495225|38.847698
2025-12-15|194|JBHT|198.820007|200.000000|196.020004|197.600006|1143500|0.9944705560|196.507385
2025-12-15|195|ATO|168.750000|171.419998|167.910004|170.750000|1819100|0.9829545502|167.839493
2025-12-15|196|LRCX|163.399994|166.869995|162.160004|164.300003|10258800|0.9981002163|163.987869
2025-12-15|197|MU|247.110001|250.110001|236.000000|237.500000|27483600|0.9990228227|237.267899
2025-12-15|198|AJG|254.210007|257.369995|253.070007|256.190002|2328000|0.9936444599|254.561768
2025-12-15|199|AME|201.710007|203.389999|201.300003|203.190002|1611300|0.9969202115|202.564224
2025-12-15|200|SWKS|67.629997|68.110001|66.160004|66.370003|2429100|0.9796110161|65.016785
2025-12-15|201|EXPD|151.880005|155.039993|151.100006|151.570007|1210600|0.9948730934|150.792923
2025-12-15|202|UNH|340.989990|344.959991|337.000000|341.100006|6447200|0.9866504480|336.546478
2025-12-15|203|BBY|74.000000|74.360001|72.730003|72.889999|6194600|0.9593973356|69.930473
2025-12-15|204|DOC|16.690001|16.840000|16.570000|16.660000|6362900|0.9513422733|15.849361
2025-12-15|205|ADSK|299.209991|301.470001|292.380005|294.309998|2281000|1.0000000000|294.309998
2025-12-15|206|DVN|37.209999|37.259998|36.040001|36.169998|10818900|0.9877783076|35.727943
2025-12-15|207|NVR|7569.319824|7632.350098|7532.020020|7632.350098|18300|1.0000000000|7632.350098
2025-12-15|208|ROST|183.160004|184.750000|181.770004|184.279999|3118300|0.9959267541|183.529373
2025-12-15|209|JKHY|188.089996|189.949997|185.639999|187.649994|864400|0.9919197584|186.133728
2025-12-15|210|MNST|74.250000|74.980003|74.160004|74.849998|5618400|0.5000000000|74.849998
2025-12-15|211|ORCL|188.289993|188.970001|181.399994|184.919998|43897500|0.9904465499|183.153381
2025-12-15|212|MSFT|480.100006|480.720001|472.519989|474.820007|23727700|0.9936958009|471.826660
2025-12-15|213|TROW|103.980003|105.410004|103.120003|103.620003|2521000|0.9736426638|100.888855
2025-12-15|214|COST|882.109985|887.489990|851.400024|860.559998|4771400|0.9956058515|856.778564
2025-12-15|215|ADBE|352.600006|355.000000|343.880005|351.149994|5480100|1.0000000000|351.149994
2025-12-15|216|FISV|69.300003|69.430000|67.970001|68.970001|17650100|1.0000000000|68.970001
2025-12-15|217|BKR|47.660000|47.660000|46.500000|46.889999|6400500|0.9892821118|46.387436
2025-12-15|218|CDNS|324.079987|327.769989|317.660004|318.429993|1687900|1.0000000000|318.429993
2025-12-15|219|TJX|156.210007|157.339996|155.929993|156.710007|5709900|0.9907991610|155.268143
2025-12-15|220|FICO|1845.000000|1851.670044|1804.270020|1807.729980|214700|1.0000000000|1807.729980
2025-12-15|221|CCL|28.110001|28.809999|27.920000|28.600000|21363700|0.9841845235|28.147676
2025-12-15|222|FAST|42.689999|43.200001|42.320000|42.580002|11806900|0.9838279433|41.891399
2025-12-15|223|SCHW|96.730003|97.160004|94.510002|95.279999|9842800|0.9901836685|94.344696
2025-12-15|224|JCI|116.019997|116.910004|115.080002|116.879997|6351800|0.9941759575|116.199280
2025-12-15|225|COHR|183.830002|186.529999|177.000000|178.449997|4507400|1.0000000000|178.449997
2025-12-15|226|KEY|20.879999|20.879999|20.440001|20.459999|18204900|0.9804836286|20.060694
2025-12-15|227|MOS|25.740000|25.990000|24.740000|24.860001|13114200|0.9816582705|24.404026
2025-12-15|228|MGM|37.689999|37.930000|36.750000|37.380001|4858700|1.0000000000|37.380001
2025-12-15|229|WM|215.220001|218.610001|214.539993|218.320007|2013300|0.9917417797|216.517075
2025-12-15|230|TECH|59.779999|60.279999|57.430000|58.689999|1723700|0.9957086055|58.438137
2025-12-15|231|IEX|179.199997|179.600006|177.449997|178.690002|562200|0.9895889092|176.829651
2025-12-15|232|GEN|27.790001|27.910000|27.379999|27.490000|5846200|0.9850474704|27.078953
2025-12-15|233|CRH|127.330002|128.250000|126.629997|127.260002|8535600|0.9889154582|125.849380
2025-12-15|234|EOG|108.190002|108.379997|104.800003|105.930000|5005900|0.9756845809|103.354263
2025-12-15|235|PTC|177.339996|177.339996|173.860001|175.070007|1558600|1.0000000000|175.070007
2025-12-15|236|CSCO|78.209999|78.709999|77.540001|78.250000|17646000|0.9856294108|77.125504
2025-12-15|237|LH|266.989990|266.989990|260.329987|263.329987|617300|0.9947633093|261.390594
2025-12-15|238|TRMB|80.730003|81.309998|80.010002|80.169998|1243100|1.0000000000|80.169998
2025-12-15|239|AZO|3453.669922|3511.000000|3442.040039|3488.709961|224100|1.0000000000|3488.709961
2025-12-15|240|REGN|748.849976|756.669983|746.380005|752.619995|932800|0.9961457605|749.719238
2025-12-15|241|IDXX|711.289978|711.289978|695.559998|700.549988|571600|1.0000000000|700.549988
2025-12-15|242|AES|13.820000|13.900000|13.650000|13.860000|7835200|0.9646899783|13.370604
2025-12-15|243|VRTX|454.279999|456.459991|449.480011|455.709991|1337300|1.0000000000|455.709991
2025-12-15|244|ZBRA|272.450012|273.000000|263.100006|265.290009|586000|1.0000000000|265.290009
2025-12-15|245|BIIB|173.669998|175.940002|170.449997|175.740005|2291500|1.0000000000|175.740005
2025-12-15|246|ODFL|160.139999|160.899994|154.880005|157.460007|2593400|0.9973411992|157.041351
2025-12-15|247|APH|130.149994|131.279999|129.410004|129.899994|8042400|0.9946061744|129.199341
2025-12-15|248|KIM|20.219999|20.510000|20.080000|20.500000|4877700|0.9782318124|20.053753
2025-12-15|249|QCOM|179.720001|180.309998|176.389999|179.259995|6954700|0.9899641514|177.460968
2025-12-15|250|GILD|122.000000|122.980003|119.389999|119.779999|7805100|0.9878606941|118.325951
2025-12-15|251|ROP|447.660004|448.859985|439.829987|443.600006|1915400|0.9929279129|440.462860
2025-12-15|252|SNPS|458.000000|470.720001|453.489990|454.670013|2634200|1.0000000000|454.670013
2025-12-15|253|STZ|147.419998|148.460007|141.500000|143.470001|3353300|0.9792322433|140.490448
2025-12-15|254|BSX|92.800003|93.120003|91.769997|92.190002|11765300|1.0000000000|92.190002
2025-12-15|255|STE|252.410004|254.759995|251.429993|254.070007|641100|0.9945039836|252.673645
2025-12-15|256|DHI|157.289993|158.199997|154.979996|156.470001|2401000|0.9911938574|155.092087
2025-12-15|257|LIN|417.429993|421.510010|410.000000|416.989990|4798100|0.9935105778|414.283966
2025-12-15|258|SBUX|86.000000|87.559998|84.660004|85.400002|11718600|0.9821606772|83.876518
2025-12-15|259|MS|179.910004|180.899994|177.729996|177.789993|5219000|0.9837860335|174.907333
2025-12-15|260|INTU|670.039978|671.369995|653.020020|654.599976|1707100|0.9906980199|648.510864
2025-12-15|261|MCHP|68.059998|68.089996|66.519997|67.180000|6768000|0.9832658267|66.055801
2025-12-15|262|CB|309.140015|313.040009|308.839996|312.609985|2506300|0.9939554166|310.720398
2025-12-15|263|ORLY|94.180000|95.709999|93.260002|95.139999|6611800|1.0000000000|95.139999
2025-12-15|264|RCL|280.600006|291.920013|280.209991|287.220001|3234700|0.9862054091|283.257935
2025-12-15|265|JBL|223.649994|226.050003|220.610001|221.210007|1803700|0.9992441666|221.042801
2025-12-15|266|ALL|208.360001|211.990005|207.729996|211.940002|1532500|0.9897514584|209.767914
2025-12-15|267|CPT|104.750000|105.000000|103.400002|104.650002|2086700|0.9704206326|101.554512
2025-12-15|268|VMRK|61.150002|61.290001|60.730000|61.099998|2019600|0.9671264641|59.091427
2025-12-15|269|IT|237.300003|246.850006|237.210007|246.350006|1510100|1.0000000000|246.350006
2025-12-15|270|DECK|102.440002|104.510002|100.440002|103.989998|3498400|1.0000000000|103.989998
2025-12-15|271|REG|67.660004|68.300003|66.989998|68.250000|1315300|0.9810739142|66.958298
2025-12-15|272|INCY|96.269997|99.440002|95.480003|98.639999|2815500|1.0000000000|98.639999
2025-12-15|273|SPG|182.649994|184.360001|182.259995|184.169998|1498900|0.9778630534|180.093033
2025-12-15|274|MAA|132.800003|133.039993|131.619995|132.699997|1137400|0.9656183896|128.137558
2025-12-15|275|MLM|629.580017|636.049988|625.270020|633.880005|439400|0.9973479749|632.198914
2025-12-15|276|TSCO|52.150002|53.000000|51.910000|52.930000|5097200|0.9807531624|51.911259
2025-12-15|277|ALB|132.960007|134.350006|130.679993|132.220001|2080600|0.9949889134|131.557434
2025-12-15|278|CPRT|39.060001|39.540001|38.590000|38.669998|10396500|1.0000000000|38.669998
2025-12-15|279|FLEX|69.400002|70.180000|67.540001|67.809998|11294100|1.0000000000|67.809998
2025-12-15|280|ESS|259.200012|260.160004|257.380005|259.260010|614200|0.9710345219|251.750443
2025-12-15|281|O|57.889999|58.160000|57.639999|58.080002|6600100|0.9656842140|56.086937
2025-12-15|282|MCO|490.000000|490.000000|486.140015|487.500000|1028200|0.9933686768|484.267242
2025-12-15|283|SJM|102.330002|103.209999|101.459999|101.680000|2045300|0.9701300487|98.642815
2025-12-15|284|MCK|816.070007|824.809998|813.000000|823.010010|692100|0.9980659618|821.418274
2025-12-15|285|COF|239.380005|241.000000|238.050003|239.809998|4046000|0.9884398390|237.037750
2025-12-15|286|EME|624.109985|632.320007|618.479980|624.090027|280500|0.9983902989|623.085449
2025-12-15|287|DLTR|131.300003|132.429993|130.240005|131.169998|2238100|1.0000000000|131.169998
2025-12-15|288|COR|347.019989|351.989990|344.010010|350.320007|1821500|0.9940692618|348.242371
2025-12-15|289|DRI|183.130005|187.210007|183.000000|186.429993|2194300|0.9771066651|182.161987
2025-12-15|290|RMD|255.000000|255.830002|250.860001|253.070007|1183200|0.9918845144|251.016220
2025-12-15|291|WAB|215.500000|215.880005|212.729996|215.380005|1116400|0.9965472933|214.636368
2025-12-15|292|FCX|48.820000|48.860001|47.389999|47.520000|15437700|0.9929128187|47.183220
2025-12-15|293|IVZ|26.450001|26.629999|26.010000|26.040001|4402900|0.9777629266|25.460949
2025-12-15|294|ACGL|94.279999|96.000000|93.849998|95.720001|2637400|1.0000000000|95.720001
2025-12-15|295|ERIE|287.760010|290.510010|284.600006|287.040009|190000|0.9834606060|282.292511
2025-12-15|296|EG|328.579987|330.619995|324.019989|328.609985|462100|0.9878843207|324.628662
2025-12-15|297|DVA|121.779999|122.400002|118.519997|120.050003|1048300|1.0000000000|120.050003
2025-12-15|298|HSIC|77.120003|77.580002|76.830002|77.389999|1351400|1.0000000000|77.389999
2025-12-15|299|EL|104.750000|104.889999|100.129997|101.029999|3818100|0.9930325985|100.326080
2025-12-15|300|WAT|389.799988|390.000000|379.929993|385.420013|699300|1.0000000000|385.420013
2025-12-15|301|NTAP|116.699997|116.769997|113.699997|114.110001|1355800|0.9870750252|112.635132
2025-12-15|302|HIG|135.830002|138.699997|135.440002|138.669998|2287200|0.9910400733|137.427521
2025-12-15|303|IRM|83.110001|83.830002|82.000000|82.440002|2697200|0.9851777356|81.218056
2025-12-15|304|BRK-B|500.420013|506.619995|500.279999|506.380005|5173900|1.0000000000|506.380005
2025-12-15|305|FDS|292.269989|293.390015|288.730011|292.029999|706100|0.9900356292|289.120117
2025-12-15|306|STLD|171.479996|171.750000|166.080002|168.949997|1837700|0.9917509611|167.556305
2025-12-15|307|DGX|183.250000|184.809998|182.960007|184.110001|951900|0.9871163208|181.737991
2025-12-15|308|CIEN|220.839996|226.020004|215.600006|216.179993|2686500|1.0000000000|216.179993
2025-12-15|309|TTWO|244.279999|246.839996|242.649994|244.559998|1888600|1.0000000000|244.559998
2025-12-15|310|VTR|78.220001|79.500000|78.220001|78.709999|3565100|0.9818295408|77.279808
2025-12-15|311|AMZN|227.929993|227.929993|221.500000|222.539993|47286100|1.0000000000|222.539993
2025-12-15|312|ARE|47.400002|47.799999|46.820000|47.410000|2516600|0.9575530500|45.397587
2025-12-15|313|RL|374.700012|377.720001|370.929993|371.700012|1091800|0.9923194237|368.845123
2025-12-15|314|BXP|71.860001|72.320000|71.180000|71.620003|1258700|0.9663309942|69.208633
2025-12-15|315|FIX|962.859985|986.200012|961.400024|968.479980|400300|0.9985721755|967.097168
2025-12-15|316|YUM|151.000000|157.779999|151.000000|153.820007|3132300|0.9905648102|152.368683
2025-12-15|317|CHRW|157.169998|158.029999|156.000000|157.610001|1233300|0.9931897587|156.536636
2025-12-15|318|FE|44.529999|44.650002|44.230000|44.610001|3565900|0.9707938980|43.307117
2025-12-15|319|MTD|1415.550049|1423.150024|1402.010010|1412.469971|131300|1.0000000000|1412.469971
2025-12-15|320|PLD|131.119995|131.119995|129.020004|130.660004|2863300|0.9772581725|127.688553
2025-12-15|321|URI|820.200012|820.200012|800.289978|810.440002|559300|0.9939808437|805.561829
2025-12-15|322|AEE|97.839996|98.989998|97.540001|98.870003|2740900|0.9863006617|97.515549
2025-12-15|323|VRSN|242.529999|244.360001|237.679993|241.880005|915000|0.9907421953|239.640732
2025-12-15|324|PWR|436.540009|443.850006|433.299988|435.869995|1564400|0.9993903388|435.604248
2025-12-15|325|AMT|181.740005|181.940002|177.910004|180.259995|5020800|0.9712942756|175.085495
2025-12-15|326|MAR|304.450012|310.230011|302.170013|308.489990|2217000|0.9940852561|306.665344
2025-12-15|327|CTSH|84.470001|84.709999|81.839996|84.050003|6501800|0.9822114026|82.554871
2025-12-15|328|SRE|89.510002|89.510002|87.059998|88.589996|3620300|0.9860298575|87.352386
2025-12-15|329|CSGP|68.250000|68.250000|62.000000|63.750000|8312700|1.0000000000|63.750000
2025-12-15|330|RSG|213.309998|216.119995|212.929993|215.330002|1302800|0.9913326285|213.463669
2025-12-15|331|CCI|90.070000|90.360001|87.809998|89.489998|4454700|0.9762634240|87.365814
2025-12-15|332|EBAY|85.300003|85.550003|82.110001|82.589996|7246300|0.9939126631|81.838417
2025-12-15|333|NVDA|177.940002|178.419998|175.029999|176.289993|164775600|0.9987817973|176.075241
2025-12-15|334|BKNG|5357.889938|5484.999847|5346.480179|5457.699966|366300|0.0398088823|217.264923
2025-12-15|335|GS|892.000000|904.469971|889.590027|889.590027|1976600|0.9903999491|881.049927
2025-12-15|336|FFIV|264.760010|266.250000|260.679993|263.010010|1966000|1.0000000000|263.010010
2025-12-15|337|SBAC|192.710007|193.440002|190.270004|193.130005|911900|0.9805017315|189.364304
2025-12-15|338|LII|509.549988|509.549988|493.649994|496.130005|369200|0.9920705337|492.195953
2025-12-15|339|BLK|1095.430054|1098.849976|1078.500000|1082.160034|564700|0.9888912077|1070.138550
2025-12-15|340|TKO|206.440002|208.479996|201.600006|207.449997|1682200|0.9921219970|205.815704
2025-12-15|341|AKAM|88.029999|90.040001|85.309998|86.529999|3749500|1.0000000000|86.529999
2025-12-15|342|UPS|101.000000|101.260002|99.750000|100.070000|5061700|0.9546755018|95.534378
2025-12-15|343|A|141.820007|143.369995|139.720001|140.600006|2712100|0.9940314297|139.760834
2025-12-15|344|TDY|518.080017|520.969971|512.359985|514.289978|266100|1.0000000000|514.289978
2025-12-15|345|PKG|204.889999|205.309998|203.089996|204.479996|879700|0.9876260349|201.949768
2025-12-15|346|EW|83.570000|84.089996|81.849998|83.379997|4014700|1.0000000000|83.379997
2025-12-15|347|MET|82.940002|83.430000|82.190002|82.610001|4541700|0.9792675716|80.897293
2025-12-15|348|ON|55.180000|55.360001|54.349998|55.090000|8070900|1.0000000000|55.090000
2025-12-15|349|ISRG|546.049988|561.619995|546.049988|559.520020|2928100|1.0000000000|559.520020
2025-12-15|350|CRL|197.080002|200.580002|195.100006|198.149994|843200|1.0000000000|198.149994
2025-12-15|351|MRVL|84.870003|85.849998|83.669998|84.260002|11953300|0.9985347355|84.136528
2025-12-15|352|EQIX|755.859985|762.549988|749.500000|761.390015|632800|0.9849779860|749.952393
2025-12-15|353|TPR|124.000000|125.730003|122.849998|123.580002|2733800|0.9944862341|122.898605
2025-12-15|354|GRMN|208.389999|209.619995|206.679993|207.229996|1480700|0.9917889977|205.528427
2025-12-15|355|GPN|82.199997|82.529999|81.110001|81.629997|2868000|0.9929199565|81.052055
2025-12-15|356|ALGN|166.490005|167.020004|162.600006|162.729996|1119500|1.0000000000|162.729996
2025-12-15|357|WTW|328.380005|330.839996|325.390015|330.769989|749600|0.9903328749|327.572388
2025-12-15|358|MDLZ|54.500000|54.919998|54.000000|54.259998|17381400|0.9742061707|52.860428
2025-12-15|359|AXON|568.179993|576.719971|541.940002|551.789978|1017000|1.0000000000|551.789978
2025-12-15|360|FIS|67.250000|67.680000|66.360001|66.610001|3180100|0.9802816760|65.296562
2025-12-15|361|ACN|276.000000|276.399994|271.019989|274.660004|4041700|0.9798095806|269.114471
2025-12-15|362|ZBH|91.820000|93.089996|91.050003|92.430000|2432700|0.9920119396|91.691666
2025-12-15|363|BG|91.970001|92.930000|90.110001|92.589996|1229000|0.9821514316|90.937401
2025-12-15|364|PFG|90.750000|92.099998|89.800003|90.629997|1706000|0.9832413887|89.111160
2025-12-15|365|ELV|359.000000|363.500000|354.820007|360.670013|1314900|0.9898456688|357.007660
2025-12-15|366|CNC|41.110001|41.250000|40.439999|40.450001|7137000|1.0000000000|40.450001
2025-12-15|367|PRU|118.000000|118.309998|116.650002|117.599998|1418400|0.9622422893|113.159691
2025-12-15|368|NFLX|96.019997|96.370003|93.529999|93.769997|40016500|1.0000000000|93.769997
2025-12-15|369|NDAQ|93.580002|93.620003|92.180000|92.930000|2543000|0.9932805958|92.305565
2025-12-15|370|WYNN|124.150002|127.059998|121.379997|126.250000|1899000|0.9927789107|125.338341
2025-12-15|371|CME|272.970001|276.519989|268.859985|272.179993|3094300|0.9716146686|264.454102
2025-12-15|372|STX|291.890015|293.959991|284.230011|285.579987|3465600|0.9949371232|284.134125
2025-12-15|373|NRG|161.889999|163.059998|159.270004|159.990005|1674700|0.9903289609|158.442734
2025-12-15|374|AIZ|231.289993|233.380005|229.940002|233.259995|420300|0.9925480196|231.521759
2025-12-15|375|CBRE|161.600006|161.779999|158.199997|158.869995|1301500|1.0000000000|158.869995
2025-12-15|376|CRM|261.209991|262.279999|253.089996|254.580002|10271800|0.9933339931|252.882965
2025-12-15|377|DPZ|429.679993|440.079987|427.950012|437.500000|815100|0.9888611209|432.626740
2025-12-15|378|EXR|133.490005|134.160004|132.419998|133.300003|1625600|0.9779070040|130.355011
2025-12-15|379|GOOG|312.625000|312.700012|305.739990|309.320007|22028900|0.9986949468|308.916321
2025-12-15|380|GOOGL|311.320007|311.420013|304.880005|308.220001|29151900|0.9986999831|307.819305
2025-12-15|381|DLR|153.190002|153.440002|150.649994|152.889999|3007900|0.9866588059|150.850266
2025-12-15|382|MPWR|960.799988|975.000000|946.450012|949.400024|690800|0.9948016730|944.464722
2025-12-15|383|LVS|67.089996|68.000000|66.230003|66.989998|8054800|0.9827791790|65.836380
2025-12-15|384|DXCM|67.419998|67.750000|65.360001|65.730003|7428700|1.0000000000|65.730003
2025-12-15|385|BLDR|107.449997|107.620003|103.589996|104.660004|2144500|1.0000000000|104.660004
2025-12-15|386|WBD|29.840000|29.920000|29.500000|29.709999|53940500|1.0000000000|29.709999
2025-12-15|387|EXPE|277.019989|287.480011|276.070007|283.450012|2158100|0.9942877675|281.830902
2025-12-15|388|CF|79.099998|79.290001|77.360001|78.750000|2366300|0.9855673857|77.613434
2025-12-15|389|AMP|497.470001|499.000000|483.760010|491.489990|495900|0.9903313094|486.737885
2025-12-15|390|ICE|163.449997|163.449997|160.589996|161.399994|3206800|0.9901381914|159.808304
2025-12-15|391|PSKY|13.780000|14.000000|13.470000|13.990000|6609300|0.9863259572|13.798699
2025-12-15|392|LYV|141.740005|142.880005|139.389999|141.660004|2648200|1.0000000000|141.660004
2025-12-15|393|CMG|36.150002|36.520000|35.759998|35.939999|22745400|1.0000000000|35.939999
2025-12-15|394|UAL|106.919998|108.639999|106.279999|107.699997|4200200|1.0000000000|107.699997
2025-12-15|395|TDG|1306.579956|1312.339966|1282.099976|1292.079956|554400|1.0000000000|1292.079956
2025-12-15|396|MA|572.880005|573.299988|567.159973|569.130005|2714000|0.9951190330|566.352112
2025-12-15|397|LDOS|188.360001|189.729996|184.880005|185.949997|955000|0.9940154778|184.837173
2025-12-15|398|FSLR|253.509995|257.250000|249.759995|255.889999|1564300|1.0000000000|255.889999
2025-12-15|399|BR|230.160004|231.119995|226.899994|229.229996|637400|0.9878384663|226.442215
2025-12-15|400|SMCI|32.799999|32.860001|31.240000|31.370001|18470600|1.0000000000|31.370001
2025-12-15|401|TMUS|195.990005|197.960007|194.300003|196.160004|5157600|0.9898439218|193.053589
2025-12-15|402|DAL|70.760002|71.639999|70.139999|71.269997|7993300|0.9922015511|70.714203
2025-12-15|403|IBKR|64.540001|64.550003|62.660000|62.869999|4701400|0.9979162811|62.738998
2025-12-15|404|PODD|296.100006|297.200012|291.179993|291.510010|731500|1.0000000000|291.510010
2025-12-15|405|TEL|230.460007|232.470001|229.460007|230.699997|2318800|0.9892434805|228.218475
2025-12-15|406|BX|152.630005|152.970001|150.289993|150.339996|4146700|0.9695455041|145.761475
2025-12-15|407|LULU|203.229996|208.300003|198.539993|206.289993|7686800|1.0000000000|206.289993
2025-12-15|408|ULTA|603.000000|603.000000|589.419983|591.200012|907700|1.0000000000|591.200012
2025-12-15|409|MSCI|551.500000|556.650024|549.090027|553.510010|709100|0.9889531620|547.395508
2025-12-15|410|ECHO|109.639999|111.000000|103.320000|103.930000|4950900|1.0000000000|103.930000
2025-12-15|411|PM|154.100006|159.270004|153.529999|158.410004|7020500|0.9741176592|154.309982
2025-12-15|412|V|347.829987|348.450012|343.829987|346.890015|7004600|0.9940309283|344.819397
2025-12-15|413|AWK|132.059998|134.410004|131.500000|134.130005|2187800|0.9796942856|131.406403
2025-12-15|414|KDP|29.360001|29.480000|28.760000|29.230000|23521300|0.9761522236|28.532928
2025-12-15|415|SW|37.520000|37.619999|37.009998|37.540001|4952500|0.9711821711|36.458179
2025-12-15|416|AVGO|361.890015|362.000000|337.510010|339.809998|65894900|0.9944270811|337.916260
2025-12-15|417|VRSK|218.529999|220.270004|217.020004|218.229996|1402300|0.9947617775|217.086868
2025-12-15|418|DG|134.300003|135.570007|132.029999|132.929993|4561600|0.9860246787|131.072250
2025-12-15|419|FTNT|82.099998|82.830002|80.790001|81.519997|5101400|1.0000000000|81.519997
2025-12-15|420|CHTR|206.169998|210.369995|205.000000|209.520004|1533100|1.0000000000|209.520004
2025-12-15|421|FERG|226.130005|227.199997|222.960007|225.470001|1658700|0.9848254111|222.048599
2025-12-15|422|GNRC|162.910004|162.910004|157.199997|158.429993|710100|1.0000000000|158.429993
2025-12-15|423|LYB|43.750000|44.139999|42.270000|43.340000|7435600|0.9677851714|41.943810
2025-12-15|424|CBOE|252.809998|254.179993|244.740005|246.750000|1159900|0.9954503651|245.627365
2025-12-15|425|TSLA|469.440002|481.769989|467.660004|475.309998|114542200|1.0000000000|475.309998
2025-12-15|426|KKR|137.779999|137.779999|133.399994|134.809998|5474700|0.9943370554|134.046570
2025-12-15|427|NXPI|230.779999|233.789993|228.289993|231.830002|3077000|0.9914738451|229.853378
2025-12-15|428|GM|80.650002|82.019997|80.580002|81.980003|14362200|0.9954799629|81.609451
2025-12-15|429|TRGP|183.589996|183.589996|179.470001|182.309998|1628200|0.9854533185|179.657990
2025-12-15|430|CPAY|317.079987|317.079987|308.040009|312.160004|606000|1.0000000000|312.160004
2025-12-15|431|KMI|26.770000|26.809999|26.440001|26.719999|12074000|0.9722301462|25.977989
2025-12-15|432|HCA|474.929993|477.059998|470.000000|476.980011|1420400|0.9965176399|475.319000
2025-12-15|433|HII|328.029999|331.859985|324.720001|329.160004|334900|0.9925978670|325.206879
2025-12-15|434|APO|149.479996|149.559998|146.520004|146.830002|2585700|0.9875780044|145.006088
2025-12-15|435|MPC|185.009995|185.820007|184.020004|185.509995|2402800|0.9885237030|183.381027
2025-12-15|436|XYL|137.800003|138.279999|136.610001|138.250000|1441200|0.9889650951|136.724426
2025-12-15|437|APTV|78.610001|79.000000|76.889999|77.349998|2007200|1.0000000000|77.349998
2025-12-15|438|PSX|141.360001|141.779999|139.479996|141.509995|2992400|0.9794981865|138.608795
2025-12-15|439|AMCR|8.290000|8.310000|8.180000|8.250000|22344100|4.8543684849|40.048542
2025-12-15|440|META|645.700012|653.000000|638.700012|647.510010|15549100|0.9982193806|646.357056
2025-12-15|441|NOW|798.000031|803.399963|760.530014|765.199966|5925800|0.2000000000|153.039993
2025-12-15|442|PANW|191.339996|191.339996|185.710007|185.880005|6660300|1.0000000000|185.880005
2025-12-15|443|FANG|157.429993|157.429993|151.539993|154.059998|1897600|0.9832059760|151.472702
2025-12-15|444|WDAY|224.949997|224.970001|214.809998|214.899994|4167300|1.0000000000|214.899994
2025-12-15|445|ABBV|224.240005|228.300003|223.559998|227.449997|5971900|0.9769027438|222.196548
2025-12-15|446|NCLH|20.850000|21.790001|20.730000|21.650000|22292700|1.0000000000|21.650000
2025-12-15|447|ZTS|118.790001|122.550003|118.699997|120.980003|7159500|0.9845723480|119.113564
2025-12-15|448|IQV|224.050003|224.529999|220.880005|223.630005|1383300|1.0000000000|223.630005
2025-12-15|449|NWS|30.030001|30.030001|29.250000|29.270000|1777000|0.9963262306|29.162468
2025-12-15|450|NWSA|26.290001|26.330000|26.000000|26.049999|3627500|0.9958385353|25.941593
2025-12-15|451|CDW|146.440002|146.440002|142.990005|144.880005|1607700|0.9844137869|142.621872
2025-12-15|452|VEEV|223.860001|224.160004|218.210007|220.100006|2170500|1.0000000000|220.100006
2025-12-15|453|ALLE|161.009995|163.210007|160.380005|163.059998|1068800|0.9921390873|161.778198
2025-12-15|454|HLT|284.630005|287.359985|282.970001|285.850006|1998300|0.9986088702|285.452332
2025-12-15|455|ARES|174.380005|175.679993|172.029999|172.679993|2785100|0.9704279397|167.573486
2025-12-15|456|ANET|125.500000|127.360001|123.610001|125.889999|6441900|1.0000000000|125.889999
2025-12-15|457|SYF|84.419998|84.614998|82.949997|83.209999|3088500|0.9876561264|82.182861
2025-12-15|458|CFG|58.630001|59.220001|58.230000|58.439999|4708800|0.9795741096|57.246311
2025-12-15|459|KEYS|210.520004|210.520004|206.479996|207.479996|909500|1.0000000000|207.479996
2025-12-15|460|GDDY|124.870003|125.559998|123.695000|123.809998|1335100|1.0000000000|123.809998
2025-12-15|461|KHC|24.490000|24.629999|24.405001|24.500000|13604300|0.9659839010|23.666605
2025-12-15|462|PYPL|61.959999|62.820000|60.625000|60.740002|18187500|0.9937057617|60.357693
2025-12-15|463|LITE|341.475006|348.750000|333.029999|334.690002|4708500|1.0000000000|334.690002
2025-12-15|464|HPE|24.000000|24.090000|23.715000|24.049999|35706300|0.9847720717|23.683767
2025-12-15|465|XYZ|65.629997|66.400002|63.950001|64.019997|6711900|1.0000000000|64.019997
2025-12-15|466|FTV|55.299999|55.474998|54.759998|55.349998|3388500|0.9979248563|55.235142
2025-12-15|467|DELL|131.300003|133.429993|129.610001|130.509995|5336200|0.9909355870|129.327011
2025-12-15|468|TTD|36.695000|36.700001|35.650002|36.189999|17389400|1.0000000000|36.189999
2025-12-15|469|VST|172.960007|173.000000|166.979996|168.250000|4287400|0.9958526400|167.552216
2025-12-15|470|HWM|198.199997|201.210007|195.740005|197.240005|2231500|0.9985047767|196.945084
2025-12-15|471|INVH|26.530001|27.020000|26.530001|26.900000|9924800|0.9672165501|26.018124
2025-12-15|472|CVNA|463.370018|467.330017|447.919998|447.919998|3882100|0.2000000000|89.584000
2025-12-15|473|IR|82.129997|82.370003|80.980003|81.629997|3538900|0.9992655835|81.570045
2025-12-15|474|VICI|28.719999|28.770000|28.070000|28.600000|14537200|0.9523421134|27.236988
2025-12-15|475|VRT|163.410004|166.550003|160.000000|161.740005|8861400|0.9995540701|161.667892
2025-12-15|476|MRNA|29.280001|30.299999|28.660000|29.920000|9271600|1.0000000000|29.920000
2025-12-15|477|FOXA|71.400002|72.959999|71.019997|71.230003|3497500|0.9951185496|70.882301
2025-12-15|478|FOX|63.330002|63.959999|62.950001|63.209999|1312700|0.9946544484|62.872108
2025-12-15|479|DOW|24.020000|24.240000|23.110001|23.450001|17458900|0.9783459966|22.942215
2025-12-15|480|UBER|83.459999|83.620003|81.165001|81.860001|32070900|1.0000000000|81.860001
2025-12-15|481|CTVA|66.290001|66.418999|65.099998|65.879997|4106100|0.9954590981|65.580841
2025-12-15|482|CRWD|509.010010|509.010010|487.429993|487.470001|2184900|0.2500000000|121.867500
2025-12-15|483|DDOG|146.395004|147.438004|141.759995|142.050003|3823900|1.0000000000|142.050003
2025-12-15|484|CARR|53.340000|53.340000|52.220001|52.580002|7322300|0.9886394999|51.982674
2025-12-15|485|OTIS|88.400002|88.900002|87.959999|88.570000|2805200|0.9834662418|87.105606
2025-12-15|486|PLTR|185.080002|187.779999|180.029999|183.250000|32796100|1.0000000000|183.250000
2025-12-15|487|DASH|228.580002|229.770004|221.179993|226.979996|5021500|1.0000000000|226.979996
2025-12-15|488|ABNB|129.289993|132.250000|128.300003|131.809998|5518100|1.0000000000|131.809998
2025-12-15|489|EXE|112.769997|112.769997|108.839996|110.540001|3324600|0.9826864450|108.626160
2025-12-15|490|COIN|267.989990|268.579987|246.800003|250.419998|10885700|1.0000000000|250.419998
2025-12-15|491|APP|682.570007|691.900024|661.559998|675.164978|3776100|1.0000000000|675.164978
2025-12-15|492|HOOD|120.400002|120.660004|114.100998|115.260002|28422000|1.0000000000|115.260002
2025-12-15|493|CEG|356.649994|360.959991|350.670013|357.140015|2628800|0.9955820742|355.562195
2025-12-15|494|GEHC|84.809998|85.059998|83.610001|84.449997|3566100|0.9985528329|84.327782
2025-12-15|495|KVUE|17.350000|17.379999|17.180000|17.209999|46841600|0.9661066365|16.626694
2025-12-15|496|VLTO|99.349998|100.470001|98.669998|100.279999|2257000|0.9957401186|99.852814
2025-12-15|497|RDDT|222.044998|225.770004|213.350006|218.500000|5415800|1.0000000000|218.500000
2025-12-15|498|SOLV|83.650002|84.000000|81.370003|81.889999|1174100|1.0000000000|81.889999
2025-12-15|499|GEV|688.479980|695.049988|675.000000|681.349976|3529600|0.9981503345|680.089722
2025-12-15|500|SNDK|214.445007|217.000000|200.341995|201.869995|6265000|1.0000000000|201.869995
2025-12-15|501|Q|79.650002|80.720001|75.654999|76.629997|2338300|0.9988559230|76.542328
