date|security_id|ticker|open|high|low|close|volume|adj_factor|adj_close_vendor
2025-12-03|1|AEP|119.230003|119.730003|117.769997|118.059998|3429600|0.9775591772|115.410629
2025-12-03|2|BA|204.600006|205.850006|197.399994|202.539993|14139900|1.0000000000|202.539993
2025-12-03|3|CAT|581.400024|593.239990|562.210022|591.489990|2545700|0.9939261318|587.897339
2025-12-03|4|CNP|38.389999|38.560001|38.070000|38.380001|4012000|0.9832236217|37.736122
2025-12-03|5|CVX|151.039993|152.500000|150.979996|151.589996|8060200|0.9728341284|147.471924
2025-12-03|6|DIS|104.900002|105.849998|104.470001|105.739998|10177800|0.9857264957|104.230721
2025-12-03|7|DTE|132.380005|133.210007|131.369995|133.179993|1575500|0.9755422782|129.922714
2025-12-03|8|ED|97.459999|98.190002|96.169998|96.449997|1761600|0.9759585897|94.131203
2025-12-03|9|GD|336.750000|338.480011|333.529999|338.079987|985200|0.9869830633|333.679230
2025-12-03|10|GE|288.040009|289.350006|284.500000|288.489990|4059500|0.9961629631|287.383057
2025-12-03|11|HON|193.329996|195.199997|192.769995|193.470004|4181001|1.0347776740|200.198441
2025-12-03|12|HPQ|25.240000|25.469999|24.969999|25.190001|11970800|0.9607551428|24.201424
2025-12-03|13|IBM|302.880005|303.970001|298.910004|302.619995|3953400|0.9800357773|296.578430
2025-12-03|14|IP|38.200001|39.240002|38.070000|39.220001|4949200|0.9645837619|37.830975
2025-12-03|15|JNJ|205.899994|207.020004|204.990005|205.330002|8363300|0.9841702191|202.079666
2025-12-03|16|KO|70.879997|71.400002|70.610001|70.809998|17001700|0.9867998793|69.875298
2025-12-03|17|KR|67.040001|67.750000|66.129997|66.199997|7265900|0.9830507535|65.077957
2025-12-03|18|LMT|443.410004|448.470001|439.049988|446.799988|1751500|0.9882876617|441.566925
2025-12-03|19|MMM|172.050003|174.690002|171.160004|173.089996|2883300|0.9860940463|170.683029
2025-12-03|20|MO|59.009998|59.340000|58.349998|58.410000|9344400|0.9516126626|55.583694
2025-12-03|21|MRK|101.900002|103.089996|101.519997|102.269997|12541600|0.9772081263|99.939072
2025-12-03|22|MSI|377.809998|379.440002|374.429993|375.690002|2002800|0.9910852927|372.340851
2025-12-03|23|PG|145.919998|148.289993|145.860001|146.710007|9125300|0.9782265339|143.515610
2025-12-03|24|XOM|115.949997|117.980003|115.879997|117.800003|16819100|0.9803338832|115.483337
2025-12-03|25|RTX|169.050003|169.190002|166.740005|168.449997|5452200|0.9892687733|166.642319
2025-12-03|26|MCD|302.399994|308.750000|302.059998|307.709991|4986900|0.9877457529|303.939240
2025-12-03|27|AXP|361.019989|370.200012|360.799988|368.130005|2651800|0.9919237847|365.156921
2025-12-03|28|BMY|49.939999|51.340000|49.430000|50.959999|27120100|0.9673144843|49.294342
2025-12-03|29|DD|39.660001|40.100001|39.430000|39.660001|4024299|2.9761992776|118.036072
2025-12-03|30|DE|471.000000|482.450012|468.559998|481.820007|1157700|0.9910776808|477.521088
2025-12-03|31|EMR|131.990005|135.100006|131.000000|134.889999|2008800|0.9888087280|133.380402
2025-12-03|32|ETN|330.500000|336.200012|323.570007|335.570007|3079400|0.9917042798|332.786163
2025-12-03|33|ETR|93.250000|94.260002|92.389999|94.239998|5825900|0.9822109154|92.563560
2025-12-03|34|F|12.990000|13.140000|12.960000|13.090000|45364700|0.9665034086|12.651530
2025-12-03|35|HAL|26.910000|27.420000|26.900000|27.400000|10464200|0.9909628646|27.152384
2025-12-03|36|LLY|1046.390015|1051.479980|1022.320007|1033.560059|3447000|0.9951920486|1028.590820
2025-12-03|37|PCG|15.370000|15.480000|15.060000|15.230000|32248700|0.9911560857|15.095307
2025-12-03|38|PEP|148.690002|150.699997|147.910004|148.059998|5109200|0.9713251717|143.814392
2025-12-03|39|PFE|25.320000|25.889999|25.299999|25.570000|56121200|0.9509184966|24.314985
2025-12-03|40|TXN|176.820007|183.000000|175.580002|182.600006|9259300|0.9834571490|179.579269
2025-12-03|41|WFC|86.260002|89.389999|86.260002|89.349998|14439300|0.9838041369|87.902893
2025-12-03|42|HUBB|426.399994|431.260010|422.100006|429.339996|338321|0.9943029521|426.894043
2025-12-03|43|WMT|112.500000|114.889999|112.220001|114.410004|24478300|0.9916508097|113.454773
2025-12-03|44|AIG|76.839996|77.389999|76.029999|77.070000|3808000|0.9824236525|75.715393
2025-12-03|45|AVY|171.559998|175.800003|171.029999|175.589996|831300|0.9887328339|173.611603
2025-12-03|46|BAC|53.250000|54.240002|53.180000|54.090000|37134400|0.9841245494|53.231293
2025-12-03|47|BALL|48.610001|49.200001|48.450001|48.779999|1624200|0.9933732915|48.456749
2025-12-03|48|BDX|191.349998|193.719995|190.710000|193.570000|1161500|0.7715067098|149.340546
2025-12-03|49|CLX|106.180000|107.230003|105.040001|105.169998|1669800|0.9654541242|101.536812
2025-12-03|50|CMI|500.690002|508.369995|496.339996|507.809998|676600|0.9898444823|502.652924
2025-12-03|51|CMS|72.900002|73.000000|71.680000|72.190002|1818900|0.9770377822|70.532356
2025-12-03|52|CVS|77.870003|77.879997|75.000000|75.000000|8164500|0.9771601786|73.287010
2025-12-03|53|ECL|271.320007|272.869995|264.160004|264.329987|2431400|0.9918356453|262.171906
2025-12-03|54|ES|66.510002|67.040001|65.779999|65.970001|1854600|0.9670826030|63.798447
2025-12-03|55|EVRG|74.559998|74.930000|74.019997|74.290001|1692800|0.9752573788|72.451874
2025-12-03|56|GWW|961.890015|975.919983|959.849976|971.159973|228000|0.9941570385|965.485474
2025-12-03|57|LNT|66.589996|66.690002|65.849998|66.379997|2336900|0.9771332386|64.862091
2025-12-03|58|MKC|65.830002|66.059998|64.040001|64.120003|2316500|0.9754240070|62.544193
2025-12-03|59|MRSH|183.289993|184.779999|182.789993|183.869995|2394400|0.9842873682|180.980911
2025-12-03|60|NEE|84.660004|85.970001|84.500000|84.949997|9615100|0.9860055271|83.135994
2025-12-03|61|NI|42.410000|42.509998|41.709999|41.880001|4332800|0.9804324438|41.060513
2025-12-03|62|PNW|88.500000|89.360001|88.120003|88.620003|1098400|0.9727255046|86.202934
2025-12-03|63|RVTY|103.260002|104.839996|103.190002|103.260002|1026400|0.9979858512|103.052017
2025-12-03|64|SNA|341.369995|345.299988|340.070007|344.339996|241300|0.9808470667|337.744843
2025-12-03|65|SPGI|492.260009|501.740010|491.789991|499.880002|1241200|0.9395781501|469.676331
2025-12-03|66|TER|191.520004|196.199997|189.000000|195.080002|3339200|0.9992046578|194.924850
2025-12-03|67|TGT|90.669998|92.910004|90.599998|90.919998|7308400|0.9731968404|88.483055
2025-12-03|68|TXT|82.699997|83.820000|82.459999|83.699997|971700|0.9993380469|83.644600
2025-12-03|69|VMC|291.000000|295.130005|289.760010|292.589996|857800|0.9942812010|290.916748
2025-12-03|70|XEL|79.040001|79.330002|77.629997|78.389999|3625800|0.9776860259|76.640800
2025-12-03|71|ITW|249.309998|251.610001|247.830002|250.039993|1062000|0.9813941046|245.387772
2025-12-03|72|CL|79.000000|79.669998|78.120003|78.199997|5536800|0.9821445459|76.803696
2025-12-03|73|EXC|45.040001|45.349998|44.220001|44.540001|11092600|0.9822723358|43.750412
2025-12-03|74|MDT|102.540001|102.910004|101.580002|101.970001|4167800|0.9758565703|99.508102
2025-12-03|75|BNY|112.099998|113.769997|112.000000|113.089996|2596200|0.9877222173|111.701508
2025-12-03|76|EIX|57.349998|57.959999|56.730000|57.299999|2661300|0.9623086217|55.140289
2025-12-03|77|FRT|97.669998|98.209999|97.360001|97.879997|422900|0.9693143333|94.876480
2025-12-03|78|PNR|105.379997|106.680000|105.099998|106.470001|851300|0.9901423720|105.420448
2025-12-03|79|USB|49.959999|50.959999|49.790001|50.930000|9578400|0.9719845662|49.503174
2025-12-03|80|WY|21.950001|22.180000|21.830000|21.870001|4806800|0.9829820427|21.497818
2025-12-03|81|SYY|74.639999|75.260002|73.309998|73.360001|3753800|0.9787571978|71.801636
2025-12-03|82|WRB|73.129997|73.540001|71.320000|71.650002|3460100|0.9742469050|69.804794
2025-12-03|83|IFF|68.730003|69.099998|67.070000|67.120003|1960100|0.9828526607|65.969086
2025-12-03|84|TAP|46.340000|47.130001|46.200001|46.240002|4535000|0.9680101781|44.245068
2025-12-03|85|PNC|192.619995|198.160004|192.000000|198.000000|1843400|0.9770281499|193.451569
2025-12-03|86|TRV|289.570007|290.250000|283.320007|284.269989|1813900|0.9883140678|280.948029
2025-12-03|87|C|103.099998|106.989998|103.099998|106.720001|14003600|0.9851223482|105.132256
2025-12-03|88|FDX|270.890004|274.210005|268.709998|270.450004|1707800|0.7954691757|215.134644
2025-12-03|89|WDC|159.520004|159.550003|151.419998|155.589996|6756400|0.9984583045|155.350113
2025-12-03|90|DHR|228.000000|230.649994|227.600006|228.460007|3761000|0.9944303518|227.187546
2025-12-03|91|APA|25.700001|26.980000|25.660000|26.950001|7797200|0.9771167223|26.333296
2025-12-03|92|LUV|35.419998|35.770000|35.290001|35.680000|6539400|0.9870678085|35.218582
2025-12-03|93|PEG|80.730003|81.250000|80.029999|80.540001|3278200|0.9756675447|78.580269
2025-12-03|94|UNP|232.779999|235.860001|232.339996|235.229996|3576500|0.9839040791|231.443741
2025-12-03|95|ABT|126.279999|127.570000|125.209999|125.290001|4918800|0.9817546722|123.004044
2025-12-03|96|ADI|274.489990|278.779999|271.579987|278.239990|4203100|0.9906566026|275.640289
2025-12-03|97|ADM|60.680000|61.169998|59.660000|59.799999|2239200|0.9797994474|58.592007
2025-12-03|98|ADP|256.500000|260.540009|256.500000|260.220001|2367000|0.9780151607|254.499115
2025-12-03|99|AFL|108.830002|109.510002|108.290001|109.040001|1721200|0.9846316611|107.364243
2025-12-03|100|AMAT|265.299988|269.149994|259.709991|268.630005|7999600|0.9964487658|267.676056
2025-12-03|101|AMD|216.259995|218.199997|211.770004|217.600006|28545200|1.0000000000|217.600006
2025-12-03|102|APD|257.820007|261.549988|257.660004|260.350006|1465400|0.9804771664|255.267242
2025-12-03|103|BF-B|30.120001|30.620001|30.070000|30.090000|7932300|0.9746521115|29.327284
2025-12-03|104|CHD|83.669998|84.860001|83.470001|83.910004|1884100|0.9906552793|83.125877
2025-12-03|105|CINF|163.770004|164.559998|161.660004|162.830002|497200|0.9835715596|160.154953
2025-12-03|106|CMCSA|26.959999|27.510000|26.850000|27.429999|27648700|0.9033911576|24.780016
2025-12-03|107|D|60.509998|60.910000|59.840000|60.029999|7941900|0.9687101350|58.151669
2025-12-03|108|DOV|187.919998|190.339996|187.479996|190.270004|1005300|0.9952693212|189.369904
2025-12-03|109|DUK|119.870003|120.559998|118.370003|118.620003|3328400|0.9744921325|115.594254
2025-12-03|110|EFX|210.550003|212.619995|209.660004|209.750000|1454900|0.9938812654|208.466599
2025-12-03|111|EQT|59.090000|61.520000|58.700001|61.169998|9413900|0.9912778241|60.636463
2025-12-03|112|FITB|43.830002|44.980000|43.730000|44.930000|4980500|0.9757841433|43.841980
2025-12-03|113|GIS|46.099998|46.799999|45.919998|46.200001|5761800|0.9532424984|44.039806
2025-12-03|114|GPC|129.509995|130.990005|129.470001|129.470001|1092200|0.9724963604|125.909096
2025-12-03|115|HAS|81.739998|83.379997|81.720001|82.470001|1355900|0.9777483232|80.634903
2025-12-03|116|HBAN|16.570000|17.059999|16.549999|17.040001|27795500|0.9725023795|16.571442
2025-12-03|117|HRL|23.120001|23.459999|23.059999|23.270000|6891900|0.9619905057|22.385519
2025-12-03|118|HST|17.530001|17.690001|17.450001|17.660000|5598300|0.9346875076|16.506580
2025-12-03|119|HSY|183.630005|185.429993|180.449997|180.630005|1437200|0.9782056212|176.693298
2025-12-03|120|INTC|43.389999|44.020000|42.509998|43.759998|91957200|1.0000000000|43.759998
2025-12-03|121|J|135.029999|138.820007|135.029999|138.729996|980100|0.9918477371|137.599030
2025-12-03|122|JPM|307.200012|312.359985|306.799988|312.130005|8535300|0.9859988977|307.759827
2025-12-03|123|KMB|107.389999|107.500000|105.309998|106.129997|6852000|0.9627154389|102.172981
2025-12-03|124|L|106.489998|106.800003|105.050003|105.750000|755100|0.9982870407|105.568848
2025-12-03|125|LEN|129.729996|133.759995|129.220001|133.130005|6028100|0.9844362452|131.057999
2025-12-03|126|LOW|243.179993|247.990005|243.179993|246.940002|3275600|0.9846876283|243.158768
2025-12-03|127|MAS|64.389999|65.379997|64.129997|64.620003|1643000|0.9866652888|63.758316
2025-12-03|128|MTB|190.960007|195.710007|189.470001|195.630005|709500|0.9861939937|192.929138
2025-12-03|129|NEM|91.860001|91.930000|89.570000|89.650002|8735000|0.9956554334|89.260521
2025-12-03|130|NTRS|130.399994|132.240005|130.399994|132.160004|964700|0.9838837164|130.030075
2025-12-03|131|NUE|161.139999|166.270004|160.720001|164.710007|2198300|0.9907811186|163.191559
2025-12-03|132|OMC|72.339996|73.040001|70.290001|71.000000|6523900|0.9700503706|68.873573
2025-12-03|133|PCAR|105.559998|109.300003|104.820000|108.540001|3706700|0.9792369323|106.286385
2025-12-03|134|PGR|228.720001|229.559998|226.029999|227.179993|2961700|0.9393741219|213.406998
2025-12-03|135|PH|863.099976|869.520020|857.900024|869.200012|456500|0.9958887879|865.626465
2025-12-03|136|PHM|126.949997|130.490005|126.919998|130.330002|1450700|0.9937132889|129.510651
2025-12-03|137|PPG|100.500000|101.699997|100.040001|101.339996|1720300|0.9817392581|99.489456
2025-12-03|138|PPL|35.369999|35.380001|34.590000|34.810001|10193300|0.9766950417|33.998760
2025-12-03|139|RF|25.490000|26.240000|25.410000|26.200001|12200600|0.9811037357|25.704920
2025-12-03|140|ROL|61.240002|61.240002|60.459999|60.619999|1710500|0.9887685295|59.939144
2025-12-03|141|SHW|339.059998|342.079987|337.309998|339.239990|1282000|0.9929181711|336.837585
2025-12-03|142|STT|118.989998|121.040001|118.989998|120.900002|1632000|0.9820070009|118.724640
2025-12-03|143|SWK|71.419998|72.809998|71.059998|72.529999|1768800|0.9785642065|70.975258
2025-12-03|144|SYK|366.959991|369.220001|365.500000|365.950012|939800|0.9921744259|363.086243
2025-12-03|145|TMO|581.289978|588.109985|580.010010|580.450012|1186600|0.9972620730|578.860718
2025-12-03|146|TPL|869.500031|918.510040|863.749969|914.720032|132600|0.3324435416|304.092743
2025-12-03|147|TSN|57.480000|58.009998|56.779999|56.779999|3538400|0.9836914879|55.854000
2025-12-03|148|TT|409.859985|411.049988|403.640015|409.070007|1146900|0.9953350758|407.161713
2025-12-03|149|TYL|460.709991|469.290009|460.600006|461.839996|269500|1.0000000000|461.839996
2025-12-03|150|UDR|36.310001|36.520000|35.590000|35.750000|2765100|0.9688744575|34.637264
2025-12-03|151|VTRS|10.750000|10.930000|10.730000|10.840000|5616100|0.9769695342|10.590350
2025-12-03|152|WEC|108.129997|108.650002|106.690002|107.290001|1865100|0.9747231440|104.578049
2025-12-03|153|WST|275.760010|285.399994|274.029999|284.309998|856300|0.9976812219|283.650757
2025-12-03|154|NDSN|236.539993|239.679993|235.419998|238.589996|305000|0.9906696357|236.363861
2025-12-03|155|TFC|46.500000|47.459999|46.480000|47.419998|5471900|0.9700498779|45.999763
2025-12-03|156|WELL|202.770004|203.229996|200.800003|201.919998|2639600|0.9893392873|199.767395
2025-12-03|157|AON|345.489990|347.339996|341.980011|344.450012|798400|0.9951005240|342.762390
2025-12-03|158|GL|131.399994|131.789993|129.210007|130.820007|592400|0.9938835716|130.019867
2025-12-03|159|OKE|73.379997|75.180000|73.379997|74.889999|4663500|0.9633206765|72.143089
2025-12-03|160|KLAC|1185.999985|1215.960007|1166.220016|1211.750031|810400|0.0996303139|120.727036
2025-12-03|161|CSX|35.009998|35.959999|34.970001|35.950001|14605900|0.9936713984|35.722488
2025-12-03|162|PSA|273.459991|278.549988|273.200012|278.250000|1195900|0.9701110817|269.933380
2025-12-03|163|NKE|65.080002|66.660004|64.980003|65.650002|12028300|0.9845960180|64.638725
2025-12-03|164|AAPL|286.200012|288.619995|283.299988|284.149994|43538700|0.9972854026|283.378662
2025-12-03|165|BRO|79.959999|80.639999|79.300003|79.650002|1681700|0.9924932219|79.052086
2025-12-03|166|UHS|238.440002|238.440002|229.830002|230.149994|602100|0.9976532391|229.609879
2025-12-03|167|HD|354.500000|360.470001|353.750000|357.910004|4166700|0.9796274407|350.618439
2025-12-03|168|BAX|19.000000|19.170000|18.860001|18.889999|6094200|0.9989896155|18.863638
2025-12-03|169|COP|90.019997|91.839996|89.970001|91.809998|5647600|0.9784321345|89.829849
2025-12-03|170|GLW|83.120003|84.059998|81.669998|83.550003|4686200|0.9966096046|83.266739
2025-12-03|171|HUM|242.779999|258.339996|241.600006|256.920013|2530800|0.9892166205|254.149551
2025-12-03|172|LHX|274.170013|277.799988|272.230011|277.739990|916300|0.9925076273|275.659058
2025-12-03|173|NOC|549.559998|554.520020|546.489990|553.320007|890000|0.9924395226|549.136658
2025-12-03|174|OXY|42.290001|42.900002|42.259998|42.450001|7062900|0.9849760250|41.812229
2025-12-03|175|ROK|391.010010|400.869995|388.540009|400.369995|771400|0.9904239689|396.536041
2025-12-03|176|SLB|36.430000|37.630001|36.230000|37.549999|16133700|0.9889523968|37.135162
2025-12-03|177|SO|89.230003|90.339996|87.070000|87.980003|10934400|0.9759995454|85.868431
2025-12-03|178|WMB|60.430000|62.189999|60.369999|61.549999|7621300|0.9774919343|60.164623
2025-12-03|179|VLO|179.020004|181.160004|176.199997|177.050003|3138600|0.9854130966|174.467377
2025-12-03|180|CI|276.000000|277.959991|270.059998|270.320007|1925700|0.9832673314|265.796814
2025-12-03|181|NSC|292.089996|295.250000|290.709991|294.049988|1479200|0.9874047136|290.346344
2025-12-03|182|COO|75.370003|76.839996|75.360001|75.980003|3974200|1.0000000000|75.980003
2025-12-03|183|AMGN|340.540009|346.380005|338.850006|345.420013|2839100|0.9799483831|338.493774
2025-12-03|184|RJF|155.639999|158.899994|155.639999|158.789993|881300|0.9893936166|157.105820
2025-12-03|185|WSM|179.000000|181.210007|178.149994|178.339996|1233000|0.9895967846|176.484695
2025-12-03|186|CAH|205.550003|206.699997|198.750000|199.710007|5171300|0.9929397050|198.300003
2025-12-03|187|CTAS|184.190002|185.210007|183.350006|184.710007|1515200|0.9924218382|183.310242
2025-12-03|188|PAYX|110.779999|113.620003|110.599998|113.389999|4278700|0.9670710940|109.656189
2025-12-03|189|BEN|22.530001|23.030001|22.450001|23.010000|3432300|0.9625940231|22.149290
2025-12-03|190|AOS|65.839996|67.449997|65.769997|67.320000|1187900|0.9834989125|66.209145
2025-12-03|191|CASY|562.799988|570.000000|554.090027|555.299988|237800|0.9976268719|553.982178
2025-12-03|192|T|25.559999|25.820000|25.309999|25.320000|29138400|0.9652496452|24.440121
2025-12-03|193|VZ|40.740002|41.320000|40.660000|40.669998|19910700|0.9521495225|38.723919
2025-12-03|194|JBHT|185.830002|190.800003|185.580002|187.919998|1936400|0.9944705560|186.880890
2025-12-03|195|ATO|170.910004|172.289993|170.179993|171.149994|968300|0.9829545502|168.232651
2025-12-03|196|LRCX|156.889999|160.100006|153.149994|159.750000|9964300|0.9981002163|159.446503
2025-12-03|197|MU|236.389999|237.800003|228.089996|234.160004|19188200|0.9990228227|233.931183
2025-12-03|198|AJG|244.429993|246.229996|242.610001|245.360001|1519200|0.9910126646|243.154861
2025-12-03|199|AME|196.860001|199.360001|195.679993|199.220001|960600|0.9953689352|198.297394
2025-12-03|200|SWKS|68.419998|70.260002|68.139999|69.370003|2413600|0.9796110161|67.955620
2025-12-03|201|EXPD|146.550003|148.660004|145.570007|148.089996|1133800|0.9948730934|147.330750
2025-12-03|202|UNH|326.000000|341.410004|325.010010|339.709991|9770000|0.9800610506|332.936523
2025-12-03|203|BBY|75.320000|75.919998|74.360001|74.379997|3669800|0.9593973356|71.359978
2025-12-03|204|DOC|17.969999|18.090000|17.240000|17.290001|11667800|0.9513422733|16.448709
2025-12-03|205|ADSK|308.760010|312.619995|305.480011|307.239990|1346700|1.0000000000|307.239990
2025-12-03|206|DVN|37.580002|38.009998|37.520000|37.689999|9200500|0.9814598964|36.991222
2025-12-03|207|NVR|7648.009766|7746.790039|7628.040039|7679.419922|23100|1.0000000000|7679.419922
2025-12-03|208|ROST|178.369995|178.639999|177.119995|178.000000|3434600|0.9936631572|176.872040
2025-12-03|209|JKHY|172.690002|176.850006|171.910004|176.130005|979500|0.9919197584|174.706833
2025-12-03|210|MNST|74.910004|75.050003|73.730003|73.989998|4972700|0.5000000000|73.989998
2025-12-03|211|ORCL|200.330002|207.919998|199.399994|207.729996|19060500|0.9904465499|205.745468
2025-12-03|212|MSFT|476.320007|484.239990|475.200012|477.730011|34615100|0.9936958009|474.718292
2025-12-03|213|TROW|102.629997|105.190002|102.629997|105.050003|1953900|0.9618549978|101.042870
2025-12-03|214|COST|920.809998|926.320007|916.020020|922.260010|1886800|0.9956058515|918.207458
2025-12-03|215|ADBE|321.980011|326.989990|320.630005|326.779999|3082200|1.0000000000|326.779999
2025-12-03|216|FISV|64.669998|67.720001|64.400002|66.949997|14913200|1.0000000000|66.949997
2025-12-03|217|BKR|49.849998|50.759998|49.700001|50.490002|5273100|0.9892821118|49.948853
2025-12-03|218|CDNS|315.799988|338.000000|315.679993|336.109985|2676800|1.0000000000|336.109985
2025-12-03|219|TJX|150.369995|150.979996|149.660004|150.059998|4517000|0.9907991610|148.679306
2025-12-03|220|FICO|1777.040039|1791.369995|1756.000000|1762.349976|146500|1.0000000000|1762.349976
2025-12-03|221|CCL|25.830000|26.150000|25.530001|26.040001|20048800|0.9841845235|25.628166
2025-12-03|222|FAST|40.450001|41.310001|40.349998|41.220001|6503700|0.9838279433|40.553394
2025-12-03|223|SCHW|92.019997|94.019997|91.599998|93.989998|9688300|0.9901836685|93.067352
2025-12-03|224|JCI|115.000000|115.400002|113.470001|114.220001|5046000|0.9941759575|113.554779
2025-12-03|225|COHR|164.369995|171.179993|158.210007|170.960007|4085700|1.0000000000|170.960007
2025-12-03|226|KEY|18.290001|18.760000|18.270000|18.750000|15502500|0.9804836286|18.384069
2025-12-03|227|MOS|24.350000|24.600000|24.170000|24.209999|4830100|0.9727377902|23.549982
2025-12-03|228|MGM|35.400002|35.950001|35.290001|35.540001|2502800|1.0000000000|35.540001
2025-12-03|229|WM|214.960007|217.520004|214.619995|216.149994|1615500|0.9879218676|213.539307
2025-12-03|230|TECH|63.330002|64.730003|63.110001|63.820000|1783100|0.9957086055|63.546124
2025-12-03|231|IEX|176.000000|178.309998|176.000000|178.210007|466500|0.9895889092|176.354660
2025-12-03|232|GEN|26.160000|27.219999|26.160000|27.190001|3503200|0.9850474704|26.783442
2025-12-03|233|CRH|118.430000|121.800003|118.389999|121.360001|4774300|0.9889154582|120.014778
2025-12-03|234|EOG|110.029999|111.870003|109.699997|111.510002|3922100|0.9756845809|108.798584
2025-12-03|235|PTC|176.009995|177.740005|175.100006|177.369995|507800|1.0000000000|177.369995
2025-12-03|236|CSCO|76.589996|77.820000|75.650002|77.750000|16088400|0.9856294108|76.632698
2025-12-03|237|LH|266.660004|268.000000|265.220001|265.760010|709400|0.9947633093|263.802734
2025-12-03|238|TRMB|82.279999|82.949997|81.430000|82.339996|1305300|1.0000000000|82.339996
2025-12-03|239|AZO|3837.370117|3870.439941|3806.610107|3822.919922|115000|1.0000000000|3822.919922
2025-12-03|240|REGN|730.359985|744.229980|720.070007|723.669983|1238500|0.9961457605|720.880737
2025-12-03|241|IDXX|738.690002|739.150024|724.739990|725.929993|504800|1.0000000000|725.929993
2025-12-03|242|AES|14.020000|14.110000|13.700000|13.710000|8534500|0.9646899783|13.225901
2025-12-03|243|VRTX|440.309998|463.850006|439.350006|463.130005|2542200|1.0000000000|463.130005
2025-12-03|244|ZBRA|254.649994|259.579987|252.860001|259.339996|593500|1.0000000000|259.339996
2025-12-03|245|BIIB|180.169998|182.940002|178.050003|180.750000|1845100|1.0000000000|180.750000
2025-12-03|246|ODFL|142.300003|151.050003|141.500000|150.949997|4491200|0.9973411992|150.548645
2025-12-03|247|APH|140.929993|141.059998|137.309998|138.649994|10115400|0.9946061744|137.902130
2025-12-03|248|KIM|20.330000|20.450001|20.260000|20.410000|3909000|0.9657396580|19.710749
2025-12-03|249|QCOM|170.899994|175.089996|170.350006|175.070007|7624300|0.9849314898|172.431961
2025-12-03|250|GILD|124.209999|125.599998|123.879997|125.000000|5306000|0.9813788839|122.672356
2025-12-03|251|ROP|439.959991|446.290009|439.959991|445.890015|565900|0.9929279129|442.736664
2025-12-03|252|SNPS|445.279999|468.290009|443.359985|466.440002|2564200|1.0000000000|466.440002
2025-12-03|253|STZ|138.000000|139.750000|137.190002|138.080002|2175900|0.9792322433|135.212372
2025-12-03|254|BSX|99.000000|99.339996|97.639999|98.570000|9868900|1.0000000000|98.570000
2025-12-03|255|STE|259.920013|261.260010|256.679993|259.399994|396300|0.9945039836|257.974335
2025-12-03|256|DHI|159.000000|165.169998|159.000000|165.000000|4043700|0.9911938574|163.546982
2025-12-03|257|LIN|408.339996|411.019989|406.000000|409.149994|1957500|0.9935105778|406.494843
2025-12-03|258|SBUX|85.029999|87.500000|84.970001|87.110001|9303900|0.9821606772|85.556015
2025-12-03|259|MS|168.550003|174.000000|168.100006|173.720001|6223300|0.9837860335|170.903320
2025-12-03|260|INTU|630.859985|648.099976|629.900024|647.679993|1778900|0.9906980199|641.655273
2025-12-03|261|MCHP|59.299999|63.939999|58.950001|63.610001|22906400|0.9832658267|62.545536
2025-12-03|262|CB|294.880005|297.070007|293.500000|295.049988|1773000|0.9939554166|293.266510
2025-12-03|263|ORLY|99.709999|101.120003|98.110001|98.610001|4431900|1.0000000000|98.610001
2025-12-03|264|RCL|263.399994|269.459991|262.899994|265.769989|1446400|0.9862054091|262.103790
2025-12-03|265|JBL|212.399994|215.360001|209.399994|214.050003|1403000|0.9992441666|213.888214
2025-12-03|266|ALL|209.250000|211.130005|206.970001|208.619995|1825900|0.9897514584|206.481949
2025-12-03|267|CPT|106.129997|106.769997|105.309998|105.559998|939500|0.9704206326|102.437592
2025-12-03|268|VMRK|61.869999|62.299999|61.770000|62.029999|2300300|0.9671264641|59.990856
2025-12-03|269|IT|228.660004|232.429993|227.660004|231.910004|714200|1.0000000000|231.910004
2025-12-03|270|DECK|92.349998|95.980003|91.800003|94.970001|3760500|1.0000000000|94.970001
2025-12-03|271|REG|70.110001|70.360001|69.430000|69.940002|762900|0.9701425273|67.851776
2025-12-03|272|INCY|101.800003|102.620003|100.900002|101.500000|1874600|1.0000000000|101.500000
2025-12-03|273|SPG|182.500000|183.630005|182.270004|182.300003|1791700|0.9659807077|176.098282
2025-12-03|274|MAA|135.119995|136.160004|134.199997|134.520004|735600|0.9656183896|129.894989
2025-12-03|275|MLM|609.409973|616.690002|607.200012|615.869995|280800|0.9973479749|614.236694
2025-12-03|276|TSCO|53.580002|54.820000|53.490002|54.070000|5625100|0.9807531624|53.029320
2025-12-03|277|ALB|124.500000|127.050003|123.430000|126.489998|4145000|0.9919948535|125.477432
2025-12-03|278|CPRT|38.910000|39.290001|38.730000|38.849998|6919400|1.0000000000|38.849998
2025-12-03|279|FLEX|57.509998|59.090000|56.759998|58.770000|3014200|1.0000000000|58.770000
2025-12-03|280|ESS|260.329987|262.869995|259.570007|259.779999|459700|0.9710345219|252.255356
2025-12-03|281|O|57.740002|58.250000|57.520000|58.090000|6560800|0.9656842140|56.096592
2025-12-03|282|MCO|487.869995|492.559998|487.269989|492.010010|545400|0.9933686768|488.747375
2025-12-03|283|SJM|101.330002|101.639999|100.129997|100.360001|1915300|0.9701300487|97.362251
2025-12-03|284|MCK|835.390015|835.390015|802.719971|805.369995|1486100|0.9980659618|803.812378
2025-12-03|285|COF|223.929993|228.410004|222.979996|227.240005|4089700|0.9884398390|224.613068
2025-12-03|286|EME|604.750000|612.739990|590.989990|612.000000|355100|0.9983902989|611.014893
2025-12-03|287|DLTR|108.879997|114.379997|107.440002|112.919998|6526800|1.0000000000|112.919998
2025-12-03|288|COR|352.140015|352.140015|333.390015|335.309998|3445700|0.9940692618|333.321350
2025-12-03|289|DRI|175.460007|178.919998|174.720001|177.320007|1065600|0.9771066651|173.260559
2025-12-03|290|RMD|251.470001|254.100006|250.100006|251.440002|549800|0.9918845144|249.399445
2025-12-03|291|WAB|208.729996|214.050003|207.740005|213.449997|915300|0.9965472933|212.713013
2025-12-03|292|FCX|44.330002|45.090000|44.130001|44.529999|22864300|0.9929128187|44.214405
2025-12-03|293|IVZ|24.260000|24.730000|24.260000|24.389999|6340200|0.9777629266|23.847637
2025-12-03|294|ACGL|92.870003|93.790001|92.059998|92.720001|2503900|1.0000000000|92.720001
2025-12-03|295|ERIE|295.880005|299.339996|294.100006|296.209991|86400|0.9834606060|291.310852
2025-12-03|296|EG|311.859985|315.970001|311.859985|314.029999|337100|0.9878843207|310.225342
2025-12-03|297|DVA|119.230003|120.370003|117.839996|118.250000|722400|1.0000000000|118.250000
2025-12-03|298|HSIC|72.040001|73.150002|72.040001|72.879997|1737800|1.0000000000|72.879997
2025-12-03|299|EL|100.269997|102.099998|100.000000|102.029999|4253200|0.9930325985|101.319115
2025-12-03|300|WAT|402.059998|403.799988|397.109985|397.619995|468900|1.0000000000|397.619995
2025-12-03|301|NTAP|115.570000|116.339996|113.730003|114.660004|1717800|0.9870750252|113.178017
2025-12-03|302|HIG|135.130005|135.669998|132.669998|133.039993|1765400|0.9910400733|131.847961
2025-12-03|303|IRM|82.940002|84.360001|82.000000|84.279999|1466400|0.9749654551|82.170090
2025-12-03|304|BRK-B|507.519989|509.600006|503.600006|503.600006|3803200|1.0000000000|503.600006
2025-12-03|305|FDS|278.130005|282.649994|276.350006|279.149994|496900|0.9900356292|276.368439
2025-12-03|306|STLD|167.460007|172.940002|167.190002|171.500000|1453500|0.9917509611|170.085281
2025-12-03|307|DGX|183.270004|184.160004|182.210007|182.610001|1057300|0.9871163208|180.257324
2025-12-03|308|CIEN|201.000000|202.220001|186.389999|193.350006|3809100|1.0000000000|193.350006
2025-12-03|309|TTWO|246.259995|246.550003|242.979996|244.949997|849300|1.0000000000|244.949997
2025-12-03|310|VTR|80.000000|80.209999|79.239998|80.000000|2783300|0.9818295408|78.546371
2025-12-03|311|AMZN|233.350006|233.380005|230.610001|232.380005|35495100|1.0000000000|232.380005
2025-12-03|312|ARE|52.130001|52.570000|47.570000|48.419998|7331300|0.9575530500|46.364719
2025-12-03|313|RL|357.299988|362.390015|355.890015|358.149994|668300|0.9923194237|355.399200
2025-12-03|314|BXP|71.879997|72.500000|70.730003|71.150002|1081700|0.9663309942|68.754456
2025-12-03|315|FIX|935.000000|953.489990|910.049988|949.299988|300300|0.9985721755|947.944519
2025-12-03|316|YUM|147.679993|149.639999|147.600006|148.520004|2259700|0.9905648102|147.118698
2025-12-03|317|CHRW|159.419998|161.160004|158.460007|159.539993|1577400|0.9892308245|157.821884
2025-12-03|318|FE|45.740002|45.950001|45.169998|45.230000|6086400|0.9707938980|43.909008
2025-12-03|319|MTD|1453.219971|1463.979980|1434.000000|1434.880005|161100|1.0000000000|1434.880005
2025-12-03|320|PLD|128.820007|129.529999|128.029999|129.190002|3294300|0.9772581725|126.251984
2025-12-03|321|URI|800.599976|816.119995|797.000000|813.659973|791900|0.9939808437|808.762451
2025-12-03|322|AEE|101.550003|102.050003|100.339996|101.470001|2410100|0.9792499824|99.364494
2025-12-03|323|VRSN|253.610001|255.919998|248.850006|249.940002|1410800|0.9907421953|247.626114
2025-12-03|324|PWR|454.519989|458.350006|440.899994|456.019989|734700|0.9993903388|455.741943
2025-12-03|325|AMT|176.029999|176.770004|174.350006|176.179993|2693000|0.9712942756|171.122620
2025-12-03|326|MAR|303.519989|309.429993|303.519989|306.649994|1459500|0.9940852561|304.836243
2025-12-03|327|CTSH|77.730003|79.529999|77.500000|79.239998|3784500|0.9822114026|77.830429
2025-12-03|328|SRE|91.080002|91.129997|90.309998|90.730003|2526900|0.9788895267|88.814651
2025-12-03|329|CSGP|68.220001|69.120003|68.029999|69.019997|2449700|1.0000000000|69.019997
2025-12-03|330|RSG|213.000000|215.419998|212.000000|215.369995|1235200|0.9913326285|213.503296
2025-12-03|331|CCI|88.500000|88.900002|87.160004|88.330002|2507300|0.9648543647|85.225594
2025-12-03|332|EBAY|83.160004|83.779999|81.879997|82.000000|3288700|0.9939126631|81.253799
2025-12-03|333|NVDA|181.080002|182.449997|179.110001|179.589996|165138000|0.9987261828|179.361237
2025-12-03|334|BKNG|5092.969894|5167.119980|5042.160034|5047.209930|205200|0.0397328628|200.540085
2025-12-03|335|GS|812.950012|837.909973|812.950012|836.570007|2347900|0.9903999491|828.538818
2025-12-03|336|FFIV|238.360001|241.190002|236.330002|240.630005|1072200|1.0000000000|240.630005
2025-12-03|337|SBAC|186.979996|187.949997|185.130005|187.339996|837600|0.9805017315|183.687195
2025-12-03|338|LII|487.329987|506.540009|486.000000|500.010010|762800|0.9920705337|496.045166
2025-12-03|339|BLK|1043.069946|1087.089966|1040.650024|1079.869995|863200|0.9841011192|1062.701294
2025-12-03|340|TKO|194.809998|196.419998|193.589996|194.899994|1318800|0.9884090368|192.640900
2025-12-03|341|AKAM|86.830002|88.470001|86.629997|87.970001|2337200|1.0000000000|87.970001
2025-12-03|342|UPS|96.059998|98.250000|95.889999|98.209999|7259000|0.9546755018|93.758675
2025-12-03|343|A|149.770004|151.429993|149.100006|149.259995|2163100|0.9940314297|148.369125
2025-12-03|344|TDY|499.019989|505.040009|494.459991|503.959991|317200|1.0000000000|503.959991
2025-12-03|345|PKG|193.259995|198.410004|192.660004|197.949997|967900|0.9816059808|194.308914
2025-12-03|346|EW|84.730003|85.050003|83.940002|83.980003|2271400|1.0000000000|83.980003
2025-12-03|347|MET|76.480003|77.570000|76.139999|77.510002|3419100|0.9792675716|75.903023
2025-12-03|348|ON|51.580002|57.520000|51.490002|57.150002|13562500|1.0000000000|57.150002
2025-12-03|349|ISRG|569.479980|571.770020|563.039978|569.710022|1090600|1.0000000000|569.710022
2025-12-03|350|CRL|180.910004|185.929993|180.000000|184.669998|770500|1.0000000000|184.669998
2025-12-03|351|MRVL|100.040001|102.110001|95.790001|100.199997|52833700|0.9985347355|100.053177
2025-12-03|352|EQIX|728.799988|735.190002|724.419983|732.719971|991500|0.9849779860|721.713074
2025-12-03|353|TPR|110.099998|113.099998|109.919998|111.919998|2268900|0.9910289553|110.915955
2025-12-03|354|GRMN|200.759995|201.190002|198.300003|199.460007|954200|0.9875544034|196.977600
2025-12-03|355|GPN|79.110001|80.779999|79.110001|79.959999|2230800|0.9898898052|79.151588
2025-12-03|356|ALGN|151.550003|156.600006|150.919998|155.000000|1571200|1.0000000000|155.000000
2025-12-03|357|WTW|315.880005|318.200012|314.480011|316.529999|610400|0.9903328749|313.470062
2025-12-03|358|MDLZ|55.980000|56.689999|55.650002|56.029999|10060400|0.9742061707|54.584770
2025-12-03|359|AXON|536.750000|544.599976|531.000000|543.549988|552200|1.0000000000|543.549988
2025-12-03|360|FIS|66.949997|67.480003|65.410004|65.660004|4215100|0.9743297530|63.974503
2025-12-03|361|ACN|261.980011|274.059998|261.750000|272.850006|6961900|0.9798095806|267.341034
2025-12-03|362|ZBH|94.400002|95.260002|92.870003|93.099998|1984600|0.9920119396|92.356308
2025-12-03|363|BG|96.699997|97.349998|95.139999|95.290001|1034400|0.9821514316|93.589218
2025-12-03|364|PFG|83.750000|86.019997|83.500000|85.940002|1228600|0.9832413887|84.499763
2025-12-03|365|ELV|332.029999|334.970001|329.630005|330.750000|1691800|0.9847701459|325.712738
2025-12-03|366|CNC|38.779999|39.340000|38.590000|38.810001|3838200|1.0000000000|38.810001
2025-12-03|367|PRU|108.320000|109.940002|107.290001|109.570000|1688900|0.9622422893|105.432884
2025-12-03|368|NFLX|106.589996|106.870003|102.029999|103.959999|53593400|1.0000000000|103.959999
2025-12-03|369|NDAQ|88.440002|88.889999|87.790001|88.320000|2219900|0.9903103249|87.464211
2025-12-03|370|WYNN|133.750000|133.979996|129.889999|131.529999|1137300|0.9927789107|130.580215
2025-12-03|371|CME|276.049988|279.809998|273.119995|274.339996|1847500|0.9671562481|265.329651
2025-12-03|372|STX|266.459991|266.459991|250.529999|258.670013|3828300|0.9949371232|257.360382
2025-12-03|373|NRG|163.759995|167.000000|160.220001|166.770004|1291300|0.9903289609|165.157181
2025-12-03|374|AIZ|221.399994|223.009995|219.529999|222.330002|344700|0.9925480196|220.673203
2025-12-03|375|CBRE|160.059998|162.860001|159.210007|162.279999|1202800|1.0000000000|162.279999
2025-12-03|376|CRM|235.360001|239.259995|233.160004|238.720001|13782000|0.9933339931|237.128693
2025-12-03|377|DPZ|425.000000|433.500000|425.000000|431.690002|483900|0.9848757173|425.161011
2025-12-03|378|EXR|132.860001|133.649994|131.929993|132.240005|991500|0.9661267437|127.760612
2025-12-03|379|GOOG|316.029999|322.040009|314.279999|320.619995|32285100|0.9980438060|319.992798
2025-12-03|380|GOOGL|315.890015|321.579987|314.100006|319.630005|41838300|0.9980471771|319.005798
2025-12-03|381|DLR|157.429993|159.880005|156.580002|159.690002|1362300|0.9788235933|156.308350
2025-12-03|382|MPWR|954.309998|962.219971|933.820007|958.020020|464100|0.9948016730|953.039917
2025-12-03|383|LVS|68.660004|68.989998|66.870003|66.879997|6380800|0.9827791790|65.728271
2025-12-03|384|DXCM|64.430000|65.160004|64.089996|64.849998|3710800|1.0000000000|64.849998
2025-12-03|385|BLDR|112.389999|116.309998|111.580002|114.440002|1782000|1.0000000000|114.440002
2025-12-03|386|WBD|24.240000|24.740000|24.100000|24.570000|22786500|1.0000000000|24.570000
2025-12-03|387|EXPE|263.929993|266.000000|260.570007|262.420013|1255900|0.9942877675|260.920990
2025-12-03|388|CF|79.290001|80.300003|79.120003|79.290001|2109800|0.9855673857|78.145645
2025-12-03|389|AMP|457.779999|470.829987|457.279999|470.109985|614400|0.9903313094|465.564606
2025-12-03|390|ICE|156.320007|157.729996|155.979996|156.850006|2848700|0.9901381914|155.303192
2025-12-03|391|PSKY|15.800000|15.830000|14.640000|14.670000|9614700|0.9863259572|14.469402
2025-12-03|392|LYV|128.929993|136.460007|128.649994|136.009995|5088400|1.0000000000|136.009995
2025-12-03|393|CMG|34.169998|34.590000|33.889999|33.930000|23058300|1.0000000000|33.930000
2025-12-03|394|UAL|104.879997|109.660004|104.680000|108.480003|6287200|1.0000000000|108.480003
2025-12-03|395|TDG|1347.520020|1349.510010|1332.130005|1337.329956|197000|1.0000000000|1337.329956
2025-12-03|396|MA|547.320007|555.070007|546.500000|553.729980|2687900|0.9951190330|551.027222
2025-12-03|397|LDOS|187.839996|189.080002|186.800003|188.440002|585300|0.9917626624|186.887772
2025-12-03|398|FSLR|263.000000|263.000000|252.309998|256.059998|1862500|1.0000000000|256.059998
2025-12-03|399|BR|227.259995|230.580002|227.259995|230.460007|741100|0.9836780236|226.698441
2025-12-03|400|SMCI|33.000000|33.709999|32.669998|33.680000|16253200|1.0000000000|33.680000
2025-12-03|401|TMUS|209.630005|211.809998|207.279999|208.509995|3999400|0.9898439218|205.208008
2025-12-03|402|DAL|65.120003|67.620003|65.120003|67.489998|10140600|0.9922015511|66.963684
2025-12-03|403|IBKR|63.770000|65.089996|63.590000|64.959999|2400100|0.9979162811|64.824646
2025-12-03|404|PODD|309.179993|310.440002|303.200012|307.559998|905100|1.0000000000|307.559998
2025-12-03|405|TEL|228.820007|231.259995|226.369995|230.800003|2339200|0.9892434805|228.317398
2025-12-03|406|BX|147.160004|151.820007|146.399994|151.520004|3678200|0.9695455041|146.905533
2025-12-03|407|LULU|182.660004|185.070007|178.899994|182.300003|2742200|1.0000000000|182.300003
2025-12-03|408|ULTA|546.750000|551.929993|543.049988|544.520020|640800|1.0000000000|544.520020
2025-12-03|409|MSCI|546.109985|553.440002|545.000000|545.559998|994700|0.9889531620|539.533325
2025-12-03|410|ECHO|74.599998|75.370003|73.870003|74.029999|2387400|1.0000000000|74.029999
2025-12-03|411|PM|155.130005|155.559998|151.559998|151.710007|3827200|0.9741176592|147.783401
2025-12-03|412|V|329.609985|332.350006|329.350006|329.609985|6296700|0.9940309283|327.642517
2025-12-03|413|AWK|131.220001|132.449997|129.630005|130.970001|2182900|0.9796942856|128.310562
2025-12-03|414|KDP|28.150000|28.440001|27.990000|28.330000|16777900|0.9761522236|27.654392
2025-12-03|415|SW|34.770000|36.180000|34.610001|36.119999|7070300|0.9711821711|35.079102
2025-12-03|416|AVGO|380.000000|382.299988|370.649994|380.609985|21336400|0.9944270811|378.488922
2025-12-03|417|VRSK|224.860001|227.160004|224.080002|224.479996|1420100|0.9927002374|222.841339
2025-12-03|418|DG|110.800003|111.870003|109.889999|109.889999|5472700|0.9860246787|108.354248
2025-12-03|419|FTNT|82.209999|82.959999|81.419998|82.760002|5133700|1.0000000000|82.760002
2025-12-03|420|CHTR|196.690002|201.660004|196.000000|199.960007|1346500|1.0000000000|199.960007
2025-12-03|421|FERG|252.089996|253.440002|250.339996|252.839996|885700|0.9848254111|249.003235
2025-12-03|422|GNRC|154.940002|159.589996|154.770004|159.169998|827300|1.0000000000|159.169998
2025-12-03|423|LYB|47.930000|48.529999|45.950001|46.029999|7141400|0.9677851714|44.547150
2025-12-03|424|CBOE|255.899994|256.250000|252.309998|253.899994|556600|0.9954503651|252.744843
2025-12-03|425|TSLA|432.100006|447.920013|431.109985|446.739990|87483000|1.0000000000|446.739990
2025-12-03|426|KKR|123.000000|126.919998|122.120003|126.480003|3084000|0.9943370554|125.763756
2025-12-03|427|NXPI|217.839996|228.800003|215.160004|227.559998|4593800|0.9870653625|224.616592
2025-12-03|428|GM|73.610001|74.919998|73.610001|74.690002|8392400|0.9934966717|74.204277
2025-12-03|429|TRGP|173.679993|177.330002|173.169998|175.720001|1570800|0.9854533185|173.163849
2025-12-03|430|CPAY|296.730011|300.140015|293.119995|299.890015|397200|1.0000000000|299.890015
2025-12-03|431|KMI|26.980000|27.370001|26.889999|27.170000|10768100|0.9722301462|26.415495
2025-12-03|432|HCA|500.640015|501.739990|485.450012|486.769989|2025000|0.9950375716|484.354431
2025-12-03|433|HII|307.079987|310.160004|304.010010|309.230011|347000|0.9925978670|305.516266
2025-12-03|434|APO|132.020004|135.559998|131.080002|134.500000|4833300|0.9875780044|132.829239
2025-12-03|435|MPC|193.259995|194.000000|188.460007|189.429993|2415900|0.9885237030|187.256042
2025-12-03|436|XYL|139.389999|141.179993|139.389999|140.889999|1321400|0.9889650951|139.335281
2025-12-03|437|APTV|77.379997|78.660004|77.339996|78.089996|1746300|1.0000000000|78.089996
2025-12-03|438|PSX|138.339996|140.279999|137.080002|139.850006|2186600|0.9794981865|136.982834
2025-12-03|439|AMCR|8.410000|8.490000|8.410000|8.460000|20155700|4.8543684849|41.067955
2025-12-03|440|META|644.409973|648.849976|637.549988|639.599976|11134300|0.9974059053|637.940796
2025-12-03|441|NOW|821.999969|832.979965|813.460007|832.900009|923900|0.2000000000|166.580002
2025-12-03|442|PANW|190.080002|194.000000|186.770004|193.630005|5489800|1.0000000000|193.630005
2025-12-03|443|FANG|156.800003|159.389999|156.800003|158.380005|1638800|0.9832059760|155.720169
2025-12-03|444|WDAY|211.940002|215.449997|210.770004|214.839996|2163200|1.0000000000|214.839996
2025-12-03|445|ABBV|224.839996|230.789993|224.520004|230.240005|4872900|0.9769027438|224.922104
2025-12-03|446|NCLH|18.510000|19.080000|18.400000|18.830000|15243900|1.0000000000|18.830000
2025-12-03|447|ZTS|125.279999|125.800003|121.250000|122.570000|5019700|0.9845723480|120.679039
2025-12-03|448|IQV|226.740005|230.800003|226.020004|227.240005|1225100|1.0000000000|227.240005
2025-12-03|449|NWS|29.150000|29.150000|28.850000|29.010000|671700|0.9963262306|28.903423
2025-12-03|450|NWSA|25.510000|25.650000|25.410000|25.559999|2185200|0.9958385353|25.453632
2025-12-03|451|CDW|142.990005|145.160004|142.419998|143.679993|965600|0.9844137869|141.440567
2025-12-03|452|VEEV|239.250000|241.449997|238.679993|241.330002|913500|1.0000000000|241.330002
2025-12-03|453|ALLE|164.729996|165.979996|163.960007|164.029999|553400|0.9921390873|162.740570
2025-12-03|454|HLT|280.829987|283.600006|278.809998|280.239990|1279100|0.9986088702|279.850128
2025-12-03|455|ARES|159.610001|163.789993|159.259995|162.050003|1715400|0.9704279397|157.257843
2025-12-03|456|ANET|126.160004|128.500000|123.750000|127.800003|5286300|1.0000000000|127.800003
2025-12-03|457|SYF|78.769997|80.400002|78.709999|79.150002|3705200|0.9876561264|78.172981
2025-12-03|458|CFG|54.849998|55.709999|54.599998|55.680000|5552100|0.9795741096|54.542690
2025-12-03|459|KEYS|200.839996|206.850006|199.434006|206.610001|1157100|1.0000000000|206.610001
2025-12-03|460|GDDY|128.029999|131.610001|128.029999|130.080002|1934000|1.0000000000|130.080002
2025-12-03|461|KHC|24.950001|25.280001|24.860001|25.030001|13351600|0.9659839010|24.178577
2025-12-03|462|PYPL|62.849998|63.930000|60.410000|61.240002|24402800|0.9937057617|60.854542
2025-12-03|463|LITE|306.970001|306.970001|288.500000|302.980011|3207400|1.0000000000|302.980011
2025-12-03|464|HPE|21.885000|22.410000|21.820000|22.260000|19079400|0.9847720717|21.921026
2025-12-03|465|XYZ|61.040001|62.900002|60.290001|61.110001|13314700|1.0000000000|61.110001
2025-12-03|466|FTV|53.250000|53.599998|53.049999|53.450001|2063600|0.9979248563|53.339085
2025-12-03|467|DELL|135.399994|136.110001|133.240005|133.630005|5630700|0.9909355870|132.418716
2025-12-03|468|TTD|39.715000|40.080002|38.560001|38.610001|12875800|1.0000000000|38.610001
2025-12-03|469|VST|172.660004|173.850006|168.949997|171.649994|2492600|0.9958526400|170.938110
2025-12-03|470|HWM|196.649994|196.880005|192.050003|194.289993|1851400|0.9985047767|193.999481
2025-12-03|471|INVH|27.870001|28.030001|27.504999|27.660000|3338000|0.9672165501|26.753208
2025-12-03|472|CVNA|381.220016|401.549988|380.000000|395.000000|3408300|0.2000000000|79.000000
2025-12-03|473|IR|79.480003|80.160004|79.010002|79.750000|1525000|0.9992655835|79.691437
2025-12-03|474|VICI|28.400000|28.639999|28.115000|28.299999|12220800|0.9523421134|26.951284
2025-12-03|475|VRT|179.020004|180.929993|172.699997|178.880005|5374500|0.9995540701|178.800247
2025-12-03|476|MRNA|24.040001|25.200001|23.930000|25.180000|7780000|1.0000000000|25.180000
2025-12-03|477|FOXA|66.269997|67.330002|66.269997|66.449997|2744500|0.9951185496|66.125626
2025-12-03|478|FOX|59.349998|60.251999|59.122002|59.330002|920200|0.9946544484|59.012852
2025-12-03|479|DOW|23.980000|24.465000|23.735001|23.760000|10524700|0.9783459966|23.245501
2025-12-03|480|UBER|89.845001|91.379997|88.952003|90.680000|21335800|1.0000000000|90.680000
2025-12-03|481|CTVA|65.800003|66.239998|65.269997|65.300003|3885900|0.9954590981|65.003479
2025-12-03|482|CRWD|497.989990|525.000000|486.299988|524.169983|5578800|0.2500000000|131.042496
2025-12-03|483|DDOG|156.139999|156.389999|153.190002|155.830002|3728900|1.0000000000|155.830002
2025-12-03|484|CARR|53.590000|54.650002|53.200001|54.619999|9752500|0.9886394999|53.999496
2025-12-03|485|OTIS|87.510002|88.029999|86.699997|86.940002|2189600|0.9834662418|85.502556
2025-12-03|486|PLTR|170.139999|177.910004|168.830002|176.080002|30541600|1.0000000000|176.080002
2025-12-03|487|DASH|216.354996|223.990005|215.710007|222.479996|7354800|1.0000000000|222.479996
2025-12-03|488|ABNB|118.260002|120.723000|117.629997|120.129997|5485500|1.0000000000|120.129997
2025-12-03|489|EXE|118.360001|123.180000|117.839996|122.889999|2291800|0.9826864450|120.762337
2025-12-03|490|COIN|268.000000|277.589996|264.130005|276.920013|9466700|1.0000000000|276.920013
2025-12-03|491|APP|654.869995|667.090027|645.000000|662.210022|3000700|1.0000000000|662.210022
2025-12-03|492|HOOD|126.099998|134.339996|124.400002|133.639999|25004500|1.0000000000|133.639999
2025-12-03|493|CEG|361.190002|365.470001|355.209991|361.260010|1559500|0.9955820742|359.663971
2025-12-03|494|GEHC|80.209999|84.110001|80.099998|83.589996|5253900|0.9985528329|83.469017
2025-12-03|495|KVUE|16.950001|17.049999|16.750000|16.969999|41596100|0.9661066365|16.394829
2025-12-03|496|VLTO|102.040001|103.360001|102.019997|102.180000|1074700|0.9957401186|101.744720
2025-12-03|497|RDDT|222.660004|225.820007|220.000000|220.839996|2706100|1.0000000000|220.839996
2025-12-03|498|SOLV|85.739998|86.180000|84.599998|85.250000|1176500|1.0000000000|85.250000
2025-12-03|499|GEV|595.880005|608.846985|575.380005|601.969971|2754500|0.9981503345|600.856567
2025-12-03|500|SNDK|196.695007|199.179993|187.699997|194.380005|9868200|1.0000000000|194.380005
2025-12-03|501|Q|79.970001|81.050003|78.900002|80.279999|1244700|0.9988559230|80.188156
