date|security_id|ticker|open|high|low|close|volume|adj_factor|adj_close_vendor
2025-12-04|1|AEP|118.190002|119.110001|117.269997|118.040001|3501500|0.9775591772|115.391083
2025-12-04|2|BA|202.850006|202.889999|198.529999|201.869995|9513300|1.0000000000|201.869995
2025-12-04|3|CAT|590.179993|602.719971|587.000000|599.150024|2313600|0.9939261318|595.510864
2025-12-04|4|CNP|38.799999|38.860001|38.290001|38.540001|6057700|0.9832236217|37.893440
2025-12-04|5|CVX|151.750000|152.940002|151.220001|152.259995|7254700|0.9728341284|148.123718
2025-12-04|6|DIS|105.839996|106.220001|104.510002|105.470001|11471400|0.9857264957|103.964577
2025-12-04|7|DTE|132.960007|134.070007|129.690002|132.160004|2210300|0.9755422782|128.927673
2025-12-04|8|ED|96.389999|97.339996|95.889999|96.220001|2303500|0.9759585897|93.906746
2025-12-04|9|GD|338.190002|342.829987|338.190002|341.700012|1412700|0.9869830633|337.252136
2025-12-04|10|GE|288.850006|294.540009|287.660004|291.859985|4195300|0.9961629631|290.740143
2025-12-04|11|HON|193.459994|193.919998|191.459995|192.230000|4006200|1.0347776740|198.915329
2025-12-04|12|HPQ|25.200001|25.930000|25.110001|25.900000|11666100|0.9607551428|24.883558
2025-12-04|13|IBM|302.880005|309.609985|302.540009|307.989990|2962500|0.9800357773|301.841187
2025-12-04|14|IP|39.160000|39.480000|38.939999|39.130001|4444700|0.9645837619|37.744164
2025-12-04|15|JNJ|204.589996|204.860001|201.710007|202.479996|9049900|0.9841702191|199.274765
2025-12-04|16|KO|70.830002|71.339996|70.370003|70.449997|17710000|0.9867998793|69.520050
2025-12-04|17|KR|63.549999|64.250000|60.959999|63.139999|22791000|0.9830507535|62.069820
2025-12-04|18|LMT|448.179993|449.529999|445.429993|448.350006|1283700|0.9882876617|443.098755
2025-12-04|19|MMM|171.899994|172.009995|168.740005|169.270004|2860400|0.9860940463|166.916138
2025-12-04|20|MO|58.570000|58.660000|57.990002|58.340000|6733800|0.9516126626|55.517086
2025-12-04|21|MRK|102.099998|102.599998|100.540001|100.889999|12770700|0.9772081263|98.590523
2025-12-04|22|MSI|375.329987|377.489990|370.269989|371.489990|1423600|0.9910852927|368.178253
2025-12-04|23|PG|146.669998|147.419998|144.500000|145.360001|10479300|0.9782265339|142.194992
2025-12-04|24|XOM|117.500000|118.339996|116.660004|117.139999|13686900|0.9803338832|114.836311
2025-12-04|25|RTX|168.899994|172.089996|168.649994|171.309998|7486500|0.9892687733|169.471634
2025-12-04|26|MCD|308.529999|313.799988|307.320007|308.540009|4632200|0.9877457529|304.759094
2025-12-04|27|AXP|368.989990|373.059998|368.130005|371.149994|2027200|0.9919237847|368.152496
2025-12-04|28|BMY|50.799999|52.080002|50.230000|51.950001|20473100|0.9673144843|50.251991
2025-12-04|29|DD|39.610001|40.310000|39.550001|39.820000|4185699|2.9761992776|118.512253
2025-12-04|30|DE|480.989990|483.500000|475.209991|483.029999|1379800|0.9910776808|478.720276
2025-12-04|31|EMR|134.899994|137.029999|134.539993|136.639999|2675300|0.9888087280|135.110825
2025-12-04|32|ETN|335.480011|340.899994|332.500000|338.929993|2351500|0.9917042798|336.118317
2025-12-04|33|ETR|93.959999|95.000000|93.400002|94.459999|3742400|0.9822109154|92.779640
2025-12-04|34|F|13.190000|13.240000|13.060000|13.140000|47554800|0.9665034086|12.699855
2025-12-04|35|HAL|27.260000|27.959999|27.250000|27.830000|9450800|0.9909628646|27.578499
2025-12-04|36|LLY|1032.630005|1032.630005|1007.179993|1014.489990|3854900|0.9951920486|1009.612427
2025-12-04|37|PCG|15.180000|15.430000|15.130000|15.330000|16009900|0.9911560857|15.194423
2025-12-04|38|PEP|147.750000|148.250000|146.130005|146.910004|6803000|0.9713251717|142.697388
2025-12-04|39|PFE|25.629999|25.740000|25.350000|25.700001|35454000|0.9509184966|24.438606
2025-12-04|40|TXN|183.240005|183.910004|178.940002|180.119995|6724100|0.9834571490|177.140305
2025-12-04|41|WFC|89.400002|90.629997|89.320000|90.209999|13433000|0.9838041369|88.748970
2025-12-04|42|HUBB|428.029999|439.440002|425.834991|437.709991|372260|0.9943029521|435.216339
2025-12-04|43|WMT|113.620003|114.889999|113.160004|114.839996|25905100|0.9916508097|113.881172
2025-12-04|44|AIG|76.639999|77.900002|76.570000|77.279999|3455800|0.9824236525|75.921692
2025-12-04|45|AVY|176.289993|179.080002|174.350006|174.960007|1063500|0.9887328339|172.988708
2025-12-04|46|BAC|54.209999|54.689999|54.000000|54.160000|38529600|0.9841245494|53.300182
2025-12-04|47|BALL|48.639999|48.950001|48.470001|48.849998|2447600|0.9933732915|48.526287
2025-12-04|48|BDX|193.819991|194.100007|192.089992|193.759997|1253100|0.7715067098|149.487152
2025-12-04|49|CLX|106.199997|107.000000|104.820000|105.099998|1367900|0.9654541242|101.469231
2025-12-04|50|CMI|507.010010|515.640015|506.250000|510.739990|912500|0.9898444823|505.553162
2025-12-04|51|CMS|71.910004|72.459999|71.010002|71.699997|1904100|0.9770377822|70.053596
2025-12-04|52|CVS|75.120003|76.790001|74.139999|76.750000|8872700|0.9771601786|74.997040
2025-12-04|53|ECL|264.399994|265.299988|262.369995|264.420013|1672000|0.9918356453|262.261200
2025-12-04|54|ES|65.769997|67.070000|65.370003|67.059998|3493200|0.9670826030|64.852554
2025-12-04|55|EVRG|73.959999|74.519997|73.660004|73.809998|1689700|0.9752573788|71.983749
2025-12-04|56|GWW|974.960022|979.210022|967.909973|968.909973|280200|0.9941570385|963.248596
2025-12-04|57|LNT|66.120003|66.580002|65.480003|65.709999|2795400|0.9771332386|64.207428
2025-12-04|58|MKC|64.550003|64.650002|63.139999|63.439999|2222400|0.9754240070|61.880894
2025-12-04|59|MRSH|184.160004|185.050003|182.429993|183.199997|3144700|0.9842873682|180.321442
2025-12-04|60|NEE|84.519997|84.809998|82.739998|83.389999|12489600|0.9860055271|81.609314
2025-12-04|61|NI|42.139999|42.419998|41.349998|41.889999|5859900|0.9804324438|41.070316
2025-12-04|62|PNW|88.360001|89.000000|87.959999|88.080002|1671600|0.9727255046|85.677658
2025-12-04|63|RVTY|103.070000|103.540001|99.349998|102.550003|1108400|0.9979858512|102.343460
2025-12-04|64|SNA|345.700012|351.309998|342.910004|346.130005|347900|0.9808470667|339.500580
2025-12-04|65|SPGI|499.109994|502.099999|494.600002|496.989994|935500|0.9395781501|466.960907
2025-12-04|66|TER|193.000000|200.850006|193.000000|198.630005|4260700|0.9992046578|198.472031
2025-12-04|67|TGT|91.169998|92.199997|90.169998|91.589996|6759400|0.9731968404|89.135094
2025-12-04|68|TXT|84.000000|84.489998|82.730003|83.139999|1812700|0.9993380469|83.084961
2025-12-04|69|VMC|292.000000|294.000000|290.339996|293.649994|746200|0.9942812010|291.970703
2025-12-04|70|XEL|78.139999|78.389999|77.320000|77.769997|6758000|0.9776860259|76.034637
2025-12-04|71|ITW|250.690002|251.550003|248.429993|249.380005|1021600|0.9813941046|244.740051
2025-12-04|72|CL|78.209999|78.500000|77.550003|77.599998|5760200|0.9821445459|76.214417
2025-12-04|73|EXC|44.369999|44.470001|43.630001|43.910000|9420000|0.9822723358|43.131580
2025-12-04|74|MDT|102.040001|102.750000|101.739998|101.989998|4480500|0.9758565703|99.527611
2025-12-04|75|BNY|113.209999|114.430000|113.209999|113.949997|2561100|0.9877222173|112.550949
2025-12-04|76|EIX|57.349998|58.330002|56.939999|57.549999|2451900|0.9623086217|55.380863
2025-12-04|77|FRT|97.699997|98.129997|96.900002|97.129997|509000|0.9693143333|94.149490
2025-12-04|78|PNR|105.870003|106.000000|104.180000|104.889999|1199400|0.9901423720|103.856026
2025-12-04|79|USB|50.950001|51.509998|50.900002|51.369999|7917400|0.9719845662|49.930851
2025-12-04|80|WY|21.790001|21.879999|21.219999|21.400000|4741800|0.9829820427|21.035816
2025-12-04|81|SYY|73.820000|74.099998|73.000000|73.440002|3072300|0.9787571978|71.879929
2025-12-04|82|WRB|71.690002|71.940002|70.570000|70.870003|5683900|0.9742469050|69.044884
2025-12-04|83|IFF|67.540001|67.699997|66.040001|66.489998|1807700|0.9828526607|65.349876
2025-12-04|84|TAP|46.099998|46.639999|45.419998|45.570000|2897100|0.9680101781|43.603973
2025-12-04|85|PNC|198.000000|199.559998|197.770004|198.270004|1939300|0.9770281499|193.715363
2025-12-04|86|TRV|283.950012|285.820007|282.470001|282.850006|1282700|0.9883140678|279.544647
2025-12-04|87|C|106.660004|108.709999|106.629997|107.790001|12811300|0.9851223482|106.186340
2025-12-04|88|FDX|271.750009|275.829993|266.000007|274.049994|2046600|0.7954691757|217.998322
2025-12-04|89|WDC|154.910004|161.529999|153.009995|161.000000|6303300|0.9992611044|160.881042
2025-12-04|90|DHR|227.699997|228.880005|223.770004|227.130005|4089300|0.9944303518|225.864960
2025-12-04|91|APA|27.000000|27.190001|26.610001|26.709999|6751000|0.9771167223|26.098783
2025-12-04|92|LUV|35.650002|36.290001|35.119999|35.810001|10861300|0.9870678085|35.346897
2025-12-04|93|PEG|80.620003|81.489998|80.470001|80.769997|2066500|0.9756675447|78.804665
2025-12-04|94|UNP|235.720001|237.720001|234.320007|237.289993|3162200|0.9839040791|233.470581
2025-12-04|95|ABT|125.190002|125.570000|124.059998|125.400002|5226900|0.9817546722|123.112038
2025-12-04|96|ADI|277.359985|279.549988|275.540009|277.260010|3253800|0.9906566026|274.669464
2025-12-04|97|ADM|59.980000|60.070000|57.950001|59.360001|2924700|0.9797994474|58.160896
2025-12-04|98|ADP|261.459991|262.299988|258.350006|259.399994|2594200|0.9780151607|253.697128
2025-12-04|99|AFL|109.040001|110.139999|109.010002|109.239998|2192500|0.9846316611|107.561165
2025-12-04|100|AMAT|268.339996|272.760010|266.000000|269.440002|6348800|0.9964487658|268.483185
2025-12-04|101|AMD|216.880005|219.119995|214.139999|215.979996|24478200|1.0000000000|215.979996
2025-12-04|102|APD|260.369995|262.540009|258.000000|261.619995|1354100|0.9804771664|256.512451
2025-12-04|103|BF-B|30.500000|31.920000|28.809999|29.700001|12755400|0.9746521115|28.947170
2025-12-04|104|CHD|83.910004|84.349998|83.370003|83.949997|2155600|0.9906552793|83.165504
2025-12-04|105|CINF|162.779999|164.149994|162.410004|163.009995|351000|0.9835715596|160.332001
2025-12-04|106|CMCSA|27.480000|27.520001|27.040001|27.200001|40806200|0.9033911576|24.572239
2025-12-04|107|D|60.049999|60.369999|59.639999|59.840000|7389000|0.9687101350|57.967617
2025-12-04|108|DOV|190.149994|191.539993|188.320007|190.639999|896500|0.9952693212|189.738129
2025-12-04|109|DUK|118.379997|119.440002|117.839996|117.970001|3151000|0.9744921325|114.960838
2025-12-04|110|EFX|211.270004|214.279999|209.919998|211.279999|2754100|0.9938812654|209.987244
2025-12-04|111|EQT|61.080002|62.000000|59.220001|60.070000|11361800|0.9912778241|59.546059
2025-12-04|112|FITB|44.849998|45.500000|44.669998|45.459999|5588400|0.9757841433|44.359142
2025-12-04|113|GIS|46.430000|46.669998|45.799999|45.980000|6066800|0.9532424984|43.830090
2025-12-04|114|GPC|129.679993|130.630005|128.990005|130.330002|771100|0.9724963604|126.745461
2025-12-04|115|HAS|82.379997|82.540001|81.269997|81.849998|1037200|0.9777483232|80.028702
2025-12-04|116|HBAN|17.040001|17.170000|16.980000|17.100000|22713300|0.9725023795|16.629791
2025-12-04|117|HRL|25.100000|25.299999|23.680000|24.160000|10459100|0.9619905057|23.241692
2025-12-04|118|HST|17.639999|17.680000|17.090000|17.160000|5726200|0.9346875076|16.039236
2025-12-04|119|HSY|181.990005|182.580002|179.429993|182.460007|1295300|0.9782056212|178.483414
2025-12-04|120|INTC|43.259998|43.279999|40.139999|40.500000|107850200|1.0000000000|40.500000
2025-12-04|121|J|137.740005|141.089996|137.740005|140.729996|1483600|0.9918477371|139.582733
2025-12-04|122|JPM|313.260010|318.489990|313.000000|316.100006|9627800|0.9859988977|311.674255
2025-12-04|123|KMB|106.260002|106.989998|104.879997|104.940002|5654100|0.9627154389|101.027359
2025-12-04|124|L|105.720001|106.190002|104.279999|104.489998|918300|0.9982870407|104.311020
2025-12-04|125|LEN|131.089996|133.229996|126.709999|126.750000|7426800|0.9844362452|124.777290
2025-12-04|126|LOW|246.600006|248.160004|245.000000|246.169998|4092800|0.9846876283|242.400558
2025-12-04|127|MAS|64.730003|65.440002|64.220001|64.400002|2775300|0.9866652888|63.541248
2025-12-04|128|MTB|195.009995|197.119995|194.970001|195.570007|595000|0.9861939937|192.869965
2025-12-04|129|NEM|88.900002|90.879997|88.650002|90.720001|7002900|0.9956554334|90.325867
2025-12-04|130|NTRS|132.000000|133.800003|132.000000|133.210007|831600|0.9838837164|131.063156
2025-12-04|131|NUE|164.000000|164.710007|160.539993|162.539993|1475100|0.9907811186|161.041550
2025-12-04|132|OMC|70.970001|71.449997|69.860001|70.169998|5546700|0.9700503706|68.068428
2025-12-04|133|PCAR|109.040001|110.279999|108.349998|108.500000|4429300|0.9792369323|106.247208
2025-12-04|134|PGR|227.630005|228.820007|226.860001|227.089996|1982400|0.9393741219|213.322449
2025-12-04|135|PH|869.359985|879.659973|863.210022|873.659973|427400|0.9958887879|870.068115
2025-12-04|136|PHM|130.360001|131.559998|127.550003|127.889999|1594000|0.9937132889|127.085991
2025-12-04|137|PPG|101.480003|102.000000|100.330002|100.669998|1989500|0.9817392581|98.831688
2025-12-04|138|PPL|34.730000|34.910000|34.040001|34.160000|9998500|0.9766950417|33.363903
2025-12-04|139|RF|26.170000|26.629999|26.090000|26.410000|9766600|0.9811037357|25.910950
2025-12-04|140|ROL|60.770000|61.029999|60.150002|60.340000|1978000|0.9887685295|59.662289
2025-12-04|141|SHW|339.250000|340.660004|334.839996|335.369995|1368400|0.9929181711|332.994995
2025-12-04|142|STT|120.739998|122.620003|120.500000|121.870003|1888000|0.9820070009|119.677193
2025-12-04|143|SWK|72.800003|73.010002|71.099998|72.209999|2226400|0.9785642065|70.662117
2025-12-04|144|SYK|366.500000|367.619995|362.380005|364.350006|1628400|0.9921744259|361.498749
2025-12-04|145|TMO|579.030029|580.450012|560.159973|575.239990|1961600|0.9972620730|573.664978
2025-12-04|146|TPL|906.170013|923.959991|898.180023|919.750031|104300|0.3324435416|305.764954
2025-12-04|147|TSN|56.910000|57.150002|56.020000|56.139999|2315700|0.9836914879|55.224438
2025-12-04|148|TT|406.269989|410.910004|403.549988|405.350006|997300|0.9953350758|403.459076
2025-12-04|149|TYL|464.359985|468.920013|462.630005|466.630005|278900|1.0000000000|466.630005
2025-12-04|150|UDR|35.619999|35.980000|35.139999|35.220001|2454200|0.9688744575|34.123756
2025-12-04|151|VTRS|10.860000|10.890000|10.670000|10.760000|5229300|0.9769695342|10.512193
2025-12-04|152|WEC|106.760002|107.589996|105.989998|106.279999|2351800|0.9747231440|103.593567
2025-12-04|153|WST|284.500000|285.540009|276.040009|281.769989|788400|0.9976812219|281.116638
2025-12-04|154|NDSN|238.750000|240.669998|237.460007|238.410004|349900|0.9906696357|236.185547
2025-12-04|155|TFC|47.410000|47.860001|47.310001|47.540001|7882300|0.9700498779|46.116173
2025-12-04|156|WELL|201.860001|205.550003|201.070007|203.869995|2544800|0.9893392873|201.696625
2025-12-04|157|AON|344.450012|347.989990|344.450012|347.709991|690800|0.9951005240|346.006409
2025-12-04|158|GL|130.289993|132.020004|130.270004|130.820007|300400|0.9938835716|130.019867
2025-12-04|159|OKE|75.050003|76.180000|75.019997|76.169998|3325200|0.9633206765|73.376137
2025-12-04|160|KLAC|1202.559967|1217.060013|1197.809982|1208.079987|703200|0.0996303139|120.361397
2025-12-04|161|CSX|36.000000|36.330002|35.849998|36.180000|15587300|0.9936713984|35.951031
2025-12-04|162|PSA|277.720001|279.000000|275.899994|276.630005|851800|0.9701110817|268.361816
2025-12-04|163|NKE|65.599998|66.099998|65.010002|65.690002|10619500|0.9845960180|64.678116
2025-12-04|164|AAPL|284.100006|284.730011|278.589996|280.700012|43989100|0.9972854026|279.938019
2025-12-04|165|BRO|79.879997|80.510002|79.070000|79.639999|2249500|0.9924932219|79.042160
2025-12-04|166|UHS|229.100006|232.309998|228.000000|230.589996|475600|0.9976532391|230.048843
2025-12-04|167|HD|356.290009|357.510010|350.000000|351.170013|4022800|0.9859634354|346.240814
2025-12-04|168|BAX|18.840000|18.930000|18.330000|18.480000|7934100|0.9989896155|18.454208
2025-12-04|169|COP|91.639999|93.199997|91.639999|93.120003|7312400|0.9784321345|91.111603
2025-12-04|170|GLW|83.139999|87.290001|83.139999|85.449997|8201900|0.9966096046|85.160294
2025-12-04|171|HUM|255.500000|257.480011|251.029999|253.020004|2097400|0.9892166205|250.291595
2025-12-04|172|LHX|278.149994|283.649994|277.609985|280.510010|1222900|0.9925076273|278.408325
2025-12-04|173|NOC|552.840027|560.000000|551.559998|553.000000|753000|0.9924395226|548.819031
2025-12-04|174|OXY|42.500000|42.730000|42.299999|42.669998|4929900|0.9849760250|42.028927
2025-12-04|175|ROK|400.369995|406.440002|399.619995|403.890015|1310900|0.9904239689|400.022339
2025-12-04|176|SLB|37.500000|38.299999|37.410000|38.119999|15860100|0.9889523968|37.698864
2025-12-04|177|SO|87.739998|88.620003|86.959999|87.330002|7651900|0.9759995454|85.234032
2025-12-04|178|WMB|61.549999|63.849998|61.180000|63.660000|11288500|0.9774919343|62.227139
2025-12-04|179|VLO|177.380005|177.839996|171.649994|174.949997|3258900|0.9854130966|172.398010
2025-12-04|180|CI|270.000000|272.089996|266.510010|268.420013|1551400|0.9887906885|265.411224
2025-12-04|181|NSC|293.209991|295.959991|292.890015|295.130005|1553500|0.9874047136|291.412750
2025-12-04|182|COO|76.050003|77.580002|75.769997|77.029999|5125400|1.0000000000|77.029999
2025-12-04|183|AMGN|344.230011|346.329987|338.940002|340.160004|3695700|0.9799483831|333.339233
2025-12-04|184|RJF|160.179993|163.339996|160.179993|162.600006|1341400|0.9893936166|160.875412
2025-12-04|185|WSM|178.199997|179.580002|175.220001|176.660004|1131800|0.9895967846|174.822189
2025-12-04|186|CAH|199.639999|200.679993|197.809998|199.190002|2810100|0.9929397050|197.783661
2025-12-04|187|CTAS|185.449997|186.550003|183.279999|184.029999|1226900|0.9924218382|182.635391
2025-12-04|188|PAYX|113.629997|114.150002|111.279999|111.769997|2152400|0.9670710940|108.089531
2025-12-04|189|BEN|23.129999|23.540001|23.080000|23.139999|2786900|0.9625940231|22.274426
2025-12-04|190|AOS|67.690002|68.910004|66.809998|67.199997|1728700|0.9834989125|66.091125
2025-12-04|191|CASY|555.299988|565.380005|555.080017|563.150024|377600|0.9976268719|561.813599
2025-12-04|192|T|25.370001|25.559999|25.230000|25.389999|33035200|0.9652496452|24.507689
2025-12-04|193|VZ|40.860001|41.349998|40.669998|41.259998|28382300|0.9521495225|39.285690
2025-12-04|194|JBHT|187.729996|190.949997|186.410004|187.539993|1596100|0.9944705560|186.502991
2025-12-04|195|ATO|170.399994|172.110001|170.399994|170.949997|1222500|0.9829545502|168.036072
2025-12-04|196|LRCX|157.050003|158.520004|154.919998|157.089996|8834700|0.9981002163|156.791565
2025-12-04|197|MU|230.279999|234.160004|223.330002|226.649994|23513900|0.9990228227|226.428513
2025-12-04|198|AJG|245.770004|246.889999|243.869995|245.410004|1281700|0.9910126646|243.204407
2025-12-04|199|AME|199.130005|200.880005|198.339996|199.220001|1029700|0.9953689352|198.297394
2025-12-04|200|SWKS|69.320000|69.769997|68.570000|69.010002|1937300|0.9796110161|67.602959
2025-12-04|201|EXPD|147.949997|151.259995|147.949997|150.500000|1885800|0.9948730934|149.728409
2025-12-04|202|UNH|339.399994|341.260010|328.720001|333.489990|8061600|0.9800610506|326.840546
2025-12-04|203|BBY|74.510002|75.739998|73.989998|74.059998|4592000|0.9593973356|71.052963
2025-12-04|204|DOC|17.250000|17.370001|17.150000|17.180000|7564400|0.9513422733|16.344063
2025-12-04|205|ADSK|307.799988|309.299988|303.769989|305.850006|1458000|1.0000000000|305.850006
2025-12-04|206|DVN|37.740002|38.000000|37.560001|37.709999|5638500|0.9814598964|37.010853
2025-12-04|207|NVR|7644.950195|7666.160156|7483.620117|7519.669922|20400|1.0000000000|7519.669922
2025-12-04|208|ROST|178.669998|179.050003|176.009995|177.089996|3431500|0.9936631572|175.967804
2025-12-04|209|JKHY|176.720001|181.250000|175.669998|180.339996|1082400|0.9919197584|178.882812
2025-12-04|210|MNST|73.940002|74.180000|73.070000|73.260002|4520700|0.5000000000|73.260002
2025-12-04|211|ORCL|207.860001|215.410004|206.320007|214.330002|23316900|0.9904465499|212.282425
2025-12-04|212|MSFT|479.760010|481.320007|476.489990|480.839996|22318200|0.9936958009|477.808685
2025-12-04|213|TROW|105.239998|106.360001|104.790001|105.790001|1440400|0.9618549978|101.754639
2025-12-04|214|COST|907.030029|907.960022|888.080017|895.859985|3787800|0.9956058515|891.923462
2025-12-04|215|ADBE|328.570007|330.890015|324.119995|328.730011|3592300|1.0000000000|328.730011
2025-12-04|216|FISV|66.290001|66.949997|65.269997|66.059998|7480500|1.0000000000|66.059998
2025-12-04|217|BKR|50.439999|51.119999|49.930000|50.610001|6357400|0.9892821118|50.067570
2025-12-04|218|CDNS|336.869995|339.589996|334.320007|337.299988|1348600|1.0000000000|337.299988
2025-12-04|219|TJX|150.089996|151.309998|150.059998|150.300003|4075400|0.9907991610|148.917099
2025-12-04|220|FICO|1777.020020|1787.900024|1760.380005|1771.869995|97100|1.0000000000|1771.869995
2025-12-04|221|CCL|26.000000|26.070000|25.600000|25.820000|15680500|0.9841845235|25.411642
2025-12-04|222|FAST|41.810001|42.169998|41.570000|41.750000|9162500|0.9838279433|41.074814
2025-12-04|223|SCHW|94.120003|95.410004|93.959999|95.029999|8367600|0.9901836685|94.097153
2025-12-04|224|JCI|113.610001|115.160004|113.000000|114.199997|4471700|0.9941759575|113.534889
2025-12-04|225|COHR|169.600006|186.479996|169.369995|177.350006|6568600|1.0000000000|177.350006
2025-12-04|226|KEY|18.750000|19.150000|18.740000|19.110001|16615200|0.9804836286|18.737041
2025-12-04|227|MOS|24.030001|24.320000|23.889999|24.100000|4790300|0.9816582705|23.657965
2025-12-04|228|MGM|35.619999|35.630001|34.869999|35.389999|3390600|1.0000000000|35.389999
2025-12-04|229|WM|216.300003|216.720001|213.259995|214.190002|2403100|0.9879218676|211.602982
2025-12-04|230|TECH|63.779999|63.790001|61.270000|63.540001|1442700|0.9957086055|63.267326
2025-12-04|231|IEX|178.210007|179.589996|176.940002|179.029999|904000|0.9895889092|177.166092
2025-12-04|232|GEN|27.200001|27.299999|26.799999|27.059999|3718200|0.9850474704|26.655382
2025-12-04|233|CRH|120.000000|121.580002|119.099998|121.050003|4550700|0.9889154582|119.708214
2025-12-04|234|EOG|111.720001|112.699997|111.279999|112.160004|3533600|0.9756845809|109.432785
2025-12-04|235|PTC|177.770004|179.320007|176.860001|178.500000|753500|1.0000000000|178.500000
2025-12-04|236|CSCO|77.690002|77.860001|77.169998|77.760002|12572600|0.9856294108|76.642555
2025-12-04|237|LH|265.269989|265.559998|259.420013|261.480011|861200|0.9947633093|259.554230
2025-12-04|238|TRMB|82.190002|83.309998|82.029999|82.300003|1411000|1.0000000000|82.300003
2025-12-04|239|AZO|3858.739990|3872.800049|3817.689941|3840.500000|110000|1.0000000000|3840.500000
2025-12-04|240|REGN|732.450012|735.000000|721.219971|722.799988|1067100|0.9961457605|720.014160
2025-12-04|241|IDXX|725.559998|732.030029|714.169983|717.469971|526200|1.0000000000|717.469971
2025-12-04|242|AES|13.700000|14.040000|13.700000|13.930000|10009200|0.9646899783|13.438132
2025-12-04|243|VRTX|462.000000|463.700012|453.540009|457.359985|1518800|1.0000000000|457.359985
2025-12-04|244|ZBRA|259.869995|264.239990|259.600006|263.049988|507800|1.0000000000|263.049988
2025-12-04|245|BIIB|181.860001|182.690002|179.270004|181.979996|1246300|1.0000000000|181.979996
2025-12-04|246|ODFL|151.690002|154.029999|150.899994|153.509995|4582700|0.9973411992|153.101837
2025-12-04|247|APH|137.990005|140.330002|137.679993|139.460007|8194500|0.9946061744|138.707779
2025-12-04|248|KIM|20.389999|20.469999|20.320000|20.360001|3989900|0.9657396580|19.662462
2025-12-04|249|QCOM|174.330002|174.929993|173.229996|174.350006|7245000|0.9899641514|172.600250
2025-12-04|250|GILD|124.809998|124.959999|122.400002|122.620003|5234200|0.9813788839|120.336678
2025-12-04|251|ROP|445.910004|448.140015|442.640015|444.779999|609100|0.9929279129|441.634491
2025-12-04|252|SNPS|462.700012|465.700012|460.200012|463.739990|1511500|1.0000000000|463.739990
2025-12-04|253|STZ|138.089996|139.399994|136.889999|138.029999|2204400|0.9792322433|135.163422
2025-12-04|254|BSX|98.650002|99.269997|97.150002|97.720001|9407600|1.0000000000|97.720001
2025-12-04|255|STE|259.660004|261.529999|258.890015|261.019989|537800|0.9945039836|259.585419
2025-12-04|256|DHI|164.500000|165.970001|159.899994|160.729996|3441900|0.9911938574|159.314575
2025-12-04|257|LIN|407.609985|408.730011|401.929993|403.730011|2859800|0.9935105778|401.110046
2025-12-04|258|SBUX|87.300003|87.870003|84.750000|85.000000|10555100|0.9821606772|83.483650
2025-12-04|259|MS|174.320007|176.000000|173.720001|174.889999|4813200|0.9837860335|172.054352
2025-12-04|260|INTU|648.590027|665.320007|647.510010|663.080017|2174200|0.9906980199|656.912109
2025-12-04|261|MCHP|63.970001|65.489998|63.220001|64.720001|12641900|0.9832658267|63.636963
2025-12-04|262|CB|295.320007|297.750000|293.589996|294.640015|1799000|0.9939554166|292.859039
2025-12-04|263|ORLY|99.099998|100.000000|98.779999|99.510002|3949000|1.0000000000|99.510002
2025-12-04|264|RCL|262.160004|263.799988|258.260010|259.269989|2599200|0.9862054091|255.693481
2025-12-04|265|JBL|213.300003|219.660004|212.009995|218.720001|619300|0.9992441666|218.554688
2025-12-04|266|ALL|208.990005|210.419998|206.270004|206.369995|1470000|0.9897514584|204.255005
2025-12-04|267|CPT|105.500000|106.430000|104.400002|104.510002|928500|0.9704206326|101.418655
2025-12-04|268|VMRK|61.900002|62.419998|61.500000|61.610001|2796200|0.9671264641|59.584663
2025-12-04|269|IT|233.869995|235.740005|230.389999|232.100006|663700|1.0000000000|232.100006
2025-12-04|270|DECK|95.230003|96.309998|94.260002|96.250000|3311500|1.0000000000|96.250000
2025-12-04|271|REG|68.940002|69.750000|68.919998|69.070000|1381600|0.9701425273|67.007751
2025-12-04|272|INCY|101.379997|102.470001|99.690002|100.459999|2088500|1.0000000000|100.459999
2025-12-04|273|SPG|182.220001|183.919998|182.169998|183.320007|1285800|0.9659807077|177.083603
2025-12-04|274|MAA|134.460007|135.190002|132.690002|132.860001|788000|0.9656183896|128.292068
2025-12-04|275|MLM|613.719971|619.530029|609.059998|618.780029|309800|0.9973479749|617.139038
2025-12-04|276|TSCO|54.160000|54.580002|53.430000|54.380001|5061600|0.9807531624|53.333355
2025-12-04|277|ALB|125.320000|126.489998|117.610001|119.139999|4241900|0.9919948535|118.186272
2025-12-04|278|CPRT|38.950001|39.150002|38.680000|38.799999|6541100|1.0000000000|38.799999
2025-12-04|279|FLEX|58.770000|61.980000|58.500000|61.189999|4045000|1.0000000000|61.189999
2025-12-04|280|ESS|259.980011|262.100006|257.160004|257.570007|396500|0.9710345219|250.109360
2025-12-04|281|O|58.110001|58.619999|57.869999|58.209999|6072600|0.9656842140|56.212479
2025-12-04|282|MCO|491.609985|495.000000|487.559998|489.480011|466000|0.9933686768|486.234100
2025-12-04|283|SJM|101.000000|101.050003|99.239998|99.610001|1260200|0.9701300487|96.634651
2025-12-04|284|MCK|805.400024|814.690002|803.000000|814.179993|880900|0.9980659618|812.605347
2025-12-04|285|COF|226.800003|230.960007|226.479996|229.710007|4294200|0.9884398390|227.054520
2025-12-04|286|EME|608.989990|638.950012|607.000000|635.359985|508400|0.9983902989|634.337158
2025-12-04|287|DLTR|114.739998|119.209999|114.339996|115.870003|5044400|1.0000000000|115.870003
2025-12-04|288|COR|335.309998|338.100006|334.000000|337.630005|1283000|0.9940692618|335.627594
2025-12-04|289|DRI|178.029999|178.729996|175.059998|176.259995|1031800|0.9771066651|172.224823
2025-12-04|290|RMD|251.250000|252.750000|250.339996|251.509995|489100|0.9918845144|249.468872
2025-12-04|291|WAB|212.910004|215.229996|211.199997|214.039993|589100|0.9965472933|213.300980
2025-12-04|292|FCX|44.029999|44.740002|43.660000|44.610001|12392100|0.9929128187|44.293842
2025-12-04|293|IVZ|24.690001|25.700001|24.590000|25.209999|8686300|0.9777629266|24.649403
2025-12-04|294|ACGL|92.680000|93.330002|91.849998|92.389999|1647600|1.0000000000|92.389999
2025-12-04|295|ERIE|297.510010|301.140015|296.209991|299.779999|101000|0.9834606060|294.821777
2025-12-04|296|EG|315.230011|317.859985|312.720001|313.709991|329500|0.9878843207|309.909180
2025-12-04|297|DVA|118.089996|118.500000|116.389999|117.279999|660600|1.0000000000|117.279999
2025-12-04|298|HSIC|72.639999|73.459999|72.339996|73.339996|1119700|1.0000000000|73.339996
2025-12-04|299|EL|102.260002|104.019997|101.519997|103.820000|4941900|0.9930325985|103.096642
2025-12-04|300|WAT|397.619995|397.619995|386.089996|396.369995|626400|1.0000000000|396.369995
2025-12-04|301|NTAP|114.660004|116.540001|114.279999|115.989998|1392900|0.9870750252|114.490829
2025-12-04|302|HIG|132.500000|133.699997|131.610001|131.860001|1566500|0.9910400733|130.678543
2025-12-04|303|IRM|83.510002|85.279999|83.419998|85.029999|1589600|0.9749654551|82.901306
2025-12-04|304|BRK-B|504.380005|506.500000|500.700012|503.230011|3574800|1.0000000000|503.230011
2025-12-04|305|FDS|281.619995|284.119995|277.209991|278.920013|352200|0.9900356292|276.140778
2025-12-04|306|STLD|170.509995|170.669998|166.449997|168.110001|1726100|0.9917509611|166.723251
2025-12-04|307|DGX|182.309998|185.119995|182.250000|184.179993|1044900|0.9871163208|181.807083
2025-12-04|308|CIEN|190.559998|197.759995|190.009995|195.729996|2447300|1.0000000000|195.729996
2025-12-04|309|TTWO|244.210007|247.899994|242.190002|247.509995|1013900|1.0000000000|247.509995
2025-12-04|310|VTR|79.720001|81.260002|79.720001|80.449997|3339000|0.9818295408|78.988182
2025-12-04|311|AMZN|232.770004|233.500000|226.800003|229.110001|45683200|1.0000000000|229.110001
2025-12-04|312|ARE|48.009998|48.020000|46.099998|46.590000|4963400|0.9575530500|44.612396
2025-12-04|313|RL|355.100006|359.119995|349.399994|356.970001|514100|0.9923194237|354.228271
2025-12-04|314|BXP|71.559998|71.650002|70.250000|70.559998|1082100|0.9663309942|68.184311
2025-12-04|315|FIX|950.000000|1006.599976|940.000000|1004.650024|518300|0.9985721755|1003.215515
2025-12-04|316|YUM|147.610001|149.139999|145.500000|145.860001|2356700|0.9905648102|144.483795
2025-12-04|317|CHRW|159.029999|159.960007|157.779999|158.050003|1277800|0.9892308245|156.347931
2025-12-04|318|FE|45.189999|45.549999|44.990002|45.139999|5139200|0.9707938980|43.821632
2025-12-04|319|MTD|1440.020020|1441.140015|1393.369995|1422.810059|128400|1.0000000000|1422.810059
2025-12-04|320|PLD|129.149994|130.449997|128.029999|128.179993|3902300|0.9772581725|125.264954
2025-12-04|321|URI|817.929993|824.210022|802.609985|807.739990|861600|0.9939808437|802.878052
2025-12-04|322|AEE|101.089996|101.790001|100.589996|100.849998|2771800|0.9792499824|98.757355
2025-12-04|323|VRSN|249.940002|252.470001|247.570007|248.639999|752500|0.9907421953|246.338135
2025-12-04|324|PWR|454.660004|467.089996|450.000000|464.839996|942900|0.9993903388|464.556580
2025-12-04|325|AMT|175.570007|179.110001|175.399994|178.830002|2804200|0.9712942756|173.696564
2025-12-04|326|MAR|302.929993|306.649994|292.369995|296.000000|2268200|0.9940852561|294.249237
2025-12-04|327|CTSH|79.610001|80.669998|79.139999|80.199997|4481200|0.9822114026|78.773354
2025-12-04|328|SRE|90.449997|91.419998|89.800003|90.070000|5004200|0.9788895267|88.168579
2025-12-04|329|CSGP|69.000000|69.059998|68.080002|68.190002|2329200|1.0000000000|68.190002
2025-12-04|330|RSG|218.100006|219.830002|213.110001|215.119995|1538700|0.9913326285|213.255493
2025-12-04|331|CCI|88.089996|89.070000|87.629997|88.610001|2330500|0.9648543647|85.495750
2025-12-04|332|EBAY|82.099998|82.580002|81.400002|82.129997|2682000|0.9939126631|81.382607
2025-12-04|333|NVDA|181.619995|184.520004|179.960007|183.380005|167364900|0.9987817973|183.156616
2025-12-04|334|BKNG|5065.000153|5081.589890|5019.879913|5027.199936|186300|0.0397328628|199.745026
2025-12-04|335|GS|835.539978|843.989990|834.500000|837.830017|1670800|0.9903999491|829.786804
2025-12-04|336|FFIV|240.500000|245.220001|239.330002|243.330002|1093600|1.0000000000|243.330002
2025-12-04|337|SBAC|186.250000|190.449997|186.250000|190.000000|760600|0.9805017315|186.295319
2025-12-04|338|LII|497.000000|509.700012|489.579987|504.730011|712200|0.9920705337|500.727753
2025-12-04|339|BLK|1080.819946|1086.849976|1072.640015|1075.579956|597800|0.9841011192|1058.479370
2025-12-04|340|TKO|196.029999|201.080002|194.580002|200.869995|660900|0.9884090368|198.541733
2025-12-04|341|AKAM|87.820000|88.120003|86.300003|86.599998|2198500|1.0000000000|86.599998
2025-12-04|342|UPS|98.309998|98.690002|94.500000|94.760002|9451300|0.9546755018|90.465057
2025-12-04|343|A|149.259995|149.800003|144.220001|148.320007|2865100|0.9940314297|147.434753
2025-12-04|344|TDY|504.609985|519.500000|504.059998|518.000000|369500|1.0000000000|518.000000
2025-12-04|345|PKG|197.970001|199.539993|196.330002|196.630005|732300|0.9816059808|193.013214
2025-12-04|346|EW|84.120003|85.959999|83.980003|85.779999|3612700|1.0000000000|85.779999
2025-12-04|347|MET|77.720001|78.230003|77.410004|78.029999|4200700|0.9792675716|76.412247
2025-12-04|348|ON|56.950001|57.040001|54.340000|54.790001|11174500|1.0000000000|54.790001
2025-12-04|349|ISRG|571.979980|574.229980|564.719971|568.630005|1147800|1.0000000000|568.630005
2025-12-04|350|CRL|186.610001|186.720001|176.369995|184.039993|992700|1.0000000000|184.039993
2025-12-04|351|MRVL|99.410004|102.769997|97.180000|98.190002|23981800|0.9985347355|98.046127
2025-12-04|352|EQIX|722.099976|738.000000|720.619995|726.090027|720800|0.9849779860|715.182678
2025-12-04|353|TPR|110.910004|115.620003|110.779999|115.059998|3382100|0.9910289553|114.027779
2025-12-04|354|GRMN|199.970001|205.470001|199.000000|202.089996|1392300|0.9875544034|199.574860
2025-12-04|355|GPN|80.320000|80.690002|79.190002|79.739998|3017600|0.9898898052|78.933815
2025-12-04|356|ALGN|154.710007|156.949997|153.169998|156.839996|1364300|1.0000000000|156.839996
2025-12-04|357|WTW|316.690002|320.329987|315.899994|320.000000|445600|0.9903328749|316.906525
2025-12-04|358|MDLZ|56.169998|56.310001|55.330002|55.799999|9805500|0.9742061707|54.360706
2025-12-04|359|AXON|547.489990|553.460022|540.650024|550.609985|1259100|1.0000000000|550.609985
2025-12-04|360|FIS|65.699997|66.250000|64.910004|65.559998|2841800|0.9743297530|63.877060
2025-12-04|361|ACN|276.299988|280.709991|269.170013|269.339996|4119400|0.9798095806|263.901886
2025-12-04|362|ZBH|92.750000|93.250000|92.139999|93.160004|2177500|0.9920119396|92.415833
2025-12-04|363|BG|95.750000|95.989998|92.400002|94.389999|1084200|0.9821514316|92.705276
2025-12-04|364|PFG|86.120003|86.570000|85.620003|85.930000|935200|0.9832413887|84.489929
2025-12-04|365|ELV|330.739990|336.450012|328.309998|333.489990|2357300|0.9847701459|328.411011
2025-12-04|366|CNC|38.669998|39.000000|38.400002|38.849998|4798200|1.0000000000|38.849998
2025-12-04|367|PRU|109.680000|111.010002|109.540001|110.250000|1648000|0.9622422893|106.087212
2025-12-04|368|NFLX|103.570000|103.800003|101.769997|103.220001|51779100|1.0000000000|103.220001
2025-12-04|369|NDAQ|88.320000|90.389999|88.110001|90.290001|4624300|0.9903103249|89.415123
2025-12-04|370|WYNN|129.779999|129.779999|123.339996|125.720001|2609800|0.9927789107|124.812172
2025-12-04|371|CME|275.970001|276.250000|271.619995|273.190002|2413100|0.9671562481|264.217438
2025-12-04|372|STX|258.700012|266.399994|257.359985|265.630005|1971700|0.9949371232|264.285156
2025-12-04|373|NRG|166.139999|170.190002|166.000000|169.360001|1366000|0.9903289609|167.722122
2025-12-04|374|AIZ|221.740005|224.889999|220.580002|224.270004|368900|0.9925480196|222.598770
2025-12-04|375|CBRE|162.300003|162.979996|160.610001|161.470001|1166300|1.0000000000|161.470001
2025-12-04|376|CRM|243.690002|248.970001|237.600006|247.460007|20912100|0.9933339931|245.810425
2025-12-04|377|DPZ|430.820007|433.570007|426.850006|427.070007|570800|0.9848757173|420.610901
2025-12-04|378|EXR|132.080002|132.630005|130.889999|131.089996|974500|0.9661267437|126.649551
2025-12-04|379|GOOG|323.045013|323.098999|315.589996|318.390015|20831600|0.9980438060|317.767151
2025-12-04|380|GOOGL|322.230011|322.359985|314.700012|317.619995|31240900|0.9980471771|316.999756
2025-12-04|381|DLR|159.899994|162.509995|158.660004|161.020004|1774200|0.9788235933|157.610184
2025-12-04|382|MPWR|950.099976|959.380005|931.979980|952.739990|478800|0.9948016730|947.787354
2025-12-04|383|LVS|66.769997|66.879997|65.209999|66.400002|6027800|0.9827791790|65.256538
2025-12-04|384|DXCM|65.129997|65.339996|64.089996|65.250000|3484300|1.0000000000|65.250000
2025-12-04|385|BLDR|114.269997|115.470001|110.129997|111.010002|2141700|1.0000000000|111.010002
2025-12-04|386|WBD|24.170000|24.570000|24.049999|24.540001|38315600|1.0000000000|24.540001
2025-12-04|387|EXPE|260.670013|263.630005|257.630005|258.380005|1816700|0.9942877675|256.904114
2025-12-04|388|CF|79.620003|80.500000|79.230003|80.230003|1985100|0.9855673857|79.072075
2025-12-04|389|AMP|472.339996|478.290009|470.750000|474.109985|533300|0.9903313094|469.525940
2025-12-04|390|ICE|157.190002|159.309998|156.759995|159.110001|3804600|0.9901381914|157.540894
2025-12-04|391|PSKY|14.630000|14.910000|14.250000|14.820000|7527200|0.9863259572|14.617351
2025-12-04|392|LYV|136.539993|139.880005|135.339996|139.679993|4126200|1.0000000000|139.679993
2025-12-04|393|CMG|33.910000|34.160000|33.430000|34.150002|16999800|1.0000000000|34.150002
2025-12-04|394|UAL|108.720001|109.120003|104.440002|104.730003|7449500|1.0000000000|104.730003
2025-12-04|395|TDG|1343.239990|1367.650024|1337.609985|1360.099976|204400|1.0000000000|1360.099976
2025-12-04|396|MA|557.030029|559.000000|539.559998|542.309998|2878800|0.9951190330|539.662964
2025-12-04|397|LDOS|189.039993|196.559998|189.039993|192.419998|782900|0.9917626624|190.834976
2025-12-04|398|FSLR|255.440002|260.500000|254.699997|257.279999|1365400|1.0000000000|257.279999
2025-12-04|399|BR|230.860001|232.500000|229.190002|230.880005|584600|0.9836780236|227.111588
2025-12-04|400|SMCI|33.500000|34.410000|33.080002|34.230000|17205700|1.0000000000|34.230000
2025-12-04|401|TMUS|209.360001|210.000000|206.710007|208.009995|3694300|0.9898439218|204.715927
2025-12-04|402|DAL|67.599998|68.059998|66.870003|67.239998|9455900|0.9922015511|66.715630
2025-12-04|403|IBKR|64.989998|66.190002|64.830002|65.949997|3100500|0.9979162811|65.812576
2025-12-04|404|PODD|308.779999|317.339996|305.049988|315.920013|757000|1.0000000000|315.920013
2025-12-04|405|TEL|230.699997|234.059998|229.880005|233.410004|1640600|0.9892434805|230.899323
2025-12-04|406|BX|151.970001|152.919998|150.240005|151.389999|3571900|0.9695455041|146.779480
2025-12-04|407|LULU|182.710007|184.899994|179.589996|183.600006|2973300|1.0000000000|183.600006
2025-12-04|408|ULTA|547.070007|555.000000|530.090027|533.950012|2062700|1.0000000000|533.950012
2025-12-04|409|MSCI|545.119995|550.000000|538.260010|540.849976|816200|0.9889531620|534.875244
2025-12-04|410|ECHO|73.430000|74.910004|72.540001|74.500000|2212800|1.0000000000|74.500000
2025-12-04|411|PM|150.800003|151.710007|146.350006|148.580002|8566200|0.9741176592|144.734390
2025-12-04|412|V|331.279999|332.380005|324.279999|327.100006|6277500|0.9940309283|325.147552
2025-12-04|413|AWK|130.860001|131.550003|128.000000|128.929993|2613100|0.9796942856|126.311981
2025-12-04|414|KDP|28.240000|28.610001|28.200001|28.580000|15526600|0.9761522236|27.898432
2025-12-04|415|SW|35.980000|37.080002|35.930000|36.450001|6357200|0.9711821711|35.399593
2025-12-04|416|AVGO|380.679993|383.890015|376.529999|381.029999|15845900|0.9944270811|378.906555
2025-12-04|417|VRSK|225.520004|226.440002|221.139999|222.089996|1227000|0.9927002374|220.468811
2025-12-04|418|DG|115.750000|125.440002|114.620003|125.290001|14189800|0.9860246787|123.539032
2025-12-04|419|FTNT|82.980003|85.239998|82.410004|85.180000|6709900|1.0000000000|85.180000
2025-12-04|420|CHTR|199.949997|201.369995|196.339996|199.979996|1587100|1.0000000000|199.979996
2025-12-04|421|FERG|253.259995|253.289993|249.130005|249.520004|1391000|0.9848254111|245.733643
2025-12-04|422|GNRC|159.000000|165.830002|157.070007|163.240005|721100|1.0000000000|163.240005
2025-12-04|423|LYB|46.130001|46.299999|42.919998|43.160000|9469400|0.9677851714|41.769604
2025-12-04|424|CBOE|253.100006|255.279999|250.679993|254.919998|618900|0.9954503651|253.760193
2025-12-04|425|TSLA|449.940002|454.630005|445.390015|454.529999|71906500|1.0000000000|454.529999
2025-12-04|426|KKR|126.839996|128.500000|125.949997|128.429993|2872700|0.9943370554|127.702698
2025-12-04|427|NXPI|226.779999|228.279999|224.070007|226.160004|3614800|0.9870653625|223.234726
2025-12-04|428|GM|75.000000|76.230003|74.900002|75.290001|12659100|0.9934966717|74.800369
2025-12-04|429|TRGP|175.779999|180.369995|174.970001|180.020004|1331600|0.9854533185|177.401321
2025-12-04|430|CPAY|300.000000|301.440002|296.790009|297.390015|587300|1.0000000000|297.390015
2025-12-04|431|KMI|27.129999|27.860001|27.059999|27.840000|11907400|0.9722301462|27.066887
2025-12-04|432|HCA|485.450012|491.559998|483.390015|487.660004|1633400|0.9950375716|485.240051
2025-12-04|433|HII|308.679993|318.609985|308.399994|315.880005|358000|0.9925978670|312.086365
2025-12-04|434|APO|135.250000|136.850006|134.029999|136.750000|2680200|0.9875780044|135.051300
2025-12-04|435|MPC|188.610001|191.699997|187.639999|190.149994|2103000|0.9885237030|187.967773
2025-12-04|436|XYL|140.789993|141.429993|139.960007|140.869995|1014900|0.9889650951|139.315506
2025-12-04|437|APTV|77.879997|78.650002|75.889999|76.440002|1922600|1.0000000000|76.440002
2025-12-04|438|PSX|139.720001|140.580002|137.169998|139.419998|2179000|0.9794981865|136.561646
2025-12-04|439|AMCR|8.440000|8.490000|8.320000|8.320000|16605200|4.8543684849|40.388344
2025-12-04|440|META|676.000000|676.099976|660.049988|661.530029|29874600|0.9974059053|659.814026
2025-12-04|441|NOW|840.999985|846.500015|830.690002|838.870010|1109800|0.2000000000|167.774002
2025-12-04|442|PANW|194.059998|196.000000|192.429993|195.679993|4164800|1.0000000000|195.679993
2025-12-04|443|FANG|158.149994|161.130005|158.000000|159.509995|1652800|0.9832059760|156.831161
2025-12-04|444|WDAY|215.139999|217.850006|212.539993|216.619995|2669200|1.0000000000|216.619995
2025-12-04|445|ABBV|230.110001|230.940002|227.589996|228.710007|3732900|0.9769027438|223.427444
2025-12-04|446|NCLH|18.790001|18.900000|18.629999|18.799999|15648900|1.0000000000|18.799999
2025-12-04|447|ZTS|122.459999|123.309998|119.720001|120.410004|4938900|0.9845723480|118.552361
2025-12-04|448|IQV|227.529999|227.529999|214.009995|224.919998|3298900|1.0000000000|224.919998
2025-12-04|449|NWS|28.980000|29.330000|28.980000|29.129999|695200|0.9963262306|29.022982
2025-12-04|450|NWSA|25.610001|25.750000|25.389999|25.629999|2467000|0.9958385353|25.523340
2025-12-04|451|CDW|143.619995|145.440002|142.429993|144.539993|1420500|0.9844137869|142.287170
2025-12-04|452|VEEV|241.000000|246.570007|238.860001|242.279999|1768000|1.0000000000|242.279999
2025-12-04|453|ALLE|164.110001|164.919998|160.710007|160.850006|1073100|0.9921390873|159.585571
2025-12-04|454|HLT|276.049988|278.420013|272.149994|273.450012|1529900|0.9986088702|273.069611
2025-12-04|455|ARES|163.649994|163.960007|160.789993|163.070007|1745100|0.9704279397|158.247681
2025-12-04|456|ANET|127.080002|130.779999|126.739998|128.550003|4516400|1.0000000000|128.550003
2025-12-04|457|SYF|79.180000|80.650002|79.150002|80.400002|2121400|0.9876561264|79.407547
2025-12-04|458|CFG|55.450001|56.044998|55.450001|55.880001|4650700|0.9795741096|54.738602
2025-12-04|459|KEYS|206.320007|209.869995|205.850006|209.070007|1103000|1.0000000000|209.070007
2025-12-04|460|GDDY|131.000000|131.740005|129.279999|130.259995|1320300|1.0000000000|130.259995
2025-12-04|461|KHC|25.010000|25.139999|24.540001|24.590000|11029900|0.9659839010|23.753544
2025-12-04|462|PYPL|60.500000|62.099998|60.384998|61.730000|15994300|0.9937057617|61.341457
2025-12-04|463|LITE|309.529999|330.299988|306.000000|327.850006|4444500|1.0000000000|327.850006
2025-12-04|464|HPE|22.309999|23.090000|22.299999|22.900000|33710900|0.9847720717|22.551281
2025-12-04|465|XYZ|61.290001|62.220001|60.700001|62.189999|6966800|1.0000000000|62.189999
2025-12-04|466|FTV|53.259998|53.820000|53.099998|53.380001|2570400|0.9979248563|53.269230
2025-12-04|467|DELL|134.000000|139.309998|132.610001|138.990005|6857100|0.9909355870|137.730133
2025-12-04|468|TTD|38.980000|39.465000|38.250000|39.349998|13044900|1.0000000000|39.349998
2025-12-04|469|VST|171.899994|178.050003|170.470993|176.070007|3408700|0.9958526400|175.339798
2025-12-04|470|HWM|193.949997|197.750000|193.199997|196.270004|1976900|0.9985047767|195.976547
2025-12-04|471|INVH|27.650000|27.825001|27.320000|27.379999|3566100|0.9672165501|26.482389
2025-12-04|472|CVNA|397.999992|399.760017|386.510010|398.849983|2371100|0.2000000000|79.769997
2025-12-04|473|IR|79.809998|80.250000|79.440002|79.989998|2120300|0.9992655835|79.931252
2025-12-04|474|VICI|28.219999|28.285000|27.940001|28.000000|13809900|0.9523421134|26.665579
2025-12-04|475|VRT|179.339996|185.339996|177.160004|182.539993|4962300|0.9995540701|182.458603
2025-12-04|476|MRNA|25.200001|25.895000|24.700001|25.490000|8531800|1.0000000000|25.490000
2025-12-04|477|FOXA|66.480003|67.879997|66.309998|67.790001|3557800|0.9951185496|67.459091
2025-12-04|478|FOX|59.369999|60.240002|59.244999|60.189999|1091300|0.9946544484|59.868252
2025-12-04|479|DOW|23.850000|23.930000|22.750000|22.870001|10415800|0.9783459966|22.374773
2025-12-04|480|UBER|90.180000|91.000000|89.449997|90.989998|13145300|1.0000000000|90.989998
2025-12-04|481|CTVA|65.809998|66.449997|65.629997|66.290001|3644800|0.9954590981|65.988991
2025-12-04|482|CRWD|523.909973|525.270020|510.260010|513.119995|2477300|0.2500000000|128.279999
2025-12-04|483|DDOG|155.179993|155.720001|151.660004|153.000000|3657500|1.0000000000|153.000000
2025-12-04|484|CARR|53.980000|55.134998|53.619999|54.500000|12206300|0.9886394999|53.880856
2025-12-04|485|OTIS|86.760002|87.120003|86.550003|86.910004|2294300|0.9834662418|85.473061
2025-12-04|486|PLTR|176.365005|178.440002|174.429993|177.919998|29217800|1.0000000000|177.919998
2025-12-04|487|DASH|220.899994|223.179993|217.029999|221.190002|4925300|1.0000000000|221.190002
2025-12-04|488|ABNB|120.150002|121.000000|119.220001|120.820000|4024100|1.0000000000|120.820000
2025-12-04|489|EXE|122.989998|124.889999|121.610001|122.089996|3180800|0.9826864450|119.976189
2025-12-04|490|COIN|273.600006|284.239990|271.260010|274.049988|6469200|1.0000000000|274.049988
2025-12-04|491|APP|671.280029|698.469971|668.479980|683.780029|4972000|1.0000000000|683.780029
2025-12-04|492|HOOD|133.210007|137.360001|132.770004|137.080002|20572100|1.0000000000|137.080002
2025-12-04|493|CEG|360.980011|374.450012|358.500000|368.619995|2029800|0.9955820742|366.991455
2025-12-04|494|GEHC|82.930000|83.699997|81.550003|82.519997|3321100|0.9985528329|82.400574
2025-12-04|495|KVUE|16.950001|17.190001|16.920000|16.990000|38194800|0.9661066365|16.414150
2025-12-04|496|VLTO|102.510002|104.089996|102.480003|102.889999|1953800|0.9957401186|102.451698
2025-12-04|497|RDDT|222.190002|225.869995|215.000000|222.750000|3493500|1.0000000000|222.750000
2025-12-04|498|SOLV|85.160004|85.635002|84.660004|85.260002|929700|1.0000000000|85.260002
2025-12-04|499|GEV|605.000000|639.140015|602.900024|629.109985|3698500|0.9981503345|627.946350
2025-12-04|500|SNDK|192.324997|214.990005|189.679993|213.309998|12166500|1.0000000000|213.309998
2025-12-04|501|Q|80.000000|83.570000|79.809998|83.459999|1826200|0.9988559230|83.364517
