date|security_id|ticker|open|high|low|close|volume|adj_factor|adj_close_vendor
2025-12-19|1|AEP|115.150002|116.389999|114.360001|114.489998|7322400|0.9775591772|111.920746
2025-12-19|2|BA|209.759995|215.979996|209.270004|214.080002|14793700|1.0000000000|214.080002
2025-12-19|3|CAT|572.690002|581.729980|570.330017|576.219971|5355600|0.9939261318|572.720154
2025-12-19|4|CNP|38.279999|38.349998|37.599998|37.599998|10784100|0.9832236217|36.969208
2025-12-19|5|CVX|147.960007|149.009995|147.190002|147.750000|21701400|0.9728341284|143.736237
2025-12-19|6|DIS|112.320000|113.480003|110.919998|111.239998|21138400|0.9923958226|110.394112
2025-12-19|7|DTE|129.429993|129.880005|127.519997|127.639999|2828100|0.9843774065|125.645927
2025-12-19|8|ED|100.059998|100.059998|98.059998|98.059998|4366200|0.9759585897|95.702499
2025-12-19|9|GD|337.869995|341.420013|337.000000|339.359985|2663400|0.9869830633|334.942596
2025-12-19|10|GE|304.230011|308.429993|303.640015|307.209991|8856400|0.9961629631|306.031219
2025-12-19|11|HON|198.829993|201.060001|198.169995|199.109993|7866500|1.0347776740|206.034592
2025-12-19|12|HPQ|23.389999|23.530001|23.070000|23.260000|28443600|0.9721972446|22.613308
2025-12-19|13|IBM|300.350006|306.859985|299.100006|300.980011|11031000|0.9800357773|294.971161
2025-12-19|14|IP|38.450001|38.549999|38.029999|38.240002|9265500|0.9645837619|36.885685
2025-12-19|15|JNJ|207.559998|209.240005|206.029999|206.369995|24803900|0.9841702191|203.103195
2025-12-19|16|KO|70.059998|70.769997|70.029999|70.059998|36911100|0.9867998793|69.135201
2025-12-19|17|KR|62.689999|62.880001|62.270000|62.410000|10268400|0.9830507535|61.352196
2025-12-19|18|LMT|466.339996|475.720001|464.880005|474.130005|2826500|0.9882876617|468.576843
2025-12-19|19|MMM|161.679993|163.940002|161.679993|161.960007|3715700|0.9860940463|159.707794
2025-12-19|20|MO|58.250000|58.720001|58.029999|58.070000|35088900|0.9516126626|55.260147
2025-12-19|21|MRK|100.599998|102.199997|100.110001|101.089996|44980200|0.9855603323|99.630295
2025-12-19|22|MSI|374.250000|375.000000|368.760010|369.970001|4330600|0.9943844568|367.892426
2025-12-19|23|PG|145.509995|146.050003|143.940002|144.460007|19345600|0.9782265339|141.314606
2025-12-19|24|XOM|116.750000|117.570000|115.959999|116.690002|45412800|0.9803338832|114.395164
2025-12-19|25|RTX|178.960007|183.240005|178.660004|182.009995|11455900|0.9892687733|180.056793
2025-12-19|26|MCD|318.700012|319.329987|315.750000|315.839996|7128600|0.9877457529|311.969604
2025-12-19|27|AXP|375.540009|377.549988|372.769989|376.510010|7934300|0.9919237847|373.469269
2025-12-19|28|BMY|53.410000|54.860001|53.290001|54.189999|40404100|0.9673144843|52.418774
2025-12-19|29|DD|40.860001|41.470001|40.630000|41.260000|14466600|2.9761992776|122.797981
2025-12-19|30|DE|475.100006|476.500000|468.920013|470.570007|2990700|0.9910776808|466.371460
2025-12-19|31|EMR|131.789993|133.270004|131.449997|132.979996|6229400|0.9888087280|131.491791
2025-12-19|32|ETN|315.679993|320.709991|315.450012|317.799988|7357000|0.9917042798|315.163574
2025-12-19|33|ETR|92.510002|93.010002|91.449997|91.500000|6062300|0.9822109154|89.872299
2025-12-19|34|F|13.310000|13.480000|13.280000|13.470000|61640600|0.9665034086|13.018802
2025-12-19|35|HAL|27.540001|27.920000|27.469999|27.719999|26395800|0.9909628646|27.469492
2025-12-19|36|LLY|1059.010010|1075.380005|1059.010010|1071.439941|5829100|0.9951920486|1066.288452
2025-12-19|37|PCG|15.830000|15.990000|15.720000|15.730000|30608700|0.9911560857|15.590884
2025-12-19|38|PEP|149.149994|149.889999|147.899994|148.160004|17543500|0.9808256472|145.319138
2025-12-19|39|PFE|25.010000|25.520000|24.980000|25.190001|87590000|0.9509184966|23.953636
2025-12-19|40|TXN|175.720001|178.240005|175.589996|176.289993|19091700|0.9834571490|173.373642
2025-12-19|41|WFC|91.610001|93.129997|91.599998|93.010002|37783900|0.9838041369|91.503632
2025-12-19|42|HUBB|436.029999|443.635010|433.570099|442.510010|989476|0.9943029521|439.989014
2025-12-19|43|WMT|115.139999|115.279999|113.529999|114.360001|50043800|0.9936722171|113.636353
2025-12-19|44|AIG|86.320000|86.839996|85.669998|86.029999|10255400|0.9875732230|84.960922
2025-12-19|45|AVY|184.160004|184.160004|180.429993|181.149994|1358000|0.9887328339|179.108948
2025-12-19|46|BAC|54.520000|55.310001|54.380001|55.270000|73001900|0.9892387825|54.675228
2025-12-19|47|BALL|52.209999|52.549999|51.849998|52.029999|5537300|0.9933732915|51.685211
2025-12-19|48|BDX|194.299999|196.799999|194.089992|195.589991|4983000|0.7757059857|151.720337
2025-12-19|49|CLX|99.199997|99.400002|98.220001|98.309998|5031800|0.9654541242|94.913795
2025-12-19|50|CMI|506.640015|514.940002|503.630005|506.720001|1958800|0.9898444823|501.574005
2025-12-19|51|CMS|70.550003|70.690002|69.150002|69.169998|4796600|0.9770377822|67.581703
2025-12-19|52|CVS|77.879997|78.949997|77.400002|77.720001|12106200|0.9771601786|75.944885
2025-12-19|53|ECL|262.049988|264.100006|260.660004|263.589996|3309000|0.9946163507|262.170929
2025-12-19|54|ES|67.849998|68.099998|67.099998|67.160004|4984100|0.9779292778|65.677734
2025-12-19|55|EVRG|73.199997|73.269997|72.389999|72.470001|4385000|0.9752573788|70.676903
2025-12-19|56|GWW|1022.109985|1030.000000|1010.119995|1025.020020|891800|0.9941570385|1019.030762
2025-12-19|57|LNT|65.419998|65.699997|64.529999|64.629997|3877900|0.9771332386|63.152115
2025-12-19|58|MKC|68.199997|69.139999|67.989998|68.580002|4362300|0.9754240070|66.894585
2025-12-19|59|MRSH|185.210007|186.160004|183.919998|184.699997|7301300|0.9842873682|181.797867
2025-12-19|60|NEE|80.570000|81.139999|79.529999|79.540001|30492300|0.9860055271|77.841522
2025-12-19|61|NI|41.509998|41.590000|40.959999|40.970001|6079000|0.9804324438|40.168320
2025-12-19|62|PNW|87.809998|88.580002|87.169998|87.300003|2381100|0.9727255046|84.918930
2025-12-19|63|RVTY|96.160004|97.099998|95.489998|96.239998|2867400|0.9979858512|96.046165
2025-12-19|64|SNA|343.630005|348.239990|343.630005|346.309998|815800|0.9808470667|339.677124
2025-12-19|65|SPGI|506.709988|512.729997|506.100006|512.600001|2872700|0.9395781501|481.627747
2025-12-19|66|TER|191.940002|196.490005|191.509995|195.179993|7880500|0.9992046578|195.024765
2025-12-19|67|TGT|98.900002|99.449997|96.550003|98.010002|12620400|0.9731968404|95.383026
2025-12-19|68|TXT|87.839996|89.919998|87.750000|89.459999|2682600|0.9995682296|89.421371
2025-12-19|69|VMC|289.119995|293.109985|287.320007|291.869995|2016100|0.9942812010|290.200867
2025-12-19|70|XEL|73.300003|73.589996|72.449997|72.669998|13564600|0.9776860259|71.048447
2025-12-19|71|ITW|250.559998|250.770004|248.639999|250.139999|3335300|0.9813941046|245.485916
2025-12-19|72|CL|78.050003|78.699997|77.800003|78.360001|11417700|0.9821445459|76.960838
2025-12-19|73|EXC|44.139999|44.709999|43.610001|43.660000|15426900|0.9822723358|42.886013
2025-12-19|74|MDT|98.540001|99.239998|98.220001|98.629997|12760100|0.9758565703|96.248734
2025-12-19|75|BNY|114.580002|116.089996|114.580002|115.839996|8474300|0.9877222173|114.417747
2025-12-19|76|EIX|60.040001|60.509998|59.910000|60.099998|8650700|0.9623086217|57.834751
2025-12-19|77|FRT|101.559998|102.589996|101.330002|101.370003|1472900|0.9693143333|98.259399
2025-12-19|78|PNR|103.029999|103.919998|102.599998|103.870003|2997200|0.9901423720|102.846092
2025-12-19|79|USB|53.889999|54.250000|53.750000|54.160000|24506700|0.9719845662|52.642689
2025-12-19|80|WY|23.750000|23.860001|23.459999|23.480000|12427500|0.9829820427|23.080418
2025-12-19|81|SYY|75.139999|75.250000|74.489998|74.489998|5962500|0.9787571978|72.907623
2025-12-19|82|WRB|69.500000|69.970001|69.339996|69.370003|2952000|0.9898085858|68.663025
2025-12-19|83|IFF|64.809998|66.169998|64.400002|65.769997|6198800|0.9889000540|65.039948
2025-12-19|84|TAP|48.049999|48.340000|47.639999|47.680000|4967700|0.9780980891|46.098389
2025-12-19|85|PNC|210.009995|211.940002|209.360001|210.199997|4273600|0.9770281499|205.371307
2025-12-19|86|TRV|293.649994|295.100006|291.399994|292.920013|2781200|0.9922238191|290.642212
2025-12-19|87|C|113.199997|115.610001|113.050003|114.860001|37660800|0.9851223482|113.151146
2025-12-19|88|FDX|272.059994|290.559994|270.800001|288.779996|5704800|0.7995464875|230.893036
2025-12-19|89|WDC|176.830002|185.270004|175.679993|181.080002|36269600|0.9992611044|180.946198
2025-12-19|90|DHR|224.639999|225.990005|223.399994|224.839996|6318100|0.9944303518|223.587708
2025-12-19|91|APA|24.010000|24.490000|23.950001|24.120001|9404300|0.9771167223|23.568056
2025-12-19|92|LUV|40.900002|41.349998|40.689999|41.259998|17197900|0.9870678085|40.726414
2025-12-19|93|PEG|80.540001|81.330002|79.989998|80.010002|6336000|0.9834778438|78.688065
2025-12-19|94|UNP|234.419998|235.500000|232.039993|234.229996|4721900|0.9896596115|231.807968
2025-12-19|95|ABT|125.040001|126.129997|123.760002|125.449997|14795700|0.9817546722|123.161125
2025-12-19|96|ADI|275.089996|278.410004|274.000000|274.440002|9419900|0.9941555324|272.836060
2025-12-19|97|ADM|58.180000|58.740002|57.650002|58.240002|7828800|0.9797994474|57.063526
2025-12-19|98|ADP|260.320007|261.000000|257.040009|257.940002|7868400|0.9843371720|253.899933
2025-12-19|99|AFL|110.290001|111.279999|108.879997|110.360001|6832600|0.9846316611|108.663963
2025-12-19|100|AMAT|255.710007|261.320007|253.580002|256.410004|25749700|0.9964487658|255.499451
2025-12-19|101|AMD|204.600006|215.179993|204.199997|213.429993|58445500|1.0000000000|213.429993
2025-12-19|102|APD|241.610001|243.479996|238.600006|239.960007|2972700|0.9804771664|235.275314
2025-12-19|103|BF-B|28.700001|29.059999|28.490000|28.500000|12700900|0.9822921615|27.995327
2025-12-19|104|CHD|85.129997|85.239998|84.389999|85.080002|4448100|0.9906552793|84.284950
2025-12-19|105|CINF|167.759995|168.080002|166.270004|167.289993|1077900|0.9835715596|164.541672
2025-12-19|106|CMCSA|30.140001|30.370000|29.480000|29.570000|91475100|0.9033911576|26.713276
2025-12-19|107|D|60.290001|60.480000|59.320000|59.430000|10159800|0.9796460230|58.220360
2025-12-19|108|DOV|195.550003|197.250000|195.119995|196.210007|2534500|0.9952693212|195.281799
2025-12-19|109|DUK|117.430000|117.489998|115.550003|115.559998|6898600|0.9744921325|112.612305
2025-12-19|110|EFX|219.619995|220.320007|217.339996|219.160004|3593100|0.9938812654|217.819031
2025-12-19|111|EQT|53.810001|54.590000|53.759998|53.869999|11653000|0.9912778241|53.400131
2025-12-19|112|FITB|47.680000|48.090000|47.540001|47.830002|7971300|0.9757841433|46.671757
2025-12-19|113|GIS|48.750000|48.750000|47.759998|47.860001|13423400|0.9532424984|45.622185
2025-12-19|114|GPC|126.000000|126.419998|125.239998|125.459999|1870100|0.9802432378|122.981316
2025-12-19|115|HAS|82.029999|82.470001|81.500000|81.980003|1771300|0.9777483232|80.155807
2025-12-19|116|HBAN|17.549999|17.740000|17.530001|17.690001|29942300|0.9810694650|17.355120
2025-12-19|117|HRL|23.920000|23.969999|23.639999|23.670000|7963900|0.9619905057|22.770317
2025-12-19|118|HST|18.490000|18.639999|18.230000|18.510000|14790700|0.9346875076|17.301065
2025-12-19|119|HSY|188.100006|191.149994|187.210007|189.259995|3558700|0.9782056212|185.135178
2025-12-19|120|INTC|36.480000|37.580002|36.439999|36.820000|163221300|1.0000000000|36.820000
2025-12-19|121|J|132.440002|134.570007|132.330002|134.070007|2082900|0.9918477371|132.977036
2025-12-19|122|JPM|313.790009|318.559998|313.190002|317.209991|24494400|0.9859988977|312.768677
2025-12-19|123|KMB|101.540001|101.629997|100.220001|100.650002|7700200|0.9744151054|98.074883
2025-12-19|124|L|105.769997|106.639999|105.769997|106.580002|1653100|0.9982870407|106.397438
2025-12-19|125|LEN|107.760002|108.040001|105.230003|107.989998|9673900|0.9844362452|106.309265
2025-12-19|126|LOW|247.039993|247.130005|240.330002|240.440002|5458200|0.9846876283|236.758286
2025-12-19|127|MAS|64.690002|65.160004|63.889999|64.120003|5390700|0.9866652888|63.264980
2025-12-19|128|MTB|204.130005|206.800003|203.809998|205.820007|2945500|0.9861939937|202.978470
2025-12-19|129|NEM|99.290001|102.360001|99.050003|101.290001|27801600|0.9956554334|100.849945
2025-12-19|130|NTRS|138.360001|139.770004|138.179993|139.460007|3255900|0.9898281838|138.041443
2025-12-19|131|NUE|156.509995|159.210007|155.000000|159.149994|3430900|0.9907811186|157.682816
2025-12-19|132|OMC|80.900002|81.269997|79.949997|80.230003|13157100|0.9796477026|78.597137
2025-12-19|133|PCAR|110.940002|112.699997|110.059998|111.570000|9174200|0.9916886281|110.642708
2025-12-19|134|PGR|224.800003|226.270004|223.250000|224.279999|6280200|0.9393741219|210.682816
2025-12-19|135|PH|866.489990|875.479980|866.419983|874.809998|1643200|0.9958887879|871.213440
2025-12-19|136|PHM|119.989998|120.209999|118.160004|119.739998|5550100|0.9957597479|119.232277
2025-12-19|137|PPG|102.580002|103.370003|102.389999|102.680000|3625800|0.9817392581|100.804977
2025-12-19|138|PPL|34.740002|34.889999|34.279999|34.290001|13273000|0.9846479678|33.763580
2025-12-19|139|RF|27.490000|27.719999|27.450001|27.660000|20038700|0.9811037357|27.137331
2025-12-19|140|ROL|59.840000|60.500000|59.630001|60.060001|5805700|0.9887685295|59.385441
2025-12-19|141|SHW|325.140015|327.450012|319.489990|320.859985|4367200|0.9929181711|318.587708
2025-12-19|142|STT|127.449997|128.779999|127.449997|128.500000|4487500|0.9820070009|126.187897
2025-12-19|143|SWK|72.809998|73.250000|72.220001|72.750000|3355300|0.9785642065|71.190544
2025-12-19|144|SYK|354.799988|358.279999|352.940002|355.200012|2757800|0.9921744259|352.420349
2025-12-19|145|TMO|561.679993|569.869995|558.929993|567.830017|3862600|0.9980119596|566.701172
2025-12-19|146|TPL|899.820007|911.309967|891.300018|898.859985|407300|0.3324435416|298.820190
2025-12-19|147|TSN|58.119999|58.740002|57.810001|58.470001|5297200|0.9836914879|57.516441
2025-12-19|148|TT|383.309998|391.399994|382.859985|389.839996|3147300|0.9953350758|388.021423
2025-12-19|149|TYL|455.760010|460.470001|451.899994|457.899994|1497400|1.0000000000|457.899994
2025-12-19|150|UDR|36.139999|36.139999|35.639999|35.650002|5695200|0.9688744575|34.540375
2025-12-19|151|VTRS|11.900000|12.130000|11.770000|11.930000|29012600|0.9769695342|11.655247
2025-12-19|152|WEC|105.269997|105.820000|103.910004|103.940002|4768000|0.9747231440|101.312721
2025-12-19|153|WST|269.670013|272.739990|268.450012|272.540009|2116900|0.9976812219|271.908051
2025-12-19|154|NDSN|238.639999|242.690002|238.470001|240.380005|1787600|0.9941183690|238.966171
2025-12-19|155|TFC|50.070000|50.330002|49.840000|50.080002|13181900|0.9700498779|48.580097
2025-12-19|156|WELL|187.410004|188.419998|185.759995|186.009995|16159300|0.9893392873|184.027008
2025-12-19|157|AON|352.660004|354.459991|349.910004|350.040009|2459700|0.9951005240|348.325012
2025-12-19|158|GL|138.229996|140.119995|138.029999|139.639999|1116600|0.9938835716|138.785919
2025-12-19|159|OKE|71.769997|72.769997|71.629997|71.669998|8401500|0.9633206765|69.041191
2025-12-19|160|KLAC|1240.009995|1263.570023|1239.609985|1245.670013|2156100|0.0996303139|124.106499
2025-12-19|161|CSX|36.630001|36.750000|36.419998|36.500000|27163100|0.9936713984|36.269005
2025-12-19|162|PSA|260.820007|260.839996|258.559998|259.149994|3779600|0.9808120164|254.177429
2025-12-19|163|NKE|59.200001|60.380001|58.220001|58.709999|108652700|0.9845960180|57.805634
2025-12-19|164|AAPL|272.149994|274.600006|269.899994|273.670013|144632000|0.9972854026|272.927124
2025-12-19|165|BRO|80.860001|81.570000|80.139999|80.180000|7216300|0.9924932219|79.578110
2025-12-19|166|UHS|224.690002|228.440002|224.690002|227.460007|1411800|0.9976532391|226.926208
2025-12-19|167|HD|354.109985|354.109985|344.920013|345.000000|12825600|0.9859634354|340.157379
2025-12-19|168|BAX|19.059999|19.309999|18.940001|18.959999|15927000|0.9989896155|18.933538
2025-12-19|169|COP|92.449997|93.400002|91.599998|91.940002|14612600|0.9784321345|89.957047
2025-12-19|170|GLW|87.080002|89.129997|87.080002|87.860001|14214800|0.9966096046|87.562119
2025-12-19|171|HUM|259.839996|262.730011|258.260010|259.399994|1860100|0.9892166205|256.602783
2025-12-19|172|LHX|283.799988|289.709991|283.549988|287.450012|1487700|0.9925076273|285.296356
2025-12-19|173|NOC|558.469971|570.960022|557.979980|568.460022|1329800|0.9924395226|564.162231
2025-12-19|174|OXY|39.750000|40.230000|39.570000|39.619999|14408200|0.9906984712|39.251469
2025-12-19|175|ROK|393.279999|396.440002|391.619995|395.869995|1741200|0.9904239689|392.079132
2025-12-19|176|SLB|38.250000|38.490002|37.980000|38.080002|22594300|0.9889523968|37.659309
2025-12-19|177|SO|86.750000|86.919998|85.230003|85.279999|11300700|0.9759995454|83.233231
2025-12-19|178|WMB|58.660000|59.080002|58.220001|58.259998|12646200|0.9855810767|57.419949
2025-12-19|179|VLO|161.850006|164.440002|161.539993|162.710007|6529800|0.9854130966|160.336563
2025-12-19|180|CI|273.480011|275.390015|270.720001|271.890015|4195300|0.9887906885|268.842316
2025-12-19|181|NSC|291.049988|293.079987|289.200012|291.410004|1368300|0.9874047136|287.739594
2025-12-19|182|COO|82.570000|83.080002|82.080002|82.750000|3587800|1.0000000000|82.750000
2025-12-19|183|AMGN|325.559998|331.500000|324.730011|327.380005|13465700|0.9799483831|320.815491
2025-12-19|184|RJF|160.720001|163.740005|160.720001|163.009995|4065200|0.9893936166|161.281036
2025-12-19|185|WSM|189.320007|192.169998|187.240005|190.880005|3556200|0.9895967846|188.894257
2025-12-19|186|CAH|200.740005|202.949997|200.380005|202.949997|4172800|0.9929397050|201.517105
2025-12-19|187|CTAS|189.600006|189.600006|186.860001|187.570007|7257400|0.9924218382|186.148575
2025-12-19|188|PAYX|114.070000|114.120003|109.029999|112.279999|11297800|0.9670710940|108.582748
2025-12-19|189|BEN|23.889999|24.330000|23.889999|24.000000|5815200|0.9625940231|23.102259
2025-12-19|190|AOS|68.419998|68.500000|67.709999|68.010002|2287800|0.9834989125|66.887764
2025-12-19|191|CASY|546.130005|559.520020|544.059998|558.489990|529900|0.9976268719|557.164612
2025-12-19|192|T|24.209999|24.280001|24.020000|24.150000|89822300|0.9652496452|23.310778
2025-12-19|193|VZ|40.139999|40.240002|39.810001|39.820000|53345100|0.9521495225|37.914593
2025-12-19|194|JBHT|195.490005|198.770004|194.020004|197.679993|2096600|0.9944705560|196.586929
2025-12-19|195|ATO|169.190002|169.419998|166.600006|166.699997|1628200|0.9829545502|163.858521
2025-12-19|196|LRCX|166.080002|173.580002|166.080002|172.270004|38469400|0.9981002163|171.942734
2025-12-19|197|MU|251.750000|268.380005|251.750000|265.920013|62312100|0.9990228227|265.660156
2025-12-19|198|AJG|252.880005|256.709991|252.139999|253.389999|3971200|0.9936444599|251.779556
2025-12-19|199|AME|203.169998|203.570007|201.750000|203.289993|3791500|0.9969202115|202.663910
2025-12-19|200|SWKS|64.489998|65.519997|64.150002|64.680000|5855300|0.9796110161|63.361240
2025-12-19|201|EXPD|150.000000|153.320007|149.919998|152.869995|3041100|0.9948730934|152.086243
2025-12-19|202|UNH|328.059998|334.600006|326.070007|327.420013|10553000|0.9866504480|323.049103
2025-12-19|203|BBY|71.790001|72.180000|70.730003|71.830002|7236500|0.9720666083|69.823547
2025-12-19|204|DOC|16.240000|16.299999|15.980000|15.990000|12357200|0.9572925378|15.307107
2025-12-19|205|ADSK|299.920013|301.579987|297.899994|300.079987|3311300|1.0000000000|300.079987
2025-12-19|206|DVN|35.779999|36.400002|35.779999|35.840000|17503200|0.9877783076|35.401974
2025-12-19|207|NVR|7531.339844|7596.459961|7369.000000|7399.709961|66000|1.0000000000|7399.709961
2025-12-19|208|ROST|182.899994|183.169998|181.320007|182.410004|6157600|0.9959267541|181.667007
2025-12-19|209|JKHY|183.380005|185.009995|182.000000|184.500000|2207100|0.9919197584|183.009201
2025-12-19|210|MNST|74.940002|77.169998|74.820000|76.260002|17078300|0.5000000000|76.260002
2025-12-19|211|ORCL|188.389999|195.119995|188.119995|191.970001|77008600|0.9904465499|190.136032
2025-12-19|212|MSFT|487.359985|487.850006|482.489990|485.920013|70836100|0.9936958009|482.856689
2025-12-19|213|TROW|103.320000|103.790001|102.580002|103.279999|2644100|0.9736426638|100.557816
2025-12-19|214|COST|856.570007|858.450012|849.320007|855.619995|10097600|0.9956058515|851.860229
2025-12-19|215|ADBE|355.529999|357.549988|351.589996|355.859985|8706300|1.0000000000|355.859985
2025-12-19|216|FISV|68.139999|68.690002|67.480003|67.940002|20614500|1.0000000000|67.940002
2025-12-19|217|BKR|44.360001|45.150002|44.310001|44.709999|21162300|0.9892821118|44.230804
2025-12-19|218|CDNS|315.100006|319.279999|313.760010|314.910004|3950200|1.0000000000|314.910004
2025-12-19|219|TJX|155.139999|155.429993|154.149994|154.600006|9330800|0.9907991610|153.177551
2025-12-19|220|FICO|1756.290039|1766.329956|1726.390015|1748.430054|528300|1.0000000000|1748.430054
2025-12-19|221|CCL|28.549999|31.490000|27.959999|31.120001|84281000|0.9841845235|30.627823
2025-12-19|222|FAST|42.520000|42.529999|42.080002|42.349998|21484800|0.9838279433|41.665115
2025-12-19|223|SCHW|97.400002|99.529999|97.220001|98.820000|23213100|0.9901836685|97.849945
2025-12-19|224|JCI|117.489998|120.190002|117.489998|119.529999|17473100|0.9941759575|118.833847
2025-12-19|225|COHR|178.699997|187.119995|174.809998|185.830002|4441000|1.0000000000|185.830002
2025-12-19|226|KEY|20.959999|21.080000|20.840000|20.980000|13382300|0.9804836286|20.570547
2025-12-19|227|MOS|23.980000|24.270000|23.690001|23.799999|12486600|0.9816582705|23.363466
2025-12-19|228|MGM|36.770000|37.599998|36.770000|37.299999|4318200|1.0000000000|37.299999
2025-12-19|229|WM|218.309998|218.429993|216.279999|216.339996|4209800|0.9917417797|214.553406
2025-12-19|230|TECH|57.830002|58.869999|57.029999|58.270000|3128300|0.9957086055|58.019943
2025-12-19|231|IEX|177.130005|179.029999|176.470001|177.779999|1571700|0.9895889092|175.929123
2025-12-19|232|GEN|27.639999|27.760000|27.400000|27.610001|21976100|0.9850474704|27.197163
2025-12-19|233|CRH|127.400002|127.949997|124.330002|124.419998|140096300|0.9889154582|123.040863
2025-12-19|234|EOG|102.389999|103.150002|101.589996|101.930000|9611500|0.9756845809|99.451530
2025-12-19|235|PTC|175.399994|178.710007|174.580002|178.169998|2331300|1.0000000000|178.169998
2025-12-19|236|CSCO|76.970001|79.169998|76.790001|78.419998|84881900|0.9856294108|77.293060
2025-12-19|237|LH|251.929993|253.029999|250.929993|252.029999|1613100|0.9947633093|250.173843
2025-12-19|238|TRMB|79.680000|81.379997|79.680000|80.879997|3079800|1.0000000000|80.879997
2025-12-19|239|AZO|3423.060059|3457.979980|3376.889893|3392.340088|327800|1.0000000000|3392.340088
2025-12-19|240|REGN|753.719971|773.849976|748.179993|767.960022|2335900|0.9961457605|765.000122
2025-12-19|241|IDXX|694.799988|705.950012|689.979980|700.340027|1682500|1.0000000000|700.340027
2025-12-19|242|AES|13.720000|13.890000|13.500000|13.530000|11204100|0.9646899783|13.052256
2025-12-19|243|VRTX|446.859985|460.399994|445.510010|456.200012|5558100|1.0000000000|456.200012
2025-12-19|244|ZBRA|252.710007|256.799988|251.169998|251.649994|1326400|1.0000000000|251.649994
2025-12-19|245|BIIB|171.320007|176.419998|170.000000|174.800003|14994800|1.0000000000|174.800003
2025-12-19|246|ODFL|158.149994|158.149994|153.889999|157.389999|5049000|0.9973411992|156.971527
2025-12-19|247|APH|130.070007|136.839996|129.929993|135.289993|17537500|0.9965240421|134.819733
2025-12-19|248|KIM|20.260000|20.270000|19.990000|19.990000|9714700|0.9782318124|19.554855
2025-12-19|249|QCOM|174.440002|177.190002|174.199997|175.250000|25223500|0.9899641514|173.491211
2025-12-19|250|GILD|121.190002|126.269997|121.000000|124.290001|24394600|0.9878606941|122.781204
2025-12-19|251|ROP|449.630005|451.029999|443.649994|444.989990|2952700|0.9929279129|441.842987
2025-12-19|252|SNPS|460.769989|469.579987|459.609985|463.730011|3951800|1.0000000000|463.730011
2025-12-19|253|STZ|136.199997|137.199997|134.669998|135.009995|4706500|0.9792322433|132.206131
2025-12-19|254|BSX|96.849998|97.269997|95.459999|95.610001|16423000|1.0000000000|95.610001
2025-12-19|255|STE|250.979996|255.949997|249.990005|254.339996|1702800|0.9945039836|252.942139
2025-12-19|256|DHI|149.479996|149.880005|146.089996|147.179993|6879600|0.9911938574|145.883896
2025-12-19|257|LIN|418.029999|423.390015|417.190002|421.429993|6048500|0.9935105778|418.695160
2025-12-19|258|SBUX|89.220001|89.260002|88.250000|88.330002|16986700|0.9821606772|86.754257
2025-12-19|259|MS|173.460007|177.699997|173.460007|176.979996|10639400|0.9837860335|174.110458
2025-12-19|260|INTU|667.799988|675.599976|665.440002|671.299988|4555500|0.9906980199|665.055542
2025-12-19|261|MCHP|64.330002|65.180000|64.110001|64.910004|18662500|0.9832658267|63.823784
2025-12-19|262|CB|310.410004|312.359985|309.079987|310.600006|4168300|0.9939554166|308.722534
2025-12-19|263|ORLY|91.849998|92.139999|90.629997|91.000000|15349900|1.0000000000|91.000000
2025-12-19|264|RCL|285.230011|300.640015|284.869995|293.589996|4774900|0.9862054091|289.540039
2025-12-19|265|JBL|217.550003|227.839996|217.550003|226.619995|2546400|0.9992441666|226.448715
2025-12-19|266|ALL|204.970001|206.440002|203.570007|205.000000|4280600|0.9897514584|202.899048
2025-12-19|267|CPT|107.680000|108.099998|106.980003|107.279999|3025200|0.9801843508|105.154175
2025-12-19|268|VMRK|62.259998|62.259998|61.360001|61.369999|4432800|0.9671264641|59.352551
2025-12-19|269|IT|250.149994|253.520004|246.850006|250.759995|3381000|1.0000000000|250.759995
2025-12-19|270|DECK|98.889999|100.599998|97.919998|99.470001|6711300|1.0000000000|99.470001
2025-12-19|271|REG|67.480003|68.800003|67.290001|68.550003|3813100|0.9810739142|67.252617
2025-12-19|272|INCY|97.769997|103.449997|97.360001|102.690002|5906600|1.0000000000|102.690002
2025-12-19|273|SPG|185.029999|185.520004|183.949997|184.929993|4492200|0.9778630534|180.836212
2025-12-19|274|MAA|135.990005|136.399994|134.199997|134.229996|2492000|0.9656183896|129.614960
2025-12-19|275|MLM|628.090027|637.559998|626.020020|633.940002|890600|0.9973479749|632.258789
2025-12-19|276|TSCO|52.160000|52.259998|51.139999|51.400002|8307700|0.9807531624|50.410709
2025-12-19|277|ALB|142.509995|149.820007|142.000000|145.880005|6845000|0.9949889134|145.149002
2025-12-19|278|CPRT|39.369999|39.500000|39.020000|39.070000|23321400|1.0000000000|39.070000
2025-12-19|279|FLEX|63.230000|65.300003|63.110001|64.239998|16005800|1.0000000000|64.239998
2025-12-19|280|ESS|260.029999|260.920013|257.369995|257.390015|1207600|0.9710345219|249.934601
2025-12-19|281|O|56.830002|57.209999|56.310001|56.330002|14314500|0.9656842140|54.396992
2025-12-19|282|MCO|498.709991|505.200012|498.640015|503.079987|1297100|0.9933686768|499.743896
2025-12-19|283|SJM|99.459999|100.309998|98.430000|98.690002|2348600|0.9701300487|95.742134
2025-12-19|284|MCK|813.479980|825.609985|811.760010|820.250000|1427100|0.9980659618|818.663574
2025-12-19|285|COF|241.919998|244.770004|240.740005|243.729996|5908500|0.9884398390|240.912430
2025-12-19|286|EME|613.799988|623.650024|608.849976|611.409973|891300|0.9983902989|610.425781
2025-12-19|287|DLTR|126.260002|127.860001|125.580002|127.839996|6133500|1.0000000000|127.839996
2025-12-19|288|COR|340.739990|345.619995|338.579987|340.929993|3255100|0.9940692618|338.908051
2025-12-19|289|DRI|191.410004|191.929993|186.710007|189.869995|4788700|0.9771066651|185.523224
2025-12-19|290|RMD|242.929993|245.899994|242.020004|244.940002|2957000|0.9918845144|242.952194
2025-12-19|291|WAB|214.479996|216.449997|213.970001|216.139999|2675000|0.9965472933|215.393738
2025-12-19|292|FCX|48.070000|49.639999|48.070000|49.150002|21954800|0.9929128187|48.801662
2025-12-19|293|IVZ|26.549999|27.180000|26.430000|27.000000|9079700|0.9777629266|26.399599
2025-12-19|294|ACGL|96.449997|96.660004|95.519997|96.199997|8319900|1.0000000000|96.199997
2025-12-19|295|ERIE|289.049988|289.170013|281.730011|283.820007|685600|0.9834606060|279.125793
2025-12-19|296|EG|332.160004|334.890015|330.309998|331.309998|1016600|0.9878843207|327.295959
2025-12-19|297|DVA|115.750000|116.529999|114.650002|115.199997|1883100|1.0000000000|115.199997
2025-12-19|298|HSIC|76.949997|77.650002|76.660004|77.349998|2588200|1.0000000000|77.349998
2025-12-19|299|EL|108.419998|110.370003|107.290001|108.000000|7304100|0.9930325985|107.247513
2025-12-19|300|WAT|375.450012|378.029999|372.170013|378.029999|1910500|1.0000000000|378.029999
2025-12-19|301|NTAP|110.800003|112.790001|110.739998|111.900002|3799800|0.9870750252|110.453697
2025-12-19|302|HIG|138.509995|139.289993|138.210007|139.009995|4073000|0.9910400733|137.764465
2025-12-19|303|IRM|78.889999|80.370003|78.230003|80.089996|6057700|0.9851777356|78.902878
2025-12-19|304|BRK-B|503.049988|503.820007|494.529999|494.529999|14652800|1.0000000000|494.529999
2025-12-19|305|FDS|277.549988|289.640015|275.899994|288.540009|2270600|0.9900356292|285.664886
2025-12-19|306|STLD|174.580002|176.979996|173.199997|174.279999|3313800|0.9917509611|172.842361
2025-12-19|307|DGX|175.800003|176.830002|174.589996|176.059998|1580900|0.9871163208|173.791687
2025-12-19|308|CIEN|212.740005|231.350006|212.419998|230.339996|4528300|1.0000000000|230.339996
2025-12-19|309|TTWO|246.199997|250.380005|244.389999|247.399994|3905400|1.0000000000|247.399994
2025-12-19|310|VTR|79.639999|79.980003|79.010002|79.099998|11246500|0.9818295408|77.662720
2025-12-19|311|AMZN|226.759995|229.130005|225.580002|227.350006|85544400|1.0000000000|227.350006
2025-12-19|312|ARE|48.799999|49.139999|47.470001|47.939999|7476100|0.9575530500|45.905090
2025-12-19|313|RL|369.380005|371.609985|360.339996|362.529999|1563200|0.9923194237|359.745544
2025-12-19|314|BXP|68.989998|69.449997|68.360001|68.709999|2810300|0.9663309942|66.396599
2025-12-19|315|FIX|929.049988|952.840027|922.049988|940.739990|8010000|0.9985721755|939.396729
2025-12-19|316|YUM|154.839996|155.929993|153.399994|153.750000|3119900|0.9905648102|152.299347
2025-12-19|317|CHRW|165.050003|167.100006|164.490005|166.460007|4674800|0.9931897587|165.326385
2025-12-19|318|FE|44.619999|44.669998|44.220001|44.230000|11952100|0.9707938980|42.938213
2025-12-19|319|MTD|1392.790039|1406.359985|1380.930054|1402.510010|445200|1.0000000000|1402.510010
2025-12-19|320|PLD|128.279999|128.460007|126.919998|127.230003|8629400|0.9848712132|125.305168
2025-12-19|321|URI|795.770020|812.710022|792.809998|812.419983|1223200|0.9939808437|807.529907
2025-12-19|322|AEE|99.080002|99.879997|98.459999|98.480003|4461800|0.9863006617|97.130890
2025-12-19|323|VRSN|244.380005|246.009995|242.779999|244.029999|1894800|0.9907421953|241.770813
2025-12-19|324|PWR|422.209991|431.989990|421.450012|426.660004|1602500|0.9993903388|426.399872
2025-12-19|325|AMT|174.210007|174.839996|171.949997|172.410004|6033000|0.9712942756|167.460861
2025-12-19|326|MAR|304.399994|311.679993|304.399994|310.160004|3064600|0.9940852561|308.325500
2025-12-19|327|CTSH|83.589996|86.940002|83.540001|85.410004|17460700|0.9822114026|83.890678
2025-12-19|328|SRE|87.389999|88.379997|86.870003|86.940002|6173800|0.9860298575|85.725441
2025-12-19|329|CSGP|64.410004|65.839996|63.990002|65.230003|9576200|1.0000000000|65.230003
2025-12-19|330|RSG|212.559998|213.570007|211.660004|213.139999|3963200|0.9913326285|211.292633
2025-12-19|331|CCI|86.760002|86.949997|86.059998|86.099998|4474600|0.9762634240|84.056282
2025-12-19|332|EBAY|84.639999|85.209999|83.910004|84.660004|12336500|0.9939126631|83.889587
2025-12-19|333|NVDA|176.669998|181.449997|176.339996|180.990005|324925900|0.9987817973|180.769516
2025-12-19|334|BKNG|5340.309906|5434.999847|5327.560043|5393.740082|462800|0.0398088823|214.718750
2025-12-19|335|GS|883.169983|899.750000|881.950012|893.479980|4808300|0.9903999491|884.902466
2025-12-19|336|FFIV|259.440002|262.350006|255.759995|256.910004|3168000|1.0000000000|256.910004
2025-12-19|337|SBAC|189.220001|191.389999|188.380005|190.009995|1526800|0.9805017315|186.305130
2025-12-19|338|LII|492.670013|499.010010|491.130005|496.920013|804600|0.9920705337|492.979706
2025-12-19|339|BLK|1066.949951|1068.560059|1057.750000|1060.170044|1174100|0.9888912077|1048.392822
2025-12-19|340|TKO|211.440002|215.169998|211.059998|213.440002|3058900|0.9921219970|211.758514
2025-12-19|341|AKAM|88.400002|89.750000|88.300003|89.220001|5375200|1.0000000000|89.220001
2025-12-19|342|UPS|101.110001|102.190002|100.120003|101.919998|17317500|0.9546755018|97.300529
2025-12-19|343|A|137.210007|138.270004|136.429993|137.240005|4959100|0.9940314297|136.420883
2025-12-19|344|TDY|502.709991|513.229980|501.970001|510.010010|461200|1.0000000000|510.010010
2025-12-19|345|PKG|203.690002|204.190002|202.110001|202.820007|1793600|0.9876260349|200.310333
2025-12-19|346|EW|85.180000|85.820000|84.839996|85.660004|7253400|1.0000000000|85.660004
2025-12-19|347|MET|81.629997|82.330002|81.070000|81.570000|6552800|0.9792675716|79.878853
2025-12-19|348|ON|54.500000|55.299999|54.369999|55.209999|45460700|1.0000000000|55.209999
2025-12-19|349|ISRG|561.630005|574.570007|561.309998|572.469971|4065300|1.0000000000|572.469971
2025-12-19|350|CRL|193.460007|198.339996|191.889999|197.059998|1174500|1.0000000000|197.059998
2025-12-19|351|MRVL|84.050003|86.220001|83.699997|84.089996|21722200|0.9985347355|83.966782
2025-12-19|352|EQIX|742.559998|763.059998|740.330017|758.510010|1371400|0.9849779860|747.115723
2025-12-19|353|TPR|124.900002|126.650002|124.019997|125.419998|5957300|0.9944862341|124.728455
2025-12-19|354|GRMN|202.270004|203.250000|200.529999|201.619995|3346900|0.9917889977|199.964493
2025-12-19|355|GPN|82.139999|82.930000|80.180000|80.849998|6702500|0.9929199565|80.277580
2025-12-19|356|ALGN|160.949997|161.600006|156.470001|157.690002|2638500|1.0000000000|157.690002
2025-12-19|357|WTW|330.040009|335.000000|328.750000|332.559998|1921300|0.9903328749|329.345123
2025-12-19|358|MDLZ|54.520000|55.259998|54.320000|54.500000|29240200|0.9742061707|53.094238
2025-12-19|359|AXON|566.299988|603.119995|561.909973|594.200012|2688900|1.0000000000|594.200012
2025-12-19|360|FIS|65.910004|66.379997|65.620003|66.050003|4824700|0.9802816760|64.747612
2025-12-19|361|ACN|270.000000|276.809998|270.000000|272.250000|8375700|0.9798095806|266.753143
2025-12-19|362|ZBH|90.260002|90.550003|88.500000|89.129997|4896400|0.9920119396|88.418015
2025-12-19|363|BG|91.379997|92.029999|90.809998|91.470001|3071800|0.9821514316|89.837402
2025-12-19|364|PFG|89.470001|90.040001|88.400002|88.949997|3584500|0.9832413887|87.459320
2025-12-19|365|ELV|337.649994|346.609985|337.609985|340.690002|4158300|0.9898456688|337.230530
2025-12-19|366|CNC|39.240002|39.860001|38.970001|39.020000|10471800|1.0000000000|39.020000
2025-12-19|367|PRU|115.010002|115.910004|114.269997|114.989998|3239600|0.9622422893|110.648239
2025-12-19|368|NFLX|93.570000|95.540001|93.449997|94.389999|78990200|1.0000000000|94.389999
2025-12-19|369|NDAQ|94.269997|95.910004|94.150002|95.360001|10575000|0.9932805958|94.719238
2025-12-19|370|WYNN|126.639999|129.339996|126.500000|127.940002|2134500|0.9927789107|127.016136
2025-12-19|371|CME|265.359985|270.440002|265.170013|269.089996|4349900|0.9716146686|261.451782
2025-12-19|372|STX|296.670013|305.429993|293.690002|296.359985|24731300|0.9949371232|294.859558
2025-12-19|373|NRG|154.860001|157.580002|154.699997|156.199997|3893900|0.9903289609|154.689392
2025-12-19|374|AIZ|237.720001|240.089996|237.720001|239.020004|596700|0.9925480196|237.238831
2025-12-19|375|CBRE|160.089996|161.660004|159.070007|161.630005|4433100|1.0000000000|161.630005
2025-12-19|376|CRM|260.679993|262.040009|255.500000|259.910004|20732100|0.9949373630|258.594177
2025-12-19|377|DPZ|432.459991|434.299988|428.190002|431.510010|958300|0.9888611209|426.703461
2025-12-19|378|EXR|130.539993|131.070007|129.369995|130.070007|2880500|0.9779070040|127.196373
2025-12-19|379|GOOG|303.269989|308.989990|302.339996|308.609985|45234400|0.9986949468|308.207245
2025-12-19|380|GOOGL|301.730011|307.250000|300.970001|307.160004|59943200|0.9986999831|306.760712
2025-12-19|381|DLR|148.149994|151.679993|148.149994|149.990005|5257700|0.9866588059|147.988968
2025-12-19|382|MPWR|941.890015|966.330017|937.109985|937.109985|5577200|0.9948016730|932.238586
2025-12-19|383|LVS|66.809998|67.440002|66.529999|66.949997|8524300|0.9827791790|65.797073
2025-12-19|384|DXCM|66.449997|66.870003|65.639999|66.059998|10644400|1.0000000000|66.059998
2025-12-19|385|BLDR|104.360001|104.620003|102.500000|103.790001|3458300|1.0000000000|103.790001
2025-12-19|386|WBD|27.799999|28.500000|27.580000|27.770000|136466100|1.0000000000|27.770000
2025-12-19|387|EXPE|286.630005|292.420013|286.010010|289.250000|3050400|0.9942877675|287.597748
2025-12-19|388|CF|78.040001|79.349998|77.889999|78.699997|5554600|0.9855673857|77.564148
2025-12-19|389|AMP|488.940002|492.850006|486.630005|489.170013|1865500|0.9903313094|484.440369
2025-12-19|390|ICE|159.970001|161.050003|159.660004|160.300003|5747900|0.9930916239|159.192581
2025-12-19|391|PSKY|12.950000|13.140000|12.870000|13.050000|23333000|0.9901049837|12.920870
2025-12-19|392|LYV|139.119995|142.089996|138.500000|141.100006|6392200|1.0000000000|141.100006
2025-12-19|393|CMG|37.599998|38.230000|36.980000|37.639999|45594600|1.0000000000|37.639999
2025-12-19|394|UAL|113.029999|114.180000|112.029999|113.989998|7303500|1.0000000000|113.989998
2025-12-19|395|TDG|1263.569946|1280.959961|1260.979980|1276.829956|633000|1.0000000000|1276.829956
2025-12-19|396|MA|566.219971|572.940002|565.200012|572.229980|7262100|0.9951190330|569.436951
2025-12-19|397|LDOS|181.289993|184.779999|180.289993|184.679993|2420900|0.9940154778|183.574783
2025-12-19|398|FSLR|263.470001|268.899994|261.790009|266.980011|2708100|1.0000000000|266.980011
2025-12-19|399|BR|226.050003|227.919998|224.750000|225.960007|2439600|0.9878384663|223.211990
2025-12-19|400|SMCI|29.590000|31.240000|29.590000|31.110001|39854100|1.0000000000|31.110001
2025-12-19|401|TMUS|200.850006|201.259995|196.110001|196.729996|17206100|0.9898439218|193.614548
2025-12-19|402|DAL|70.239998|71.250000|70.019997|71.059998|16154200|0.9922015511|70.505836
2025-12-19|403|IBKR|63.250000|64.720001|63.250000|64.260002|4757900|0.9979162811|64.126106
2025-12-19|404|PODD|293.750000|297.019989|288.399994|289.619995|1179100|1.0000000000|289.619995
2025-12-19|405|TEL|226.460007|230.490005|224.039993|229.979996|4714800|0.9892434805|227.506210
2025-12-19|406|BX|154.449997|154.649994|151.339996|151.589996|8941900|0.9695455041|146.973404
2025-12-19|407|LULU|214.990005|217.259995|207.380005|209.449997|15983300|1.0000000000|209.449997
2025-12-19|408|ULTA|599.979980|605.659973|594.270020|597.880005|1313500|1.0000000000|597.880005
2025-12-19|409|MSCI|559.270020|571.919983|559.270020|568.280029|1726500|0.9889531620|562.002319
2025-12-19|410|ECHO|107.980003|111.389999|103.379997|103.910004|8383200|1.0000000000|103.910004
2025-12-19|411|PM|157.240005|159.850006|156.649994|156.839996|18081100|0.9741176592|152.780609
2025-12-19|412|V|346.049988|349.910004|346.049988|349.250000|18623900|0.9940309283|347.165283
2025-12-19|413|AWK|132.679993|132.679993|130.220001|130.250000|2985200|0.9796942856|127.605179
2025-12-19|414|KDP|28.100000|28.129999|27.820000|27.889999|27699900|0.9761522236|27.224884
2025-12-19|415|SW|38.384998|38.630001|38.090000|38.110001|10373600|0.9711821711|37.011753
2025-12-19|416|AVGO|333.339996|343.450012|332.579987|340.359985|159095200|0.9944270811|338.463165
2025-12-19|417|VRSK|218.009995|220.250000|216.600006|218.029999|3083000|0.9947617775|216.887909
2025-12-19|418|DG|135.970001|137.419998|134.179993|137.279999|5136900|0.9860246787|135.361465
2025-12-19|419|FTNT|79.730003|80.440002|79.000000|80.239998|20115500|1.0000000000|80.239998
2025-12-19|420|CHTR|206.440002|208.960007|204.199997|205.000000|5997800|1.0000000000|205.000000
2025-12-19|421|FERG|226.039993|229.800003|225.440002|228.850006|2494200|0.9848254111|225.377304
2025-12-19|422|GNRC|142.000000|144.960007|137.309998|138.940002|3572200|1.0000000000|138.940002
2025-12-19|423|LYB|42.509998|44.000000|42.500000|43.090000|8041500|0.9677851714|41.701859
2025-12-19|424|CBOE|249.330002|250.539993|247.270004|247.270004|1323600|0.9954503651|246.145004
2025-12-19|425|TSLA|488.119995|490.489990|474.720001|481.200012|103305400|1.0000000000|481.200012
2025-12-19|426|KKR|131.839996|132.649994|130.380005|130.610001|6635100|0.9943370554|129.870361
2025-12-19|427|NXPI|224.279999|229.119995|224.009995|226.270004|10501500|0.9914738451|224.340790
2025-12-19|428|GM|81.089996|82.690002|81.089996|82.349998|23751000|0.9954799629|81.977776
2025-12-19|429|TRGP|178.369995|181.460007|178.130005|178.929993|4275700|0.9854533185|176.327148
2025-12-19|430|CPAY|305.320007|311.269989|304.679993|309.809998|1445700|1.0000000000|309.809998
2025-12-19|431|KMI|26.320000|26.730000|26.309999|26.490000|17976200|0.9722301462|25.754377
2025-12-19|432|HCA|467.510010|473.299988|464.089996|472.980011|4262500|0.9965176399|471.332916
2025-12-19|433|HII|324.149994|337.440002|324.149994|336.640015|1438500|0.9925978670|332.597076
2025-12-19|434|APO|146.619995|147.960007|146.000000|146.339996|5163400|0.9875780044|144.522156
2025-12-19|435|MPC|168.389999|170.529999|167.270004|168.320007|6618000|0.9885237030|166.388321
2025-12-19|436|XYL|136.699997|138.250000|136.380005|138.070007|2100500|0.9889650951|136.546402
2025-12-19|437|APTV|77.940002|78.989998|77.230003|78.290001|5779400|1.0000000000|78.290001
2025-12-19|438|PSX|129.449997|130.649994|128.000000|128.889999|4842500|0.9794981865|126.247528
2025-12-19|439|AMCR|8.320000|8.370000|8.270000|8.290000|34452100|4.8543684849|40.242718
2025-12-19|440|META|666.419983|671.000000|658.179993|658.770020|49977100|0.9982193806|657.596985
2025-12-19|441|NOW|152.970001|156.160004|152.539993|155.309998|25257500|1.0000000000|155.309998
2025-12-19|442|PANW|187.850006|188.270004|186.139999|186.880005|19050300|1.0000000000|186.880005
2025-12-19|443|FANG|146.919998|150.919998|146.660004|148.130005|3981300|0.9832059760|145.642303
2025-12-19|444|WDAY|217.229996|219.919998|217.009995|218.630005|5534500|1.0000000000|218.630005
2025-12-19|445|ABBV|222.949997|229.470001|222.350006|226.820007|18968800|0.9769027438|221.581085
2025-12-19|446|NCLH|21.610001|23.230000|21.510000|23.040001|29116700|1.0000000000|23.040001
2025-12-19|447|ZTS|122.650002|124.500000|122.180000|122.239998|11297500|0.9845723480|120.354126
2025-12-19|448|IQV|223.039993|223.479996|219.800003|220.690002|4467400|1.0000000000|220.690002
2025-12-19|449|NWS|29.930000|30.170000|29.480000|29.790001|4740500|0.9963262306|29.680559
2025-12-19|450|NWSA|25.870001|26.360001|25.799999|26.080000|14248300|0.9958385353|25.971468
2025-12-19|451|CDW|142.630005|143.820007|138.369995|140.649994|13516700|0.9844137869|138.457794
2025-12-19|452|VEEV|218.869995|225.000000|218.270004|221.860001|2191900|1.0000000000|221.860001
2025-12-19|453|ALLE|159.199997|160.570007|158.729996|160.000000|2751900|0.9921390873|158.742249
2025-12-19|454|HLT|288.489990|293.630005|287.619995|292.250000|3236900|0.9986088702|291.843445
2025-12-19|455|ARES|166.000000|167.389999|162.080002|165.679993|5186100|0.9767290545|161.824463
2025-12-19|456|ANET|125.010002|132.520004|125.010002|131.119995|12713100|1.0000000000|131.119995
2025-12-19|457|SYF|83.230003|84.820000|83.000000|84.680000|10591200|0.9876561264|83.634727
2025-12-19|458|CFG|58.630001|59.330002|58.490002|59.189999|6614300|0.9795741096|57.980991
2025-12-19|459|KEYS|200.279999|203.990005|199.735001|202.470001|2985200|1.0000000000|202.470001
2025-12-19|460|GDDY|127.139999|127.620003|125.940002|127.220001|4539600|1.0000000000|127.220001
2025-12-19|461|KHC|24.620001|24.760000|24.455000|24.510000|22737700|0.9659839010|23.676266
2025-12-19|462|PYPL|58.919998|60.115002|58.799999|59.810001|31927500|0.9937057617|59.433544
2025-12-19|463|LITE|339.070007|373.339996|339.029999|371.429993|4410200|1.0000000000|371.429993
2025-12-19|464|HPE|23.910000|24.580000|23.889999|24.430000|29907700|0.9906947030|24.202673
2025-12-19|465|XYZ|64.589996|65.769997|64.559998|65.330002|10063100|1.0000000000|65.330002
2025-12-19|466|FTV|54.490002|55.009998|54.439999|54.910000|12085500|0.9979248563|54.796055
2025-12-19|467|DELL|123.959999|127.150002|123.699997|126.419998|9715400|0.9909355870|125.274071
2025-12-19|468|TTD|37.150002|37.605000|36.810001|37.259998|63754500|1.0000000000|37.259998
2025-12-19|469|VST|166.699997|171.410004|162.699997|163.029999|7141800|0.9958526400|162.353867
2025-12-19|470|HWM|198.970001|203.800003|198.500000|203.490005|3462500|0.9985047767|203.185745
2025-12-19|471|INVH|27.410000|27.450001|27.020000|27.049999|9541400|0.9672165501|26.163206
2025-12-19|472|CVNA|464.990005|474.889984|450.079994|450.219994|34651000|0.2000000000|90.043999
2025-12-19|473|IR|78.809998|79.550003|78.309998|79.279999|6617900|0.9992655835|79.221771
2025-12-19|474|VICI|28.180000|28.180000|27.650000|27.700001|24121100|0.9677245240|26.805971
2025-12-19|475|VRT|156.000000|162.369995|155.270004|159.820007|9716400|0.9995540701|159.748749
2025-12-19|476|MRNA|31.280001|34.250000|31.170000|33.799999|23582400|1.0000000000|33.799999
2025-12-19|477|FOXA|71.139999|72.309998|70.870003|71.769997|10659200|0.9951185496|71.419655
2025-12-19|478|FOX|63.270000|64.040001|63.150002|63.599998|5721400|0.9946544484|63.260025
2025-12-19|479|DOW|23.030001|23.555000|22.914000|23.260000|15644300|0.9783459966|22.756329
2025-12-19|480|UBER|79.769997|79.989998|78.309998|79.309998|34353300|1.0000000000|79.309998
2025-12-19|481|CTVA|67.245003|67.245003|66.150002|66.309998|8981900|0.9954590981|66.008896
2025-12-19|482|CRWD|480.000000|489.204987|478.630005|481.279999|4662700|0.2500000000|120.320000
2025-12-19|483|DDOG|138.839996|141.250000|137.710007|140.389999|6302900|1.0000000000|140.389999
2025-12-19|484|CARR|53.049999|53.810001|52.730000|53.770000|12875300|0.9886394999|53.159149
2025-12-19|485|OTIS|87.080002|87.379997|86.739998|87.059998|6964300|0.9834662418|85.620575
2025-12-19|486|PLTR|186.740005|195.000000|186.729996|193.380005|76929400|1.0000000000|193.380005
2025-12-19|487|DASH|232.235001|239.000000|231.460007|234.250000|8727700|1.0000000000|234.250000
2025-12-19|488|ABNB|134.149994|137.050003|133.610001|135.279999|10530800|1.0000000000|135.279999
2025-12-19|489|EXE|108.190002|109.709999|107.250000|108.739998|5569700|0.9826864450|106.857323
2025-12-19|490|COIN|244.580002|247.000000|240.850006|245.119995|10613000|1.0000000000|245.119995
2025-12-19|491|APP|702.000000|732.000000|700.004028|721.369995|7834000|1.0000000000|721.369995
2025-12-19|492|HOOD|119.470001|122.959999|118.199997|121.349998|27580900|1.0000000000|121.349998
2025-12-19|493|CEG|361.200012|368.640015|354.190002|355.399994|5429500|0.9955820742|353.829834
2025-12-19|494|GEHC|82.995003|83.639999|82.300003|82.889999|6437600|0.9985528329|82.770042
2025-12-19|495|KVUE|17.160000|17.160000|16.959999|17.020000|49715800|0.9661066365|16.443134
2025-12-19|496|VLTO|100.440002|100.820000|99.470001|100.589996|5885600|0.9957401186|100.161491
2025-12-19|497|RDDT|235.850006|239.440002|230.990005|233.190002|5942900|1.0000000000|233.190002
2025-12-19|498|SOLV|80.800003|81.680000|80.540001|81.589996|3276500|1.0000000000|81.589996
2025-12-19|499|GEV|646.780029|660.590027|641.599976|658.280029|4489100|0.9981503345|657.062378
2025-12-19|500|SNDK|222.289993|243.710007|221.000000|237.610001|10925000|1.0000000000|237.610001
2025-12-19|501|Q|79.370003|80.000000|77.180000|79.699997|6553300|0.9988559230|79.608818
