date|security_id|ticker|open|high|low|close|volume|adj_factor|adj_close_vendor
2026-07-06|1|AEP|137.889999|138.460007|135.229996|135.979996|7295000|0.9924441265|134.952545
2026-07-06|2|BA|227.149994|234.850006|227.000000|234.539993|7029200|1.0000000000|234.539993
2026-07-06|3|CAT|979.090027|991.000000|963.320007|969.919983|2441700|0.9981483165|968.124023
2026-07-06|4|CNP|44.490002|44.630001|43.650002|44.000000|8267400|0.9940594062|43.738613
2026-07-06|5|CVX|168.860001|169.259995|167.160004|168.100006|9974300|0.9913483039|166.645660
2026-07-06|6|DIS|98.849998|99.440002|97.019997|97.410004|10171900|1.0000000000|97.410004
2026-07-06|7|DTE|153.860001|154.410004|151.110001|151.360001|859800|1.0000000000|151.360001
2026-07-06|8|ED|113.629997|113.629997|111.739998|111.940002|2617200|0.9918651523|111.029388
2026-07-06|9|GD|372.910004|377.269989|369.329987|376.880005|1273700|1.0000000000|376.880005
2026-07-06|10|GE|377.170013|380.290009|373.839996|378.679993|4065400|1.0000000000|378.679993
2026-07-06|11|HON|229.149994|231.860001|222.850006|231.179993|7539100|0.9970084192|230.488403
2026-07-06|12|HPQ|21.980000|22.670000|21.959999|22.600000|11210500|1.0000000000|22.600000
2026-07-06|13|IBM|288.350006|300.820007|287.649994|299.519989|7181500|0.9928776129|297.386688
2026-07-06|14|IP|38.330002|38.820000|38.060001|38.580002|4139000|0.9887402721|38.145599
2026-07-06|15|JNJ|260.230011|261.380005|255.929993|259.329987|6803700|0.9950922943|258.057251
2026-07-06|16|KO|84.099998|84.559998|82.320000|82.959999|18992600|1.0000000000|82.959999
2026-07-06|17|KR|58.130001|58.480000|57.160000|58.250000|9797100|0.9931853922|57.853050
2026-07-06|18|LMT|545.000000|545.909973|535.169983|538.000000|937700|1.0000000000|538.000000
2026-07-06|19|MMM|160.419998|160.449997|156.050003|159.149994|2180100|0.9956414843|158.456329
2026-07-06|20|MO|72.349998|72.550003|71.269997|71.879997|6047900|1.0000000000|71.879997
2026-07-06|21|MRK|129.309998|130.000000|125.620003|126.779999|9499300|1.0000000000|126.779999
2026-07-06|22|MSI|419.500000|425.920013|417.049988|422.829987|729100|1.0000000000|422.829987
2026-07-06|23|PG|150.679993|151.220001|146.960007|149.309998|8323100|0.9925903246|148.203659
2026-07-06|24|XOM|136.550003|137.369995|136.009995|136.440002|13915100|0.9935665212|135.562210
2026-07-06|25|RTX|200.000000|202.550003|197.960007|201.369995|6571300|0.9966890420|200.703262
2026-07-06|26|MCD|280.059998|281.019989|273.579987|279.500000|6744000|1.0000000000|279.500000
2026-07-06|27|AXP|352.209991|358.170013|350.589996|356.029999|3525200|1.0000000000|356.029999
2026-07-06|28|BMY|57.740002|58.110001|56.490002|56.700001|9313000|1.0000000000|56.700001
2026-07-06|29|DD|140.429993|141.990005|139.869995|141.050003|1311900|1.0000000000|141.050003
2026-07-06|30|DE|619.150024|637.700012|617.679993|635.239990|1081700|1.0000000000|635.239990
2026-07-06|31|EMR|139.039993|141.740005|138.580002|141.559998|1896200|0.9966201816|141.081543
2026-07-06|32|ETN|405.589996|420.250000|404.399994|413.420013|1764800|0.9975456838|412.405334
2026-07-06|33|ETR|114.769997|115.199997|113.430000|113.830002|2086800|0.9940658321|113.154510
2026-07-06|34|F|13.510000|13.900000|13.420000|13.830000|54301400|0.9892857143|13.681821
2026-07-06|35|HAL|32.950001|33.599998|32.860001|33.000000|8687000|1.0000000000|33.000000
2026-07-06|36|LLY|1208.000000|1213.790039|1183.339966|1200.060059|2348800|0.9985690653|1198.342896
2026-07-06|37|PCG|17.110001|17.190001|16.760000|16.820000|17733000|1.0000000000|16.820000
2026-07-06|38|PEP|144.240005|144.699997|141.380005|143.289993|9006600|1.0000000000|143.289993
2026-07-06|39|PFE|24.160000|24.200001|23.620001|23.719999|58576100|0.9828068774|23.312178
2026-07-06|40|TXN|299.660004|306.019989|299.239990|303.500000|6726400|0.9949060125|301.953979
2026-07-06|41|WFC|86.000000|87.629997|85.919998|87.449997|9914200|0.9942915856|86.950798
2026-07-06|42|HUBB|489.600006|498.959991|489.600006|495.600006|455590|1.0000000000|495.600006
2026-07-06|43|WMT|111.400002|112.370003|109.370003|110.650002|29523300|0.9976117102|110.385735
2026-07-06|44|AIG|79.190002|80.800003|78.669998|80.750000|3941300|1.0000000000|80.750000
2026-07-06|45|AVY|166.039993|166.229996|163.250000|166.039993|608700|1.0000000000|166.039993
2026-07-06|46|BAC|59.139999|59.939999|58.919998|59.900002|34645400|1.0000000000|59.900002
2026-07-06|47|BALL|63.939999|63.939999|61.310001|62.950001|2648500|1.0000000000|62.950001
2026-07-06|48|BDX|157.949997|158.009995|154.320007|155.539993|1485600|1.0000000000|155.539993
2026-07-06|49|CLX|96.940002|97.750000|95.089996|97.250000|1936700|0.9884526559|96.127022
2026-07-06|50|CMI|667.140015|679.559998|666.640015|678.239990|679500|0.9962915514|675.724792
2026-07-06|51|CMS|78.510002|78.510002|76.220001|76.290001|1977100|0.9919943817|75.679253
2026-07-06|52|CVS|105.089996|105.379997|101.779999|102.080002|5709600|0.9938471504|101.451920
2026-07-06|53|ECL|284.250000|284.250000|278.500000|283.720001|1045500|1.0000000000|283.720001
2026-07-06|54|ES|74.400002|74.449997|72.800003|73.230003|2369700|1.0000000000|73.230003
2026-07-06|55|EVRG|87.900002|87.900002|85.760002|86.269997|1907100|0.9917192899|85.555618
2026-07-06|56|GWW|1340.020020|1371.229980|1332.979980|1370.160034|288700|0.9980509570|1367.489502
2026-07-06|57|LNT|77.839996|77.989998|76.389999|76.580002|2250200|0.9924530963|76.002060
2026-07-06|58|MKC|52.340000|52.720001|50.779999|51.779999|3126400|1.0000000000|51.779999
2026-07-06|59|MRSH|178.130005|178.130005|173.250000|174.729996|3094800|0.9943746806|173.747086
2026-07-06|60|NEE|88.180000|88.519997|87.160004|87.440002|10274100|1.0000000000|86.787369
2026-07-06|61|NI|47.680000|47.820000|47.020000|47.049999|3933100|0.9933436876|46.736820
2026-07-06|62|PNW|109.070000|109.089996|106.510002|106.910004|1083100|0.9909892067|105.946663
2026-07-06|63|RVTY|112.879997|113.029999|111.019997|112.949997|1006200|0.9993733214|112.879211
2026-07-06|64|SNA|412.140015|414.619995|408.890015|413.619995|382500|0.9938338681|411.069550
2026-07-06|65|SPGI|439.570007|447.700012|427.750000|447.220001|2573100|0.9977597635|446.218109
2026-07-06|66|TER|386.579987|399.799988|377.170013|379.519989|3447000|1.0000000000|379.519989
2026-07-06|67|TGT|129.990005|129.990005|124.699997|126.099998|5209900|0.9923829532|125.139488
2026-07-06|68|TXT|92.580002|94.230003|91.930000|93.839996|1527200|1.0000000000|93.839996
2026-07-06|69|VMC|304.649994|305.829987|299.899994|304.839996|785200|0.9981453742|304.274628
2026-07-06|70|XEL|81.959999|82.239998|80.050003|80.370003|5593900|1.0000000000|80.370003
2026-07-06|71|ITW|273.350006|275.600006|271.570007|274.269989|1044500|1.0000000000|274.269989
2026-07-06|72|CL|94.690002|95.000000|92.160004|93.389999|5177200|0.9942998496|92.857658
2026-07-06|73|EXC|47.650002|47.779999|46.930000|47.049999|10012500|1.0000000000|47.049999
2026-07-06|74|MDT|83.250000|83.769997|81.410004|83.059998|10711100|1.0000000000|83.059998
2026-07-06|75|BNY|147.479996|149.979996|146.899994|149.960007|3980400|0.9960354919|149.365494
2026-07-06|76|EIX|75.699997|76.190002|74.139999|74.839996|2617000|0.9882683051|73.961998
2026-07-06|77|FRT|121.769997|122.199997|120.019997|120.559998|867400|1.0000000000|120.559998
2026-07-06|78|PNR|76.959999|77.089996|74.540001|75.529999|1584000|0.9956500725|75.201447
2026-07-06|79|USB|62.900002|63.049999|62.340000|62.830002|8638600|1.0000000000|62.830002
2026-07-06|80|WY|23.780001|23.870001|23.219999|23.400000|5513900|1.0000000000|23.400000
2026-07-06|81|SYY|84.410004|84.839996|83.040001|84.230003|4154300|1.0000000000|84.230003
2026-07-06|82|WRB|72.000000|72.080002|70.449997|70.919998|1588700|1.0000000000|70.919998
2026-07-06|83|IFF|83.339996|83.529999|81.690002|82.769997|2183300|1.0000000000|82.769997
2026-07-06|84|TAP|39.290001|39.599998|38.080002|38.860001|4140400|1.0000000000|38.412262
2026-07-06|85|PNC|249.279999|253.279999|248.309998|253.179993|2249800|0.9920904849|251.177460
2026-07-06|86|TRV|341.679993|343.450012|337.000000|339.170013|1513900|1.0000000000|339.170013
2026-07-06|87|C|141.869995|143.889999|141.559998|143.860001|14139700|0.9949414872|143.132278
2026-07-06|88|FDX|313.049988|317.040009|307.660004|309.929993|1422100|1.0000000000|309.929993
2026-07-06|89|WDC|567.000000|601.000000|563.609985|577.460022|7600700|1.0000000000|577.460022
2026-07-06|90|DHR|195.309998|196.600006|189.779999|193.619995|4663800|1.0000000000|193.619995
2026-07-06|91|APA|32.169998|32.889999|32.090000|32.459999|3865200|0.9930109031|32.233131
2026-07-06|92|LUV|51.000000|51.520000|50.200001|50.810001|6541200|1.0000000000|50.810001
2026-07-06|93|PEG|81.629997|81.959999|80.610001|80.790001|2437900|1.0000000000|80.790001
2026-07-06|94|UNP|282.809998|283.989990|279.429993|282.589996|2393300|1.0000000000|282.589996
2026-07-06|95|ABT|95.000000|95.919998|92.989998|95.629997|15257000|0.9929181654|94.952766
2026-07-06|96|ADI|387.910004|395.929993|385.959991|388.829987|4447300|1.0000000000|388.829987
2026-07-06|97|ADM|76.980003|78.169998|76.500000|77.930000|3145000|0.9936931471|77.438507
2026-07-06|98|ADP|243.380005|243.380005|237.419998|239.490005|1998200|1.0000000000|239.490005
2026-07-06|99|AFL|121.000000|121.529999|119.629997|120.470001|1563000|0.9949889100|119.866318
2026-07-06|100|AMAT|627.760010|629.000000|591.679993|592.789978|8622800|0.9989318178|592.156799
2026-07-06|101|AMD|535.349976|572.500000|527.000000|552.049988|30684200|1.0000000000|552.049988
2026-07-06|102|APD|314.299988|314.869995|305.019989|308.859985|1368800|1.0000000000|308.859985
2026-07-06|103|BF-B|25.750000|25.920000|25.000000|25.750000|2949100|1.0000000000|25.750000
2026-07-06|104|CHD|98.070000|98.260002|96.589996|97.449997|1582500|0.9969601263|97.153763
2026-07-06|105|CINF|190.550003|192.059998|189.110001|189.589996|730700|1.0000000000|189.589996
2026-07-06|106|CMCSA|23.770000|23.969999|23.219999|23.379999|42491900|1.0000000000|23.379999
2026-07-06|107|D|69.690002|69.730003|68.930000|69.260002|5046300|1.0000000000|69.260002
2026-07-06|108|DOV|213.059998|215.500000|210.210007|214.740005|1632600|1.0000000000|214.740005
2026-07-06|109|DUK|129.169998|129.440002|125.779999|125.970001|5757600|0.9912844404|124.872101
2026-07-06|110|EFX|172.490005|173.149994|168.039993|171.940002|1670500|1.0000000000|171.940002
2026-07-06|111|EQT|52.560001|52.720001|51.669998|51.709999|6848400|0.9968732234|51.548313
2026-07-06|112|FITB|57.240002|58.070000|57.029999|57.889999|5339900|1.0000000000|57.889999
2026-07-06|113|GIS|37.380001|37.770000|35.730000|36.119999|12273400|0.9829846576|35.505405
2026-07-06|114|GPC|129.199997|130.300003|125.690002|128.660004|3516200|1.0000000000|128.660004
2026-07-06|115|HAS|80.290001|80.339996|77.629997|77.980003|2782500|0.9925523990|77.399239
2026-07-06|116|HBAN|17.629999|17.980000|17.570000|17.889999|18066900|1.0000000000|17.889999
2026-07-06|117|HRL|24.870001|24.920000|23.969999|24.280001|5344300|0.9881520418|23.992332
2026-07-06|118|HST|23.450001|23.500000|23.180000|23.250000|9475700|1.0000000000|23.250000
2026-07-06|119|HSY|182.110001|183.380005|176.669998|177.509995|2527800|0.9921985814|176.125168
2026-07-06|120|INTC|122.570000|127.300003|121.519997|122.199997|86950200|1.0000000000|122.199997
2026-07-06|121|J|127.220001|129.600006|126.879997|128.979996|870800|0.9975665811|128.666138
2026-07-06|122|JPM|335.000000|339.720001|334.109985|337.720001|8673500|1.0000000000|337.720001
2026-07-06|123|KMB|114.489998|114.620003|111.099998|113.010002|3755500|1.0000000000|113.010002
2026-07-06|124|L|116.599998|116.699997|115.779999|116.300003|606800|0.9994397510|116.234848
2026-07-06|125|LEN|88.330002|88.680000|85.800003|87.650002|2236800|0.9940723176|87.130440
2026-07-06|126|LOW|228.000000|228.809998|218.559998|223.779999|2479400|0.9938577955|222.405502
2026-07-06|127|MAS|82.769997|82.769997|80.669998|81.040001|1833000|0.9956337837|80.686165
2026-07-06|128|MTB|237.190002|240.910004|236.500000|239.919998|886800|1.0000000000|239.919998
2026-07-06|129|NEM|98.010002|98.930000|95.599998|98.199997|6399600|1.0000000000|98.199997
2026-07-06|130|NTRS|176.699997|181.210007|176.699997|181.139999|722900|1.0000000000|181.139999
2026-07-06|131|NUE|220.750000|225.850006|220.000000|223.919998|1469800|1.0000000000|223.919998
2026-07-06|132|OMC|78.750000|80.239998|78.449997|79.900002|3546600|1.0000000000|79.900002
2026-07-06|133|PCAR|120.910004|126.050003|120.459999|125.910004|3899700|0.9973590885|125.577484
2026-07-06|134|PGR|232.000000|232.050003|228.990005|231.669998|2829600|1.0000000000|231.669998
2026-07-06|135|PH|962.969971|971.960022|961.809998|971.359985|447300|1.0000000000|971.359985
2026-07-06|136|PHM|133.919998|134.250000|130.690002|131.380005|1273500|1.0000000000|131.380005
2026-07-06|137|PPG|124.790001|124.889999|122.239998|124.040001|1299800|0.9938189109|123.273300
2026-07-06|138|PPL|36.799999|36.889999|35.990002|36.110001|6232900|1.0000000000|36.110001
2026-07-06|139|RF|30.219999|30.549999|29.930000|30.480000|7077000|1.0000000000|30.480000
2026-07-06|140|ROL|43.340000|43.419998|42.320000|42.730000|4628900|0.9951510336|42.522804
2026-07-06|141|SHW|353.130005|353.609985|344.359985|349.130005|1688000|0.9976939264|348.324890
2026-07-06|142|STT|171.539993|175.960007|171.339996|175.960007|3255500|1.0000000000|175.960007
2026-07-06|143|SWK|92.330002|93.290001|90.599998|92.559998|1016300|1.0000000000|92.559998
2026-07-06|144|SYK|327.500000|327.760010|318.029999|324.730011|2141100|1.0000000000|324.730011
2026-07-06|145|TMO|520.000000|520.000000|506.829987|517.599976|1857600|1.0000000000|517.599976
2026-07-06|146|TPL|405.619995|411.250000|402.089996|402.799988|347200|1.0000000000|402.799988
2026-07-06|147|TSN|58.820000|59.000000|58.029999|58.750000|2525400|1.0000000000|58.750000
2026-07-06|148|TT|481.420013|487.559998|479.730011|487.239990|930800|1.0000000000|487.239990
2026-07-06|149|TYL|315.549988|320.970001|310.570007|319.010010|663700|1.0000000000|319.010010
2026-07-06|150|UDR|40.939999|41.029999|40.669998|40.959999|2286600|0.9926177659|40.657623
2026-07-06|151|VTRS|16.700001|16.980000|16.610001|16.799999|11422100|0.9925558317|16.674938
2026-07-06|152|WEC|118.620003|118.879997|116.580002|116.629997|1616500|0.9913583604|115.622124
2026-07-06|153|WST|364.869995|366.420013|357.100006|357.640015|682900|0.9993471810|357.406555
2026-07-06|154|NDSN|291.339996|297.690002|289.529999|293.660004|276300|1.0000000000|293.660004
2026-07-06|155|TFC|50.340000|51.509998|50.340000|51.419998|5985900|0.9901868280|50.915405
2026-07-06|156|WELL|235.869995|236.339996|231.009995|232.690002|2857700|0.9962391044|231.814880
2026-07-06|157|AON|356.709991|357.179993|351.380005|356.910004|1218000|0.9977256968|356.098297
2026-07-06|158|GL|179.000000|180.490005|176.339996|176.979996|606800|1.0000000000|176.979996
2026-07-06|159|OKE|87.750000|88.419998|86.800003|87.430000|3115500|0.9882171564|86.399826
2026-07-06|160|KLAC|246.320007|246.320007|231.160004|233.309998|12130800|0.9988709994|233.046600
2026-07-06|161|CSX|49.259998|49.290001|48.709999|48.810001|9837800|1.0000000000|48.810001
2026-07-06|162|PSA|329.510010|329.640015|321.429993|324.000000|845800|1.0000000000|324.000000
2026-07-06|163|NKE|43.900002|44.110001|41.840000|43.340000|21979100|1.0000000000|43.340000
2026-07-06|164|AAPL|307.359985|314.200012|307.000000|312.660004|53590000|0.9991382887|312.390594
2026-07-06|165|BRO|68.860001|69.169998|67.620003|68.430000|2509800|0.9976903696|68.271950
2026-07-06|166|UHS|160.000000|160.880005|156.820007|158.050003|791900|1.0000000000|158.050003
2026-07-06|167|HD|357.820007|358.850006|345.799988|350.649994|4460800|1.0000000000|350.649994
2026-07-06|168|BAX|22.780001|22.830000|22.160000|22.580000|4891600|1.0000000000|22.571293
2026-07-06|169|COP|104.349998|104.620003|103.400002|103.580002|5371800|0.9933743492|102.893715
2026-07-06|170|GLW|199.110001|206.990005|193.160004|194.800003|11938500|1.0000000000|194.800003
2026-07-06|171|HUM|398.000000|400.000000|388.100006|392.859985|1349400|1.0000000000|392.859985
2026-07-06|172|LHX|301.809998|302.820007|297.769989|301.269989|900900|1.0000000000|301.269989
2026-07-06|173|NOC|547.000000|548.510010|537.369995|547.750000|917800|1.0000000000|547.750000
2026-07-06|174|OXY|48.709999|49.270000|48.689999|48.810001|6667400|1.0000000000|48.810001
2026-07-06|175|ROK|474.519989|488.350006|472.380005|482.869995|614400|0.9969290339|481.387115
2026-07-06|176|SLB|44.759998|46.070000|44.750000|45.720001|10598000|1.0000000000|45.720001
2026-07-06|177|SO|97.339996|97.730003|95.769997|95.989998|4922100|0.9918103451|95.203873
2026-07-06|178|WMB|73.070000|73.889999|72.400002|72.820000|5696300|1.0000000000|72.820000
2026-07-06|179|VLO|267.630005|273.950012|265.529999|270.320007|1751500|0.9961502678|269.279358
2026-07-06|180|CI|287.130005|287.380005|275.799988|281.980011|1771000|1.0000000000|281.980011
2026-07-06|181|NSC|323.200012|324.299988|318.559998|321.899994|869100|0.9960579337|320.631042
2026-07-06|182|COO|74.150002|74.150002|71.650002|72.610001|2623400|1.0000000000|72.610001
2026-07-06|183|AMGN|371.700012|373.980011|359.470001|366.440002|2838000|0.9941899340|364.310944
2026-07-06|184|RJF|163.000000|166.750000|162.679993|166.410004|905800|1.0000000000|166.410004
2026-07-06|185|WSM|227.000000|228.009995|222.250000|223.830002|987500|0.9966722130|223.085144
2026-07-06|186|CAH|241.860001|241.860001|233.809998|237.520004|2477000|1.0000000000|237.520004
2026-07-06|187|CTAS|181.350006|181.350006|177.279999|178.240005|1941000|0.9974090682|177.778198
2026-07-06|188|PAYX|106.279999|106.839996|104.650002|105.389999|2630400|0.9896951856|104.303978
2026-07-06|189|BEN|34.250000|34.669998|34.160000|34.439999|3591400|1.0000000000|34.439999
2026-07-06|190|AOS|62.590000|62.689999|61.619999|62.450001|1441700|0.9939809398|62.074112
2026-07-06|191|CASY|800.000000|810.000000|792.880005|807.179993|518900|0.9992507205|806.575195
2026-07-06|192|T|20.750000|20.910000|20.250000|20.580000|113634400|0.9867870728|20.308079
2026-07-06|193|VZ|42.900002|43.160000|41.630001|42.070000|55342900|0.9832386370|41.364849
2026-07-06|194|JBHT|281.209991|286.660004|276.480011|277.739990|644000|0.9983161833|277.272308
2026-07-06|195|ATO|176.789993|176.789993|173.490005|173.830002|1139900|0.9940065930|172.788162
2026-07-06|196|LRCX|365.339996|366.079987|348.269989|350.200012|13581700|1.0000000000|350.200012
2026-07-06|197|MU|1007.000000|1019.000000|980.849976|984.750000|37115800|1.0000000000|984.750000
2026-07-06|198|AJG|251.360001|251.789993|247.880005|249.770004|1868700|1.0000000000|249.770004
2026-07-06|199|AME|234.970001|238.570007|234.970001|237.139999|847000|1.0000000000|237.139999
2026-07-06|200|SWKS|63.000000|64.459999|61.720001|61.910000|4337300|1.0000000000|61.910000
2026-07-06|201|EXPD|167.889999|167.910004|164.199997|165.699997|880100|1.0000000000|165.699997
2026-07-06|202|UNH|423.489990|424.440002|415.049988|417.989990|6379000|1.0000000000|417.989990
2026-07-06|203|BBY|78.430000|78.669998|77.010002|78.000000|3214700|1.0000000000|78.000000
2026-07-06|204|DOC|21.889999|22.040001|21.660000|21.750000|5134700|0.9905847075|21.545219
2026-07-06|205|ADSK|204.660004|208.809998|202.250000|207.539993|1670800|1.0000000000|207.539993
2026-07-06|206|DVN|40.150002|40.709999|40.049999|40.360001|18700800|1.0000000000|40.360001
2026-07-06|207|NVR|6700.000000|6701.250000|6555.649902|6693.660156|19600|1.0000000000|6693.660156
2026-07-06|208|ROST|214.020004|214.169998|209.000000|211.360001|3323700|1.0000000000|211.360001
2026-07-06|209|JKHY|146.820007|148.119995|144.270004|146.380005|1257300|1.0000000000|146.380005
2026-07-06|210|MNST|97.540001|98.239998|96.080002|97.370003|4947300|0.5000000000|97.370003
2026-07-06|211|ORCL|144.300003|145.619995|141.160004|143.759995|36683000|0.9965330745|143.261597
2026-07-06|212|MSFT|387.040009|389.149994|381.220001|386.739990|34224500|0.9981210382|386.013306
2026-07-06|213|TROW|118.510002|120.419998|117.779999|119.120003|2109600|1.0000000000|119.120003
2026-07-06|214|COST|949.099976|955.500000|941.400024|950.250000|2327500|0.9984126298|948.741577
2026-07-06|215|ADBE|216.100006|219.759995|212.899994|218.070007|4800200|1.0000000000|218.070007
2026-07-06|216|FISV|52.250000|52.330002|50.840000|51.779999|5322800|1.0000000000|51.779999
2026-07-06|217|BKR|53.240002|54.380001|53.000000|53.250000|15985900|0.9963346614|53.054821
2026-07-06|218|CDNS|369.600006|377.869995|367.549988|375.769989|1871500|1.0000000000|375.769989
2026-07-06|219|TJX|152.990005|154.000000|149.949997|151.309998|5758000|0.9968547277|150.834091
2026-07-06|220|FICO|1269.160034|1295.569946|1250.000000|1286.510010|162400|1.0000000000|1286.510010
2026-07-06|221|CCL|28.000000|28.260000|27.389999|27.510000|15018400|0.9947898578|27.366669
2026-07-06|222|FAST|48.750000|48.830002|47.250000|48.310001|9657600|0.9945424013|48.046345
2026-07-06|223|SCHW|97.190002|101.169998|97.190002|100.620003|11391100|0.9970924949|100.327446
2026-07-06|224|JCI|142.699997|144.880005|142.000000|142.720001|3244400|1.0000000000|142.720001
2026-07-06|225|COHR|333.190002|352.200012|331.000000|335.700012|3258300|1.0000000000|335.700012
2026-07-06|226|KEY|22.969999|23.450001|22.969999|23.430000|12371300|1.0000000000|23.430000
2026-07-06|227|MOS|21.070000|21.430000|20.820000|21.180000|7742400|1.0000000000|21.180000
2026-07-06|228|MGM|47.000000|47.099998|46.130001|46.880001|2432700|1.0000000000|46.880001
2026-07-06|229|WM|229.960007|230.000000|226.229996|228.979996|1536900|1.0000000000|228.979996
2026-07-06|230|TECH|70.839996|70.970001|70.620003|70.919998|6778500|0.9988938053|70.841545
2026-07-06|231|IEX|222.199997|225.460007|221.070007|224.460007|447400|1.0000000000|224.460007
2026-07-06|232|GEN|26.389999|27.000000|26.280001|26.600000|4621300|0.9956109550|26.483252
2026-07-06|233|CRH|108.370003|109.209999|105.769997|107.580002|3867100|0.9960081882|107.150566
2026-07-06|234|EOG|129.779999|130.589996|129.080002|129.389999|2346200|0.9926332518|128.436813
2026-07-06|235|PTC|123.730003|126.250000|122.059998|124.980003|1751500|1.0000000000|124.980003
2026-07-06|236|CSCO|113.050003|115.480003|112.680000|113.980003|22920000|1.0000000000|113.980003
2026-07-06|237|LH|287.040009|287.040009|282.579987|284.390015|491400|1.0000000000|283.781586
2026-07-06|238|TRMB|52.669998|53.450001|52.000000|52.470001|2591600|1.0000000000|52.470001
2026-07-06|239|AZO|3140.570068|3150.100098|2949.429932|2957.709961|339600|1.0000000000|2957.709961
2026-07-06|240|REGN|657.960022|657.960022|637.719971|649.809998|714300|0.9988336456|649.052124
2026-07-06|241|IDXX|561.400024|567.080017|547.929993|564.979980|631600|1.0000000000|564.979980
2026-07-06|242|AES|14.640000|14.640000|14.530000|14.570000|8785500|0.9881481485|14.397318
2026-07-06|243|VRTX|526.669983|529.989990|512.340027|529.590027|1515700|1.0000000000|529.590027
2026-07-06|244|ZBRA|268.399994|276.000000|265.500000|270.290009|693600|1.0000000000|270.290009
2026-07-06|245|BIIB|215.949997|215.949997|208.270004|208.460007|1218400|1.0000000000|208.460007
2026-07-06|246|ODFL|217.320007|220.470001|215.630005|216.440002|1240700|1.0000000000|216.440002
2026-07-06|247|APH|168.000000|169.369995|164.690002|166.809998|7625100|1.0000000000|166.809998
2026-07-06|248|KIM|25.320000|25.360001|25.030001|25.049999|3257300|1.0000000000|25.049999
2026-07-06|249|QCOM|178.130005|188.669998|177.100006|186.479996|15510500|1.0000000000|186.479996
2026-07-06|250|GILD|132.880005|132.880005|127.879997|129.610001|10729400|1.0000000000|129.610001
2026-07-06|251|ROP|360.119995|366.660004|356.440002|364.250000|695500|0.9974983506|363.338776
2026-07-06|252|SNPS|435.239990|443.380005|432.630005|442.269989|1486500|1.0000000000|442.269989
2026-07-06|253|STZ|134.449997|134.699997|128.679993|130.679993|3584700|0.9921821632|129.658356
2026-07-06|254|BSX|44.810001|45.299999|43.840000|44.599998|17118500|1.0000000000|44.599998
2026-07-06|255|STE|217.690002|218.119995|212.110001|213.279999|620900|1.0000000000|213.279999
2026-07-06|256|DHI|158.779999|159.410004|155.839996|156.880005|2147500|0.9970287223|156.413864
2026-07-06|257|LIN|543.719971|544.109985|531.200012|540.520020|2296700|1.0000000000|540.520020
2026-07-06|258|SBUX|103.860001|104.449997|100.089996|102.110001|7404200|0.9942883465|101.526779
2026-07-06|259|MS|217.000000|222.139999|216.369995|222.100006|4567700|0.9945253736|220.884094
2026-07-06|260|INTU|271.920013|274.959991|263.660004|272.140015|5539900|0.9955898568|270.939850
2026-07-06|261|MCHP|87.000000|89.519997|86.599998|87.589996|7981200|0.9940194534|87.066162
2026-07-06|262|CB|359.119995|361.000000|353.049988|356.529999|2165800|1.0000000000|356.529999
2026-07-06|263|ORLY|90.209999|90.250000|82.709999|84.239998|15340800|1.0000000000|84.239998
2026-07-06|264|RCL|295.989990|299.000000|285.329987|287.779999|2148000|1.0000000000|287.779999
2026-07-06|265|JBL|341.230011|351.059998|335.679993|338.220001|1519100|0.9997839939|338.146942
2026-07-06|266|ALL|249.050003|249.259995|246.649994|248.369995|1516200|1.0000000000|248.369995
2026-07-06|267|CPT|116.930000|117.150002|116.120003|116.949997|571900|1.0000000000|116.949997
2026-07-06|268|VMRK|69.809998|70.190002|69.230003|69.930000|2343200|1.0000000000|69.930000
2026-07-06|269|IT|135.850006|136.660004|133.139999|135.110001|945100|1.0000000000|135.110001
2026-07-06|270|DECK|104.339996|106.199997|102.120003|105.669998|2082800|1.0000000000|105.669998
2026-07-06|271|REG|80.660004|80.820000|79.760002|79.839996|1361200|1.0000000000|79.839996
2026-07-06|272|INCY|116.370003|116.500000|114.269997|115.620003|1277000|1.0000000000|115.620003
2026-07-06|273|SPG|225.649994|225.860001|223.449997|225.000000|2216300|1.0000000000|225.000000
2026-07-06|274|MAA|141.960007|142.229996|140.500000|140.770004|1003600|0.9885547570|139.158859
2026-07-06|275|MLM|602.309998|607.190002|597.489990|605.299988|705200|1.0000000000|605.299988
2026-07-06|276|TSCO|31.420000|31.700001|29.950001|30.219999|8863800|0.9931389364|30.012657
2026-07-06|277|ALB|135.860001|137.429993|132.660004|133.800003|1531500|1.0000000000|133.800003
2026-07-06|278|CPRT|29.980000|30.440001|28.840000|29.240000|13060700|1.0000000000|29.240000
2026-07-06|279|FLEX|138.520004|146.000000|137.720001|138.649994|4619800|1.0000000000|138.649994
2026-07-06|280|ESS|300.000000|300.000000|294.869995|298.000000|424900|1.0000000000|298.000000
2026-07-06|281|O|63.630001|63.700001|62.860001|63.189999|4872800|0.9957938849|62.924213
2026-07-06|282|MCO|492.350006|499.970001|480.630005|498.779999|863800|0.9978911593|497.728180
2026-07-06|283|SJM|115.820000|115.820000|110.900002|111.660004|1714000|0.9907154105|110.623283
2026-07-06|284|MCK|784.719971|789.099976|776.000000|784.229980|1130500|1.0000000000|784.229980
2026-07-06|285|COF|206.589996|208.089996|204.059998|206.500000|3841900|0.9964810416|205.773346
2026-07-06|286|EME|785.000000|804.000000|784.809998|787.289978|490900|0.9994836978|786.883484
2026-07-06|287|DLTR|126.449997|126.620003|120.870003|121.459999|4491800|1.0000000000|121.459999
2026-07-06|288|COR|295.070007|299.929993|292.500000|298.549988|1985700|0.9980645786|297.972168
2026-07-06|289|DRI|204.100006|204.809998|199.960007|203.220001|1356800|0.9919770205|201.589569
2026-07-06|290|RMD|211.880005|222.429993|211.880005|218.399994|3722000|0.9971385215|217.775040
2026-07-06|291|WAB|261.250000|265.040009|260.940002|261.309998|678700|0.9989689007|261.040558
2026-07-06|292|FCX|61.770000|62.070000|60.529999|61.000000|16343700|0.9975786925|60.852299
2026-07-06|293|IVZ|27.150000|27.950001|26.969999|27.830000|2860300|0.9933559952|27.645098
2026-07-06|294|ACGL|101.220001|102.250000|101.029999|101.809998|1924600|1.0000000000|101.809998
2026-07-06|295|ERIE|259.799988|259.799988|254.080002|257.130005|209500|0.9943102712|255.667007
2026-07-06|296|EG|370.000000|374.260010|367.239990|372.929993|414300|1.0000000000|372.929993
2026-07-06|297|DVA|235.500000|238.639999|233.630005|235.710007|871200|1.0000000000|235.710007
2026-07-06|298|HSIC|86.680000|86.940002|85.209999|86.620003|1241200|1.0000000000|86.620003
2026-07-06|299|EL|84.410004|85.580002|82.750000|84.900002|2844200|1.0000000000|84.900002
2026-07-06|300|WAT|369.839996|380.350006|369.450012|378.890015|771700|1.0000000000|378.890015
2026-07-06|301|NTAP|155.240005|163.899994|155.130005|163.550003|3630900|0.9969719908|163.054764
2026-07-06|302|HIG|137.899994|137.899994|136.539993|137.639999|1298200|1.0000000000|137.639999
2026-07-06|303|IRM|117.900002|118.830002|114.720001|116.379997|1911800|1.0000000000|116.379997
2026-07-06|304|BRK-B|506.500000|508.000000|504.100006|506.579987|4126100|1.0000000000|506.579987
2026-07-06|305|FDS|246.970001|255.820007|241.330002|252.199997|1161600|1.0000000000|252.199997
2026-07-06|306|STLD|220.389999|227.449997|219.190002|227.070007|994300|1.0000000000|227.070007
2026-07-06|307|DGX|215.639999|216.520004|212.570007|213.449997|745900|0.9959506546|212.585663
2026-07-06|308|CIEN|426.989990|446.399994|422.299988|433.829987|1329600|1.0000000000|433.829987
2026-07-06|309|TTWO|252.990005|258.510010|252.639999|258.410004|1898400|1.0000000000|258.410004
2026-07-06|310|VTR|92.650002|93.050003|91.470001|92.209999|2669700|1.0000000000|92.209999
2026-07-06|311|AMZN|243.800003|246.039993|240.880005|244.160004|40044000|1.0000000000|244.160004
2026-07-06|312|ARE|52.310001|52.720001|49.549999|49.869999|1744600|1.0000000000|49.869999
2026-07-06|313|RL|401.640015|402.380005|392.529999|396.320007|633200|1.0000000000|396.320007
2026-07-06|314|BXP|69.540001|70.230003|68.540001|69.970001|1372600|1.0000000000|69.970001
2026-07-06|315|FIX|1772.209961|1831.630005|1766.130005|1793.030029|340600|0.9994824076|1792.101929
2026-07-06|316|YUM|164.500000|166.039993|162.330002|165.990005|2212100|1.0000000000|165.990005
2026-07-06|317|CHRW|191.169998|192.289993|186.750000|188.570007|1129500|1.0000000000|188.570007
2026-07-06|318|FE|48.389999|48.500000|47.639999|47.709999|3562400|0.9901836603|47.241661
2026-07-06|319|MTD|1307.369995|1314.310059|1284.280029|1295.560059|165100|1.0000000000|1295.560059
2026-07-06|320|PLD|139.210007|140.279999|138.100006|140.199997|3153600|1.0000000000|140.199997
2026-07-06|321|URI|1096.469971|1105.010010|1087.030029|1099.680054|292800|0.9982773546|1097.785767
2026-07-06|322|AEE|114.610001|114.820000|112.889999|112.989998|1638800|1.0000000000|112.989998
2026-07-06|323|VRSN|255.139999|259.329987|253.960007|259.130005|692100|0.9970730649|258.371552
2026-07-06|324|PWR|675.039978|691.760010|668.650024|674.039978|1123100|1.0000000000|674.039978
2026-07-06|325|AMT|165.000000|165.789993|160.059998|162.110001|3989400|1.0000000000|162.110001
2026-07-06|326|MAR|373.230011|379.899994|371.640015|379.750000|1737700|0.9979719406|378.979858
2026-07-06|327|CTSH|41.520000|42.310001|40.900002|41.369999|9973400|0.9941706413|41.128838
2026-07-06|328|SRE|93.019997|93.320000|92.169998|92.949997|3101200|1.0000000000|92.949997
2026-07-06|329|CSGP|29.680000|29.830000|28.540001|28.700001|6720800|1.0000000000|28.700001
2026-07-06|330|RSG|216.479996|216.589996|213.979996|214.580002|1145100|1.0000000000|214.580002
2026-07-06|331|CCI|76.000000|76.269997|73.750000|74.919998|3735100|1.0000000000|74.919998
2026-07-06|332|EBAY|114.389999|114.580002|112.599998|113.669998|1941700|1.0000000000|113.325439
2026-07-06|333|NVDA|194.419998|197.550003|193.990005|195.550003|108999000|1.0000000000|195.550003
2026-07-06|334|BKNG|185.490005|186.889999|180.570007|181.029999|7362100|1.0000000000|181.029999
2026-07-06|335|GS|1029.880005|1055.290039|1029.000000|1055.290039|1754400|1.0000000000|1055.290039
2026-07-06|336|FFIV|407.000000|426.279999|407.000000|419.029999|448800|1.0000000000|419.029999
2026-07-06|337|SBAC|182.100006|182.580002|176.839996|180.570007|1214700|0.9931480565|179.332748
2026-07-06|338|LII|569.340027|574.169983|559.690002|568.000000|328000|1.0000000000|568.000000
2026-07-06|339|BLK|998.729980|1012.299988|990.239990|1011.210022|613000|1.0000000000|1011.210022
2026-07-06|340|TKO|193.029999|195.369995|189.399994|192.300003|1015500|1.0000000000|192.300003
2026-07-06|341|AKAM|112.830002|116.580002|112.300003|112.730003|3017500|1.0000000000|112.730003
2026-07-06|342|UPS|110.769997|110.769997|109.029999|110.019997|3169300|0.9843062201|108.293365
2026-07-06|343|A|130.009995|131.279999|128.050003|130.600006|1999900|1.0000000000|130.600006
2026-07-06|344|TDY|655.109985|662.539978|650.000000|654.979980|222500|1.0000000000|654.979980
2026-07-06|345|PKG|236.639999|237.039993|233.229996|236.389999|549000|1.0000000000|236.389999
2026-07-06|346|EW|94.360001|95.570000|92.720001|95.180000|3958000|1.0000000000|95.180000
2026-07-06|347|MET|90.879997|91.250000|90.040001|90.459999|4103100|0.9938427991|89.903015
2026-07-06|348|ON|93.019997|98.669998|93.000000|94.690002|9908100|1.0000000000|94.690002
2026-07-06|349|ISRG|428.929993|440.170013|420.510010|432.829987|3412900|1.0000000000|432.829987
2026-07-06|350|CRL|227.589996|232.320007|223.850006|231.429993|631900|1.0000000000|231.429993
2026-07-06|351|MRVL|254.820007|260.459991|249.039993|249.270004|25703100|0.9997533605|249.208527
2026-07-06|352|EQIX|1012.109985|1016.729980|993.809998|998.840027|560800|0.9952446339|994.090149
2026-07-06|353|TPR|146.580002|147.330002|142.369995|145.490005|1625800|1.0000000000|145.490005
2026-07-06|354|GRMN|240.479996|245.279999|239.350006|245.220001|650800|1.0000000000|245.220001
2026-07-06|355|GPN|78.379997|78.400002|76.510002|77.410004|3478500|1.0000000000|77.410004
2026-07-06|356|ALGN|183.720001|188.600006|179.369995|188.389999|1104700|1.0000000000|188.389999
2026-07-06|357|WTW|284.160004|289.649994|282.079987|287.660004|874100|1.0000000000|287.660004
2026-07-06|358|MDLZ|60.950001|61.080002|58.880001|59.169998|8108500|1.0000000000|59.169998
2026-07-06|359|AXON|598.500000|623.960022|580.969971|622.349976|1185100|1.0000000000|622.349976
2026-07-06|360|FIS|41.759998|41.759998|40.459999|41.270000|3969100|1.0000000000|41.270000
2026-07-06|361|ACN|135.960007|138.110001|133.500000|136.960007|6974800|0.9881186678|135.332733
2026-07-06|362|ZBH|87.470001|90.750000|86.809998|89.760002|2472700|1.0000000000|89.760002
2026-07-06|363|BG|106.360001|108.900002|105.870003|108.779999|1048300|0.9937342270|108.098412
2026-07-06|364|PFG|111.000000|112.580002|111.000000|112.550003|1014100|1.0000000000|112.550003
2026-07-06|365|ELV|416.440002|418.000000|406.910004|408.170013|1680300|1.0000000000|408.170013
2026-07-06|366|CNC|67.449997|67.820000|65.040001|66.050003|4721800|1.0000000000|66.050003
2026-07-06|367|PRU|113.050003|114.440002|112.769997|114.279999|1740100|0.9885872665|112.975754
2026-07-06|368|NFLX|77.080002|77.839996|75.709999|76.019997|45056600|1.0000000000|76.019997
2026-07-06|369|NDAQ|84.629997|85.629997|83.199997|84.470001|3269300|1.0000000000|84.470001
2026-07-06|370|WYNN|96.000000|96.250000|93.150002|95.889999|1577100|0.9975578784|95.655823
2026-07-06|371|CME|235.860001|236.880005|231.300003|234.759995|3042200|1.0000000000|234.759995
2026-07-06|372|STX|863.619995|886.890015|848.000000|868.260010|3461400|1.0000000000|868.260010
2026-07-06|373|NRG|138.770004|142.050003|138.000000|141.009995|2315000|0.9964628787|140.511230
2026-07-06|374|AIZ|280.109985|282.359985|276.820007|279.279999|429500|1.0000000000|279.279999
2026-07-06|375|CBRE|141.850006|142.570007|139.949997|140.550003|1435800|1.0000000000|140.550003
2026-07-06|376|CRM|163.990005|167.720001|162.369995|165.649994|10595500|1.0000000000|165.649994
2026-07-06|377|DPZ|312.470001|312.500000|300.760010|305.910004|828100|1.0000000000|305.910004
2026-07-06|378|EXR|148.949997|148.949997|144.940002|146.139999|716400|1.0000000000|146.139999
2026-07-06|379|GOOG|358.195007|365.679993|354.190002|364.899994|22652700|1.0000000000|364.899994
2026-07-06|380|GOOGL|361.549988|367.929993|357.380005|366.459991|26915800|1.0000000000|366.459991
2026-07-06|381|DLR|174.740005|175.500000|172.130005|173.699997|4385400|1.0000000000|173.699997
2026-07-06|382|MPWR|1325.739990|1371.369995|1305.010010|1346.130005|857400|1.0000000000|1346.130005
2026-07-06|383|LVS|47.400002|47.549999|45.700001|46.580002|3911200|0.9936548222|46.284443
2026-07-06|384|DXCM|71.300003|72.769997|69.739998|72.379997|4621500|1.0000000000|72.379997
2026-07-06|385|BLDR|84.919998|85.470001|80.830002|82.330002|1788400|1.0000000000|82.330002
2026-07-06|386|WBD|26.370001|26.490000|26.000000|26.120001|16456800|1.0000000000|26.120001
2026-07-06|387|EXPE|268.690002|270.529999|263.899994|266.760010|1361900|0.9985604607|266.376007
2026-07-06|388|CF|109.690002|114.440002|109.660004|113.199997|3139900|0.9948739856|112.619736
2026-07-06|389|AMP|490.369995|507.739990|487.170013|507.500000|753200|0.9968855344|505.919403
2026-07-06|390|ICE|133.699997|135.500000|131.660004|134.910004|7583700|1.0000000000|134.910004
2026-07-06|391|PSKY|10.320000|10.370000|9.970000|10.090000|6825500|1.0000000000|10.090000
2026-07-06|392|LYV|186.020004|188.000000|181.389999|183.289993|2461400|1.0000000000|183.289993
2026-07-06|393|CMG|35.169998|35.349998|33.779999|33.980000|17039700|1.0000000000|33.980000
2026-07-06|394|UAL|134.990005|138.100006|132.000000|132.500000|4427600|1.0000000000|132.500000
2026-07-06|395|TDG|1359.989990|1359.989990|1334.910034|1346.119995|242900|1.0000000000|1346.119995
2026-07-06|396|MA|540.739990|541.890015|522.679993|533.099976|3578000|0.9983264725|532.207825
2026-07-06|397|LDOS|108.500000|109.970001|107.040001|108.720001|1844100|1.0000000000|108.720001
2026-07-06|398|FSLR|229.699997|238.240005|227.259995|233.059998|1671700|1.0000000000|233.059998
2026-07-06|399|BR|143.059998|144.850006|140.610001|144.770004|1320200|1.0000000000|144.770004
2026-07-06|400|SMCI|27.500000|27.740000|26.740000|27.190001|30951900|1.0000000000|27.190001
2026-07-06|401|TMUS|179.830002|182.740005|177.339996|181.789993|7118100|1.0000000000|180.746811
2026-07-06|402|DAL|93.290001|95.529999|91.129997|91.680000|6342200|0.9975369458|91.454185
2026-07-06|403|IBKR|91.989998|96.089996|91.690002|95.989998|4531600|1.0000000000|95.989998
2026-07-06|404|PODD|163.699997|164.399994|153.639999|159.770004|1370700|1.0000000000|159.770004
2026-07-06|405|TEL|198.419998|203.110001|198.250000|200.149994|1589100|0.9961105015|199.371506
2026-07-06|406|BX|123.430000|124.470001|122.419998|123.419998|3156600|0.9899021526|122.173721
2026-07-06|407|LULU|116.339996|117.669998|112.919998|115.639999|3344100|1.0000000000|115.639999
2026-07-06|408|ULTA|452.959991|456.920013|449.190002|452.489990|699400|1.0000000000|452.489990
2026-07-06|409|MSCI|602.309998|614.450012|589.299988|614.039978|422700|0.9964362700|611.851746
2026-07-06|410|ECHO|102.269997|104.739998|96.720001|98.290001|5212900|1.0000000000|98.290001
2026-07-06|411|PM|182.750000|184.990005|181.589996|184.759995|4126900|1.0000000000|184.759995
2026-07-06|412|V|363.000000|365.019989|348.850006|357.250000|11623800|0.9981456881|356.587555
2026-07-06|413|AWK|135.750000|136.130005|132.000000|133.089996|3630000|0.9933923956|132.210587
2026-07-06|414|KDP|33.029999|33.209999|31.700001|31.750000|25211400|1.0000000000|31.750000
2026-07-06|415|SW|45.770000|46.000000|45.029999|45.639999|6849700|0.9909636146|45.227581
2026-07-06|416|AVGO|373.609985|383.160004|371.179993|373.899994|24544000|1.0000000000|373.899994
2026-07-06|417|VRSK|186.149994|189.369995|183.020004|187.789993|1738700|1.0000000000|187.789993
2026-07-06|418|DG|119.269997|119.650002|114.629997|116.269997|2141200|0.9949256041|115.680000
2026-07-06|419|FTNT|154.750000|163.570007|153.429993|162.350006|5163700|1.0000000000|162.350006
2026-07-06|420|CHTR|137.839996|138.509995|132.619995|135.440002|2504800|1.0000000000|135.440002
2026-07-06|421|FERG|230.029999|230.300003|226.070007|228.919998|1293400|0.9962829937|228.069107
2026-07-06|422|GNRC|256.000000|264.989990|256.000000|257.809998|505800|1.0000000000|257.809998
2026-07-06|423|LYB|52.750000|53.009998|52.189999|52.970001|6836600|0.9897823188|52.428772
2026-07-06|424|CBOE|249.309998|253.210007|242.020004|245.080002|1317500|1.0000000000|245.080002
2026-07-06|425|TSLA|397.500000|420.000000|390.500000|419.769989|54727900|1.0000000000|419.769989
2026-07-06|426|KKR|94.639999|96.989998|94.150002|95.970001|3860800|0.9981032973|95.787979
2026-07-06|427|NXPI|282.579987|286.890015|278.290009|280.510010|2886200|1.0000000000|280.510010
2026-07-06|428|GM|76.529999|78.070000|76.120003|77.849998|9015700|1.0000000000|77.849998
2026-07-06|429|TRGP|258.000000|264.679993|256.500000|263.519989|870700|0.9953417306|262.292450
2026-07-06|430|CPAY|352.309998|357.730011|346.380005|356.549988|484000|1.0000000000|356.549988
2026-07-06|431|KMI|32.020000|32.290001|31.650000|31.690001|7181000|0.9907395899|31.396538
2026-07-06|432|HCA|414.130005|418.299988|410.230011|417.070007|1274500|1.0000000000|417.070007
2026-07-06|433|HII|291.000000|296.190002|289.230011|294.100006|433800|1.0000000000|292.734802
2026-07-06|434|APO|119.000000|123.019997|118.900002|122.169998|4250600|0.9957937992|121.656128
2026-07-06|435|MPC|266.519989|272.350006|265.380005|268.989990|1720100|0.9972693263|268.255463
2026-07-06|436|XYL|117.669998|119.809998|117.070000|119.419998|2124900|0.9962087815|118.967255
2026-07-06|437|APTV|59.349998|60.250000|58.799999|59.730000|2332500|1.0000000000|59.730000
2026-07-06|438|PSX|175.440002|179.240005|175.440002|177.330002|1921300|0.9947204324|176.393784
2026-07-06|439|AMCR|44.820000|44.919998|43.970001|44.619999|3107200|1.0000000000|44.619999
2026-07-06|440|META|594.840027|603.580017|581.760010|600.289978|17674100|1.0000000000|600.289978
2026-07-06|441|NOW|104.099998|110.639999|103.339996|107.930000|16524500|1.0000000000|107.930000
2026-07-06|442|PANW|338.959991|368.170013|337.690002|357.529999|8752700|1.0000000000|357.529999
2026-07-06|443|FANG|171.860001|174.309998|171.320007|173.729996|2059000|0.9945230033|172.778473
2026-07-06|444|WDAY|132.990005|138.399994|129.199997|137.990005|3887900|1.0000000000|137.990005
2026-07-06|445|ABBV|259.920013|260.920013|253.600006|254.759995|8580200|0.9929324291|252.959457
2026-07-06|446|NCLH|19.760000|19.969999|19.180000|19.260000|13719400|1.0000000000|19.260000
2026-07-06|447|ZTS|75.059998|75.639999|73.059998|75.419998|7187300|0.9930773248|74.897888
2026-07-06|448|IQV|205.440002|207.970001|201.979996|205.970001|896300|1.0000000000|205.970001
2026-07-06|449|NWS|30.400000|30.400000|29.639999|30.020000|1387200|1.0000000000|30.020000
2026-07-06|450|NWSA|26.490000|26.719999|26.190001|26.639999|4397500|1.0000000000|26.639999
2026-07-06|451|CDW|133.009995|136.960007|131.419998|134.190002|1568500|0.9952456416|133.552017
2026-07-06|452|VEEV|191.339996|193.520004|187.750000|192.009995|2278200|1.0000000000|192.009995
2026-07-06|453|ALLE|140.559998|140.750000|138.570007|140.139999|1336500|1.0000000000|140.139999
2026-07-06|454|HLT|337.540009|339.470001|332.970001|339.410004|1340700|0.9995449167|339.255554
2026-07-06|455|ARES|117.919998|121.870003|117.175003|121.830002|2109600|1.0000000000|121.830002
2026-07-06|456|ANET|162.865005|177.199997|161.360001|173.279999|8509300|1.0000000000|173.279999
2026-07-06|457|SYF|76.550003|77.459999|76.385002|77.050003|2158200|0.9957005565|76.718727
2026-07-06|458|CFG|70.349998|72.120003|70.349998|72.110001|4704800|0.9935492916|71.644836
2026-07-06|459|KEYS|317.230011|328.583008|316.565002|319.730011|1152200|1.0000000000|319.730011
2026-07-06|460|GDDY|87.779999|87.910004|84.120003|85.610001|1750400|1.0000000000|85.610001
2026-07-06|461|KHC|25.299999|25.465000|24.480000|24.820000|15085800|1.0000000000|24.820000
2026-07-06|462|PYPL|44.450001|45.134998|43.779999|45.090000|11504700|1.0000000000|45.090000
2026-07-06|463|LITE|729.000000|747.000000|716.125000|731.250000|3805500|1.0000000000|731.250000
2026-07-06|464|HPE|41.772999|43.845001|41.500000|43.150002|16433200|1.0000000000|43.150002
2026-07-06|465|XYZ|78.860001|79.269997|77.470001|78.919998|3786500|1.0000000000|78.919998
2026-07-06|466|FTV|62.540001|64.334999|62.180000|63.599998|3335100|1.0000000000|63.599998
2026-07-06|467|DELL|395.190002|429.739990|393.250000|411.799988|7260400|0.9983502671|411.120636
2026-07-06|468|TTD|18.754999|19.465000|18.510000|19.309999|13592900|1.0000000000|19.309999
2026-07-06|469|VST|152.470001|157.240005|152.009995|157.220001|3395800|1.0000000000|157.220001
2026-07-06|470|HWM|272.989990|280.500000|272.890015|277.910004|2389000|0.9995167748|277.775726
2026-07-06|471|INVH|30.400000|30.523001|29.844999|30.020000|3686700|1.0000000000|30.020000
2026-07-06|472|CVNA|68.830002|70.735001|68.230003|70.379997|6016900|1.0000000000|70.379997
2026-07-06|473|IR|80.849998|81.089996|79.809998|80.629997|2241000|0.9997640396|80.610970
2026-07-06|474|VICI|27.020000|27.219999|26.570000|26.700001|17219500|1.0000000000|26.700001
2026-07-06|475|VRT|311.989990|329.380005|308.019989|318.470001|6428200|1.0000000000|318.470001
2026-07-06|476|MRNA|78.550003|85.599998|77.500000|81.800003|17296900|1.0000000000|81.800003
2026-07-06|477|FOXA|56.570000|56.689999|55.040001|55.869999|6497600|1.0000000000|55.869999
2026-07-06|478|FOX|50.049999|50.610001|49.430000|49.900002|1366500|1.0000000000|49.900002
2026-07-06|479|DOW|27.200001|27.455000|26.900999|27.330000|8510800|1.0000000000|27.330000
2026-07-06|480|UBER|74.154999|74.559998|71.860001|72.419998|15821500|1.0000000000|72.419998
2026-07-06|481|CTVA|85.309998|86.510002|84.449997|86.389999|4167300|1.0000000000|86.389999
2026-07-06|482|CRWD|189.509995|209.500000|188.550003|199.380005|10190000|1.0000000000|199.380005
2026-07-06|483|DDOG|249.785004|262.839996|248.009995|255.369995|4756600|1.0000000000|255.369995
2026-07-06|484|CARR|70.599998|70.750000|69.150002|70.099998|5481100|0.9964168410|69.848824
2026-07-06|485|OTIS|73.300003|73.500000|71.525002|73.489998|3368200|0.9939750786|73.047226
2026-07-06|486|PLTR|127.239998|134.069000|126.639999|132.539993|37360100|1.0000000000|132.539993
2026-07-06|487|DASH|191.929993|196.789993|187.335007|188.460007|5511700|1.0000000000|188.460007
2026-07-06|488|ABNB|149.119995|149.800003|147.229996|147.649994|2574600|1.0000000000|147.649994
2026-07-06|489|EXE|89.830002|90.475998|88.775002|88.889999|3565000|0.9940278354|88.359138
2026-07-06|490|COIN|161.369995|171.669998|160.100006|168.869995|6492800|1.0000000000|168.869995
2026-07-06|491|APP|514.849976|545.349976|513.403992|543.789978|5798800|1.0000000000|543.789978
2026-07-06|492|HOOD|111.410004|118.650002|111.410004|117.550003|25587300|1.0000000000|117.550003
2026-07-06|493|CEG|241.429993|247.399994|241.199997|245.869995|3362900|0.9984651331|245.492615
2026-07-06|494|GEHC|65.750000|66.047997|63.860001|64.839996|4932800|0.9994353928|64.803383
2026-07-06|495|KVUE|19.660000|19.745001|19.264999|19.559999|25159300|0.9889763775|19.344378
2026-07-06|496|VLTO|92.000000|92.949997|91.080002|92.480003|1767300|1.0000000000|92.480003
2026-07-06|497|RDDT|197.960007|207.539993|196.440002|200.860001|5568900|1.0000000000|200.860001
2026-07-06|498|SOLV|78.239998|78.800003|76.940002|77.940002|1089800|1.0000000000|77.940002
2026-07-06|499|GEV|1140.520020|1195.939941|1138.489990|1152.040039|2882900|1.0000000000|1152.040039
2026-07-06|500|SNDK|1828.680054|1837.770020|1713.199951|1744.430054|9164200|1.0000000000|1744.430054
2026-07-06|501|Q|147.990005|152.889999|145.539993|146.679993|1946200|1.0000000000|146.679993
2026-07-06|502|FDXF|151.059998|156.179993|150.500000|152.679993|985100|1.0000000000|152.679993
2026-07-06|503|HONA|249.009995|266.619995|236.699997|237.699997|7550800|1.0000000000|237.699997
