date|security_id|ticker|open|high|low|close|volume|adj_factor|adj_close_vendor
2026-07-24|1|AEP|135.429993|136.570007|135.119995|135.539993|3184700|0.9924441265|134.515869
2026-07-24|2|BA|210.089996|212.490005|208.399994|209.520004|3742700|1.0000000000|209.520004
2026-07-24|3|CAT|895.000000|902.820007|881.190002|888.729980|1982100|1.0000000000|888.729980
2026-07-24|4|CNP|44.590000|44.750000|44.320000|44.560001|5112600|0.9940594062|44.295288
2026-07-24|5|CVX|194.460007|196.869995|193.800003|194.789993|6700400|0.9913483039|193.104736
2026-07-24|6|DIS|93.260002|96.290001|93.000000|94.849998|12153100|1.0000000000|94.849998
2026-07-24|7|DTE|148.389999|150.809998|148.389999|149.460007|1153500|1.0000000000|149.460007
2026-07-24|8|ED|113.199997|114.470001|112.570000|113.010002|2971900|0.9918651523|112.090683
2026-07-24|9|GD|383.970001|388.119995|382.140015|386.750000|1498800|1.0000000000|386.750000
2026-07-24|10|GE|350.239990|359.989990|350.200012|353.730011|2958900|1.0000000000|353.730011
2026-07-24|11|HON|246.889999|247.750000|239.119995|243.149994|3822500|0.9970084192|242.422592
2026-07-24|12|HPQ|24.770000|26.000000|24.760000|25.750000|11631500|1.0000000000|25.750000
2026-07-24|13|IBM|209.279999|216.100006|206.800003|214.190002|10578800|0.9928776129|212.664459
2026-07-24|14|IP|37.750000|42.320000|37.709999|42.160000|11975300|0.9887402721|41.685291
2026-07-24|15|JNJ|261.429993|263.709991|259.609985|263.399994|6351800|0.9950922943|262.107300
2026-07-24|16|KO|81.570000|82.330002|80.900002|82.250000|11980400|1.0000000000|82.250000
2026-07-24|17|KR|55.619999|56.970001|55.619999|56.869999|5804900|0.9931853922|56.482452
2026-07-24|18|LMT|568.590027|588.409973|568.590027|582.599976|1738900|1.0000000000|582.599976
2026-07-24|19|MMM|170.309998|173.350006|169.460007|172.619995|4101300|0.9956414843|171.867630
2026-07-24|20|MO|72.290001|73.540001|72.199997|72.989998|4798000|1.0000000000|72.989998
2026-07-24|21|MRK|131.440002|131.710007|130.240005|131.070007|6154400|1.0000000000|131.070007
2026-07-24|22|MSI|406.709991|418.700012|404.239990|417.829987|770400|1.0000000000|417.829987
2026-07-24|23|PG|146.449997|147.990005|145.399994|147.410004|6620700|1.0000000000|147.410004
2026-07-24|24|XOM|156.990005|158.710007|155.679993|156.940002|12091600|0.9935665212|155.930328
2026-07-24|25|RTX|210.830002|214.889999|209.259995|212.789993|5877300|0.9966890420|212.085449
2026-07-24|26|MCD|263.790009|266.459991|262.899994|264.760010|3703500|1.0000000000|264.760010
2026-07-24|27|AXP|326.119995|329.049988|318.200012|326.170013|6365100|1.0000000000|326.170013
2026-07-24|28|BMY|61.939999|62.820000|61.599998|62.090000|12071700|1.0000000000|62.090000
2026-07-24|29|DD|137.809998|138.940002|137.080002|137.699997|800500|1.0000000000|137.699997
2026-07-24|30|DE|612.210022|629.340027|611.289978|628.159973|960300|1.0000000000|628.159973
2026-07-24|31|EMR|144.899994|149.179993|144.330002|147.940002|3744000|0.9966201816|147.439987
2026-07-24|32|ETN|409.829987|414.920013|400.869995|404.070007|1564100|0.9975456838|403.078278
2026-07-24|33|ETR|116.370003|116.519997|115.250000|115.949997|1832300|0.9940658321|115.261932
2026-07-24|34|F|14.170000|14.550000|14.140000|14.370000|76549600|0.9892857143|14.216036
2026-07-24|35|HAL|32.990002|33.740002|32.900002|33.360001|12702300|1.0000000000|33.360001
2026-07-24|36|LLY|1194.349976|1206.939941|1187.500000|1196.030029|1983300|0.9985690653|1194.318604
2026-07-24|37|PCG|17.660000|17.980000|17.520000|17.850000|32825200|1.0000000000|17.850000
2026-07-24|38|PEP|135.529999|137.130005|134.570007|136.639999|7968300|1.0000000000|136.639999
2026-07-24|39|PFE|24.620001|24.750000|24.510000|24.540001|28905700|1.0000000000|24.540001
2026-07-24|40|TXN|281.109985|283.890015|276.299988|279.579987|8270000|0.9949060125|278.155823
2026-07-24|41|WFC|85.949997|86.949997|85.699997|86.309998|11871400|0.9942915856|85.817307
2026-07-24|42|HUBB|487.220001|493.399994|481.529999|486.089996|470412|1.0000000000|486.089996
2026-07-24|43|WMT|108.120003|109.599998|108.010002|109.470001|18405900|0.9976117102|109.208557
2026-07-24|44|AIG|78.099998|79.220001|77.989998|79.059998|2212300|1.0000000000|79.059998
2026-07-24|45|AVY|155.690002|161.419998|155.199997|160.899994|678400|1.0000000000|160.899994
2026-07-24|46|BAC|61.529999|62.279999|61.279999|62.049999|29035400|1.0000000000|62.049999
2026-07-24|47|BALL|62.160000|63.880001|61.689999|63.840000|1338200|1.0000000000|63.840000
2026-07-24|48|BDX|154.479996|156.800003|153.320007|156.360001|1115700|1.0000000000|156.360001
2026-07-24|49|CLX|94.209999|96.029999|93.449997|95.550003|1438600|0.9884526559|94.446655
2026-07-24|50|CMI|665.030029|671.239990|657.750000|664.650024|677100|0.9962915514|662.185242
2026-07-24|51|CMS|74.519997|75.449997|74.370003|74.699997|4168600|0.9919943817|74.101974
2026-07-24|52|CVS|107.650002|108.389999|106.910004|107.739998|5370500|1.0000000000|107.739998
2026-07-24|53|ECL|263.750000|268.829987|263.200012|268.750000|1155100|1.0000000000|268.750000
2026-07-24|54|ES|75.019997|75.559998|74.639999|74.910004|1470800|1.0000000000|74.910004
2026-07-24|55|EVRG|87.070000|87.660004|86.760002|87.180000|1644700|0.9917192899|86.458092
2026-07-24|56|GWW|1350.280029|1383.339966|1350.280029|1382.599976|205200|0.9980509570|1379.905151
2026-07-24|57|LNT|74.769997|75.440002|74.629997|74.940002|1957500|0.9924530963|74.374435
2026-07-24|58|MKC|50.419998|51.130001|49.820000|49.959999|3179800|1.0000000000|49.959999
2026-07-24|59|MRSH|176.460007|180.869995|175.970001|180.740005|1938300|1.0000000000|180.740005
2026-07-24|60|NEE|90.910004|90.910004|88.430000|89.779999|11653100|1.0000000000|89.109901
2026-07-24|61|NI|46.980000|47.070000|46.500000|46.680000|3840000|0.9933436876|46.369286
2026-07-24|62|PNW|105.839996|107.000000|105.610001|106.059998|1127000|0.9909892067|105.104317
2026-07-24|63|RVTY|113.139999|113.809998|110.250000|110.470001|1117800|1.0000000000|110.470001
2026-07-24|64|SNA|399.059998|405.649994|392.420013|404.119995|527200|0.9938338681|401.628113
2026-07-24|65|SPGI|424.510010|427.670013|420.010010|426.399994|1514100|0.9977597635|425.444763
2026-07-24|66|TER|365.000000|371.359985|345.470001|349.920013|2945200|1.0000000000|349.920013
2026-07-24|67|TGT|134.509995|137.580002|134.229996|136.779999|2485400|0.9923829532|135.738144
2026-07-24|68|TXT|93.540001|95.989998|93.269997|95.529999|1028600|1.0000000000|95.529999
2026-07-24|69|VMC|275.579987|280.790009|274.440002|279.700012|797900|0.9981453742|279.181274
2026-07-24|70|XEL|81.250000|82.059998|80.959999|81.669998|3235500|1.0000000000|81.669998
2026-07-24|71|ITW|278.040009|283.029999|276.230011|283.019989|1349500|1.0000000000|283.019989
2026-07-24|72|CL|90.000000|91.110001|89.879997|90.750000|3192300|1.0000000000|90.750000
2026-07-24|73|EXC|47.310001|47.869999|47.160000|47.529999|5731200|1.0000000000|47.529999
2026-07-24|74|MDT|82.870003|83.599998|82.410004|83.209999|4336100|1.0000000000|83.209999
2026-07-24|75|BNY|158.880005|160.039993|158.509995|158.910004|2379400|0.9960354919|158.280014
2026-07-24|76|EIX|79.959999|80.760002|79.360001|79.750000|1801200|1.0000000000|79.750000
2026-07-24|77|FRT|125.489998|126.209999|124.879997|126.080002|986600|1.0000000000|126.080002
2026-07-24|78|PNR|61.830002|63.759998|61.750000|62.880001|2887900|1.0000000000|62.880001
2026-07-24|79|USB|63.380001|64.129997|63.360001|63.970001|7094300|1.0000000000|63.970001
2026-07-24|80|WY|23.670000|24.090000|23.530001|23.940001|5247400|1.0000000000|23.940001
2026-07-24|81|SYY|82.199997|83.230003|81.959999|83.110001|2213500|1.0000000000|83.110001
2026-07-24|82|WRB|73.519997|75.699997|73.519997|75.459999|1951900|1.0000000000|75.459999
2026-07-24|83|IFF|73.860001|76.610001|73.779999|75.940002|1460200|1.0000000000|75.940002
2026-07-24|84|TAP|40.040001|41.080002|40.009998|40.950001|2103800|1.0000000000|40.478184
2026-07-24|85|PNC|249.500000|252.350006|248.529999|250.990005|1148900|1.0000000000|250.990005
2026-07-24|86|TRV|378.529999|389.109985|377.869995|387.260010|2535600|1.0000000000|387.260010
2026-07-24|87|C|132.240005|133.279999|131.399994|132.190002|10822000|0.9949414872|131.521317
2026-07-24|88|FDX|316.040009|318.559998|314.000000|314.959991|1076700|1.0000000000|314.959991
2026-07-24|89|WDC|538.500000|552.000000|509.559998|519.799988|4775600|1.0000000000|519.799988
2026-07-24|90|DHR|193.080002|194.800003|190.000000|191.500000|6849400|1.0000000000|191.500000
2026-07-24|91|APA|36.349998|36.959999|36.040001|36.150002|3368400|1.0000000000|36.150002
2026-07-24|92|LUV|44.700001|46.500000|44.480000|45.080002|6366400|1.0000000000|45.080002
2026-07-24|93|PEG|80.199997|80.970001|79.660004|79.809998|2600500|1.0000000000|79.809998
2026-07-24|94|UNP|304.489990|309.320007|302.640015|307.320007|3661900|1.0000000000|307.320007
2026-07-24|95|ABT|101.500000|104.180000|101.500000|103.059998|10366700|1.0000000000|103.059998
2026-07-24|96|ADI|374.640015|379.579987|366.839996|371.859985|4080600|1.0000000000|371.859985
2026-07-24|97|ADM|86.610001|87.209999|85.779999|85.919998|2315100|0.9936931471|85.378113
2026-07-24|98|ADP|244.559998|250.839996|243.570007|250.089996|1763700|1.0000000000|250.089996
2026-07-24|99|AFL|124.290001|125.709999|123.750000|125.599998|1518600|0.9949889100|124.970604
2026-07-24|100|AMAT|556.210022|562.799988|530.010010|536.250000|6262200|0.9989318178|535.677185
2026-07-24|101|AMD|546.919983|549.000000|518.000000|521.950012|27200700|1.0000000000|521.950012
2026-07-24|102|APD|294.769989|298.760010|293.980011|297.869995|734700|1.0000000000|297.869995
2026-07-24|103|BF-B|25.809999|26.209999|25.690001|26.080000|1128200|1.0000000000|26.080000
2026-07-24|104|CHD|96.449997|97.760002|96.230003|97.639999|1193800|0.9969601263|97.343185
2026-07-24|105|CINF|179.839996|183.279999|179.639999|182.809998|742100|1.0000000000|182.809998
2026-07-24|106|CMCSA|21.299999|22.490000|21.280001|22.299999|48229800|1.0000000000|22.299999
2026-07-24|107|D|71.669998|71.900002|70.800003|71.099998|3480100|1.0000000000|71.099998
2026-07-24|108|DOV|200.750000|204.940002|200.000000|202.199997|2321900|1.0000000000|202.199997
2026-07-24|109|DUK|129.339996|131.000000|129.259995|130.520004|2856500|0.9912844404|129.382446
2026-07-24|110|EFX|165.550003|175.940002|165.550003|172.539993|1453100|1.0000000000|172.539993
2026-07-24|111|EQT|53.650002|54.330002|52.790001|53.029999|6683700|0.9968732234|52.864185
2026-07-24|112|FITB|57.290001|57.779999|56.919998|57.410000|5193400|1.0000000000|57.410000
2026-07-24|113|GIS|35.799999|36.220001|35.570000|36.029999|10579000|1.0000000000|36.029999
2026-07-24|114|GPC|120.019997|124.370003|120.019997|124.209999|1224200|1.0000000000|124.209999
2026-07-24|115|HAS|87.430000|89.000000|87.250000|88.790001|1675800|0.9925523990|88.128731
2026-07-24|116|HBAN|17.180000|17.420000|17.059999|17.360001|38690500|1.0000000000|17.360001
2026-07-24|117|HRL|24.930000|25.440001|24.799999|25.309999|2468100|1.0000000000|25.309999
2026-07-24|118|HST|24.059999|24.740000|23.990000|24.500000|8138700|1.0000000000|24.500000
2026-07-24|119|HSY|172.990005|175.559998|172.119995|174.300003|1954800|0.9921985814|172.940216
2026-07-24|120|INTC|100.360001|101.739998|91.580002|92.320000|181132900|1.0000000000|92.320000
2026-07-24|121|J|132.630005|136.080002|132.169998|134.559998|699300|0.9975665811|134.232559
2026-07-24|122|JPM|350.640015|353.369995|347.500000|353.209991|7520800|1.0000000000|353.209991
2026-07-24|123|KMB|107.769997|109.790001|107.059998|109.699997|2602200|1.0000000000|109.699997
2026-07-24|124|L|114.459999|118.260002|114.459999|117.900002|641200|0.9994397510|117.833954
2026-07-24|125|LEN|82.470001|85.330002|82.099998|84.639999|2551200|1.0000000000|84.639999
2026-07-24|126|LOW|202.600006|207.830002|201.960007|207.639999|3427800|1.0000000000|207.639999
2026-07-24|127|MAS|77.550003|79.760002|77.309998|79.269997|1867600|0.9956337837|78.923889
2026-07-24|128|MTB|246.740005|249.710007|245.850006|249.600006|1259300|1.0000000000|249.600006
2026-07-24|129|NEM|93.739998|95.339996|92.500000|93.190002|9269700|1.0000000000|93.190002
2026-07-24|130|NTRS|178.550003|181.580002|177.100006|180.520004|1256800|1.0000000000|180.520004
2026-07-24|131|NUE|242.339996|249.020004|241.639999|247.559998|1365200|1.0000000000|247.559998
2026-07-24|132|OMC|78.839996|80.209999|78.089996|79.660004|2111200|1.0000000000|79.660004
2026-07-24|133|PCAR|130.720001|133.899994|130.460007|132.240005|3797800|0.9973590885|131.890778
2026-07-24|134|PGR|210.619995|214.779999|209.020004|213.830002|2353800|1.0000000000|213.830002
2026-07-24|135|PH|989.200012|1000.719971|977.150024|987.539978|696800|1.0000000000|987.539978
2026-07-24|136|PHM|126.139999|128.970001|124.379997|128.750000|1960100|1.0000000000|128.750000
2026-07-24|137|PPG|113.690002|117.540001|113.410004|116.000000|2180300|0.9938189109|115.282997
2026-07-24|138|PPL|36.410000|36.680000|35.669998|36.220001|13418600|1.0000000000|36.220001
2026-07-24|139|RF|30.719999|31.030001|30.580000|30.860001|7521900|1.0000000000|30.860001
2026-07-24|140|ROL|38.799999|39.049999|37.900002|38.560001|9489800|0.9951510336|38.373024
2026-07-24|141|SHW|313.260010|320.140015|313.010010|317.510010|2021300|0.9976939264|316.777832
2026-07-24|142|STT|184.520004|186.339996|183.399994|185.399994|1755900|1.0000000000|185.399994
2026-07-24|143|SWK|88.779999|91.900002|88.750000|91.260002|1777500|1.0000000000|91.260002
2026-07-24|144|SYK|325.079987|330.809998|324.019989|330.250000|2372600|1.0000000000|330.250000
2026-07-24|145|TMO|570.000000|574.000000|555.909973|568.260010|2939400|1.0000000000|568.260010
2026-07-24|146|TPL|423.970001|429.859985|419.029999|419.440002|183500|1.0000000000|419.440002
2026-07-24|147|TSN|57.020000|57.509998|56.660000|57.450001|2128700|1.0000000000|57.450001
2026-07-24|148|TT|477.279999|486.510010|474.079987|480.989990|840300|1.0000000000|480.989990
2026-07-24|149|TYL|293.920013|301.470001|292.630005|297.149994|570700|1.0000000000|297.149994
2026-07-24|150|UDR|39.259998|39.770000|39.259998|39.590000|2231000|0.9961781759|39.438694
2026-07-24|151|VTRS|17.280001|17.490000|17.200001|17.240000|7367000|0.9925558317|17.111662
2026-07-24|152|WEC|115.480003|116.449997|115.000000|115.769997|1849600|0.9913583604|114.769554
2026-07-24|153|WST|351.790009|351.790009|327.970001|328.200012|1508600|0.9993471810|327.985779
2026-07-24|154|NDSN|294.420013|296.890015|293.130005|295.769989|214100|1.0000000000|295.769989
2026-07-24|155|TFC|51.410000|52.040001|51.290001|51.759998|5033500|0.9901868280|51.252068
2026-07-24|156|WELL|248.479996|252.940002|246.029999|252.070007|3312300|0.9962391044|251.122009
2026-07-24|157|AON|355.929993|362.609985|355.649994|361.700012|785000|0.9977256968|360.877411
2026-07-24|158|GL|171.160004|173.860001|170.000000|173.479996|811800|1.0000000000|173.479996
2026-07-24|159|OKE|93.470001|95.879997|93.070000|93.160004|4436200|0.9882171564|92.062317
2026-07-24|160|KLAC|214.509995|219.990005|207.440002|210.520004|11304900|0.9988709994|210.282333
2026-07-24|161|CSX|52.770000|53.410000|52.590000|53.230000|14305600|1.0000000000|53.230000
2026-07-24|162|PSA|317.209991|323.829987|316.970001|322.480011|1364600|1.0000000000|322.480011
2026-07-24|163|NKE|41.189999|42.150002|40.889999|41.700001|26175200|1.0000000000|41.700001
2026-07-24|164|AAPL|321.790009|334.369995|321.619995|333.019989|47489400|0.9991382887|332.733032
2026-07-24|165|BRO|65.449997|67.769997|65.260002|67.660004|2664400|0.9976903696|67.503738
2026-07-24|166|UHS|158.979996|162.789993|155.199997|155.750000|1602700|1.0000000000|155.750000
2026-07-24|167|HD|325.070007|333.459991|323.230011|332.980011|3874500|1.0000000000|332.980011
2026-07-24|168|BAX|21.950001|22.650000|21.900000|22.400000|4982900|1.0000000000|22.391361
2026-07-24|169|COP|120.269997|121.690002|119.629997|120.260002|4392500|0.9933743492|119.463203
2026-07-24|170|GLW|154.770004|157.399994|145.929993|146.649994|8965900|1.0000000000|146.649994
2026-07-24|171|HUM|395.489990|399.609985|387.410004|389.320007|740300|1.0000000000|389.320007
2026-07-24|172|LHX|300.829987|306.420013|299.250000|300.209991|1017800|1.0000000000|300.209991
2026-07-24|173|NOC|535.500000|544.669983|534.450012|542.239990|654900|1.0000000000|542.239990
2026-07-24|174|OXY|57.299999|57.930000|56.830002|57.299999|8129500|1.0000000000|57.299999
2026-07-24|175|ROK|462.989990|467.149994|459.309998|462.160004|583500|0.9969290339|460.740723
2026-07-24|176|SLB|50.070000|52.590000|49.740002|52.419998|28901100|1.0000000000|52.419998
2026-07-24|177|SO|97.010002|97.949997|96.629997|97.250000|4839600|0.9918103451|96.453552
2026-07-24|178|WMB|75.400002|76.419998|73.849998|74.000000|6108600|1.0000000000|74.000000
2026-07-24|179|VLO|304.369995|309.010010|301.049988|302.500000|2320000|0.9961502678|301.335449
2026-07-24|180|CI|288.079987|290.570007|285.929993|289.570007|1084200|1.0000000000|289.570007
2026-07-24|181|NSC|351.589996|353.470001|347.320007|350.660004|1194000|0.9960579337|349.277679
2026-07-24|182|COO|70.610001|70.900002|70.199997|70.309998|1466600|1.0000000000|70.309998
2026-07-24|183|AMGN|372.730011|379.410004|372.160004|376.040009|2493800|0.9941899340|373.855194
2026-07-24|184|RJF|166.860001|169.399994|164.350006|169.300003|1207500|1.0000000000|169.300003
2026-07-24|185|WSM|217.660004|228.000000|217.660004|226.740005|750900|1.0000000000|226.740005
2026-07-24|186|CAH|227.880005|228.970001|225.970001|228.029999|1466600|1.0000000000|228.029999
2026-07-24|187|CTAS|202.279999|206.649994|202.029999|205.910004|2003500|0.9974090682|205.376495
2026-07-24|188|PAYX|111.230003|114.349998|110.639999|113.550003|2742900|0.9896951856|112.379890
2026-07-24|189|BEN|32.470001|32.820000|32.200001|32.490002|2208600|1.0000000000|32.490002
2026-07-24|190|AOS|59.439999|61.230000|59.150002|60.779999|1507700|0.9939809398|60.414162
2026-07-24|191|CASY|880.000000|882.770020|848.619995|861.630005|250100|0.9992507205|860.984375
2026-07-24|192|T|23.000000|24.129999|23.000000|24.129999|80670900|1.0000000000|24.129999
2026-07-24|193|VZ|44.080002|46.439999|43.730000|46.380001|40755200|1.0000000000|46.380001
2026-07-24|194|JBHT|289.369995|293.029999|286.529999|288.299988|593400|0.9983161833|287.814545
2026-07-24|195|ATO|179.089996|180.000000|178.100006|179.220001|817400|0.9940065930|178.145859
2026-07-24|196|LRCX|312.619995|319.700012|301.679993|305.209991|9278400|1.0000000000|305.209991
2026-07-24|197|MU|959.030029|967.140015|904.000000|920.950012|40803100|1.0000000000|920.950012
2026-07-24|198|AJG|242.929993|248.440002|241.119995|247.770004|1259400|1.0000000000|247.770004
2026-07-24|199|AME|242.029999|243.649994|240.539993|241.970001|1091400|1.0000000000|241.970001
2026-07-24|200|SWKS|60.230000|61.410000|59.950001|60.209999|4811100|1.0000000000|60.209999
2026-07-24|201|EXPD|175.619995|177.610001|174.000000|175.300003|760100|1.0000000000|175.300003
2026-07-24|202|UNH|425.239990|429.000000|418.920013|420.739990|3752500|1.0000000000|420.739990
2026-07-24|203|BBY|83.849998|86.029999|83.750000|85.430000|2087200|1.0000000000|85.430000
2026-07-24|204|DOC|22.180000|22.410000|22.120001|22.270000|7422000|0.9950937953|22.160740
2026-07-24|205|ADSK|208.750000|214.449997|204.479996|209.750000|2888300|1.0000000000|209.750000
2026-07-24|206|DVN|45.220001|45.740002|44.860001|45.040001|10920000|1.0000000000|45.040001
2026-07-24|207|NVR|6152.830078|6509.180176|6152.830078|6414.669922|29600|1.0000000000|6414.669922
2026-07-24|208|ROST|232.699997|240.029999|232.429993|238.889999|1500700|1.0000000000|238.889999
2026-07-24|209|JKHY|149.580002|151.389999|147.830002|150.580002|714800|1.0000000000|150.580002
2026-07-24|210|MNST|93.459999|93.989998|92.949997|93.489998|5948800|0.5000000000|93.489998
2026-07-24|211|ORCL|122.470001|123.080002|114.750000|114.989998|46405700|1.0000000000|114.989998
2026-07-24|212|MSFT|387.049988|389.029999|380.649994|381.700012|27659400|0.9981210382|380.982819
2026-07-24|213|TROW|115.500000|116.910004|114.959999|116.500000|1432800|1.0000000000|116.500000
2026-07-24|214|COST|925.010010|936.659973|921.280029|935.030029|1586300|1.0000000000|935.030029
2026-07-24|215|ADBE|216.500000|226.929993|216.149994|225.110001|4719900|1.0000000000|225.110001
2026-07-24|216|FISV|50.230000|51.720001|49.990002|51.020000|5261100|1.0000000000|51.020000
2026-07-24|217|BKR|57.009998|58.200001|57.009998|57.250000|9878900|0.9963346614|57.040161
2026-07-24|218|CDNS|335.239990|335.540009|325.959991|326.239990|2875700|1.0000000000|326.239990
2026-07-24|219|TJX|152.869995|155.350006|152.119995|154.220001|4249500|0.9968547277|153.734940
2026-07-24|220|FICO|1220.000000|1252.719971|1209.920044|1237.369995|149700|1.0000000000|1237.369995
2026-07-24|221|CCL|25.650000|27.020000|25.580000|26.330000|23020500|0.9947898578|26.192816
2026-07-24|222|FAST|46.090000|47.090000|46.009998|47.020000|5241000|0.9945424013|46.763386
2026-07-24|223|SCHW|101.610001|102.000000|100.550003|101.970001|5175300|0.9970924949|101.673523
2026-07-24|224|JCI|142.460007|144.240005|141.889999|143.369995|3068500|1.0000000000|143.369995
2026-07-24|225|COHR|306.000000|308.000000|280.910004|282.390015|3765800|1.0000000000|282.390015
2026-07-24|226|KEY|22.700001|22.900000|22.570000|22.650000|8061600|1.0000000000|22.650000
2026-07-24|227|MOS|22.250000|22.770000|22.200001|22.299999|6457200|1.0000000000|22.299999
2026-07-24|228|MGM|45.130001|46.369999|45.049999|45.540001|2345300|1.0000000000|45.540001
2026-07-24|229|WM|237.520004|239.300003|236.630005|238.750000|1301800|1.0000000000|238.750000
2026-07-24|230|TECH|71.900002|71.940002|71.580002|71.599998|2065700|0.9988938053|71.520798
2026-07-24|231|IEX|222.919998|224.699997|221.729996|223.270004|582100|1.0000000000|223.270004
2026-07-24|232|GEN|25.469999|26.139999|25.430000|25.840000|2691200|0.9956109550|25.726587
2026-07-24|233|CRH|98.849998|100.440002|97.419998|99.870003|2956400|0.9960081882|99.471344
2026-07-24|234|EOG|144.000000|148.220001|144.000000|146.389999|1980900|1.0000000000|146.389999
2026-07-24|235|PTC|115.180000|118.769997|114.360001|118.519997|1420400|1.0000000000|118.519997
2026-07-24|236|CSCO|112.370003|114.570000|112.199997|114.169998|19131700|1.0000000000|114.169998
2026-07-24|237|LH|292.119995|298.579987|290.220001|296.769989|916300|1.0000000000|296.135071
2026-07-24|238|TRMB|50.799999|53.150002|50.470001|52.910000|3080300|1.0000000000|52.910000
2026-07-24|239|AZO|2923.000000|2959.989990|2917.149902|2957.409912|137300|1.0000000000|2957.409912
2026-07-24|240|REGN|658.289978|667.500000|654.049988|656.010010|708400|0.9988336456|655.244873
2026-07-24|241|IDXX|539.469971|547.690002|535.849976|544.320007|437400|1.0000000000|544.320007
2026-07-24|242|AES|14.850000|14.850000|14.810000|14.840000|6997900|0.9881481485|14.664119
2026-07-24|243|VRTX|476.049988|484.000000|472.579987|477.359985|1254000|1.0000000000|477.359985
2026-07-24|244|ZBRA|258.459991|265.619995|256.670013|259.920013|406200|1.0000000000|259.920013
2026-07-24|245|BIIB|202.240005|203.300003|200.039993|202.190002|596300|1.0000000000|202.190002
2026-07-24|246|ODFL|230.399994|237.149994|228.000000|232.990005|1487500|1.0000000000|232.990005
2026-07-24|247|APH|156.300003|158.860001|151.289993|152.669998|5606000|1.0000000000|152.669998
2026-07-24|248|KIM|25.879999|26.150000|25.820000|26.100000|4543900|1.0000000000|26.100000
2026-07-24|249|QCOM|169.690002|171.100006|165.770004|166.970001|9998000|1.0000000000|166.970001
2026-07-24|250|GILD|130.929993|131.649994|129.039993|129.309998|5529600|1.0000000000|129.309998
2026-07-24|251|ROP|362.470001|371.279999|359.420013|367.339996|859100|1.0000000000|367.339996
2026-07-24|252|SNPS|378.000000|379.839996|369.019989|373.470001|1586400|1.0000000000|373.470001
2026-07-24|253|STZ|129.279999|130.899994|129.100006|130.160004|1508600|0.9921821632|129.142426
2026-07-24|254|BSX|43.970001|44.709999|43.720001|44.250000|20689900|1.0000000000|44.250000
2026-07-24|255|STE|212.850006|215.899994|211.789993|214.070007|511400|1.0000000000|214.070007
2026-07-24|256|DHI|142.169998|146.860001|141.830002|146.759995|2157900|0.9970287223|146.323929
2026-07-24|257|LIN|505.450012|512.919983|504.890015|512.280029|1327200|1.0000000000|512.280029
2026-07-24|258|SBUX|103.889999|105.160004|103.120003|103.250000|6397200|0.9942883465|102.660271
2026-07-24|259|MS|216.399994|216.399994|211.210007|214.479996|4091300|0.9945253736|213.305801
2026-07-24|260|INTU|286.640015|296.700012|286.299988|296.329987|3457400|1.0000000000|296.329987
2026-07-24|261|MCHP|80.290001|81.239998|78.029999|78.860001|9323800|0.9940194534|78.388374
2026-07-24|262|CB|355.630005|360.250000|353.980011|359.750000|2217800|1.0000000000|359.750000
2026-07-24|263|ORLY|86.150002|87.519997|85.790001|87.400002|6370400|1.0000000000|87.400002
2026-07-24|264|RCL|285.799988|300.339996|284.559998|293.540009|2965300|1.0000000000|293.540009
2026-07-24|265|JBL|319.089996|322.000000|309.839996|312.589996|914200|0.9997839939|312.522461
2026-07-24|266|ALL|254.380005|260.649994|254.330002|259.970001|1070000|1.0000000000|259.970001
2026-07-24|267|CPT|113.629997|113.910004|112.680000|113.730003|792900|1.0000000000|113.730003
2026-07-24|268|VMRK|68.440002|68.980003|67.480003|67.860001|5065500|1.0000000000|67.860001
2026-07-24|269|IT|136.350006|141.279999|135.649994|140.500000|1085200|1.0000000000|140.500000
2026-07-24|270|DECK|94.010002|97.110001|91.800003|96.040001|5138000|1.0000000000|96.040001
2026-07-24|271|REG|81.199997|82.239998|81.199997|82.150002|1635500|1.0000000000|82.150002
2026-07-24|272|INCY|117.709999|119.129997|116.699997|117.669998|1206900|1.0000000000|117.669998
2026-07-24|273|SPG|226.470001|229.850006|225.830002|229.779999|983800|1.0000000000|229.779999
2026-07-24|274|MAA|133.649994|134.279999|132.850006|133.880005|898500|1.0000000000|133.880005
2026-07-24|275|MLM|549.679993|562.390015|547.880005|559.599976|511900|1.0000000000|559.599976
2026-07-24|276|TSCO|30.469999|31.059999|29.690001|31.020000|12027900|0.9931389364|30.807169
2026-07-24|277|ALB|116.620003|119.599998|114.750000|114.849998|1637900|1.0000000000|114.849998
2026-07-24|278|CPRT|27.299999|28.129999|27.139999|27.940001|10441500|1.0000000000|27.940001
2026-07-24|279|FLEX|126.250000|126.410004|117.800003|118.510002|4723200|1.0000000000|118.510002
2026-07-24|280|ESS|294.089996|295.029999|292.190002|293.459991|513100|1.0000000000|293.459991
2026-07-24|281|O|64.900002|65.730003|64.849998|65.599998|3589500|0.9957938849|65.324074
2026-07-24|282|MCO|475.910004|479.209991|468.369995|471.500000|935400|0.9978911593|470.505707
2026-07-24|283|SJM|116.080002|118.419998|115.889999|118.320000|1079500|0.9907154105|117.221443
2026-07-24|284|MCK|829.929993|843.530029|827.479980|840.900024|823800|1.0000000000|840.900024
2026-07-24|285|COF|198.509995|204.440002|196.509995|202.839996|3468900|0.9964810416|202.126221
2026-07-24|286|EME|764.169983|772.039978|742.979980|744.849976|296200|1.0000000000|744.849976
2026-07-24|287|DLTR|118.269997|121.150002|117.779999|120.449997|2667100|1.0000000000|120.449997
2026-07-24|288|COR|306.899994|310.299988|304.250000|309.890015|852400|0.9980645786|309.290253
2026-07-24|289|DRI|193.919998|197.179993|192.789993|196.309998|970800|1.0000000000|196.309998
2026-07-24|290|RMD|194.270004|197.600006|194.229996|195.270004|1005200|0.9971385215|194.711243
2026-07-24|291|WAB|298.779999|302.959991|297.000000|302.500000|1511200|0.9989689007|302.188080
2026-07-24|292|FCX|62.560001|62.990002|61.049999|62.599998|11938900|1.0000000000|62.599998
2026-07-24|293|IVZ|30.059999|30.370001|29.809999|29.930000|3335800|0.9933559952|29.731146
2026-07-24|294|ACGL|100.389999|103.419998|100.389999|103.360001|2502700|1.0000000000|103.360001
2026-07-24|295|ERIE|217.029999|223.550003|216.529999|223.550003|198200|1.0000000000|223.550003
2026-07-24|296|EG|376.790009|386.869995|376.220001|385.119995|313100|1.0000000000|385.119995
2026-07-24|297|DVA|235.009995|237.850006|231.199997|235.440002|535300|1.0000000000|235.440002
2026-07-24|298|HSIC|84.529999|86.010002|84.430000|85.470001|1481200|1.0000000000|85.470001
2026-07-24|299|EL|80.209999|81.110001|79.300003|80.290001|1430400|1.0000000000|80.290001
2026-07-24|300|WAT|381.970001|384.230011|372.510010|374.679993|819200|1.0000000000|374.679993
2026-07-24|301|NTAP|163.440002|169.179993|163.440002|167.740005|1231400|1.0000000000|167.740005
2026-07-24|302|HIG|136.929993|141.570007|134.160004|140.529999|2580500|1.0000000000|140.529999
2026-07-24|303|IRM|127.019997|132.869995|125.330002|128.309998|1808100|1.0000000000|128.309998
2026-07-24|304|BRK-B|491.429993|497.290009|490.250000|494.929993|3933000|1.0000000000|494.929993
2026-07-24|305|FDS|247.520004|256.100006|246.020004|254.360001|824100|1.0000000000|254.360001
2026-07-24|306|STLD|240.940002|247.679993|239.210007|247.110001|862800|1.0000000000|247.110001
2026-07-24|307|DGX|228.000000|233.210007|223.419998|227.860001|1542100|1.0000000000|227.860001
2026-07-24|308|CIEN|401.850006|408.739990|386.250000|390.959991|1489200|1.0000000000|390.959991
2026-07-24|309|TTWO|231.690002|234.160004|229.559998|231.649994|1343400|1.0000000000|231.649994
2026-07-24|310|VTR|98.470001|100.839996|98.220001|100.529999|2872000|1.0000000000|100.529999
2026-07-24|311|AMZN|234.380005|234.949997|231.339996|232.110001|35017400|1.0000000000|232.110001
2026-07-24|312|ARE|50.480000|51.150002|49.759998|50.939999|1062100|1.0000000000|50.939999
2026-07-24|313|RL|368.649994|379.869995|366.929993|373.579987|315800|1.0000000000|373.579987
2026-07-24|314|BXP|68.370003|69.500000|68.220001|69.110001|1298000|1.0000000000|69.110001
2026-07-24|315|FIX|1821.329956|1849.989990|1701.060059|1733.599976|737600|0.9994824076|1732.702637
2026-07-24|316|YUM|148.100006|149.389999|147.690002|148.919998|1541300|1.0000000000|148.919998
2026-07-24|317|CHRW|191.809998|194.869995|186.139999|186.509995|3602100|1.0000000000|186.509995
2026-07-24|318|FE|49.779999|50.080002|49.480000|49.919998|2922400|0.9901836603|49.429966
2026-07-24|319|MTD|1334.400024|1339.369995|1315.589966|1327.180054|187700|1.0000000000|1327.180054
2026-07-24|320|PLD|145.100006|148.350006|144.000000|147.630005|6395400|1.0000000000|147.630005
2026-07-24|321|URI|1131.800049|1150.060059|1124.359985|1141.589966|490600|0.9982773546|1139.623413
2026-07-24|322|AEE|113.940002|114.820000|113.239998|113.779999|1090700|1.0000000000|113.779999
2026-07-24|323|VRSN|263.820007|280.450012|256.829987|280.000000|2091400|0.9970730649|279.180450
2026-07-24|324|PWR|650.390015|655.090027|625.330017|625.840027|777300|1.0000000000|625.840027
2026-07-24|325|AMT|166.529999|169.490005|166.419998|166.669998|3343500|1.0000000000|166.669998
2026-07-24|326|MAR|365.579987|375.779999|364.250000|374.429993|1231700|0.9979719406|373.670624
2026-07-24|327|CTSH|43.410000|45.490002|43.410000|45.450001|6666800|0.9941706413|45.185059
2026-07-24|328|SRE|93.830002|94.250000|92.760002|92.980003|2577600|1.0000000000|92.980003
2026-07-24|329|CSGP|27.280001|28.090000|27.090000|27.660000|6846800|1.0000000000|27.660000
2026-07-24|330|RSG|217.809998|218.759995|215.550003|216.910004|1159900|1.0000000000|216.910004
2026-07-24|331|CCI|75.570000|76.760002|74.730003|74.900002|4195400|1.0000000000|74.900002
2026-07-24|332|EBAY|106.779999|109.510002|106.430000|109.389999|3488800|1.0000000000|109.058418
2026-07-24|333|NVDA|207.449997|211.910004|204.809998|206.839996|114836800|1.0000000000|206.839996
2026-07-24|334|BKNG|174.600006|180.300003|174.500000|177.460007|5012000|1.0000000000|177.460007
2026-07-24|335|GS|1075.000000|1077.380005|1051.819946|1061.229980|1381400|1.0000000000|1061.229980
2026-07-24|336|FFIV|393.769989|393.769989|385.369995|392.209991|530700|1.0000000000|392.209991
2026-07-24|337|SBAC|176.210007|179.589996|173.509995|173.570007|1059300|0.9931480565|172.380707
2026-07-24|338|LII|535.489990|544.640015|532.250000|541.130005|251500|1.0000000000|541.130005
2026-07-24|339|BLK|1039.099976|1056.479980|1033.489990|1055.670044|506300|1.0000000000|1055.670044
2026-07-24|340|TKO|179.490005|182.190002|178.509995|180.619995|502800|1.0000000000|180.619995
2026-07-24|341|AKAM|117.529999|119.080002|115.239998|115.370003|3096500|1.0000000000|115.370003
2026-07-24|342|UPS|114.660004|115.440002|113.300003|114.790001|3881100|0.9843062201|112.988510
2026-07-24|343|A|140.460007|140.880005|138.020004|138.570007|1516400|1.0000000000|138.570007
2026-07-24|344|TDY|653.739990|660.409973|646.489990|655.349976|293600|1.0000000000|655.349976
2026-07-24|345|PKG|233.770004|254.490005|233.770004|254.389999|1424100|1.0000000000|254.389999
2026-07-24|346|EW|88.000000|89.080002|82.529999|82.629997|10480900|1.0000000000|82.629997
2026-07-24|347|MET|92.160004|94.839996|91.339996|94.830002|4543300|0.9938427991|94.246109
2026-07-24|348|ON|88.489998|89.629997|85.830002|86.809998|7352500|1.0000000000|86.809998
2026-07-24|349|ISRG|334.600006|341.829987|332.149994|337.500000|3438600|1.0000000000|337.500000
2026-07-24|350|CRL|230.229996|231.979996|225.029999|226.580002|476100|1.0000000000|226.580002
2026-07-24|351|MRVL|202.910004|206.070007|191.289993|194.229996|19837100|1.0000000000|194.229996
2026-07-24|352|EQIX|1059.369995|1104.989990|1055.599976|1084.239990|782900|0.9952446339|1079.083984
2026-07-24|353|TPR|139.259995|142.940002|137.460007|142.600006|1485900|1.0000000000|142.600006
2026-07-24|354|GRMN|241.160004|246.199997|240.309998|243.029999|561300|1.0000000000|243.029999
2026-07-24|355|GPN|78.559998|81.150002|78.129997|80.919998|2981800|1.0000000000|80.919998
2026-07-24|356|ALGN|168.500000|170.509995|165.970001|167.020004|846000|1.0000000000|167.020004
2026-07-24|357|WTW|289.239990|295.529999|287.529999|295.109985|324800|1.0000000000|295.109985
2026-07-24|358|MDLZ|60.040001|60.680000|59.849998|60.520000|8493600|1.0000000000|60.520000
2026-07-24|359|AXON|499.750000|505.709991|487.529999|502.339996|730300|1.0000000000|502.339996
2026-07-24|360|FIS|40.380001|41.990002|40.360001|41.509998|4448200|1.0000000000|41.509998
2026-07-24|361|ACN|142.500000|147.529999|140.710007|146.990005|6570600|1.0000000000|146.990005
2026-07-24|362|ZBH|91.019997|92.379997|90.430000|91.349998|1252100|1.0000000000|91.349998
2026-07-24|363|BG|123.330002|123.449997|121.419998|121.529999|602000|0.9937342270|120.768524
2026-07-24|364|PFG|107.559998|109.470001|107.000000|109.400002|1763400|1.0000000000|109.400002
2026-07-24|365|ELV|380.559998|382.790009|375.910004|377.679993|969500|1.0000000000|377.679993
2026-07-24|366|CNC|64.190002|64.599998|62.970001|63.410000|2809100|1.0000000000|63.410000
2026-07-24|367|PRU|117.349998|119.989998|117.070000|119.959999|1693900|0.9885872665|118.590927
2026-07-24|368|NFLX|69.290001|70.680000|67.970001|70.089996|37593500|1.0000000000|70.089996
2026-07-24|369|NDAQ|91.480003|92.930000|90.839996|92.089996|4054300|1.0000000000|92.089996
2026-07-24|370|WYNN|97.290001|98.269997|96.360001|96.919998|1494200|0.9975578784|96.683311
2026-07-24|371|CME|254.199997|256.160004|251.339996|255.309998|1809400|1.0000000000|255.309998
2026-07-24|372|STX|879.210022|906.000000|835.500000|851.690002|5226300|1.0000000000|851.690002
2026-07-24|373|NRG|142.770004|144.190002|139.240005|141.029999|2270100|0.9964628787|140.531158
2026-07-24|374|AIZ|274.019989|277.890015|272.380005|276.940002|235500|1.0000000000|276.940002
2026-07-24|375|CBRE|136.789993|140.610001|136.270004|139.460007|1488100|1.0000000000|139.460007
2026-07-24|376|CRM|160.380005|164.449997|159.550003|163.660004|10899100|1.0000000000|163.660004
2026-07-24|377|DPZ|322.230011|335.890015|322.230011|332.970001|820600|1.0000000000|332.970001
2026-07-24|378|EXR|146.669998|148.350006|144.419998|147.710007|1048400|1.0000000000|147.710007
2026-07-24|379|GOOG|318.299988|323.980011|317.500000|319.089996|21630800|1.0000000000|319.089996
2026-07-24|380|GOOGL|318.420013|324.179993|317.320007|319.739990|31806600|1.0000000000|319.739990
2026-07-24|381|DLR|190.000000|207.470001|188.979996|199.080002|10764800|1.0000000000|199.080002
2026-07-24|382|MPWR|1373.810059|1385.739990|1318.719971|1333.810059|805300|1.0000000000|1333.810059
2026-07-24|383|LVS|46.599998|46.599998|45.250000|46.080002|5991500|0.9936548222|45.787617
2026-07-24|384|DXCM|71.050003|71.849998|69.790001|71.540001|2844500|1.0000000000|71.540001
2026-07-24|385|BLDR|70.930000|74.680000|70.690002|72.860001|1841400|1.0000000000|72.860001
2026-07-24|386|WBD|26.209999|26.580000|25.760000|25.770000|37667300|1.0000000000|25.770000
2026-07-24|387|EXPE|259.519989|266.600006|258.250000|259.940002|1231300|0.9985604607|259.565826
2026-07-24|388|CF|126.489998|127.000000|123.040001|125.070000|1418800|0.9948739856|124.428894
2026-07-24|389|AMP|519.409973|530.210022|510.750000|528.900024|491800|0.9968855344|527.252808
2026-07-24|390|ICE|143.729996|146.110001|142.779999|145.789993|3614700|1.0000000000|145.789993
2026-07-24|391|PSKY|8.500000|8.570000|8.170000|8.210000|8476600|1.0000000000|8.210000
2026-07-24|392|LYV|177.300003|178.509995|175.289993|177.240005|1392200|1.0000000000|177.240005
2026-07-24|393|CMG|32.450001|32.450001|31.580000|31.790001|12106100|1.0000000000|31.790001
2026-07-24|394|UAL|116.379997|121.629997|115.870003|118.269997|4731200|1.0000000000|118.269997
2026-07-24|395|TDG|1217.150024|1255.709961|1217.130005|1236.709961|269700|1.0000000000|1236.709961
2026-07-24|396|MA|531.460022|540.000000|529.690002|539.659973|2551600|1.0000000000|539.659973
2026-07-24|397|LDOS|112.010002|115.820000|111.500000|112.139999|1190600|1.0000000000|112.139999
2026-07-24|398|FSLR|205.919998|206.860001|200.949997|202.820007|1537200|1.0000000000|202.820007
2026-07-24|399|BR|146.000000|149.210007|145.309998|148.919998|733500|1.0000000000|148.919998
2026-07-24|400|SMCI|30.620001|31.330000|29.280001|30.100000|49701600|1.0000000000|30.100000
2026-07-24|401|TMUS|172.160004|181.990005|171.520004|180.089996|5629200|1.0000000000|179.056564
2026-07-24|402|DAL|82.660004|86.010002|82.440002|85.059998|5461200|1.0000000000|85.059998
2026-07-24|403|IBKR|91.800003|92.449997|89.500000|91.739998|3890500|1.0000000000|91.739998
2026-07-24|404|PODD|159.210007|164.330002|158.309998|163.259995|1147600|1.0000000000|163.259995
2026-07-24|405|TEL|198.910004|203.440002|197.669998|202.940002|2010300|0.9961105015|202.150665
2026-07-24|406|BX|125.199997|130.000000|124.250000|130.000000|6222300|0.9899021526|128.687271
2026-07-24|407|LULU|111.300003|115.699997|110.550003|114.279999|2912500|1.0000000000|114.279999
2026-07-24|408|ULTA|476.179993|481.010010|471.760010|475.359985|545400|1.0000000000|475.359985
2026-07-24|409|MSCI|559.510010|561.190002|549.590027|550.789978|1139200|0.9964362700|548.827148
2026-07-24|410|ECHO|90.860001|90.900002|86.930000|87.879997|5888300|1.0000000000|87.879997
2026-07-24|411|PM|192.589996|195.630005|191.779999|193.000000|4438800|1.0000000000|193.000000
2026-07-24|412|V|353.470001|355.839996|351.049988|355.739990|4482800|0.9981456881|355.080353
2026-07-24|413|AWK|135.289993|135.809998|133.949997|134.660004|1468000|0.9933923956|133.770218
2026-07-24|414|KDP|29.670000|29.950001|29.530001|29.680000|8367700|1.0000000000|29.680000
2026-07-24|415|SW|43.549999|48.700001|43.549999|48.560001|8936000|0.9909636146|48.121197
2026-07-24|416|AVGO|387.679993|389.269989|378.750000|381.920013|15149400|1.0000000000|381.920013
2026-07-24|417|VRSK|195.000000|201.809998|193.070007|201.339996|1361400|1.0000000000|201.339996
2026-07-24|418|DG|115.720001|119.360001|115.160004|117.230003|1654900|1.0000000000|117.230003
2026-07-24|419|FTNT|152.699997|154.320007|151.479996|152.369995|2817200|1.0000000000|152.369995
2026-07-24|420|CHTR|111.800003|125.739998|111.550003|123.309998|8765300|1.0000000000|123.309998
2026-07-24|421|FERG|227.990005|233.809998|226.940002|230.669998|1084000|0.9962829937|229.812592
2026-07-24|422|GNRC|209.389999|210.399994|197.509995|202.009995|1072400|1.0000000000|202.009995
2026-07-24|423|LYB|61.650002|61.730000|60.250000|60.320000|4717000|0.9897823188|59.703671
2026-07-24|424|CBOE|285.079987|286.250000|281.339996|285.070007|646600|1.0000000000|285.070007
2026-07-24|425|TSLA|320.720001|322.959991|306.510010|313.029999|62760000|1.0000000000|313.029999
2026-07-24|426|KKR|96.029999|99.489998|95.769997|99.360001|3867000|0.9981032973|99.171547
2026-07-24|427|NXPI|273.720001|278.200012|267.010010|269.239990|4104000|1.0000000000|269.239990
2026-07-24|428|GM|80.540001|83.760002|80.430000|82.639999|5605600|1.0000000000|82.639999
2026-07-24|429|TRGP|286.010010|291.040009|280.920013|281.329987|1061800|0.9953417306|280.019470
2026-07-24|430|CPAY|368.160004|372.399994|364.739990|370.579987|269400|1.0000000000|370.579987
2026-07-24|431|KMI|32.919998|33.259998|32.599998|32.860001|9358800|0.9907395899|32.555702
2026-07-24|432|HCA|381.529999|399.000000|376.480011|382.190002|2703500|1.0000000000|382.190002
2026-07-24|433|HII|289.410004|292.690002|286.859985|287.589996|324600|1.0000000000|286.255005
2026-07-24|434|APO|118.839996|122.940002|118.010002|122.610001|3415500|0.9957937992|122.094284
2026-07-24|435|MPC|311.700012|316.489990|308.679993|309.239990|2000500|0.9972693263|308.395569
2026-07-24|436|XYL|117.279999|120.199997|117.160004|119.750000|1863400|0.9962087815|119.296005
2026-07-24|437|APTV|56.259998|57.230000|56.250000|56.549999|1977000|1.0000000000|56.549999
2026-07-24|438|PSX|206.210007|210.639999|205.350006|206.770004|1664600|0.9947204324|205.678360
2026-07-24|439|AMCR|43.040001|44.639999|42.919998|44.540001|3827000|1.0000000000|44.540001
2026-07-24|440|META|605.299988|609.979980|594.450012|595.190002|11503500|1.0000000000|595.190002
2026-07-24|441|NOW|94.919998|98.930000|94.870003|98.779999|29625400|1.0000000000|98.779999
2026-07-24|442|PANW|328.089996|330.000000|321.690002|323.790009|5134300|1.0000000000|323.790009
2026-07-24|443|FANG|205.830002|210.550003|203.500000|204.679993|2403900|0.9945230033|203.558960
2026-07-24|444|WDAY|130.490005|136.000000|130.490005|135.339996|3459000|1.0000000000|135.339996
2026-07-24|445|ABBV|258.540009|260.220001|256.769989|259.359985|4195000|1.0000000000|259.359985
2026-07-24|446|NCLH|18.980000|19.940001|18.950001|19.370001|13111500|1.0000000000|19.370001
2026-07-24|447|ZTS|75.120003|76.059998|74.279999|75.349998|5098600|1.0000000000|75.349998
2026-07-24|448|IQV|208.139999|209.990005|206.919998|208.050003|1089800|1.0000000000|208.050003
2026-07-24|449|NWS|29.690001|30.270000|29.690001|30.190001|758900|1.0000000000|30.190001
2026-07-24|450|NWSA|26.350000|26.889999|26.350000|26.760000|3136600|1.0000000000|26.760000
2026-07-24|451|CDW|130.259995|134.429993|129.789993|133.820007|732000|0.9952456416|133.183777
2026-07-24|452|VEEV|182.279999|187.190002|182.000000|186.240005|1056800|1.0000000000|186.240005
2026-07-24|453|ALLE|152.250000|156.460007|151.559998|153.360001|1711000|1.0000000000|153.360001
2026-07-24|454|HLT|320.510010|328.200012|320.510010|324.970001|1473600|0.9995449167|324.822113
2026-07-24|455|ARES|121.480003|126.580002|120.620003|126.510002|1818200|1.0000000000|126.510002
2026-07-24|456|ANET|174.000000|177.513000|170.908997|173.990005|4721500|1.0000000000|173.990005
2026-07-24|457|SYF|71.190002|73.834999|71.010002|72.900002|3858100|0.9957005565|72.586571
2026-07-24|458|CFG|71.900002|72.330002|71.449997|71.879997|2938000|0.9935492916|71.416321
2026-07-24|459|KEYS|323.630005|324.700012|315.320007|318.670013|1183000|1.0000000000|318.670013
2026-07-24|460|GDDY|89.019997|93.910004|88.989998|93.160004|1347500|1.0000000000|93.160004
2026-07-24|461|KHC|25.370001|25.695000|25.254999|25.670000|13009800|1.0000000000|25.670000
2026-07-24|462|PYPL|56.307999|56.480000|55.220001|56.150002|11763000|1.0000000000|56.150002
2026-07-24|463|LITE|810.500000|831.210022|755.030029|762.989990|3651200|1.0000000000|762.989990
2026-07-24|464|HPE|48.000000|49.209999|47.341000|47.689999|11332900|1.0000000000|47.689999
2026-07-24|465|XYZ|77.000000|78.500000|75.980003|77.150002|3195500|1.0000000000|77.150002
2026-07-24|466|FTV|60.880001|62.500000|60.564999|62.310001|2757800|1.0000000000|62.310001
2026-07-24|467|DELL|438.940002|451.480011|432.260010|437.500000|4604100|1.0000000000|437.500000
2026-07-24|468|TTD|16.959999|17.510000|16.860001|17.290001|19695300|1.0000000000|17.290001
2026-07-24|469|VST|168.695007|169.759995|162.309998|163.380005|2553500|1.0000000000|163.380005
2026-07-24|470|HWM|287.359985|293.000000|286.459991|289.260010|2112500|0.9995167748|289.120239
2026-07-24|471|INVH|29.639999|29.795000|29.535000|29.780001|2709500|1.0000000000|29.780001
2026-07-24|472|CVNA|60.494999|61.169998|59.064999|60.459999|6438400|1.0000000000|60.459999
2026-07-24|473|IR|84.070000|85.739998|83.860001|84.400002|3159100|0.9997640396|84.380089
2026-07-24|474|VICI|26.450001|26.799999|26.450001|26.730000|4672800|1.0000000000|26.730000
2026-07-24|475|VRT|300.500000|302.489990|288.549988|290.359985|3405200|1.0000000000|290.359985
2026-07-24|476|MRNA|57.255001|57.459999|53.849998|54.070000|4427800|1.0000000000|54.070000
2026-07-24|477|FOXA|55.250000|55.865002|55.049999|55.310001|2491700|1.0000000000|55.310001
2026-07-24|478|FOX|49.110001|49.873001|48.694000|49.410000|1396600|1.0000000000|49.410000
2026-07-24|479|DOW|30.610001|30.775000|29.299999|29.840000|10427200|1.0000000000|29.840000
2026-07-24|480|UBER|69.389999|70.070000|65.559998|65.940002|27966300|1.0000000000|65.940002
2026-07-24|481|CTVA|89.050003|89.279999|88.120003|89.250000|2484200|1.0000000000|89.250000
2026-07-24|482|CRWD|185.000000|185.835007|181.830002|183.279999|5779200|1.0000000000|183.279999
2026-07-24|483|DDOG|248.440002|248.440002|241.179993|246.860001|2628000|1.0000000000|246.860001
2026-07-24|484|CARR|68.750000|69.514999|67.839996|68.879997|5711200|1.0000000000|68.879997
2026-07-24|485|OTIS|71.190002|72.150002|70.855003|71.930000|3526800|0.9939750786|71.496628
2026-07-24|486|PLTR|125.165001|125.309998|122.019997|122.919998|21177000|1.0000000000|122.919998
2026-07-24|487|DASH|171.000000|175.550003|169.669998|172.910004|3687300|1.0000000000|172.910004
2026-07-24|488|ABNB|138.240005|142.699997|138.160004|141.100006|2414600|1.0000000000|141.100006
2026-07-24|489|EXE|92.320000|93.360001|91.449997|91.519997|3450000|0.9940278354|90.973427
2026-07-24|490|COIN|161.080002|161.080002|153.800003|158.289993|5372100|1.0000000000|158.289993
2026-07-24|491|APP|397.100006|400.899994|386.970001|391.980011|4855100|1.0000000000|391.980011
2026-07-24|492|HOOD|100.070000|100.080002|93.029999|94.910004|24405000|1.0000000000|94.910004
2026-07-24|493|CEG|276.000000|279.600006|272.739990|274.350006|2670000|0.9984651331|273.928925
2026-07-24|494|GEHC|62.470001|62.747002|60.200001|60.580002|9134000|1.0000000000|60.580002
2026-07-24|495|KVUE|18.879999|19.280001|18.830000|19.280001|21434300|0.9889763775|19.067465
2026-07-24|496|VLTO|91.699997|92.730003|90.680000|92.019997|1764200|1.0000000000|92.019997
2026-07-24|497|RDDT|169.500000|173.199997|165.550003|168.729996|3539600|1.0000000000|168.729996
2026-07-24|498|SOLV|78.000000|78.699997|77.169998|78.010002|636600|1.0000000000|78.010002
2026-07-24|499|GEV|1022.794983|1037.910034|997.039978|1014.750000|2489400|1.0000000000|1014.750000
2026-07-24|500|SNDK|1551.165039|1573.089966|1411.500000|1436.560059|14081100|1.0000000000|1436.560059
2026-07-24|501|Q|137.500000|139.710007|134.089996|135.059998|1627800|1.0000000000|135.059998
2026-07-24|502|FDXF|155.149994|159.039993|149.440002|158.000000|1255300|1.0000000000|158.000000
2026-07-24|503|HONA|198.289993|204.910004|192.029999|204.070007|2709400|1.0000000000|204.070007
