date|security_id|ticker|open|high|low|close|volume|adj_factor|adj_close_vendor
2026-07-27|1|AEP|135.179993|135.770004|133.279999|133.589996|2597200|0.9924441265|132.580597
2026-07-27|2|BA|212.539993|215.220001|211.149994|211.500000|6657300|1.0000000000|211.500000
2026-07-27|3|CAT|887.500000|894.020020|839.580017|873.280029|3150000|1.0000000000|873.280029
2026-07-27|4|CNP|44.330002|44.630001|43.730000|44.009998|6354500|0.9940594062|43.748550
2026-07-27|5|CVX|188.669998|192.490005|188.669998|190.000000|7369200|0.9913483039|188.356186
2026-07-27|6|DIS|95.510002|97.190002|95.510002|96.650002|10593900|1.0000000000|96.650002
2026-07-27|7|DTE|148.699997|149.750000|146.839996|147.229996|1580900|1.0000000000|147.229996
2026-07-27|8|ED|112.370003|113.360001|111.389999|111.500000|2393900|0.9918651523|110.592964
2026-07-27|9|GD|389.100006|392.570007|386.470001|389.140015|1194200|1.0000000000|389.140015
2026-07-27|10|GE|359.859985|365.500000|356.059998|361.609985|3839200|1.0000000000|361.609985
2026-07-27|11|HON|244.500000|248.009995|242.529999|245.750000|4053300|0.9970084192|245.014832
2026-07-27|12|HPQ|25.980000|26.590000|25.870001|26.549999|13928200|1.0000000000|26.549999
2026-07-27|13|IBM|217.750000|219.630005|215.289993|216.279999|8362300|0.9928776129|214.739563
2026-07-27|14|IP|42.750000|43.430000|41.990002|42.410000|7139500|0.9887402721|41.932476
2026-07-27|15|JNJ|262.549988|268.799988|261.350006|265.950012|9647900|0.9950922943|264.644806
2026-07-27|16|KO|83.080002|84.139999|82.500000|84.070000|19937600|1.0000000000|84.070000
2026-07-27|17|KR|56.799999|58.570000|56.799999|57.980000|5742700|0.9931853922|57.584888
2026-07-27|18|LMT|581.880005|587.989990|578.000000|580.000000|1082300|1.0000000000|580.000000
2026-07-27|19|MMM|175.160004|179.289993|173.520004|178.229996|4826300|0.9956414843|177.453171
2026-07-27|20|MO|72.330002|73.300003|71.919998|72.889999|6468300|1.0000000000|72.889999
2026-07-27|21|MRK|131.009995|132.529999|130.449997|130.759995|6909800|1.0000000000|130.759995
2026-07-27|22|MSI|419.500000|427.250000|418.609985|423.799988|834000|1.0000000000|423.799988
2026-07-27|23|PG|147.850006|150.250000|147.850006|148.630005|7301800|1.0000000000|148.630005
2026-07-27|24|XOM|153.070007|155.419998|152.500000|154.770004|13955800|0.9935665212|153.774292
2026-07-27|25|RTX|214.419998|220.389999|213.800003|218.419998|8191700|0.9966890420|217.696808
2026-07-27|26|MCD|267.500000|271.170013|266.799988|270.670013|4874400|1.0000000000|270.670013
2026-07-27|27|AXP|331.500000|336.609985|329.790009|335.390015|3774200|1.0000000000|335.390015
2026-07-27|28|BMY|62.400002|63.439999|62.220001|62.560001|10317000|1.0000000000|62.560001
2026-07-27|29|DD|138.729996|140.029999|137.440002|139.960007|1079400|1.0000000000|139.960007
2026-07-27|30|DE|627.710022|628.030029|612.380005|625.020020|876500|1.0000000000|625.020020
2026-07-27|31|EMR|148.600006|150.789993|146.919998|149.300003|2835200|0.9966201816|148.795395
2026-07-27|32|ETN|404.000000|407.660004|387.500000|398.640015|2138900|0.9975456838|397.661621
2026-07-27|33|ETR|114.760002|115.839996|113.129997|113.760002|2026700|0.9940658321|113.084930
2026-07-27|34|F|14.810000|14.870000|14.340000|14.680000|58748400|0.9892857143|14.522715
2026-07-27|35|HAL|32.599998|33.310001|32.000000|32.130001|12372500|1.0000000000|32.130001
2026-07-27|36|LLY|1201.000000|1205.050049|1183.449951|1197.530029|1592800|0.9985690653|1195.816406
2026-07-27|37|PCG|17.770000|17.990000|17.500000|17.600000|15768700|1.0000000000|17.600000
2026-07-27|38|PEP|137.070007|140.309998|137.009995|139.789993|7237900|1.0000000000|139.789993
2026-07-27|39|PFE|24.570000|24.879999|24.440001|24.670000|38355200|1.0000000000|24.670000
2026-07-27|40|TXN|281.790009|284.329987|273.670013|279.410004|9072800|0.9949060125|277.986694
2026-07-27|41|WFC|87.300003|87.900002|86.900002|87.269997|10379300|0.9942915856|86.771828
2026-07-27|42|HUBB|486.959991|499.890015|478.559998|497.959991|1041592|1.0000000000|497.959991
2026-07-27|43|WMT|109.919998|112.510002|109.889999|111.739998|19008700|0.9976117102|111.473129
2026-07-27|44|AIG|79.089996|80.269997|79.089996|79.160004|2549300|1.0000000000|79.160004
2026-07-27|45|AVY|161.839996|164.509995|161.050003|163.029999|788800|1.0000000000|163.029999
2026-07-27|46|BAC|62.520000|62.990002|61.840000|62.130001|36899800|1.0000000000|62.130001
2026-07-27|47|BALL|64.199997|65.220001|64.129997|64.669998|2195900|1.0000000000|64.669998
2026-07-27|48|BDX|157.089996|160.550003|157.089996|158.919998|1341800|1.0000000000|158.919998
2026-07-27|49|CLX|96.489998|97.800003|95.739998|97.410004|2134700|0.9884526559|96.285179
2026-07-27|50|CMI|664.190002|671.340027|642.099976|661.840027|1004200|0.9962915514|659.385620
2026-07-27|51|CMS|74.330002|75.199997|73.900002|74.269997|3895100|0.9919943817|73.675423
2026-07-27|52|CVS|107.410004|107.879997|105.360001|107.070000|7857400|1.0000000000|107.070000
2026-07-27|53|ECL|269.040009|272.290009|269.000000|271.380005|1515300|1.0000000000|271.380005
2026-07-27|54|ES|74.599998|75.680000|74.529999|74.690002|1909500|1.0000000000|74.690002
2026-07-27|55|EVRG|87.010002|87.290001|85.669998|85.839996|1415800|0.9917192899|85.129181
2026-07-27|56|GWW|1377.890015|1398.969971|1374.939941|1398.949951|150500|0.9980509570|1396.223267
2026-07-27|57|LNT|74.639999|75.169998|73.730003|73.930000|2139700|0.9924530963|73.372055
2026-07-27|58|MKC|50.770000|51.459999|50.439999|50.610001|4138900|1.0000000000|50.610001
2026-07-27|59|MRSH|181.279999|185.050003|181.250000|183.309998|2124800|1.0000000000|183.309998
2026-07-27|60|NEE|89.660004|90.160004|88.290001|88.830002|10180900|1.0000000000|88.167000
2026-07-27|61|NI|46.540001|46.689999|45.680000|45.810001|2734500|0.9933436876|45.505077
2026-07-27|62|PNW|105.650002|106.440002|104.699997|105.379997|1102600|0.9909892067|104.430443
2026-07-27|63|RVTY|110.839996|111.250000|107.480003|108.070000|1349100|1.0000000000|108.070000
2026-07-27|64|SNA|403.910004|407.829987|403.619995|407.420013|352900|0.9938338681|404.907806
2026-07-27|65|SPGI|433.000000|442.989990|431.799988|439.829987|2629700|0.9977597635|438.844666
2026-07-27|66|TER|349.929993|355.250000|319.600006|334.769989|4145300|1.0000000000|334.769989
2026-07-27|67|TGT|138.179993|140.910004|137.449997|140.339996|3039300|0.9923829532|139.271011
2026-07-27|68|TXT|96.180000|97.320000|95.519997|96.129997|2765300|1.0000000000|96.129997
2026-07-27|69|VMC|284.790009|287.269989|282.619995|284.489990|915900|0.9981453742|283.962372
2026-07-27|70|XEL|81.559998|82.059998|80.379997|80.709999|3415000|1.0000000000|80.709999
2026-07-27|71|ITW|284.010010|287.940002|283.679993|284.820007|2119000|1.0000000000|284.820007
2026-07-27|72|CL|91.250000|92.809998|90.839996|91.980003|3772100|1.0000000000|91.980003
2026-07-27|73|EXC|47.279999|47.919998|47.049999|47.150002|6567900|1.0000000000|47.150002
2026-07-27|74|MDT|83.510002|85.139999|83.209999|84.220001|5420600|1.0000000000|84.220001
2026-07-27|75|BNY|158.850006|160.250000|156.979996|157.770004|2835700|1.0000000000|157.770004
2026-07-27|76|EIX|79.230003|79.779999|78.239998|78.639999|2065100|1.0000000000|78.639999
2026-07-27|77|FRT|126.019997|127.720001|125.739998|127.129997|765900|1.0000000000|127.129997
2026-07-27|78|PNR|63.830002|64.779999|63.080002|63.180000|2428100|1.0000000000|63.180000
2026-07-27|79|USB|64.099998|64.669998|63.220001|63.490002|6328600|1.0000000000|63.490002
2026-07-27|80|WY|23.959999|24.330000|23.879999|23.910000|3861300|1.0000000000|23.910000
2026-07-27|81|SYY|83.190002|84.360001|83.169998|84.089996|2057300|1.0000000000|84.089996
2026-07-27|82|WRB|75.059998|76.070000|74.870003|75.699997|1371100|1.0000000000|75.699997
2026-07-27|83|IFF|76.620003|77.669998|76.260002|76.400002|1740000|1.0000000000|76.400002
2026-07-27|84|TAP|40.980000|41.700001|40.520000|41.130001|2841900|1.0000000000|40.656109
2026-07-27|85|PNC|251.699997|253.500000|248.210007|249.639999|1210700|1.0000000000|249.639999
2026-07-27|86|TRV|387.529999|391.989990|386.660004|390.350006|1430600|1.0000000000|390.350006
2026-07-27|87|C|134.250000|135.350006|131.020004|133.100006|12451600|0.9949414872|132.426712
2026-07-27|88|FDX|314.500000|315.989990|308.709991|310.790009|1782200|1.0000000000|310.790009
2026-07-27|89|WDC|523.000000|531.289978|471.320007|497.920013|6217000|1.0000000000|497.920013
2026-07-27|90|DHR|191.389999|196.630005|189.850006|196.500000|5340100|1.0000000000|196.500000
2026-07-27|91|APA|34.630001|35.930000|34.360001|34.740002|6017700|1.0000000000|34.740002
2026-07-27|92|LUV|46.029999|46.959999|44.830002|45.380001|7467700|1.0000000000|45.380001
2026-07-27|93|PEG|79.519997|80.040001|78.809998|79.209999|3246900|1.0000000000|79.209999
2026-07-27|94|UNP|306.700012|306.700012|296.980011|299.299988|3061600|1.0000000000|299.299988
2026-07-27|95|ABT|104.089996|105.860001|103.379997|104.489998|11619300|1.0000000000|104.489998
2026-07-27|96|ADI|372.779999|376.799988|361.670013|371.890015|5193300|1.0000000000|371.890015
2026-07-27|97|ADM|84.430000|84.500000|82.489998|83.190002|3733100|0.9936931471|82.665337
2026-07-27|98|ADP|251.179993|257.739990|251.179993|254.979996|1723800|1.0000000000|254.979996
2026-07-27|99|AFL|125.510002|126.870003|125.500000|126.559998|1962600|0.9949889100|125.925797
2026-07-27|100|AMAT|539.539978|548.549988|493.640015|516.890015|8011400|0.9989318178|516.337891
2026-07-27|101|AMD|527.510010|528.000000|476.929993|494.950012|31800300|1.0000000000|494.950012
2026-07-27|102|APD|296.500000|297.339996|291.380005|292.579987|1218100|1.0000000000|292.579987
2026-07-27|103|BF-B|26.410000|27.510000|26.270000|27.400000|2416300|1.0000000000|27.400000
2026-07-27|104|CHD|97.910004|99.580002|97.900002|98.699997|1246100|0.9969601263|98.399956
2026-07-27|105|CINF|183.330002|186.330002|183.220001|184.229996|958400|1.0000000000|184.229996
2026-07-27|106|CMCSA|22.430000|23.290001|22.360001|22.799999|37492900|1.0000000000|22.799999
2026-07-27|107|D|70.820000|71.410004|70.089996|70.269997|2902600|1.0000000000|70.269997
2026-07-27|108|DOV|202.649994|205.970001|201.990005|205.850006|1354900|1.0000000000|205.850006
2026-07-27|109|DUK|129.750000|130.869995|128.639999|128.830002|2971200|0.9912844404|127.707176
2026-07-27|110|EFX|175.350006|180.720001|174.729996|177.309998|2003500|1.0000000000|177.309998
2026-07-27|111|EQT|52.430000|52.790001|51.869999|52.000000|7692100|0.9968732234|51.837406
2026-07-27|112|FITB|57.630001|58.060001|56.680000|57.000000|4425500|1.0000000000|57.000000
2026-07-27|113|GIS|36.240002|36.970001|35.910000|36.610001|10451900|1.0000000000|36.610001
2026-07-27|114|GPC|125.000000|128.789993|124.250000|127.699997|1546200|1.0000000000|127.699997
2026-07-27|115|HAS|90.029999|90.720001|88.790001|90.610001|1494000|0.9925523990|89.935173
2026-07-27|116|HBAN|17.350000|17.530001|17.090000|17.160000|35051200|1.0000000000|17.160000
2026-07-27|117|HRL|25.450001|26.150000|25.350000|26.049999|3289900|1.0000000000|26.049999
2026-07-27|118|HST|24.549999|25.010000|24.549999|24.969999|8199200|1.0000000000|24.969999
2026-07-27|119|HSY|175.279999|180.580002|175.279999|180.190002|2003000|0.9921985814|178.784271
2026-07-27|120|INTC|92.459999|94.980003|86.940002|91.669998|133247300|1.0000000000|91.669998
2026-07-27|121|J|135.860001|136.029999|132.520004|135.229996|872600|0.9975665811|134.900925
2026-07-27|122|JPM|357.890015|359.049988|352.579987|356.200012|7884900|1.0000000000|356.200012
2026-07-27|123|KMB|110.809998|112.339996|110.699997|111.440002|2595300|1.0000000000|111.440002
2026-07-27|124|L|119.019997|119.019997|117.199997|118.540001|734400|0.9994397510|118.473595
2026-07-27|125|LEN|86.010002|86.820000|84.779999|85.040001|1852000|1.0000000000|85.040001
2026-07-27|126|LOW|211.300003|213.139999|209.309998|211.550003|2982000|1.0000000000|211.550003
2026-07-27|127|MAS|80.209999|81.919998|79.919998|81.160004|3129600|0.9956337837|80.805641
2026-07-27|128|MTB|250.279999|252.149994|247.050003|248.279999|1089700|1.0000000000|248.279999
2026-07-27|129|NEM|94.879997|94.879997|91.930000|93.470001|5112500|1.0000000000|93.470001
2026-07-27|130|NTRS|182.850006|184.490005|179.979996|182.520004|1063800|1.0000000000|182.520004
2026-07-27|131|NUE|249.119995|251.229996|244.039993|247.860001|1682600|1.0000000000|247.860001
2026-07-27|132|OMC|80.959999|82.760002|80.910004|82.410004|3781500|1.0000000000|82.410004
2026-07-27|133|PCAR|132.820007|134.270004|131.419998|133.440002|3687300|0.9973590885|133.087601
2026-07-27|134|PGR|212.710007|216.679993|212.149994|215.759995|2141200|1.0000000000|215.759995
2026-07-27|135|PH|991.570007|998.969971|975.489990|987.309998|541100|1.0000000000|987.309998
2026-07-27|136|PHM|130.600006|132.399994|128.600006|130.589996|1728100|1.0000000000|130.589996
2026-07-27|137|PPG|118.320000|120.000000|117.419998|118.470001|1951100|0.9938189109|117.737732
2026-07-27|138|PPL|36.110001|36.419998|35.849998|36.009998|7994400|1.0000000000|36.009998
2026-07-27|139|RF|31.000000|31.200001|30.570000|30.740000|8214500|1.0000000000|30.740000
2026-07-27|140|ROL|38.950001|39.630001|38.599998|39.070000|6591100|0.9951510336|38.880550
2026-07-27|141|SHW|325.000000|329.769989|320.000000|327.269989|3207800|0.9976939264|326.515289
2026-07-27|142|STT|185.399994|187.000000|182.309998|184.660004|1665700|1.0000000000|184.660004
2026-07-27|143|SWK|92.629997|94.230003|92.250000|94.169998|2179800|1.0000000000|94.169998
2026-07-27|144|SYK|332.820007|338.790009|331.920013|336.739990|2069900|1.0000000000|336.739990
2026-07-27|145|TMO|565.000000|568.349976|556.010010|559.530029|1962000|1.0000000000|559.530029
2026-07-27|146|TPL|415.959991|421.160004|395.609985|396.619995|265600|1.0000000000|396.619995
2026-07-27|147|TSN|60.270000|61.750000|59.590000|60.709999|5385100|1.0000000000|60.709999
2026-07-27|148|TT|485.079987|488.559998|474.429993|483.339996|751400|1.0000000000|483.339996
2026-07-27|149|TYL|303.239990|323.390015|300.179993|315.880005|784600|1.0000000000|315.880005
2026-07-27|150|UDR|39.410000|39.639999|39.169998|39.270000|5389500|0.9961781759|39.119915
2026-07-27|151|VTRS|17.350000|17.750000|17.280001|17.639999|9762900|0.9925558317|17.508684
2026-07-27|152|WEC|114.889999|115.809998|113.699997|113.820000|1936800|0.9913583604|112.836403
2026-07-27|153|WST|329.239990|336.720001|325.269989|331.250000|1605500|0.9993471810|331.033752
2026-07-27|154|NDSN|296.739990|300.000000|294.000000|297.390015|239300|1.0000000000|297.390015
2026-07-27|155|TFC|52.029999|52.750000|51.840000|52.119999|5630400|0.9901868280|51.608536
2026-07-27|156|WELL|251.139999|252.169998|248.339996|248.339996|2608600|0.9962391044|247.406021
2026-07-27|157|AON|362.029999|369.750000|359.799988|367.170013|1590500|0.9977256968|366.334961
2026-07-27|158|GL|174.039993|176.210007|173.130005|174.369995|606100|1.0000000000|174.369995
2026-07-27|159|OKE|90.860001|91.720001|89.389999|89.459999|4016200|0.9882171564|88.405907
2026-07-27|160|KLAC|210.820007|214.009995|195.559998|203.360001|14194900|0.9988709994|203.130417
2026-07-27|161|CSX|53.599998|53.599998|51.340000|51.799999|17853300|1.0000000000|51.799999
2026-07-27|162|PSA|321.920013|329.720001|321.570007|324.019989|1113500|1.0000000000|324.019989
2026-07-27|163|NKE|42.150002|42.599998|41.580002|42.139999|16996900|1.0000000000|42.139999
2026-07-27|164|AAPL|334.540009|339.570007|334.019989|336.910004|49604300|0.9991382887|336.619690
2026-07-27|165|BRO|68.279999|70.269997|67.879997|69.699997|2789400|0.9976903696|69.539017
2026-07-27|166|UHS|157.000000|162.410004|157.000000|159.309998|1656100|1.0000000000|159.309998
2026-07-27|167|HD|339.390015|341.890015|335.350006|336.089996|3622400|1.0000000000|336.089996
2026-07-27|168|BAX|22.680000|23.400000|22.600000|23.340000|5445200|1.0000000000|23.330999
2026-07-27|169|COP|117.220001|118.489998|115.459999|115.580002|7322500|0.9933743492|114.814209
2026-07-27|170|GLW|145.750000|148.690002|136.309998|143.360001|14036500|1.0000000000|143.360001
2026-07-27|171|HUM|390.579987|391.410004|376.510010|381.149994|1361800|1.0000000000|381.149994
2026-07-27|172|LHX|301.000000|306.309998|301.000000|303.480011|1196400|1.0000000000|303.480011
2026-07-27|173|NOC|542.440002|552.000000|542.219971|547.580017|680100|1.0000000000|547.580017
2026-07-27|174|OXY|55.540001|56.490002|54.910000|54.930000|8466700|1.0000000000|54.930000
2026-07-27|175|ROK|463.959991|467.989990|453.049988|466.000000|627600|0.9969290339|464.568939
2026-07-27|176|SLB|52.299999|53.200001|51.430000|51.529999|16787900|1.0000000000|51.529999
2026-07-27|177|SO|96.849998|98.059998|96.300003|96.480003|4638500|0.9918103451|95.689865
2026-07-27|178|WMB|72.820000|73.019997|70.570000|70.790001|8262600|1.0000000000|70.790001
2026-07-27|179|VLO|295.750000|306.130005|295.720001|304.929993|2372800|0.9961502678|303.756104
2026-07-27|180|CI|289.649994|293.329987|286.709991|291.019989|1313500|1.0000000000|291.019989
2026-07-27|181|NSC|351.750000|351.750000|340.679993|343.350006|1842500|0.9960579337|341.996490
2026-07-27|182|COO|70.820000|71.629997|70.260002|70.290001|2199600|1.0000000000|70.290001
2026-07-27|183|AMGN|378.549988|382.279999|374.399994|376.260010|2902200|0.9941899340|374.073914
2026-07-27|184|RJF|170.889999|174.000000|170.639999|173.600006|1113400|1.0000000000|173.600006
2026-07-27|185|WSM|230.360001|234.949997|230.270004|234.389999|815000|1.0000000000|234.389999
2026-07-27|186|CAH|227.779999|230.610001|227.029999|229.350006|1106300|1.0000000000|229.350006
2026-07-27|187|CTAS|207.009995|211.720001|206.350006|210.979996|2261000|0.9974090682|210.433350
2026-07-27|188|PAYX|115.000000|116.900002|114.500000|115.480003|3451700|0.9896951856|114.290001
2026-07-27|189|BEN|32.869999|33.660000|32.709999|33.220001|5683000|1.0000000000|33.220001
2026-07-27|190|AOS|61.099998|62.700001|61.099998|62.439999|1567300|0.9939809398|62.064167
2026-07-27|191|CASY|867.429993|867.429993|840.419983|853.380005|292000|0.9992507205|852.740601
2026-07-27|192|T|24.129999|24.520000|24.030001|24.420000|74458300|1.0000000000|24.420000
2026-07-27|193|VZ|46.380001|47.560001|46.320000|47.320000|30409500|1.0000000000|47.320000
2026-07-27|194|JBHT|287.700012|289.250000|276.420013|280.959991|1238500|0.9983161833|280.486908
2026-07-27|195|ATO|180.789993|180.789993|177.570007|178.220001|638500|0.9940065930|177.151855
2026-07-27|196|LRCX|306.309998|309.500000|278.450012|291.609985|14117600|1.0000000000|291.609985
2026-07-27|197|MU|932.450012|935.000000|854.789978|900.200012|47591200|1.0000000000|900.200012
2026-07-27|198|AJG|249.419998|255.399994|248.139999|253.360001|1110000|1.0000000000|253.360001
2026-07-27|199|AME|242.929993|243.970001|238.100006|243.119995|1016900|1.0000000000|243.119995
2026-07-27|200|SWKS|60.290001|63.700001|60.240002|63.439999|5436000|1.0000000000|63.439999
2026-07-27|201|EXPD|174.350006|174.520004|170.710007|171.339996|923000|1.0000000000|171.339996
2026-07-27|202|UNH|422.510010|422.880005|412.540009|417.640015|4615700|1.0000000000|417.640015
2026-07-27|203|BBY|86.489998|89.279999|86.279999|88.449997|2821900|1.0000000000|88.449997
2026-07-27|204|DOC|22.219999|22.540001|22.170000|22.520000|5733700|0.9950937953|22.409513
2026-07-27|205|ADSK|213.509995|227.669998|212.190002|225.910004|2599000|1.0000000000|225.910004
2026-07-27|206|DVN|43.840000|44.410000|43.049999|43.160000|10159400|1.0000000000|43.160000
2026-07-27|207|NVR|6505.250000|6574.990234|6300.149902|6311.540039|31400|1.0000000000|6311.540039
2026-07-27|208|ROST|241.860001|244.220001|240.610001|243.350006|2775200|1.0000000000|243.350006
2026-07-27|209|JKHY|151.710007|154.970001|150.839996|152.979996|735600|1.0000000000|152.979996
2026-07-27|210|MNST|94.209999|95.610001|94.000000|95.330002|3774300|0.5000000000|95.330002
2026-07-27|211|ORCL|118.000000|121.989998|116.800003|119.900002|36916600|1.0000000000|119.900002
2026-07-27|212|MSFT|390.079987|394.200012|387.989990|389.100006|27856200|0.9981210382|388.368896
2026-07-27|213|TROW|117.849998|119.400002|117.080002|119.209999|1234400|1.0000000000|119.209999
2026-07-27|214|COST|938.109985|956.609985|936.659973|951.580017|2109500|1.0000000000|951.580017
2026-07-27|215|ADBE|230.389999|242.050003|229.789993|237.750000|5541200|1.0000000000|237.750000
2026-07-27|216|FISV|51.529999|52.610001|51.180000|52.310001|5429100|1.0000000000|52.310001
2026-07-27|217|BKR|60.630001|62.669998|59.840000|60.590000|15186300|0.9963346614|60.367916
2026-07-27|218|CDNS|336.510010|342.269989|334.380005|338.609985|3670000|1.0000000000|338.609985
2026-07-27|219|TJX|155.970001|157.619995|155.149994|156.380005|4309200|0.9968547277|155.888153
2026-07-27|220|FICO|1262.109985|1301.000000|1250.000000|1280.569946|275600|1.0000000000|1280.569946
2026-07-27|221|CCL|27.200001|27.490000|26.670000|27.120001|21121000|0.9947898578|26.978701
2026-07-27|222|FAST|47.709999|47.759998|46.959999|47.639999|6549500|0.9945424013|47.380001
2026-07-27|223|SCHW|102.680000|104.290001|102.360001|104.180000|7276400|0.9970924949|103.877098
2026-07-27|224|JCI|144.050003|144.580002|140.649994|143.389999|2895900|1.0000000000|143.389999
2026-07-27|225|COHR|282.119995|283.200012|256.160004|271.309998|4637800|1.0000000000|271.309998
2026-07-27|226|KEY|22.660000|22.920000|22.400000|22.510000|8822200|1.0000000000|22.510000
2026-07-27|227|MOS|22.420000|22.730000|22.020000|22.340000|6903400|1.0000000000|22.340000
2026-07-27|228|MGM|45.650002|46.400002|45.619999|46.299999|2246900|1.0000000000|46.299999
2026-07-27|229|WM|238.100006|241.130005|237.669998|237.899994|1446900|1.0000000000|237.899994
2026-07-27|230|TECH|71.660004|71.879997|71.580002|71.620003|3796400|0.9988938053|71.540779
2026-07-27|231|IEX|224.820007|225.850006|219.250000|223.830002|725800|1.0000000000|223.830002
2026-07-27|232|GEN|26.490000|26.980000|26.330000|26.740000|4260000|0.9956109550|26.622637
2026-07-27|233|CRH|102.010002|103.470001|100.820000|102.860001|4112100|0.9960081882|102.449409
2026-07-27|234|EOG|143.000000|144.460007|140.000000|140.309998|2519900|1.0000000000|140.309998
2026-07-27|235|PTC|120.769997|125.839996|120.330002|125.209999|1023100|1.0000000000|125.209999
2026-07-27|236|CSCO|115.160004|115.379997|112.739998|114.570000|15974600|1.0000000000|114.570000
2026-07-27|237|LH|295.869995|301.790009|295.480011|301.170013|655400|1.0000000000|300.525696
2026-07-27|238|TRMB|53.830002|55.990002|53.830002|55.770000|2933600|1.0000000000|55.770000
2026-07-27|239|AZO|2989.530029|3090.620117|2963.500000|3075.260010|138400|1.0000000000|3075.260010
2026-07-27|240|REGN|661.770020|678.119995|659.530029|667.169983|650800|0.9988336456|666.391846
2026-07-27|241|IDXX|550.770020|563.859985|548.000000|556.200012|512600|1.0000000000|556.200012
2026-07-27|242|AES|14.830000|14.850000|14.830000|14.830000|4319800|0.9881481485|14.654237
2026-07-27|243|VRTX|479.269989|487.209991|477.989990|479.000000|1631000|1.0000000000|479.000000
2026-07-27|244|ZBRA|264.019989|268.420013|261.929993|264.589996|568200|1.0000000000|264.589996
2026-07-27|245|BIIB|202.750000|204.470001|199.830002|200.139999|762600|1.0000000000|200.139999
2026-07-27|246|ODFL|232.139999|233.919998|224.490005|226.770004|1590500|1.0000000000|226.770004
2026-07-27|247|APH|155.500000|155.500000|146.750000|149.279999|5566600|1.0000000000|149.279999
2026-07-27|248|KIM|26.100000|26.549999|26.059999|26.379999|4958300|1.0000000000|26.379999
2026-07-27|249|QCOM|169.770004|171.190002|165.289993|170.039993|12487100|1.0000000000|170.039993
2026-07-27|250|GILD|131.000000|133.059998|129.429993|130.520004|4953700|1.0000000000|130.520004
2026-07-27|251|ROP|369.410004|380.809998|367.510010|375.019989|780700|1.0000000000|375.019989
2026-07-27|252|SNPS|384.290009|395.850006|383.329987|388.989990|2945200|1.0000000000|388.989990
2026-07-27|253|STZ|129.300003|131.050003|128.279999|129.710007|1882700|0.9921821632|128.695953
2026-07-27|254|BSX|44.599998|46.320000|44.590000|45.509998|20039000|1.0000000000|45.509998
2026-07-27|255|STE|215.770004|220.139999|215.770004|218.399994|715500|1.0000000000|218.399994
2026-07-27|256|DHI|148.669998|151.000000|146.759995|147.649994|2387500|0.9970287223|147.211288
2026-07-27|257|LIN|513.330017|515.000000|506.470001|507.019989|1656100|1.0000000000|507.019989
2026-07-27|258|SBUX|103.809998|105.629997|103.550003|103.650002|5517500|0.9942883465|103.057983
2026-07-27|259|MS|218.020004|219.399994|210.889999|214.559998|4958100|0.9945253736|213.385361
2026-07-27|260|INTU|304.959991|310.119995|299.630005|303.910004|3828000|1.0000000000|303.910004
2026-07-27|261|MCHP|79.489998|80.360001|75.559998|77.900002|11225500|0.9940194534|77.434120
2026-07-27|262|CB|358.980011|362.089996|357.230011|358.910004|1751300|1.0000000000|358.910004
2026-07-27|263|ORLY|88.250000|91.500000|88.080002|90.589996|13378100|1.0000000000|90.589996
2026-07-27|264|RCL|301.010010|307.100006|289.209991|305.040009|4147600|1.0000000000|305.040009
2026-07-27|265|JBL|311.420013|315.119995|298.350006|311.489990|907400|0.9997839939|311.422699
2026-07-27|266|ALL|260.700012|262.239990|258.899994|261.269989|1102900|1.0000000000|261.269989
2026-07-27|267|CPT|113.550003|113.919998|112.610001|112.839996|614100|1.0000000000|112.839996
2026-07-27|268|VMRK|67.580002|68.139999|67.209999|67.239998|3352600|1.0000000000|67.239998
2026-07-27|269|IT|143.460007|151.139999|143.199997|147.449997|1127600|1.0000000000|147.449997
2026-07-27|270|DECK|98.690002|100.000000|97.699997|97.730003|3053400|1.0000000000|97.730003
2026-07-27|271|REG|81.989998|83.010002|81.989998|82.339996|1033200|1.0000000000|82.339996
2026-07-27|272|INCY|117.669998|120.709999|117.250000|118.870003|2728900|1.0000000000|118.870003
2026-07-27|273|SPG|229.660004|231.729996|229.360001|231.669998|896900|1.0000000000|231.669998
2026-07-27|274|MAA|133.770004|135.050003|133.169998|133.460007|842500|1.0000000000|133.460007
2026-07-27|275|MLM|571.119995|576.460022|566.840027|572.030029|536400|1.0000000000|572.030029
2026-07-27|276|TSCO|31.690001|32.230000|31.080000|31.799999|12914800|0.9931389364|31.581816
2026-07-27|277|ALB|114.919998|117.190002|113.750000|116.180000|2392300|1.0000000000|116.180000
2026-07-27|278|CPRT|28.360001|29.940001|28.209999|29.790001|25955300|1.0000000000|29.790001
2026-07-27|279|FLEX|118.620003|120.470001|109.410004|116.070000|6735900|1.0000000000|116.070000
2026-07-27|280|ESS|291.869995|294.980011|290.160004|290.679993|357600|1.0000000000|290.679993
2026-07-27|281|O|65.570000|66.250000|65.309998|65.500000|3923400|0.9957938849|65.224503
2026-07-27|282|MCO|478.970001|491.220001|478.269989|485.959991|905000|0.9978911593|484.935181
2026-07-27|283|SJM|118.160004|121.669998|117.519997|121.050003|1980400|0.9907154105|119.926102
2026-07-27|284|MCK|841.869995|856.520020|836.859985|850.059998|799800|1.0000000000|850.059998
2026-07-27|285|COF|205.850006|208.479996|204.970001|207.050003|4805600|0.9964810416|206.321411
2026-07-27|286|EME|746.820007|761.950012|725.880005|742.750000|436900|1.0000000000|742.750000
2026-07-27|287|DLTR|121.889999|125.940002|121.889999|125.540001|2709700|1.0000000000|125.540001
2026-07-27|288|COR|308.850006|313.899994|308.130005|311.149994|1004600|0.9980645786|310.547791
2026-07-27|289|DRI|200.029999|204.710007|200.029999|204.100006|1554900|1.0000000000|204.100006
2026-07-27|290|RMD|197.289993|203.580002|195.800003|203.080002|1142800|0.9971385215|202.498886
2026-07-27|291|WAB|302.799988|303.410004|294.269989|300.899994|1095300|0.9989689007|300.589722
2026-07-27|292|FCX|63.529999|63.529999|61.180000|62.720001|9601600|1.0000000000|62.720001
2026-07-27|293|IVZ|30.389999|30.629999|29.650000|30.110001|7346200|0.9933559952|29.909950
2026-07-27|294|ACGL|103.370003|104.800003|101.930000|103.879997|1874600|1.0000000000|103.879997
2026-07-27|295|ERIE|224.130005|231.559998|224.059998|228.259995|195800|1.0000000000|228.259995
2026-07-27|296|EG|385.000000|390.529999|385.000000|389.339996|319300|1.0000000000|389.339996
2026-07-27|297|DVA|235.529999|239.100006|233.559998|236.309998|625500|1.0000000000|236.309998
2026-07-27|298|HSIC|85.980003|86.559998|84.470001|84.610001|1495000|1.0000000000|84.610001
2026-07-27|299|EL|81.010002|83.279999|81.010002|83.199997|1756600|1.0000000000|83.199997
2026-07-27|300|WAT|372.690002|375.970001|367.670013|371.200012|803800|1.0000000000|371.200012
2026-07-27|301|NTAP|170.220001|171.100006|165.179993|169.800003|1723300|1.0000000000|169.800003
2026-07-27|302|HIG|140.800003|141.919998|139.690002|140.139999|2573600|1.0000000000|140.139999
2026-07-27|303|IRM|129.639999|132.529999|124.709999|126.989998|1455000|1.0000000000|126.989998
2026-07-27|304|BRK-B|497.250000|498.769989|493.970001|497.179993|3482400|1.0000000000|497.179993
2026-07-27|305|FDS|260.220001|270.309998|256.269989|265.899994|1759200|1.0000000000|265.899994
2026-07-27|306|STLD|246.490005|250.839996|244.880005|250.270004|1412600|1.0000000000|250.270004
2026-07-27|307|DGX|225.949997|231.949997|224.970001|231.839996|1143200|1.0000000000|231.839996
2026-07-27|308|CIEN|388.190002|388.190002|360.000000|377.269989|1512500|1.0000000000|377.269989
2026-07-27|309|TTWO|237.929993|244.509995|235.619995|243.949997|2027500|1.0000000000|243.949997
2026-07-27|310|VTR|100.320000|100.980003|99.709999|100.110001|3885300|1.0000000000|100.110001
2026-07-27|311|AMZN|235.669998|235.889999|230.990005|231.389999|34999500|1.0000000000|231.389999
2026-07-27|312|ARE|51.130001|52.209999|50.939999|51.389999|1468200|1.0000000000|51.389999
2026-07-27|313|RL|374.239990|383.570007|374.230011|379.940002|536300|1.0000000000|379.940002
2026-07-27|314|BXP|69.440002|69.940002|68.849998|69.209999|1737800|1.0000000000|69.209999
2026-07-27|315|FIX|1735.449951|1802.000000|1655.260010|1730.420044|632500|0.9994824076|1729.524414
2026-07-27|316|YUM|148.839996|150.750000|147.699997|147.800003|2072900|1.0000000000|147.800003
2026-07-27|317|CHRW|185.559998|186.110001|173.759995|174.460007|3139000|1.0000000000|174.460007
2026-07-27|318|FE|49.680000|49.980000|49.180000|49.320000|4203400|0.9901836603|48.835857
2026-07-27|319|MTD|1326.959961|1341.579956|1313.699951|1336.290039|110400|1.0000000000|1336.290039
2026-07-27|320|PLD|147.289993|147.830002|145.350006|147.259995|4110500|1.0000000000|147.259995
2026-07-27|321|URI|1132.010010|1138.739990|1112.670044|1127.910034|474400|0.9982773546|1125.967041
2026-07-27|322|AEE|113.089996|113.900002|111.650002|112.110001|1141900|1.0000000000|112.110001
2026-07-27|323|VRSN|284.790009|284.799988|272.920013|274.820007|821900|0.9970730649|274.015625
2026-07-27|324|PWR|626.429993|637.260010|603.250000|620.280029|973800|1.0000000000|620.280029
2026-07-27|325|AMT|166.419998|168.229996|165.550003|166.740005|3520800|1.0000000000|166.740005
2026-07-27|326|MAR|378.109985|384.200012|377.529999|383.059998|1376900|0.9979719406|382.283142
2026-07-27|327|CTSH|46.490002|48.000000|46.180000|47.049999|7416100|0.9941706413|46.775730
2026-07-27|328|SRE|92.599998|93.150002|91.129997|91.250000|1977400|1.0000000000|91.250000
2026-07-27|329|CSGP|28.049999|29.920000|28.040001|29.170000|9804600|1.0000000000|29.170000
2026-07-27|330|RSG|216.470001|220.589996|216.039993|216.899994|1374800|1.0000000000|216.899994
2026-07-27|331|CCI|74.739998|75.199997|73.519997|74.129997|4966700|1.0000000000|74.129997
2026-07-27|332|EBAY|109.370003|113.529999|109.129997|113.209999|4173800|1.0000000000|112.866837
2026-07-27|333|NVDA|208.199997|208.750000|195.440002|196.509995|154353700|1.0000000000|196.509995
2026-07-27|334|BKNG|180.669998|187.339996|180.589996|186.789993|5665000|1.0000000000|186.789993
2026-07-27|335|GS|1080.180054|1088.500000|1029.000000|1048.229980|2538900|1.0000000000|1048.229980
2026-07-27|336|FFIV|398.799988|410.809998|391.540009|407.959991|1615000|1.0000000000|407.959991
2026-07-27|337|SBAC|174.979996|174.990005|171.190002|172.610001|986900|0.9931480565|171.427277
2026-07-27|338|LII|547.539978|558.130005|542.520020|547.349976|470200|1.0000000000|547.349976
2026-07-27|339|BLK|1067.380005|1069.989990|1051.010010|1062.140015|698100|1.0000000000|1062.140015
2026-07-27|340|TKO|183.279999|184.779999|181.679993|182.860001|811300|1.0000000000|182.860001
2026-07-27|341|AKAM|117.000000|117.820000|110.820000|112.849998|2884800|1.0000000000|112.849998
2026-07-27|342|UPS|114.870003|114.870003|112.370003|112.949997|6719200|0.9843062201|111.177383
2026-07-27|343|A|137.589996|139.059998|136.139999|137.889999|1830500|1.0000000000|137.889999
2026-07-27|344|TDY|657.780029|660.049988|642.299988|651.650024|327400|1.0000000000|651.650024
2026-07-27|345|PKG|255.529999|256.440002|250.289993|252.369995|1112200|1.0000000000|252.369995
2026-07-27|346|EW|83.300003|84.120003|81.160004|83.040001|6707500|1.0000000000|83.040001
2026-07-27|347|MET|95.010002|96.000000|94.830002|95.190002|5151000|0.9938427991|94.603897
2026-07-27|348|ON|87.820000|89.769997|84.580002|89.040001|8357900|1.0000000000|89.040001
2026-07-27|349|ISRG|344.000000|359.260010|343.390015|356.829987|5120000|1.0000000000|356.829987
2026-07-27|350|CRL|225.860001|227.490005|222.679993|224.300003|720300|1.0000000000|224.300003
2026-07-27|351|MRVL|198.720001|199.789993|181.759995|189.169998|21637700|1.0000000000|189.169998
2026-07-27|352|EQIX|1084.239990|1085.709961|1041.780029|1046.790039|514700|0.9952446339|1041.812134
2026-07-27|353|TPR|144.070007|147.589996|142.919998|147.429993|2000200|1.0000000000|147.429993
2026-07-27|354|GRMN|244.979996|246.710007|240.000000|242.470001|1544000|1.0000000000|242.470001
2026-07-27|355|GPN|82.019997|84.339996|82.019997|84.059998|3472900|1.0000000000|84.059998
2026-07-27|356|ALGN|165.429993|172.100006|164.750000|168.050003|1032700|1.0000000000|168.050003
2026-07-27|357|WTW|294.670013|303.790009|293.140015|302.640015|462400|1.0000000000|302.640015
2026-07-27|358|MDLZ|60.549999|61.180000|60.070000|60.669998|10077700|1.0000000000|60.669998
2026-07-27|359|AXON|517.000000|533.020020|514.239990|525.479980|787800|1.0000000000|525.479980
2026-07-27|360|FIS|42.169998|43.580002|41.930000|43.160000|5612400|1.0000000000|43.160000
2026-07-27|361|ACN|150.199997|156.839996|149.580002|154.059998|7771400|1.0000000000|154.059998
2026-07-27|362|ZBH|91.290001|93.290001|90.879997|92.070000|1568300|1.0000000000|92.070000
2026-07-27|363|BG|119.779999|120.250000|116.830002|117.500000|1179500|0.9937342270|116.763771
2026-07-27|364|PFG|110.110001|111.449997|109.879997|111.290001|2445800|1.0000000000|111.290001
2026-07-27|365|ELV|378.799988|379.339996|372.390015|378.359985|1179700|1.0000000000|378.359985
2026-07-27|366|CNC|63.830002|64.760002|62.529999|64.080002|6875800|1.0000000000|64.080002
2026-07-27|367|PRU|120.620003|122.570000|120.620003|121.889999|2253900|0.9885872665|120.498901
2026-07-27|368|NFLX|70.589996|71.650002|69.860001|70.400002|39090800|1.0000000000|70.400002
2026-07-27|369|NDAQ|93.120003|94.230003|91.040001|93.940002|3819900|1.0000000000|93.940002
2026-07-27|370|WYNN|98.690002|100.809998|98.470001|99.699997|1623200|0.9975578784|99.456520
2026-07-27|371|CME|255.470001|256.649994|251.509995|255.360001|1675100|1.0000000000|255.360001
2026-07-27|372|STX|855.989990|871.000000|781.169983|816.989990|4636600|1.0000000000|816.989990
2026-07-27|373|NRG|141.990005|142.020004|135.399994|136.500000|2279000|0.9964628787|136.017181
2026-07-27|374|AIZ|277.190002|279.149994|276.779999|276.869995|320700|1.0000000000|276.869995
2026-07-27|375|CBRE|140.940002|144.539993|140.839996|143.880005|2112600|1.0000000000|143.880005
2026-07-27|376|CRM|168.000000|176.949997|167.139999|173.600006|17312000|1.0000000000|173.600006
2026-07-27|377|DPZ|335.570007|348.600006|335.570007|343.529999|1075400|1.0000000000|343.529999
2026-07-27|378|EXR|146.949997|150.660004|146.949997|148.289993|1500300|1.0000000000|148.289993
2026-07-27|379|GOOG|324.739990|330.101013|324.410004|326.570007|21419600|1.0000000000|326.570007
2026-07-27|380|GOOGL|325.040009|330.420013|324.450012|326.559998|28471600|1.0000000000|326.559998
2026-07-27|381|DLR|200.050003|200.750000|192.000000|195.759995|2921700|1.0000000000|195.759995
2026-07-27|382|MPWR|1340.000000|1364.849976|1284.819946|1339.079956|848700|1.0000000000|1339.079956
2026-07-27|383|LVS|46.939999|47.889999|46.740002|47.759998|7020500|0.9936548222|47.456955
2026-07-27|384|DXCM|72.000000|74.589996|72.000000|73.370003|5003900|1.0000000000|73.370003
2026-07-27|385|BLDR|74.300003|75.720001|72.139999|72.720001|1642100|1.0000000000|72.720001
2026-07-27|386|WBD|25.500000|25.760000|25.250000|25.280001|32949600|1.0000000000|25.280001
2026-07-27|387|EXPE|265.010010|280.760010|265.010010|278.369995|1273000|0.9985604607|277.969269
2026-07-27|388|CF|121.769997|121.980003|119.139999|119.779999|2508600|0.9948739856|119.166008
2026-07-27|389|AMP|534.429993|543.250000|530.909973|538.010010|654000|0.9968855344|536.334412
2026-07-27|390|ICE|146.750000|148.729996|144.889999|148.729996|4314300|1.0000000000|148.729996
2026-07-27|391|PSKY|8.200000|8.240000|7.860000|8.030000|18407200|1.0000000000|8.030000
2026-07-27|392|LYV|179.429993|180.759995|178.279999|179.399994|1704500|1.0000000000|179.399994
2026-07-27|393|CMG|32.900002|33.380001|32.509998|33.200001|13238400|1.0000000000|33.200001
2026-07-27|394|UAL|122.000000|123.680000|118.599998|120.570000|3868700|1.0000000000|120.570000
2026-07-27|395|TDG|1250.989990|1291.859985|1247.650024|1286.270020|343800|1.0000000000|1286.270020
2026-07-27|396|MA|543.179993|553.890015|542.020020|551.710022|2365000|1.0000000000|551.710022
2026-07-27|397|LDOS|112.349998|115.559998|112.059998|114.949997|1393900|1.0000000000|114.949997
2026-07-27|398|FSLR|203.110001|206.699997|199.130005|205.830002|1815900|1.0000000000|205.830002
2026-07-27|399|BR|151.320007|154.460007|150.009995|152.779999|739100|1.0000000000|152.779999
2026-07-27|400|SMCI|30.600000|30.940001|28.500000|29.809999|35912300|1.0000000000|29.809999
2026-07-27|401|TMUS|180.990005|184.330002|177.039993|177.210007|5494800|1.0000000000|176.193115
2026-07-27|402|DAL|86.870003|88.570000|85.739998|86.669998|7591100|1.0000000000|86.669998
2026-07-27|403|IBKR|92.900002|94.260002|89.690002|92.269997|4662300|1.0000000000|92.269997
2026-07-27|404|PODD|165.619995|168.770004|164.000000|165.000000|1115200|1.0000000000|165.000000
2026-07-27|405|TEL|204.690002|207.660004|203.050003|207.580002|2361100|0.9961105015|206.772614
2026-07-27|406|BX|132.000000|135.440002|130.410004|132.600006|6801300|0.9899021526|131.261032
2026-07-27|407|LULU|117.589996|118.370003|115.760002|117.830002|2781000|1.0000000000|117.830002
2026-07-27|408|ULTA|480.200012|484.600006|474.459991|480.510010|425100|1.0000000000|480.510010
2026-07-27|409|MSCI|560.530029|573.859985|557.500000|571.030029|720600|0.9964362700|568.995056
2026-07-27|410|ECHO|87.129997|88.669998|85.820000|86.690002|3517700|1.0000000000|86.690002
2026-07-27|411|PM|193.000000|196.789993|192.550003|195.660004|3699000|1.0000000000|195.660004
2026-07-27|412|V|359.350006|363.660004|358.250000|362.529999|6631100|0.9981456881|361.857758
2026-07-27|413|AWK|133.529999|136.589996|133.419998|134.559998|2541100|0.9933923956|133.670883
2026-07-27|414|KDP|29.740000|30.309999|29.719999|30.120001|12936100|1.0000000000|30.120001
2026-07-27|415|SW|49.360001|50.115002|48.220001|50.090000|8429900|0.9909636146|49.637367
2026-07-27|416|AVGO|389.820007|389.899994|373.500000|383.220001|18502100|1.0000000000|383.220001
2026-07-27|417|VRSK|203.619995|209.320007|202.240005|206.660004|1848500|1.0000000000|206.660004
2026-07-27|418|DG|118.680000|124.470001|118.680000|123.220001|2496700|1.0000000000|123.220001
2026-07-27|419|FTNT|157.130005|157.130005|151.679993|152.380005|4796100|1.0000000000|152.380005
2026-07-27|420|CHTR|125.489998|132.570007|123.830002|131.610001|4126400|1.0000000000|131.610001
2026-07-27|421|FERG|231.860001|236.240005|229.710007|234.100006|1059000|0.9962829937|233.229858
2026-07-27|422|GNRC|204.389999|207.270004|192.949997|197.539993|1397600|1.0000000000|197.539993
2026-07-27|423|LYB|58.299999|59.200001|57.840000|58.619999|4608300|0.9897823188|58.021038
2026-07-27|424|CBOE|285.339996|290.320007|277.049988|288.869995|990200|1.0000000000|288.869995
2026-07-27|425|TSLA|313.239990|317.000000|304.279999|309.220001|44919400|1.0000000000|309.220001
2026-07-27|426|KKR|100.000000|102.440002|100.000000|101.629997|3692100|0.9981032973|101.437241
2026-07-27|427|NXPI|272.720001|276.880005|262.170013|267.670013|4222400|1.0000000000|267.670013
2026-07-27|428|GM|85.000000|87.080002|84.099998|87.040001|9870000|1.0000000000|87.040001
2026-07-27|429|TRGP|276.429993|281.040009|267.109985|267.640015|1285000|0.9953417306|266.393280
2026-07-27|430|CPAY|375.000000|382.779999|374.739990|379.709991|712400|1.0000000000|379.709991
2026-07-27|431|KMI|32.270000|32.369999|31.670000|31.750000|13868800|0.9907395899|31.455982
2026-07-27|432|HCA|383.630005|392.660004|383.630005|389.619995|1979700|1.0000000000|389.619995
2026-07-27|433|HII|287.589996|290.570007|284.459991|288.250000|371900|1.0000000000|286.911957
2026-07-27|434|APO|123.000000|125.610001|122.279999|124.239998|4039400|0.9957937992|123.717422
2026-07-27|435|MPC|306.679993|313.739990|305.390015|312.350006|2377900|0.9972693263|311.497070
2026-07-27|436|XYL|120.800003|121.680000|119.959999|120.160004|2207600|0.9962087815|119.704453
2026-07-27|437|APTV|57.369999|57.730000|56.369999|57.450001|1491900|1.0000000000|57.450001
2026-07-27|438|PSX|203.899994|208.949997|200.800003|207.820007|1935600|0.9947204324|206.722809
2026-07-27|439|AMCR|44.639999|45.410000|44.590000|45.240002|3673700|1.0000000000|45.240002
2026-07-27|440|META|607.219971|611.260010|593.130005|593.869995|11195300|1.0000000000|593.869995
2026-07-27|441|NOW|101.870003|108.150002|100.349998|105.559998|32533700|1.0000000000|105.559998
2026-07-27|442|PANW|331.510010|331.809998|316.700012|317.320007|5223400|1.0000000000|317.320007
2026-07-27|443|FANG|197.080002|201.710007|195.429993|195.800003|1742400|0.9945230033|194.727600
2026-07-27|444|WDAY|141.550003|150.240005|140.190002|147.539993|6866600|1.0000000000|147.539993
2026-07-27|445|ABBV|259.000000|262.100006|256.779999|256.910004|5404400|1.0000000000|256.910004
2026-07-27|446|NCLH|20.010000|20.170000|19.350000|20.030001|17308700|1.0000000000|20.030001
2026-07-27|447|ZTS|76.029999|77.650002|75.529999|76.919998|3472000|1.0000000000|76.919998
2026-07-27|448|IQV|207.339996|213.479996|206.869995|213.220001|2160100|1.0000000000|213.220001
2026-07-27|449|NWS|30.520000|31.090000|30.520000|30.920000|1064900|1.0000000000|30.920000
2026-07-27|450|NWSA|27.180000|27.610001|26.740000|27.290001|3119700|1.0000000000|27.290001
2026-07-27|451|CDW|135.339996|138.770004|135.240005|138.039993|1025500|0.9952456416|137.383698
2026-07-27|452|VEEV|190.750000|197.880005|189.110001|194.460007|1708800|1.0000000000|194.460007
2026-07-27|453|ALLE|154.250000|158.399994|153.660004|158.139999|1803100|1.0000000000|158.139999
2026-07-27|454|HLT|328.029999|333.779999|326.040009|330.850006|1987700|0.9995449167|330.699432
2026-07-27|455|ARES|126.510002|131.339996|125.830002|127.760002|3179300|1.0000000000|127.760002
2026-07-27|456|ANET|175.210007|176.729996|165.899994|170.759995|6023000|1.0000000000|170.759995
2026-07-27|457|SYF|73.849998|75.389999|73.599998|75.309998|4631200|0.9957005565|74.986206
2026-07-27|458|CFG|72.230003|72.860001|70.580002|71.099998|3643100|0.9935492916|70.641350
2026-07-27|459|KEYS|321.250000|321.809998|305.769989|313.679993|1129400|1.0000000000|313.679993
2026-07-27|460|GDDY|95.290001|98.254997|93.675003|96.410004|1777700|1.0000000000|96.410004
2026-07-27|461|KHC|25.700001|26.389999|25.700001|26.219999|16740200|1.0000000000|26.219999
2026-07-27|462|PYPL|56.360001|56.584999|55.480000|56.070000|14864400|1.0000000000|56.070000
2026-07-27|463|LITE|767.849976|770.299988|697.880005|711.960022|3744200|1.0000000000|711.960022
2026-07-27|464|HPE|48.000000|49.139999|46.310001|48.189999|13744600|1.0000000000|48.189999
2026-07-27|465|XYZ|78.980003|81.379997|78.800003|81.239998|4346500|1.0000000000|81.239998
2026-07-27|466|FTV|62.500000|63.119999|62.180000|62.919998|2472400|1.0000000000|62.919998
2026-07-27|467|DELL|435.489990|447.880005|411.869995|426.910004|4960400|1.0000000000|426.910004
2026-07-27|468|TTD|17.790001|18.434999|17.629999|17.879999|13237900|1.0000000000|17.879999
2026-07-27|469|VST|165.500000|166.145004|155.539993|157.080002|4478000|1.0000000000|157.080002
2026-07-27|470|HWM|292.440002|295.279999|282.809998|287.940002|2636900|0.9995167748|287.800873
2026-07-27|471|INVH|29.750000|29.889999|29.610001|29.629999|3049300|1.0000000000|29.629999
2026-07-27|472|CVNA|62.500000|64.800003|62.139999|64.040001|8936400|1.0000000000|64.040001
2026-07-27|473|IR|84.769997|85.510002|83.800003|84.660004|2537300|0.9997640396|84.640022
2026-07-27|474|VICI|26.690001|27.177000|26.635000|26.750000|6367900|1.0000000000|26.750000
2026-07-27|475|VRT|293.029999|296.709991|272.529999|287.600006|5017300|1.0000000000|287.600006
2026-07-27|476|MRNA|54.750000|57.070000|54.389999|55.630001|5038200|1.0000000000|55.630001
2026-07-27|477|FOXA|55.900002|57.669998|55.750000|56.639999|4003100|1.0000000000|56.639999
2026-07-27|478|FOX|50.000000|51.840000|49.990002|50.810001|1281700|1.0000000000|50.810001
2026-07-27|479|DOW|28.930000|29.219999|28.230000|28.750000|13172000|1.0000000000|28.750000
2026-07-27|480|UBER|66.379997|68.339996|65.410004|68.180000|25722900|1.0000000000|68.180000
2026-07-27|481|CTVA|88.779999|88.980003|86.949997|87.580002|3681400|1.0000000000|87.580002
2026-07-27|482|CRWD|187.904999|188.500000|179.500000|180.110001|6580300|1.0000000000|180.110001
2026-07-27|483|DDOG|254.485001|257.859985|249.000000|251.860001|3207800|1.0000000000|251.860001
2026-07-27|484|CARR|69.300003|69.860001|68.050003|69.330002|7059700|1.0000000000|69.330002
2026-07-27|485|OTIS|71.949997|73.879997|71.730003|73.190002|4899900|0.9939750786|72.749039
2026-07-27|486|PLTR|126.154999|132.410004|125.309998|131.529999|36708200|1.0000000000|131.529999
2026-07-27|487|DASH|177.500000|185.550003|177.289993|184.369995|3640100|1.0000000000|184.369995
2026-07-27|488|ABNB|143.500000|147.029999|143.000000|146.860001|2902200|1.0000000000|146.860001
2026-07-27|489|EXE|91.879997|92.279999|90.209999|90.510002|4351800|0.9940278354|89.969460
2026-07-27|490|COIN|163.320007|167.869995|160.419998|167.490005|6851700|1.0000000000|167.490005
2026-07-27|491|APP|404.752014|417.579987|401.450012|412.730011|5146200|1.0000000000|412.730011
2026-07-27|492|HOOD|96.980003|99.449997|93.199997|95.650002|16616600|1.0000000000|95.650002
2026-07-27|493|CEG|276.000000|277.190002|267.739990|270.000000|3081700|0.9984651331|269.585571
2026-07-27|494|GEHC|62.040001|62.700001|60.930000|61.119999|6052100|1.0000000000|61.119999
2026-07-27|495|KVUE|19.360001|19.575001|19.280001|19.480000|20908800|0.9889763775|19.265259
2026-07-27|496|VLTO|92.629997|94.370003|92.309998|94.279999|1853500|1.0000000000|94.279999
2026-07-27|497|RDDT|173.335007|183.882004|172.729996|179.229996|4263900|1.0000000000|179.229996
2026-07-27|498|SOLV|78.769997|81.070000|78.769997|80.470001|1045400|1.0000000000|80.470001
2026-07-27|499|GEV|1015.210022|1015.219971|941.869995|996.570007|3580000|1.0000000000|996.570007
2026-07-27|500|SNDK|1462.989990|1462.989990|1222.010010|1278.229980|21275600|1.0000000000|1278.229980
2026-07-27|501|Q|136.000000|136.070007|128.669998|132.970001|1640500|1.0000000000|132.970001
2026-07-27|502|FDXF|157.240005|158.350006|149.259995|150.300003|1122700|1.0000000000|150.300003
2026-07-27|503|HONA|206.330002|211.789993|202.979996|210.830002|1850500|1.0000000000|210.830002
