date|security_id|ticker|open|high|low|close|volume|adj_factor|adj_close_vendor
2026-07-28|1|AEP|134.089996|135.990005|132.979996|133.020004|3924200|0.9924441265|132.014923
2026-07-28|2|BA|214.000000|223.770004|209.350006|221.559998|10465400|1.0000000000|221.559998
2026-07-28|3|CAT|855.760010|855.820007|824.000000|840.849976|3808600|1.0000000000|840.849976
2026-07-28|4|CNP|43.570000|45.259998|43.570000|44.099998|7448400|0.9940594062|43.838017
2026-07-28|5|CVX|191.470001|191.970001|186.729996|187.580002|7406800|0.9913483039|185.957123
2026-07-28|6|DIS|97.000000|99.230003|96.970001|98.889999|11389300|1.0000000000|98.889999
2026-07-28|7|DTE|146.839996|150.559998|146.080002|146.080002|1685600|1.0000000000|146.080002
2026-07-28|8|ED|112.790001|114.580002|111.900002|111.980003|2395600|0.9918651523|111.069061
2026-07-28|9|GD|393.000000|395.429993|389.250000|393.190002|1702600|1.0000000000|393.190002
2026-07-28|10|GE|364.579987|366.769989|358.190002|363.589996|3625900|1.0000000000|363.589996
2026-07-28|11|HON|249.800003|252.000000|246.089996|247.050003|2945300|0.9970084192|246.310944
2026-07-28|12|HPQ|26.920000|28.370001|26.799999|28.290001|25472900|1.0000000000|28.290001
2026-07-28|13|IBM|219.729996|228.979996|215.110001|227.550003|13263000|0.9928776129|225.929306
2026-07-28|14|IP|43.570000|44.820000|43.349998|44.090000|7243200|0.9887402721|43.593559
2026-07-28|15|JNJ|270.000000|274.899994|266.179993|266.730011|10491000|0.9950922943|265.420959
2026-07-28|16|KO|88.300003|90.220001|86.250000|88.269997|34982900|1.0000000000|88.269997
2026-07-28|17|KR|59.000000|60.720001|58.700001|59.189999|6758300|0.9931853922|58.786644
2026-07-28|18|LMT|589.000000|593.770020|576.729980|581.309998|1277300|1.0000000000|581.309998
2026-07-28|19|MMM|179.600006|184.899994|178.979996|182.479996|5501400|0.9956414843|181.684647
2026-07-28|20|MO|74.739998|77.059998|74.059998|74.820000|10108000|1.0000000000|74.820000
2026-07-28|21|MRK|132.880005|135.050003|131.139999|131.820007|10260200|1.0000000000|131.820007
2026-07-28|22|MSI|428.130005|442.220001|426.160004|440.309998|944100|1.0000000000|440.309998
2026-07-28|23|PG|151.500000|153.679993|148.520004|148.880005|12848800|1.0000000000|148.880005
2026-07-28|24|XOM|154.169998|156.179993|151.880005|153.039993|16299900|0.9935665212|152.055420
2026-07-28|25|RTX|220.990005|221.339996|215.899994|218.580002|7776800|0.9966890420|217.856293
2026-07-28|26|MCD|276.209991|278.700012|271.630005|273.019989|5261500|1.0000000000|273.019989
2026-07-28|27|AXP|335.500000|336.820007|331.429993|336.630005|3535700|1.0000000000|336.630005
2026-07-28|28|BMY|63.650002|64.970001|63.200001|63.599998|15141700|1.0000000000|63.599998
2026-07-28|29|DD|140.470001|142.669998|139.490005|140.770004|1338800|1.0000000000|140.770004
2026-07-28|30|DE|630.219971|643.989990|628.000000|639.840027|1360000|1.0000000000|639.840027
2026-07-28|31|EMR|149.000000|152.089996|147.619995|151.809998|2740100|0.9966201816|151.296906
2026-07-28|32|ETN|383.269989|388.570007|375.750000|386.260010|2963500|0.9975456838|385.311981
2026-07-28|33|ETR|113.660004|115.360001|112.320000|112.320000|4268500|0.9940658321|111.653473
2026-07-28|34|F|14.760000|15.020000|14.660000|14.960000|75709000|0.9892857143|14.799714
2026-07-28|35|HAL|32.169998|32.230000|31.200001|31.230000|13398800|1.0000000000|31.230000
2026-07-28|36|LLY|1217.599976|1232.000000|1205.010010|1220.660034|2375400|0.9985690653|1218.913330
2026-07-28|37|PCG|17.760000|18.440001|17.719999|17.780001|23834000|1.0000000000|17.780001
2026-07-28|38|PEP|143.210007|145.429993|141.789993|142.860001|10648800|1.0000000000|142.860001
2026-07-28|39|PFE|24.969999|25.500000|24.940001|25.250000|49942700|1.0000000000|25.250000
2026-07-28|40|TXN|275.459991|282.809998|273.450012|277.070007|11160400|0.9949060125|275.658600
2026-07-28|41|WFC|87.750000|88.220001|86.410004|86.870003|16570500|0.9942915856|86.374115
2026-07-28|42|HUBB|474.040009|497.959991|461.390015|483.660004|1610920|1.0000000000|483.660004
2026-07-28|43|WMT|113.959999|116.029999|112.839996|113.099998|24867900|0.9976117102|112.829880
2026-07-28|44|AIG|79.769997|81.019997|79.589996|80.830002|3315600|1.0000000000|80.830002
2026-07-28|45|AVY|165.889999|171.149994|165.889999|169.130005|969800|1.0000000000|169.130005
2026-07-28|46|BAC|62.299999|62.660000|61.900002|62.619999|28737900|1.0000000000|62.619999
2026-07-28|47|BALL|65.639999|67.550003|65.449997|66.889999|2441000|1.0000000000|66.889999
2026-07-28|48|BDX|162.000000|168.210007|161.619995|166.339996|2693300|1.0000000000|166.339996
2026-07-28|49|CLX|98.349998|101.370003|97.800003|100.320000|2843300|0.9884526559|99.161575
2026-07-28|50|CMI|650.030029|650.460022|628.969971|641.599976|1296000|0.9962915514|639.220642
2026-07-28|51|CMS|74.919998|76.389999|74.370003|74.370003|4405000|0.9919943817|73.774628
2026-07-28|52|CVS|107.970001|109.589996|107.080002|109.339996|6681700|1.0000000000|109.339996
2026-07-28|53|ECL|278.000000|284.989990|275.209991|282.899994|1889600|1.0000000000|282.899994
2026-07-28|54|ES|75.199997|76.570000|74.930000|75.389999|2563200|1.0000000000|75.389999
2026-07-28|55|EVRG|86.519997|87.430000|85.639999|85.660004|1607900|0.9917192899|84.950676
2026-07-28|56|GWW|1412.400024|1418.199951|1385.180054|1398.900024|370800|0.9980509570|1396.173462
2026-07-28|57|LNT|74.849998|75.309998|73.790001|73.790001|2099000|0.9924530963|73.233116
2026-07-28|58|MKC|51.119999|52.119999|50.750000|51.529999|5381500|1.0000000000|51.529999
2026-07-28|59|MRSH|186.889999|192.380005|186.460007|192.190002|4651900|1.0000000000|192.190002
2026-07-28|60|NEE|89.389999|90.989998|89.110001|89.279999|13254700|1.0000000000|88.613632
2026-07-28|61|NI|46.310001|46.529999|45.730000|45.730000|3743400|0.9933436876|45.425606
2026-07-28|62|PNW|106.300003|108.139999|105.309998|105.330002|1619100|0.9909892067|104.380898
2026-07-28|63|RVTY|109.260002|112.500000|108.750000|111.510002|1772600|1.0000000000|111.510002
2026-07-28|64|SNA|410.179993|420.910004|410.179993|419.309998|392000|0.9938338681|416.724457
2026-07-28|65|SPGI|418.720001|435.959991|406.000000|424.359985|4219000|0.9977597635|423.409302
2026-07-28|66|TER|319.339996|323.959991|301.000000|320.649994|5795500|1.0000000000|320.649994
2026-07-28|67|TGT|141.910004|145.850006|141.289993|144.199997|4621700|0.9923829532|143.101624
2026-07-28|68|TXT|90.919998|91.500000|87.110001|89.959999|5433100|1.0000000000|89.959999
2026-07-28|69|VMC|284.920013|289.790009|283.950012|288.420013|1432200|0.9981453742|287.885101
2026-07-28|70|XEL|81.470001|82.570000|80.250000|80.330002|4417400|1.0000000000|80.330002
2026-07-28|71|ITW|298.709991|301.920013|293.260010|295.160004|2855200|1.0000000000|295.160004
2026-07-28|72|CL|94.110001|95.459999|92.699997|92.730003|5089700|1.0000000000|92.730003
2026-07-28|73|EXC|47.669998|48.490002|47.279999|47.310001|9586300|1.0000000000|47.310001
2026-07-28|74|MDT|86.220001|88.980003|86.150002|86.879997|14504600|1.0000000000|86.879997
2026-07-28|75|BNY|157.479996|159.029999|154.880005|156.490005|3484800|1.0000000000|156.490005
2026-07-28|76|EIX|79.120003|81.620003|78.769997|79.790001|2505600|1.0000000000|79.790001
2026-07-28|77|FRT|127.809998|128.210007|126.000000|126.120003|937200|1.0000000000|126.120003
2026-07-28|78|PNR|64.080002|66.809998|63.900002|66.769997|5014000|1.0000000000|66.769997
2026-07-28|79|USB|63.660000|64.459999|63.450001|64.430000|8093600|1.0000000000|64.430000
2026-07-28|80|WY|24.250000|24.799999|24.180000|24.610001|5125500|1.0000000000|24.610001
2026-07-28|81|SYY|85.250000|86.650002|84.589996|85.199997|3853100|1.0000000000|85.199997
2026-07-28|82|WRB|76.379997|77.449997|76.070000|76.169998|1538500|1.0000000000|76.169998
2026-07-28|83|IFF|77.699997|79.550003|76.900002|79.250000|1667700|1.0000000000|79.250000
2026-07-28|84|TAP|42.020000|43.169998|41.799999|42.509998|3734200|1.0000000000|42.020206
2026-07-28|85|PNC|250.369995|252.419998|249.610001|251.600006|1480800|1.0000000000|251.600006
2026-07-28|86|TRV|394.869995|398.700012|392.329987|397.220001|2412500|1.0000000000|397.220001
2026-07-28|87|C|132.779999|133.000000|130.750000|132.470001|9420800|0.9949414872|131.799896
2026-07-28|88|FDX|310.850006|313.750000|303.000000|312.640015|1461200|1.0000000000|312.640015
2026-07-28|89|WDC|466.089996|467.260010|422.109985|463.510010|10511900|1.0000000000|463.510010
2026-07-28|90|DHR|200.729996|209.899994|198.460007|199.050003|9363700|1.0000000000|199.050003
2026-07-28|91|APA|34.619999|35.349998|34.119999|34.930000|5966800|1.0000000000|34.930000
2026-07-28|92|LUV|45.650002|46.750000|44.549999|46.310001|5293300|1.0000000000|46.310001
2026-07-28|93|PEG|79.480003|80.660004|78.800003|78.949997|3003200|1.0000000000|78.949997
2026-07-28|94|UNP|301.540009|303.049988|293.940002|294.450012|4835200|1.0000000000|294.450012
2026-07-28|95|ABT|106.089996|109.260002|105.970001|107.269997|12665500|1.0000000000|107.269997
2026-07-28|96|ADI|366.440002|373.279999|363.149994|365.829987|5046600|1.0000000000|365.829987
2026-07-28|97|ADM|83.820000|84.629997|82.120003|83.180000|4612100|0.9936931471|82.655396
2026-07-28|98|ADP|259.369995|268.170013|258.179993|264.170013|3686100|1.0000000000|264.170013
2026-07-28|99|AFL|127.639999|129.619995|127.000000|129.550003|1947300|0.9949889100|128.900818
2026-07-28|100|AMAT|490.920013|495.000000|467.010010|476.459991|9891300|0.9989318178|475.951050
2026-07-28|101|AMD|467.000000|472.750000|442.269989|454.619995|36315500|1.0000000000|454.619995
2026-07-28|102|APD|293.109985|298.100006|292.579987|292.850006|1539100|1.0000000000|292.850006
2026-07-28|103|BF-B|28.000000|29.360001|27.860001|28.900000|6501700|1.0000000000|28.900000
2026-07-28|104|CHD|100.730003|101.680000|99.570000|99.930000|2269100|0.9969601263|99.626221
2026-07-28|105|CINF|176.460007|186.190002|174.199997|182.630005|1454100|1.0000000000|182.630005
2026-07-28|106|CMCSA|23.250000|24.260000|23.230000|24.190001|41669500|1.0000000000|24.190001
2026-07-28|107|D|70.839996|71.930000|70.599998|70.620003|4010900|1.0000000000|70.620003
2026-07-28|108|DOV|206.000000|206.779999|201.539993|203.080002|1482000|1.0000000000|203.080002
2026-07-28|109|DUK|129.820007|132.649994|129.220001|129.240005|3641600|0.9912844404|128.113602
2026-07-28|110|EFX|181.000000|190.000000|177.610001|187.020004|2182800|1.0000000000|187.020004
2026-07-28|111|EQT|52.099998|52.950001|51.220001|51.660000|8309700|0.9968732234|51.498470
2026-07-28|112|FITB|57.279999|57.869999|56.869999|57.799999|6578000|1.0000000000|57.799999
2026-07-28|113|GIS|37.290001|38.520000|37.180000|37.650002|9259200|1.0000000000|37.650002
2026-07-28|114|GPC|129.990005|132.000000|128.860001|129.710007|1363100|1.0000000000|129.710007
2026-07-28|115|HAS|92.000000|96.440002|91.400002|96.339996|4063200|0.9925523990|95.622498
2026-07-28|116|HBAN|17.190001|17.360001|17.080000|17.299999|23349400|1.0000000000|17.299999
2026-07-28|117|HRL|26.379999|26.430000|25.549999|25.559999|5126700|1.0000000000|25.559999
2026-07-28|118|HST|24.980000|25.490000|24.469999|25.469999|12266700|1.0000000000|25.469999
2026-07-28|119|HSY|183.199997|185.899994|180.860001|183.389999|1970600|0.9921985814|181.959305
2026-07-28|120|INTC|86.620003|88.279999|83.099998|86.300003|154346700|1.0000000000|86.300003
2026-07-28|121|J|137.919998|141.050003|136.259995|140.610001|1155600|0.9975665811|140.267838
2026-07-28|122|JPM|357.299988|359.299988|354.149994|357.309998|6533800|1.0000000000|357.309998
2026-07-28|123|KMB|113.480003|115.470001|113.000000|113.089996|3917300|1.0000000000|113.089996
2026-07-28|124|L|119.360001|121.010002|118.730003|119.400002|864100|0.9994397510|119.333107
2026-07-28|125|LEN|86.980003|88.360001|85.900002|87.650002|2615400|1.0000000000|87.650002
2026-07-28|126|LOW|216.160004|220.149994|215.720001|218.240005|3969100|1.0000000000|218.240005
2026-07-28|127|MAS|82.529999|83.639999|81.129997|81.610001|6232600|0.9956337837|81.253670
2026-07-28|128|MTB|250.139999|253.580002|249.110001|252.610001|1333200|1.0000000000|252.610001
2026-07-28|129|NEM|92.470001|92.580002|90.879997|91.519997|5814500|1.0000000000|91.519997
2026-07-28|130|NTRS|182.320007|183.990005|179.580002|180.860001|1016700|1.0000000000|180.860001
2026-07-28|131|NUE|254.000000|268.440002|253.990005|265.619995|2571500|1.0000000000|265.619995
2026-07-28|132|OMC|83.040001|87.410004|83.040001|86.220001|4024900|1.0000000000|86.220001
2026-07-28|133|PCAR|131.940002|139.240005|131.399994|138.210007|5675300|0.9973590885|137.845001
2026-07-28|134|PGR|218.070007|222.660004|215.729996|219.520004|2507500|1.0000000000|219.520004
2026-07-28|135|PH|995.070007|998.000000|976.729980|990.960022|610900|1.0000000000|990.960022
2026-07-28|136|PHM|132.520004|135.800003|132.520004|134.750000|2198500|1.0000000000|134.750000
2026-07-28|137|PPG|121.769997|123.449997|118.419998|119.010002|3725700|0.9938189109|118.274391
2026-07-28|138|PPL|36.259998|36.889999|36.200001|36.330002|12140300|1.0000000000|36.330002
2026-07-28|139|RF|30.900000|31.309999|30.840000|31.270000|8104700|1.0000000000|31.270000
2026-07-28|140|ROL|39.669998|40.150002|38.689999|39.009998|7149900|0.9951510336|38.820839
2026-07-28|141|SHW|347.489990|357.269989|343.109985|354.269989|3746300|0.9976939264|353.453033
2026-07-28|142|STT|183.110001|185.050003|180.160004|182.570007|1698800|1.0000000000|182.570007
2026-07-28|143|SWK|94.500000|96.040001|93.480003|94.190002|3517400|1.0000000000|94.190002
2026-07-28|144|SYK|346.660004|352.459991|344.010010|346.600006|2751800|1.0000000000|346.600006
2026-07-28|145|TMO|572.000000|588.559998|568.979980|576.409973|3034300|1.0000000000|576.409973
2026-07-28|146|TPL|396.040009|398.619995|387.010010|389.420013|331800|1.0000000000|389.420013
2026-07-28|147|TSN|61.599998|63.029999|61.000000|61.180000|4484600|1.0000000000|61.180000
2026-07-28|148|TT|477.350006|478.679993|460.619995|470.029999|1563300|1.0000000000|470.029999
2026-07-28|149|TYL|322.589996|335.119995|321.329987|333.350006|1382400|1.0000000000|333.350006
2026-07-28|150|UDR|38.480000|39.730000|38.480000|39.000000|6993400|0.9961781759|38.850948
2026-07-28|151|VTRS|17.750000|17.940001|17.639999|17.860001|9602100|0.9925558317|17.727049
2026-07-28|152|WEC|114.459999|116.250000|113.559998|113.610001|2190700|0.9913583604|112.628220
2026-07-28|153|WST|334.549988|339.609985|330.410004|337.000000|876500|0.9993471810|336.779999
2026-07-28|154|NDSN|299.369995|303.489990|296.640015|302.649994|322900|1.0000000000|302.649994
2026-07-28|155|TFC|52.320000|53.080002|52.220001|52.990002|8120900|0.9901868280|52.470001
2026-07-28|156|WELL|251.399994|255.199997|242.240005|243.570007|4630600|0.9962391044|242.653976
2026-07-28|157|AON|370.000000|382.339996|367.170013|381.260010|1508000|0.9977256968|380.392914
2026-07-28|158|GL|175.350006|179.520004|175.289993|179.169998|651900|1.0000000000|179.169998
2026-07-28|159|OKE|89.519997|90.180000|87.639999|88.800003|3999500|0.9882171564|87.753685
2026-07-28|160|KLAC|193.270004|195.990005|186.750000|190.800003|17199200|0.9988709994|190.584595
2026-07-28|161|CSX|52.040001|52.419998|50.810001|50.840000|15414500|1.0000000000|50.840000
2026-07-28|162|PSA|328.549988|335.049988|327.079987|330.470001|1780300|1.0000000000|330.470001
2026-07-28|163|NKE|42.750000|43.270000|42.520000|43.049999|23601400|1.0000000000|43.049999
2026-07-28|164|AAPL|340.029999|342.890015|335.600006|340.079987|51859000|0.9991382887|339.786926
2026-07-28|165|BRO|68.970001|74.139999|67.669998|73.650002|4927200|0.9976903696|73.479897
2026-07-28|166|UHS|149.539993|166.990005|149.539993|166.220001|2106600|1.0000000000|166.220001
2026-07-28|167|HD|342.640015|349.429993|342.600006|344.470001|4308000|1.0000000000|344.470001
2026-07-28|168|BAX|23.850000|24.750000|23.580000|24.370001|7102200|1.0000000000|24.360603
2026-07-28|169|COP|115.989998|117.190002|113.209999|114.099998|7638000|0.9933743492|113.344009
2026-07-28|170|GLW|121.750000|126.099998|114.500000|126.010002|46223200|1.0000000000|126.010002
2026-07-28|171|HUM|378.679993|389.239990|371.500000|388.709991|2253600|1.0000000000|388.709991
2026-07-28|172|LHX|306.720001|308.890015|302.529999|305.200012|1628200|1.0000000000|305.200012
2026-07-28|173|NOC|558.000000|565.419983|548.580017|549.219971|944000|1.0000000000|549.219971
2026-07-28|174|OXY|55.000000|55.430000|53.750000|53.930000|7922900|1.0000000000|53.930000
2026-07-28|175|ROK|461.269989|474.589996|455.399994|471.170013|775600|0.9969290339|469.723083
2026-07-28|176|SLB|51.630001|51.950001|49.880001|49.980000|15340000|1.0000000000|49.980000
2026-07-28|177|SO|97.290001|98.860001|96.779999|96.779999|5488800|0.9918103451|95.987404
2026-07-28|178|WMB|70.779999|71.330002|69.269997|70.160004|7852300|1.0000000000|70.160004
2026-07-28|179|VLO|304.899994|307.000000|297.820007|298.880005|2512000|0.9961502678|297.729401
2026-07-28|180|CI|293.579987|304.690002|291.890015|301.059998|1858800|1.0000000000|301.059998
2026-07-28|181|NSC|345.320007|348.230011|338.609985|338.839996|1161300|0.9960579337|337.504272
2026-07-28|182|COO|71.379997|72.639999|71.070000|72.059998|1772800|1.0000000000|72.059998
2026-07-28|183|AMGN|383.250000|398.000000|382.209991|393.100006|3413000|0.9941899340|390.816071
2026-07-28|184|RJF|173.429993|178.279999|172.990005|177.179993|1404400|1.0000000000|177.179993
2026-07-28|185|WSM|237.679993|241.940002|234.059998|236.320007|1055900|1.0000000000|236.320007
2026-07-28|186|CAH|232.089996|233.770004|230.320007|232.509995|2652200|1.0000000000|232.509995
2026-07-28|187|CTAS|214.369995|218.639999|213.580002|214.899994|3660800|0.9974090682|214.343201
2026-07-28|188|PAYX|116.639999|119.959999|116.639999|118.870003|5284200|1.0000000000|118.870003
2026-07-28|189|BEN|33.200001|33.419998|32.730000|33.330002|4329500|1.0000000000|33.330002
2026-07-28|190|AOS|63.090000|64.370003|62.959999|64.010002|1634300|0.9939809398|63.624722
2026-07-28|191|CASY|867.000000|878.510010|854.219971|856.859985|388900|0.9992507205|856.217957
2026-07-28|192|T|24.840000|25.320000|24.600000|24.660000|57350500|1.0000000000|24.660000
2026-07-28|193|VZ|47.849998|49.009998|47.799999|48.189999|29692600|1.0000000000|48.189999
2026-07-28|194|JBHT|281.130005|281.980011|276.369995|277.619995|1176000|0.9983161833|277.152527
2026-07-28|195|ATO|179.610001|182.639999|178.970001|179.380005|984400|0.9940065930|178.304901
2026-07-28|196|LRCX|275.170013|277.299988|258.529999|269.609985|16097700|1.0000000000|269.609985
2026-07-28|197|MU|839.609985|848.359985|789.090027|820.530029|61039300|1.0000000000|820.530029
2026-07-28|198|AJG|255.000000|265.380005|254.149994|265.309998|1533700|1.0000000000|265.309998
2026-07-28|199|AME|242.389999|244.160004|239.929993|241.429993|1352600|1.0000000000|241.429993
2026-07-28|200|SWKS|63.849998|65.519997|62.630001|64.680000|8125400|1.0000000000|64.680000
2026-07-28|201|EXPD|171.339996|172.369995|170.419998|171.419998|946600|1.0000000000|171.419998
2026-07-28|202|UNH|419.929993|430.459991|415.109985|428.790009|5917300|1.0000000000|428.790009
2026-07-28|203|BBY|89.099998|90.720001|88.839996|89.470001|2710900|1.0000000000|89.470001
2026-07-28|204|DOC|22.700001|22.950001|22.580000|22.820000|7429200|0.9950937953|22.708040
2026-07-28|205|ADSK|231.490005|243.250000|229.399994|237.380005|3885000|1.0000000000|237.380005
2026-07-28|206|DVN|43.220001|43.669998|42.410000|42.660000|12510900|1.0000000000|42.660000
2026-07-28|207|NVR|6394.240234|6524.680176|6394.240234|6471.370117|25200|1.0000000000|6471.370117
2026-07-28|208|ROST|245.149994|252.089996|245.029999|251.029999|3192100|1.0000000000|251.029999
2026-07-28|209|JKHY|155.039993|158.949997|154.860001|157.429993|896100|1.0000000000|157.429993
2026-07-28|210|MNST|97.459999|99.169998|97.019997|97.739998|7052100|0.5000000000|97.739998
2026-07-28|211|ORCL|118.180000|122.330002|114.500000|119.959999|32665400|1.0000000000|119.959999
2026-07-28|212|MSFT|393.160004|400.320007|391.299988|393.350006|32367500|0.9981210382|392.610901
2026-07-28|213|TROW|119.519997|122.000000|119.190002|121.680000|2919100|1.0000000000|121.680000
2026-07-28|214|COST|970.549988|987.549988|965.869995|966.580017|2682800|1.0000000000|966.580017
2026-07-28|215|ADBE|242.850006|254.059998|241.690002|249.179993|8098700|1.0000000000|249.179993
2026-07-28|216|FISV|52.560001|54.669998|52.500000|54.209999|6011200|1.0000000000|54.209999
2026-07-28|217|BKR|60.099998|60.990002|57.869999|58.459999|12307800|0.9963346614|58.245724
2026-07-28|218|CDNS|335.160004|355.589996|335.160004|344.720001|4909600|1.0000000000|344.720001
2026-07-28|219|TJX|159.820007|161.449997|158.350006|160.800003|5851600|0.9968547277|160.294235
2026-07-28|220|FICO|1301.550049|1390.000000|1288.150024|1336.219971|402800|1.0000000000|1336.219971
2026-07-28|221|CCL|27.090000|28.320000|26.910000|28.230000|27081000|0.9947898578|28.082916
2026-07-28|222|FAST|47.939999|49.169998|47.770000|48.099998|10519300|1.0000000000|48.099998
2026-07-28|223|SCHW|104.239998|106.290001|103.449997|105.970001|7809100|0.9970924949|105.661888
2026-07-28|224|JCI|141.520004|141.820007|136.679993|140.279999|5549100|1.0000000000|140.279999
2026-07-28|225|COHR|257.279999|257.329987|228.229996|243.330002|8375000|1.0000000000|243.330002
2026-07-28|226|KEY|22.610001|22.680000|22.450001|22.629999|9233700|1.0000000000|22.629999
2026-07-28|227|MOS|22.770000|23.170000|22.690001|23.080000|8426800|1.0000000000|23.080000
2026-07-28|228|MGM|46.419998|46.590000|45.560001|46.200001|2553700|1.0000000000|46.200001
2026-07-28|229|WM|242.210007|243.610001|238.800003|239.410004|2078900|1.0000000000|239.410004
2026-07-28|230|TECH|71.760002|72.160004|71.760002|72.070000|7785800|0.9988938053|71.990273
2026-07-28|231|IEX|226.309998|227.000000|223.830002|224.649994|1010800|1.0000000000|224.649994
2026-07-28|232|GEN|27.020000|27.730000|26.959999|27.580000|3808600|0.9956109550|27.458950
2026-07-28|233|CRH|103.919998|104.279999|102.139999|103.400002|4200200|0.9960081882|102.987251
2026-07-28|234|EOG|141.070007|143.259995|138.910004|139.639999|3292600|1.0000000000|139.639999
2026-07-28|235|PTC|127.440002|130.580002|126.820000|127.510002|1392100|1.0000000000|127.510002
2026-07-28|236|CSCO|114.129997|117.070000|111.730003|115.580002|27972100|1.0000000000|115.580002
2026-07-28|237|LH|305.000000|315.769989|304.730011|314.230011|1136200|1.0000000000|313.557739
2026-07-28|238|TRMB|56.090000|58.459999|56.090000|58.380001|3373400|1.0000000000|58.380001
2026-07-28|239|AZO|3100.000000|3169.979980|3091.520020|3118.800049|123400|1.0000000000|3118.800049
2026-07-28|240|REGN|676.929993|696.739990|676.460022|695.179993|900200|0.9988336456|694.369202
2026-07-28|241|IDXX|564.940002|578.549988|564.940002|569.539978|446200|1.0000000000|569.539978
2026-07-28|242|AES|14.840000|14.850000|14.830000|14.830000|6503500|0.9881481485|14.654237
2026-07-28|243|VRTX|483.130005|493.609985|482.859985|490.390015|1700000|1.0000000000|490.390015
2026-07-28|244|ZBRA|265.149994|284.829987|263.079987|284.399994|1261900|1.0000000000|284.399994
2026-07-28|245|BIIB|201.009995|207.720001|199.399994|205.610001|1831900|1.0000000000|205.610001
2026-07-28|246|ODFL|227.100006|230.800003|225.820007|226.279999|2070800|1.0000000000|226.279999
2026-07-28|247|APH|145.440002|146.000000|139.669998|143.850006|10112200|1.0000000000|143.850006
2026-07-28|248|KIM|26.610001|26.650000|26.219999|26.240000|5751500|1.0000000000|26.240000
2026-07-28|249|QCOM|164.899994|167.919998|162.160004|162.880005|16147500|1.0000000000|162.880005
2026-07-28|250|GILD|133.110001|136.259995|132.630005|134.320007|6945600|1.0000000000|134.320007
2026-07-28|251|ROP|385.000000|401.239990|384.940002|390.920013|1257400|1.0000000000|390.920013
2026-07-28|252|SNPS|392.579987|402.260010|379.829987|383.820007|2670500|1.0000000000|383.820007
2026-07-28|253|STZ|132.309998|135.089996|131.309998|132.020004|2796500|0.9921821632|130.987885
2026-07-28|254|BSX|46.419998|47.160000|45.810001|46.060001|26905700|1.0000000000|46.060001
2026-07-28|255|STE|222.449997|230.649994|222.449997|230.339996|873300|1.0000000000|230.339996
2026-07-28|256|DHI|149.500000|152.089996|149.029999|151.160004|2751500|0.9970287223|150.710861
2026-07-28|257|LIN|512.059998|522.000000|509.989990|511.179993|2339600|1.0000000000|511.179993
2026-07-28|258|SBUX|105.830002|106.070000|102.660004|103.099998|7055200|0.9942883465|102.511124
2026-07-28|259|MS|213.750000|213.750000|207.289993|211.580002|6021000|0.9945253736|210.421677
2026-07-28|260|INTU|305.730011|319.989990|305.730011|312.989990|5763200|1.0000000000|312.989990
2026-07-28|261|MCHP|76.239998|77.610001|74.879997|75.709999|13879800|0.9940194534|75.257210
2026-07-28|262|CB|361.529999|365.170013|360.350006|363.500000|2137800|1.0000000000|363.500000
2026-07-28|263|ORLY|91.650002|93.239998|90.820000|91.169998|11865500|1.0000000000|91.169998
2026-07-28|264|RCL|302.700012|324.579987|293.149994|322.500000|3439800|1.0000000000|322.500000
2026-07-28|265|JBL|304.970001|306.359985|290.000000|302.950012|1259100|0.9997839939|302.884583
2026-07-28|266|ALL|263.250000|272.609985|263.250000|272.420013|2460300|1.0000000000|272.420013
2026-07-28|267|CPT|113.919998|115.750000|113.889999|115.040001|1315000|1.0000000000|115.040001
2026-07-28|268|VMRK|67.790001|68.629997|67.370003|68.089996|4454300|1.0000000000|68.089996
2026-07-28|269|IT|151.369995|159.710007|150.229996|155.839996|1530700|1.0000000000|155.839996
2026-07-28|270|DECK|99.129997|104.239998|99.129997|103.919998|3095200|1.0000000000|103.919998
2026-07-28|271|REG|82.790001|83.010002|80.860001|80.970001|1606400|1.0000000000|80.970001
2026-07-28|272|INCY|119.000000|132.600006|118.650002|129.929993|5920800|1.0000000000|129.929993
2026-07-28|273|SPG|234.949997|237.889999|234.070007|236.699997|1717400|1.0000000000|236.699997
2026-07-28|274|MAA|135.050003|136.869995|134.820007|135.639999|1480900|1.0000000000|135.639999
2026-07-28|275|MLM|577.500000|585.619995|570.849976|583.669983|712000|1.0000000000|583.669983
2026-07-28|276|TSCO|32.009998|32.400002|31.430000|31.459999|9788500|0.9931389364|31.244148
2026-07-28|277|ALB|115.059998|115.790001|111.550003|113.160004|2304300|1.0000000000|113.160004
2026-07-28|278|CPRT|30.440001|31.200001|30.440001|30.690001|17180800|1.0000000000|30.690001
2026-07-28|279|FLEX|109.949997|114.239998|102.750000|113.279999|11029000|1.0000000000|113.279999
2026-07-28|280|ESS|293.140015|296.619995|289.019989|294.519989|688900|1.0000000000|294.519989
2026-07-28|281|O|66.279999|66.570000|65.629997|65.730003|4616200|0.9957938849|65.453537
2026-07-28|282|MCO|486.059998|488.809998|478.329987|484.200012|1011300|0.9978911593|483.178925
2026-07-28|283|SJM|123.260002|125.419998|121.970001|123.040001|1682500|0.9907154105|121.897621
2026-07-28|284|MCK|868.820007|894.099976|865.510010|889.500000|1602000|1.0000000000|889.500000
2026-07-28|285|COF|207.520004|212.570007|206.940002|212.410004|5263200|0.9964810416|211.662552
2026-07-28|286|EME|733.049988|733.330017|698.359985|705.820007|524500|1.0000000000|705.820007
2026-07-28|287|DLTR|127.190002|128.960007|126.370003|126.760002|2170500|1.0000000000|126.760002
2026-07-28|288|COR|314.660004|320.579987|314.299988|319.579987|1237800|0.9980645786|318.961456
2026-07-28|289|DRI|207.500000|211.059998|206.070007|206.979996|1658400|1.0000000000|206.979996
2026-07-28|290|RMD|206.169998|210.110001|204.600006|208.960007|1137300|0.9971385215|208.362061
2026-07-28|291|WAB|301.600006|306.100006|299.299988|305.790009|1160500|0.9989689007|305.474701
2026-07-28|292|FCX|61.459999|62.570000|59.930000|61.639999|13592000|1.0000000000|61.639999
2026-07-28|293|IVZ|29.879999|30.360001|29.059999|29.430000|8538400|0.9933559952|29.234467
2026-07-28|294|ACGL|105.190002|107.089996|104.550003|106.480003|2062300|1.0000000000|106.480003
2026-07-28|295|ERIE|233.820007|245.679993|233.820007|242.429993|338000|1.0000000000|242.429993
2026-07-28|296|EG|393.109985|401.070007|392.850006|398.700012|324100|1.0000000000|398.700012
2026-07-28|297|DVA|237.669998|241.729996|237.220001|239.460007|650500|1.0000000000|239.460007
2026-07-28|298|HSIC|85.599998|86.169998|84.040001|85.709999|1411800|1.0000000000|85.709999
2026-07-28|299|EL|84.239998|85.370003|83.250000|84.750000|2295200|1.0000000000|84.750000
2026-07-28|300|WAT|375.089996|387.420013|375.059998|383.899994|919300|1.0000000000|383.899994
2026-07-28|301|NTAP|168.509995|174.919998|163.679993|174.529999|2786500|1.0000000000|174.529999
2026-07-28|302|HIG|142.000000|143.720001|140.910004|143.419998|1934900|1.0000000000|143.419998
2026-07-28|303|IRM|126.349998|126.529999|122.820000|125.699997|1168900|1.0000000000|125.699997
2026-07-28|304|BRK-B|500.329987|513.440002|499.500000|512.369995|6362100|1.0000000000|512.369995
2026-07-28|305|FDS|269.489990|287.890015|269.489990|283.869995|1642600|1.0000000000|283.869995
2026-07-28|306|STLD|250.300003|261.399994|250.000000|259.739990|1497800|1.0000000000|259.739990
2026-07-28|307|DGX|235.179993|240.130005|233.979996|235.940002|1611900|1.0000000000|235.940002
2026-07-28|308|CIEN|354.899994|357.470001|328.799988|350.510010|4177400|1.0000000000|350.510010
2026-07-28|309|TTWO|245.220001|248.699997|241.419998|247.619995|1943100|1.0000000000|247.619995
2026-07-28|310|VTR|101.459999|101.599998|98.089996|98.139999|4787100|1.0000000000|98.139999
2026-07-28|311|AMZN|232.850006|233.110001|228.100006|230.860001|44521600|1.0000000000|230.860001
2026-07-28|312|ARE|52.009998|54.049999|51.950001|54.000000|2690500|1.0000000000|54.000000
2026-07-28|313|RL|382.720001|388.029999|377.220001|377.459991|501000|1.0000000000|377.459991
2026-07-28|314|BXP|69.550003|70.290001|68.379997|69.959999|2091900|1.0000000000|69.959999
2026-07-28|315|FIX|1665.199951|1674.000000|1533.410034|1626.319946|671400|0.9994824076|1625.478149
2026-07-28|316|YUM|150.020004|151.570007|149.029999|150.279999|1953400|1.0000000000|150.279999
2026-07-28|317|CHRW|171.710007|172.820007|168.380005|169.339996|2752500|1.0000000000|169.339996
2026-07-28|318|FE|49.490002|50.450001|49.430000|49.650002|6061100|0.9901836603|49.162621
2026-07-28|319|MTD|1369.630005|1398.000000|1359.060059|1388.380005|202400|1.0000000000|1388.380005
2026-07-28|320|PLD|147.009995|149.160004|146.039993|147.119995|5669200|1.0000000000|147.119995
2026-07-28|321|URI|1135.319946|1140.050049|1087.239990|1091.260010|677000|0.9982773546|1089.380127
2026-07-28|322|AEE|113.099998|114.750000|112.440002|112.510002|1192000|1.0000000000|112.510002
2026-07-28|323|VRSN|280.730011|284.350006|278.160004|281.149994|720100|0.9970730649|280.327087
2026-07-28|324|PWR|603.580017|603.580017|570.729980|588.359985|1428800|1.0000000000|588.359985
2026-07-28|325|AMT|169.539993|178.600006|169.160004|171.500000|4395600|1.0000000000|171.500000
2026-07-28|326|MAR|382.640015|384.230011|374.549988|383.519989|1804600|0.9979719406|382.742188
2026-07-28|327|CTSH|48.369999|51.049999|48.279999|50.310001|13905900|0.9941706413|50.016727
2026-07-28|328|SRE|91.459999|93.019997|90.529999|90.559998|2222500|1.0000000000|90.559998
2026-07-28|329|CSGP|29.900000|31.400000|29.750000|30.330000|9819900|1.0000000000|30.330000
2026-07-28|330|RSG|219.919998|221.240005|216.550003|216.630005|1463400|1.0000000000|216.630005
2026-07-28|331|CCI|75.040001|78.150002|74.730003|75.750000|4481700|1.0000000000|75.750000
2026-07-28|332|EBAY|114.500000|117.629997|114.029999|117.440002|3775700|1.0000000000|117.084023
2026-07-28|333|NVDA|195.000000|198.699997|192.740005|197.009995|134111500|1.0000000000|197.009995
2026-07-28|334|BKNG|189.479996|199.979996|188.479996|199.309998|9074000|1.0000000000|199.309998
2026-07-28|335|GS|1041.930054|1047.709961|1011.869995|1033.339966|2173100|1.0000000000|1033.339966
2026-07-28|336|FFIV|393.989990|414.000000|366.929993|403.459991|1621700|1.0000000000|403.459991
2026-07-28|337|SBAC|174.940002|181.380005|174.850006|174.929993|1003300|0.9931480565|173.731384
2026-07-28|338|LII|541.739990|553.380005|532.400024|544.109985|1015500|1.0000000000|544.109985
2026-07-28|339|BLK|1069.390015|1103.479980|1062.510010|1097.550049|1044000|1.0000000000|1097.550049
2026-07-28|340|TKO|184.690002|187.649994|183.539993|186.059998|800300|1.0000000000|186.059998
2026-07-28|341|AKAM|111.750000|113.169998|107.919998|111.790001|2994700|1.0000000000|111.790001
2026-07-28|342|UPS|108.599998|109.199997|103.089996|105.529999|14291000|0.9843062201|103.873833
2026-07-28|343|A|139.990005|142.419998|138.580002|140.539993|2277100|1.0000000000|140.539993
2026-07-28|344|TDY|648.599976|650.750000|638.729980|649.669983|441100|1.0000000000|649.669983
2026-07-28|345|PKG|256.850006|258.809998|251.490005|253.240005|1132900|1.0000000000|253.240005
2026-07-28|346|EW|84.599998|85.510002|83.220001|83.680000|5606800|1.0000000000|83.680000
2026-07-28|347|MET|95.559998|97.690002|95.559998|97.489998|4863600|0.9938427991|96.889732
2026-07-28|348|ON|86.190002|86.879997|83.629997|84.389999|11085300|1.0000000000|84.389999
2026-07-28|349|ISRG|365.500000|374.700012|360.480011|361.799988|4086300|1.0000000000|361.799988
2026-07-28|350|CRL|232.300003|242.729996|231.500000|240.429993|1257900|1.0000000000|240.429993
2026-07-28|351|MRVL|180.000000|181.479996|167.320007|174.470001|29188500|1.0000000000|174.470001
2026-07-28|352|EQIX|1045.469971|1055.969971|1029.010010|1034.859985|603000|0.9952446339|1029.938843
2026-07-28|353|TPR|149.360001|151.229996|146.630005|150.899994|2177300|1.0000000000|150.899994
2026-07-28|354|GRMN|246.309998|255.600006|245.050003|253.649994|1195500|1.0000000000|253.649994
2026-07-28|355|GPN|84.930000|87.529999|84.589996|87.459999|3581400|1.0000000000|87.459999
2026-07-28|356|ALGN|169.929993|175.850006|169.929993|175.600006|914000|1.0000000000|175.600006
2026-07-28|357|WTW|304.820007|317.420013|304.029999|316.160004|730300|1.0000000000|316.160004
2026-07-28|358|MDLZ|62.040001|63.540001|61.950001|62.480000|14511100|1.0000000000|62.480000
2026-07-28|359|AXON|534.250000|551.070007|520.440002|547.650024|953000|1.0000000000|547.650024
2026-07-28|360|FIS|43.810001|45.099998|43.630001|44.930000|5963100|1.0000000000|44.930000
2026-07-28|361|ACN|156.949997|167.750000|156.949997|164.660004|10614800|1.0000000000|164.660004
2026-07-28|362|ZBH|94.889999|97.599998|94.059998|95.750000|3737100|1.0000000000|95.750000
2026-07-28|363|BG|117.650002|119.580002|115.029999|117.370003|1737700|0.9937342270|116.634590
2026-07-28|364|PFG|110.930000|114.809998|109.669998|114.089996|2649400|1.0000000000|114.089996
2026-07-28|365|ELV|374.510010|386.660004|362.980011|385.730011|1758600|1.0000000000|385.730011
2026-07-28|366|CNC|59.509998|64.919998|56.669998|63.910000|12245500|1.0000000000|63.910000
2026-07-28|367|PRU|122.000000|124.570000|121.599998|123.930000|2036500|0.9885872665|122.515617
2026-07-28|368|NFLX|72.070000|73.760002|71.230003|72.389999|47160200|1.0000000000|72.389999
2026-07-28|369|NDAQ|94.510002|96.769997|93.519997|95.959999|4262700|1.0000000000|95.959999
2026-07-28|370|WYNN|99.900002|100.349998|98.589996|99.019997|1470200|0.9975578784|98.778175
2026-07-28|371|CME|256.510010|262.339996|255.339996|260.000000|2238500|1.0000000000|260.000000
2026-07-28|372|STX|774.809998|777.099976|698.989990|747.299988|8941600|1.0000000000|747.299988
2026-07-28|373|NRG|134.729996|135.580002|126.800003|127.559998|3166700|0.9964628787|127.108803
2026-07-28|374|AIZ|277.290009|283.459991|276.869995|283.079987|518600|1.0000000000|283.079987
2026-07-28|375|CBRE|145.809998|149.000000|145.039993|147.050003|2519800|1.0000000000|147.050003
2026-07-28|376|CRM|176.910004|184.539993|176.910004|181.500000|17204600|1.0000000000|181.500000
2026-07-28|377|DPZ|349.890015|359.700012|346.950012|350.470001|1127200|1.0000000000|350.470001
2026-07-28|378|EXR|149.520004|153.339996|149.190002|152.210007|1974500|1.0000000000|152.210007
2026-07-28|379|GOOG|327.799988|335.209991|324.540009|332.600006|20986900|1.0000000000|332.600006
2026-07-28|380|GOOGL|327.899994|335.880005|324.440002|333.709991|29511900|1.0000000000|333.709991
2026-07-28|381|DLR|194.720001|196.649994|190.690002|193.179993|2909100|1.0000000000|193.179993
2026-07-28|382|MPWR|1283.770020|1313.739990|1253.699951|1282.010010|1007000|1.0000000000|1282.010010
2026-07-28|383|LVS|47.930000|48.779999|47.830002|48.250000|6616500|0.9936548222|47.943848
2026-07-28|384|DXCM|74.570000|76.089996|74.089996|74.849998|4119900|1.0000000000|74.849998
2026-07-28|385|BLDR|74.000000|75.699997|72.680000|73.680000|1920600|1.0000000000|73.680000
2026-07-28|386|WBD|25.290001|25.670000|25.270000|25.610001|20151300|1.0000000000|25.610001
2026-07-28|387|EXPE|282.429993|296.649994|279.920013|295.790009|1446700|0.9985604607|295.364227
2026-07-28|388|CF|121.489998|123.639999|120.860001|122.919998|2184800|0.9948739856|122.289909
2026-07-28|389|AMP|538.229980|553.460022|536.289978|546.619995|697100|0.9968855344|544.917542
2026-07-28|390|ICE|148.529999|153.210007|148.100006|152.720001|6963900|1.0000000000|152.720001
2026-07-28|391|PSKY|8.080000|8.180000|7.960000|8.070000|15794300|1.0000000000|8.070000
2026-07-28|392|LYV|179.089996|182.639999|179.089996|180.869995|1618900|1.0000000000|180.869995
2026-07-28|393|CMG|33.810001|34.160000|33.099998|33.509998|13816100|1.0000000000|33.509998
2026-07-28|394|UAL|120.779999|124.680000|119.440002|123.769997|4364400|1.0000000000|123.769997
2026-07-28|395|TDG|1296.780029|1317.660034|1288.910034|1307.969971|292500|1.0000000000|1307.969971
2026-07-28|396|MA|561.030029|564.609985|557.429993|562.750000|3126100|1.0000000000|562.750000
2026-07-28|397|LDOS|116.160004|119.180000|116.139999|118.360001|1497800|1.0000000000|118.360001
2026-07-28|398|FSLR|202.110001|203.750000|195.839996|202.589996|2169500|1.0000000000|202.589996
2026-07-28|399|BR|155.429993|160.940002|155.220001|158.179993|1364200|1.0000000000|158.179993
2026-07-28|400|SMCI|28.639999|28.870001|27.129999|28.450001|36449800|1.0000000000|28.450001
2026-07-28|401|TMUS|181.550003|186.130005|181.339996|182.389999|4983200|1.0000000000|181.343384
2026-07-28|402|DAL|86.910004|89.690002|86.230003|89.370003|7214700|1.0000000000|89.370003
2026-07-28|403|IBKR|90.040001|91.209999|88.330002|90.910004|4928500|1.0000000000|90.910004
2026-07-28|404|PODD|167.220001|172.919998|166.690002|167.470001|1296100|1.0000000000|167.470001
2026-07-28|405|TEL|205.160004|214.720001|203.380005|214.289993|3564300|0.9961105015|213.456512
2026-07-28|406|BX|132.270004|134.020004|130.399994|133.899994|6229400|0.9899021526|132.547897
2026-07-28|407|LULU|119.000000|121.879997|118.480003|120.320000|2883700|1.0000000000|120.320000
2026-07-28|408|ULTA|488.089996|503.420013|486.260010|501.519989|517600|1.0000000000|501.519989
2026-07-28|409|MSCI|575.280029|585.549988|568.419983|579.390015|760300|0.9964362700|577.325256
2026-07-28|410|ECHO|84.459999|86.050003|82.889999|85.930000|7229500|1.0000000000|85.930000
2026-07-28|411|PM|198.759995|207.759995|198.679993|200.169998|8064900|1.0000000000|200.169998
2026-07-28|412|V|365.059998|371.160004|362.730011|366.589996|11061900|0.9981456881|365.910217
2026-07-28|413|AWK|136.020004|140.440002|135.490005|138.039993|4666600|0.9933923956|137.127884
2026-07-28|414|KDP|30.830000|31.709999|30.770000|31.080000|15073300|1.0000000000|31.080000
2026-07-28|415|SW|51.000000|51.990002|50.580002|50.799999|9513700|0.9909636146|50.340954
2026-07-28|416|AVGO|374.359985|385.799988|371.519989|380.910004|20328400|1.0000000000|380.910004
2026-07-28|417|VRSK|210.080002|215.789993|209.580002|212.259995|3127400|1.0000000000|212.259995
2026-07-28|418|DG|125.430000|127.419998|124.349998|125.970001|2537300|1.0000000000|125.970001
2026-07-28|419|FTNT|152.600006|153.240005|146.119995|149.979996|6016800|1.0000000000|149.979996
2026-07-28|420|CHTR|133.580002|141.160004|132.199997|139.970001|3812000|1.0000000000|139.970001
2026-07-28|421|FERG|235.279999|236.309998|228.300003|232.020004|1410000|0.9962829937|231.157578
2026-07-28|422|GNRC|194.580002|196.419998|187.550003|195.600006|1856700|1.0000000000|195.600006
2026-07-28|423|LYB|59.020000|60.590000|58.189999|58.220001|4894800|0.9897823188|57.625130
2026-07-28|424|CBOE|287.589996|299.369995|287.589996|297.390015|1136800|1.0000000000|297.390015
2026-07-28|425|TSLA|305.929993|311.160004|300.690002|307.440002|39802400|1.0000000000|307.440002
2026-07-28|426|KKR|101.370003|102.949997|100.570000|102.660004|3401700|0.9981032973|102.465294
2026-07-28|427|NXPI|263.049988|266.170013|259.100006|259.119995|6489000|1.0000000000|259.119995
2026-07-28|428|GM|87.610001|91.150002|87.209999|90.300003|13382300|1.0000000000|90.300003
2026-07-28|429|TRGP|268.059998|268.070007|259.850006|261.649994|1721500|0.9953417306|260.431152
2026-07-28|430|CPAY|383.500000|389.250000|381.959991|384.320007|715800|1.0000000000|384.320007
2026-07-28|431|KMI|31.950001|32.200001|31.549999|31.610001|13190700|0.9907395899|31.317278
2026-07-28|432|HCA|396.220001|419.220001|392.140015|418.190002|2925400|1.0000000000|418.190002
2026-07-28|433|HII|289.809998|301.690002|285.079987|299.899994|1022900|1.0000000000|298.507874
2026-07-28|434|APO|124.019997|125.300003|123.029999|124.690002|3118700|0.9957937992|124.165535
2026-07-28|435|MPC|313.190002|315.000000|305.950012|306.049988|1825100|0.9972693263|305.214264
2026-07-28|436|XYL|122.389999|127.160004|119.820000|124.970001|4087300|0.9962087815|124.496216
2026-07-28|437|APTV|57.480000|59.599998|57.480000|59.400002|2181500|1.0000000000|59.400002
2026-07-28|438|PSX|208.490005|210.110001|205.179993|205.850006|2092100|0.9947204324|204.763214
2026-07-28|439|AMCR|45.700001|46.959999|45.470001|46.689999|4594700|1.0000000000|46.689999
2026-07-28|440|META|596.820007|601.000000|587.000000|593.409973|12009300|1.0000000000|593.409973
2026-07-28|441|NOW|106.879997|112.279999|106.500000|110.620003|33681100|1.0000000000|110.620003
2026-07-28|442|PANW|317.510010|323.399994|308.540009|319.000000|6507500|1.0000000000|319.000000
2026-07-28|443|FANG|197.110001|198.589996|190.050003|190.309998|2513100|0.9945230033|189.267670
2026-07-28|444|WDAY|151.529999|160.550003|151.059998|159.690002|7406900|1.0000000000|159.690002
2026-07-28|445|ABBV|262.829987|266.920013|261.450012|263.200012|7058400|1.0000000000|263.200012
2026-07-28|446|NCLH|19.950001|21.270000|19.760000|21.219999|21760200|1.0000000000|21.219999
2026-07-28|447|ZTS|78.290001|79.430000|77.279999|77.510002|6322000|1.0000000000|77.510002
2026-07-28|448|IQV|235.000000|247.720001|232.500000|242.940002|5096500|1.0000000000|242.940002
2026-07-28|449|NWS|31.230000|32.029999|31.150000|31.809999|1094800|1.0000000000|31.809999
2026-07-28|450|NWSA|27.490000|28.270000|27.219999|28.180000|2693900|1.0000000000|28.180000
2026-07-28|451|CDW|139.639999|144.389999|138.240005|144.029999|1434900|0.9952456416|143.345230
2026-07-28|452|VEEV|198.279999|203.190002|197.369995|201.199997|1691400|1.0000000000|201.199997
2026-07-28|453|ALLE|160.000000|164.250000|158.940002|161.229996|1806000|1.0000000000|161.229996
2026-07-28|454|HLT|320.619995|324.799988|311.670013|322.429993|3757900|0.9995449167|322.283264
2026-07-28|455|ARES|127.779999|129.509995|126.570000|127.900002|2619400|1.0000000000|127.900002
2026-07-28|456|ANET|165.570007|169.970001|159.270004|169.710007|8561600|1.0000000000|169.710007
2026-07-28|457|SYF|75.339996|77.279999|75.012001|77.120003|3920000|0.9957005565|76.788429
2026-07-28|458|CFG|71.330002|73.070000|71.160004|72.940002|5126000|0.9935492916|72.469490
2026-07-28|459|KEYS|309.070007|309.989990|295.600006|305.170013|1509200|1.0000000000|305.170013
2026-07-28|460|GDDY|98.949997|103.550003|98.035004|102.919998|2234600|1.0000000000|102.919998
2026-07-28|461|KHC|26.719999|27.660000|26.620001|27.299999|20671500|1.0000000000|27.299999
2026-07-28|462|PYPL|56.759998|58.799999|56.459999|58.320000|22908900|1.0000000000|58.320000
2026-07-28|463|LITE|677.549988|678.989990|602.280029|651.929993|5642300|1.0000000000|651.929993
2026-07-28|464|HPE|46.320000|46.509998|43.299999|45.590000|20961600|1.0000000000|45.590000
2026-07-28|465|XYZ|81.959999|83.150002|80.610001|83.099998|4855000|1.0000000000|83.099998
2026-07-28|466|FTV|63.500000|64.559998|63.174999|64.089996|4220100|1.0000000000|64.089996
2026-07-28|467|DELL|401.260010|404.000000|358.880005|392.100006|9448700|1.0000000000|392.100006
2026-07-28|468|TTD|18.094999|19.059999|18.010000|18.910000|20621800|1.0000000000|18.910000
2026-07-28|469|VST|153.919998|153.990005|146.210007|148.639999|5857500|1.0000000000|148.639999
2026-07-28|470|HWM|287.989990|288.980011|281.350006|286.040009|2858100|0.9995167748|285.901794
2026-07-28|471|INVH|29.940001|30.285000|29.840000|30.049999|3406800|1.0000000000|30.049999
2026-07-28|472|CVNA|64.040001|66.660004|61.950001|66.070000|11287400|1.0000000000|66.070000
2026-07-28|473|IR|83.839996|87.639999|83.839996|86.500000|4154000|0.9997640396|86.479591
2026-07-28|474|VICI|27.090000|27.650000|26.980000|27.100000|14531600|1.0000000000|27.100000
2026-07-28|475|VRT|272.579987|274.660004|259.190002|269.559998|8157500|1.0000000000|269.559998
2026-07-28|476|MRNA|54.831001|55.849998|53.345001|55.805000|5553600|1.0000000000|55.805000
2026-07-28|477|FOXA|56.904999|58.250000|56.750000|57.720001|2416900|1.0000000000|57.720001
2026-07-28|478|FOX|51.290001|52.334999|51.290001|51.630001|827900|1.0000000000|51.630001
2026-07-28|479|DOW|29.000000|29.490000|28.700001|28.850000|12162300|1.0000000000|28.850000
2026-07-28|480|UBER|69.110001|70.900002|68.760002|70.739998|20969300|1.0000000000|70.739998
2026-07-28|481|CTVA|88.559998|89.745003|87.779999|88.949997|5697600|1.0000000000|88.949997
2026-07-28|482|CRWD|181.330002|184.664993|174.139999|181.800003|8475300|1.0000000000|181.800003
2026-07-28|483|DDOG|255.169998|255.539993|237.669998|250.880005|4046300|1.0000000000|250.880005
2026-07-28|484|CARR|67.519997|68.300003|62.415001|63.160000|16360200|1.0000000000|63.160000
2026-07-28|485|OTIS|74.000000|75.320000|73.360001|73.610001|3792600|0.9939750786|73.166512
2026-07-28|486|PLTR|125.839996|127.190002|117.889999|123.529999|43597300|1.0000000000|123.529999
2026-07-28|487|DASH|185.550003|195.785004|185.550003|195.520004|3722100|1.0000000000|195.520004
2026-07-28|488|ABNB|148.830002|153.190002|148.089996|153.110001|6844100|1.0000000000|153.110001
2026-07-28|489|EXE|91.400002|91.669998|88.098000|88.519997|5098700|0.9940278354|87.991341
2026-07-28|490|COIN|162.479996|168.169998|158.580002|167.899994|5112000|1.0000000000|167.899994
2026-07-28|491|APP|414.480011|420.945007|395.149994|418.220001|5574500|1.0000000000|418.220001
2026-07-28|492|HOOD|92.665001|93.870003|88.209999|92.760002|21666200|1.0000000000|92.760002
2026-07-28|493|CEG|263.355011|266.584991|257.649994|259.820007|2966200|0.9984651331|259.421204
2026-07-28|494|GEHC|61.400002|64.254997|61.400002|64.110001|7986800|1.0000000000|64.110001
2026-07-28|495|KVUE|19.719999|20.046000|19.690001|19.750000|19624800|0.9889763775|19.532284
2026-07-28|496|VLTO|95.559998|98.540001|94.504997|98.470001|3135700|1.0000000000|98.470001
2026-07-28|497|RDDT|179.250000|180.800003|173.610001|178.440002|2892100|1.0000000000|178.440002
2026-07-28|498|SOLV|83.080002|87.209999|82.254997|86.169998|2313800|1.0000000000|86.169998
2026-07-28|499|GEV|948.830017|956.900024|913.510010|943.380005|3897400|1.0000000000|943.380005
2026-07-28|500|SNDK|1173.599976|1188.000000|1050.719971|1096.099976|26627200|1.0000000000|1096.099976
2026-07-28|501|Q|127.180000|128.880005|123.720001|127.889999|3075400|1.0000000000|127.889999
2026-07-28|502|FDXF|150.130005|153.639999|147.449997|150.990005|757800|1.0000000000|150.990005
2026-07-28|503|HONA|208.850006|219.199997|208.850006|215.899994|2215400|1.0000000000|215.899994
