date|security_id|ticker|open|high|low|close|volume|adj_factor|adj_close_vendor
2026-07-29|1|AEP|133.800003|134.130005|129.029999|129.399994|4230900|0.9924441265|128.422256
2026-07-29|2|BA|218.500000|219.789993|210.539993|214.009995|9030600|1.0000000000|214.009995
2026-07-29|3|CAT|810.229980|822.799988|776.000000|782.710022|5966400|1.0000000000|782.710022
2026-07-29|4|CNP|44.509998|44.630001|42.810001|42.930000|6627000|0.9940594062|42.674969
2026-07-29|5|CVX|192.500000|193.559998|190.779999|191.860001|8101200|0.9913483039|190.200089
2026-07-29|6|DIS|98.339996|99.410004|97.989998|98.480003|11070100|1.0000000000|98.480003
2026-07-29|7|DTE|147.020004|148.520004|142.500000|143.520004|1449600|1.0000000000|143.520004
2026-07-29|8|ED|112.580002|114.209999|111.440002|112.250000|2324500|0.9918651523|111.336861
2026-07-29|9|GD|398.799988|400.000000|380.959991|380.959991|1935800|1.0000000000|380.959991
2026-07-29|10|GE|362.700012|362.700012|348.839996|350.630005|3723000|1.0000000000|350.630005
2026-07-29|11|HON|245.440002|246.240005|240.320007|241.119995|2775200|0.9970084192|240.398666
2026-07-29|12|HPQ|28.090000|29.120001|27.580000|28.410000|18802500|1.0000000000|28.410000
2026-07-29|13|IBM|227.699997|230.970001|223.949997|226.440002|8806700|0.9928776129|224.827209
2026-07-29|14|IP|42.950001|43.619999|42.439999|42.639999|5701200|0.9887402721|42.159885
2026-07-29|15|JNJ|268.500000|269.339996|264.790009|265.529999|6105600|0.9950922943|264.226837
2026-07-29|16|KO|88.650002|90.919998|88.639999|89.080002|21711700|1.0000000000|89.080002
2026-07-29|17|KR|59.639999|60.500000|59.459999|59.869999|6943400|0.9931853922|59.462009
2026-07-29|18|LMT|585.000000|587.000000|568.739990|569.200012|1600900|1.0000000000|569.200012
2026-07-29|19|MMM|181.119995|182.199997|177.550003|177.949997|4822200|0.9956414843|177.174393
2026-07-29|20|MO|74.779999|75.940002|74.610001|74.919998|8962500|1.0000000000|74.919998
2026-07-29|21|MRK|132.369995|132.690002|129.649994|130.360001|7537700|1.0000000000|130.360001
2026-07-29|22|MSI|437.809998|441.730011|432.929993|434.200012|1209700|1.0000000000|434.200012
2026-07-29|23|PG|141.380005|146.380005|140.199997|146.100006|14616800|1.0000000000|146.100006
2026-07-29|24|XOM|157.720001|159.070007|155.860001|156.750000|14571300|0.9935665212|155.741547
2026-07-29|25|RTX|220.000000|220.570007|215.009995|215.250000|8232500|0.9966890420|214.537308
2026-07-29|26|MCD|272.630005|273.029999|270.250000|271.519989|3650700|1.0000000000|271.519989
2026-07-29|27|AXP|333.619995|336.390015|330.000000|331.500000|3437900|1.0000000000|331.500000
2026-07-29|28|BMY|63.869999|63.910000|63.099998|63.099998|10606600|1.0000000000|63.099998
2026-07-29|29|DD|141.080002|141.080002|136.399994|138.100006|1463500|1.0000000000|138.100006
2026-07-29|30|DE|631.429993|634.010010|608.210022|610.950012|1346500|1.0000000000|610.950012
2026-07-29|31|EMR|150.779999|150.779999|145.100006|145.729996|3601400|0.9966201816|145.237457
2026-07-29|32|ETN|382.200012|386.519989|358.130005|361.880005|4513900|0.9975456838|360.991821
2026-07-29|33|ETR|114.290001|114.290001|107.709999|107.790001|4302100|0.9940658321|107.150352
2026-07-29|34|F|15.570000|16.290001|15.160000|15.280000|98361100|0.9892857143|15.116285
2026-07-29|35|HAL|32.000000|32.029999|31.120001|31.190001|12568500|1.0000000000|31.190001
2026-07-29|36|LLY|1215.180054|1229.189941|1204.800049|1210.020020|2170900|0.9985690653|1208.288574
2026-07-29|37|PCG|17.900000|17.930000|17.629999|17.709999|24371600|1.0000000000|17.709999
2026-07-29|38|PEP|143.279999|145.229996|142.580002|143.500000|8390800|1.0000000000|143.500000
2026-07-29|39|PFE|25.350000|25.370001|25.059999|25.150000|30395000|1.0000000000|25.150000
2026-07-29|40|TXN|278.579987|281.619995|268.760010|271.299988|10212400|0.9949060125|269.917999
2026-07-29|41|WFC|86.849998|87.019997|83.709999|83.870003|18076900|0.9942915856|83.391243
2026-07-29|42|HUBB|479.079987|480.114990|455.070007|460.959991|882730|1.0000000000|460.959991
2026-07-29|43|WMT|113.230003|114.690002|112.449997|114.220001|23480000|0.9976117102|113.947212
2026-07-29|44|AIG|80.760002|80.989998|80.019997|80.199997|2649800|1.0000000000|80.199997
2026-07-29|45|AVY|166.600006|167.880005|165.389999|167.139999|1052100|1.0000000000|167.139999
2026-07-29|46|BAC|62.509998|62.650002|60.910000|61.070000|37919000|1.0000000000|61.070000
2026-07-29|47|BALL|66.160004|66.260002|64.900002|65.839996|2188000|1.0000000000|65.839996
2026-07-29|48|BDX|166.070007|169.100006|165.009995|168.399994|2126600|1.0000000000|168.399994
2026-07-29|49|CLX|98.330002|100.449997|97.190002|99.629997|2349700|0.9884526559|98.479538
2026-07-29|50|CMI|634.229980|635.010010|597.349976|606.000000|1332100|0.9962915514|603.752686
2026-07-29|51|CMS|74.449997|75.139999|73.889999|74.360001|3851500|0.9919943817|73.764702
2026-07-29|52|CVS|110.000000|110.000000|105.839996|105.919998|7717700|1.0000000000|105.919998
2026-07-29|53|ECL|285.679993|285.679993|278.880005|283.700012|1536300|1.0000000000|283.700012
2026-07-29|54|ES|75.349998|76.019997|74.190002|74.760002|2462300|1.0000000000|74.760002
2026-07-29|55|EVRG|85.930000|86.139999|83.449997|84.000000|2029100|0.9917192899|83.304420
2026-07-29|56|GWW|1389.140015|1392.270020|1354.670044|1358.920044|310900|0.9980509570|1356.271362
2026-07-29|57|LNT|74.120003|74.309998|71.699997|72.000000|3418900|0.9924530963|71.456619
2026-07-29|58|MKC|50.990002|53.130001|50.950001|51.990002|4387200|1.0000000000|51.990002
2026-07-29|59|MRSH|191.630005|198.490005|190.009995|197.589996|5123500|1.0000000000|197.589996
2026-07-29|60|NEE|90.019997|90.519997|88.000000|88.459999|10402300|1.0000000000|87.799759
2026-07-29|61|NI|45.730000|45.900002|44.779999|44.810001|4416000|0.9933436876|44.511734
2026-07-29|62|PNW|104.330002|105.470001|101.949997|102.279999|1903100|0.9909892067|101.358376
2026-07-29|63|RVTY|112.129997|114.470001|109.989998|113.370003|2332900|1.0000000000|113.370003
2026-07-29|64|SNA|416.089996|419.019989|411.589996|414.829987|431200|0.9938338681|412.272064
2026-07-29|65|SPGI|420.910004|424.299988|414.980011|419.640015|2961700|0.9977597635|418.699921
2026-07-29|66|TER|367.899994|372.230011|319.190002|319.410004|9221700|1.0000000000|319.410004
2026-07-29|67|TGT|143.910004|147.770004|142.169998|145.899994|3198400|0.9923829532|144.788666
2026-07-29|68|TXT|88.709999|90.199997|85.419998|85.650002|3175800|1.0000000000|85.650002
2026-07-29|69|VMC|298.570007|300.630005|283.000000|283.920013|1691800|0.9981453742|283.393463
2026-07-29|70|XEL|80.739998|80.809998|78.430000|78.750000|6459700|1.0000000000|78.750000
2026-07-29|71|ITW|298.600006|298.600006|289.570007|292.450012|1849200|1.0000000000|292.450012
2026-07-29|72|CL|90.940002|93.820000|89.910004|93.489998|5866300|1.0000000000|93.489998
2026-07-29|73|EXC|47.529999|47.639999|46.599998|47.029999|8613900|1.0000000000|47.029999
2026-07-29|74|MDT|86.540001|88.690002|86.320000|87.540001|8294700|1.0000000000|87.540001
2026-07-29|75|BNY|156.160004|157.250000|151.679993|152.500000|2836000|1.0000000000|152.500000
2026-07-29|76|EIX|80.279999|80.290001|78.349998|78.629997|1998400|1.0000000000|78.629997
2026-07-29|77|FRT|126.059998|126.489998|125.300003|125.779999|897500|1.0000000000|125.779999
2026-07-29|78|PNR|66.550003|67.500000|65.739998|66.589996|4140100|1.0000000000|66.589996
2026-07-29|79|USB|64.010002|64.290001|62.610001|62.820000|8431700|1.0000000000|62.820000
2026-07-29|80|WY|24.570000|24.629999|24.200001|24.450001|4209000|1.0000000000|24.450001
2026-07-29|81|SYY|85.070000|85.900002|84.809998|85.320000|3315900|1.0000000000|85.320000
2026-07-29|82|WRB|75.809998|76.959999|75.190002|75.650002|1867900|1.0000000000|75.650002
2026-07-29|83|IFF|78.739998|79.750000|77.699997|79.629997|1926500|1.0000000000|79.629997
2026-07-29|84|TAP|42.330002|43.619999|42.130001|42.759998|3513500|1.0000000000|42.267326
2026-07-29|85|PNC|250.429993|252.210007|247.020004|248.490005|2297400|1.0000000000|248.490005
2026-07-29|86|TRV|396.049988|397.399994|386.890015|389.010010|3516500|1.0000000000|389.010010
2026-07-29|87|C|131.759995|132.429993|126.779999|127.129997|12942600|0.9949414872|126.486908
2026-07-29|88|FDX|312.000000|312.850006|307.660004|308.609985|1833100|1.0000000000|308.609985
2026-07-29|89|WDC|480.399994|499.190002|456.720001|462.040009|9231500|1.0000000000|462.040009
2026-07-29|90|DHR|199.929993|203.050003|195.770004|196.490005|8213500|1.0000000000|196.490005
2026-07-29|91|APA|36.520000|36.779999|35.779999|36.700001|5360200|1.0000000000|36.700001
2026-07-29|92|LUV|45.000000|45.599998|44.330002|44.380001|4209500|1.0000000000|44.380001
2026-07-29|93|PEG|78.500000|79.070000|77.349998|77.750000|2968500|1.0000000000|77.750000
2026-07-29|94|UNP|295.420013|295.420013|290.500000|292.190002|3054900|1.0000000000|292.190002
2026-07-29|95|ABT|106.970001|110.040001|106.970001|108.000000|12157300|1.0000000000|108.000000
2026-07-29|96|ADI|361.709991|368.940002|352.730011|353.369995|5473900|1.0000000000|353.369995
2026-07-29|97|ADM|84.040001|84.160004|80.070000|80.379997|5105000|0.9936931471|79.873055
2026-07-29|98|ADP|264.880005|280.589996|261.500000|273.369995|4623600|1.0000000000|273.369995
2026-07-29|99|AFL|129.169998|130.220001|128.309998|128.669998|1758400|0.9949889100|128.025223
2026-07-29|100|AMAT|463.420013|475.000000|436.329987|436.450012|10166900|0.9989318178|435.983795
2026-07-29|101|AMD|452.679993|457.220001|424.029999|429.559998|32304900|1.0000000000|429.559998
2026-07-29|102|APD|294.799988|295.529999|291.540009|294.269989|1068900|1.0000000000|294.269989
2026-07-29|103|BF-B|28.450001|29.690001|28.299999|29.520000|3055100|1.0000000000|29.520000
2026-07-29|104|CHD|98.040001|100.059998|97.440002|99.860001|2438200|0.9969601263|99.556435
2026-07-29|105|CINF|180.649994|181.449997|178.460007|181.330002|918400|1.0000000000|181.330002
2026-07-29|106|CMCSA|24.160000|24.879999|23.840000|24.610001|37047700|1.0000000000|24.610001
2026-07-29|107|D|71.010002|71.599998|69.980003|70.550003|3097500|1.0000000000|70.550003
2026-07-29|108|DOV|201.080002|201.580002|197.210007|197.990005|1085700|1.0000000000|197.990005
2026-07-29|109|DUK|129.750000|130.289993|128.360001|129.080002|3668300|0.9912844404|127.954994
2026-07-29|110|EFX|186.880005|190.149994|185.229996|187.050003|1604500|1.0000000000|187.050003
2026-07-29|111|EQT|52.389999|53.180000|51.570000|52.570000|6973600|0.9968732234|52.405624
2026-07-29|112|FITB|57.919998|58.009998|56.240002|56.570000|5953700|1.0000000000|56.570000
2026-07-29|113|GIS|37.500000|38.520000|37.419998|37.919998|7431200|1.0000000000|37.919998
2026-07-29|114|GPC|128.770004|131.149994|127.160004|129.979996|1505300|1.0000000000|129.979996
2026-07-29|115|HAS|95.639999|97.000000|95.070000|95.169998|2000700|0.9925523990|94.461212
2026-07-29|116|HBAN|17.170000|17.280001|16.809999|16.840000|31815300|1.0000000000|16.840000
2026-07-29|117|HRL|25.420000|26.170000|25.350000|25.799999|4305000|1.0000000000|25.799999
2026-07-29|118|HST|25.469999|25.690001|25.280001|25.540001|9771100|1.0000000000|25.540001
2026-07-29|119|HSY|183.250000|188.369995|182.600006|183.910004|2476600|0.9921985814|182.475250
2026-07-29|120|INTC|86.570000|88.470001|81.790001|81.879997|152394600|1.0000000000|81.879997
2026-07-29|121|J|139.820007|139.929993|135.770004|135.910004|1292600|0.9975665811|135.579285
2026-07-29|122|JPM|356.500000|357.369995|343.779999|344.709991|8265300|1.0000000000|344.709991
2026-07-29|123|KMB|110.900002|113.330002|110.059998|113.209999|3139500|1.0000000000|113.209999
2026-07-29|124|L|120.180000|120.180000|118.449997|118.940002|1243700|0.9994397510|118.873367
2026-07-29|125|LEN|86.690002|87.809998|84.190002|84.559998|4293900|1.0000000000|84.559998
2026-07-29|126|LOW|215.949997|220.289993|213.740005|215.679993|2419100|1.0000000000|215.679993
2026-07-29|127|MAS|75.820000|75.970001|71.379997|72.559998|9251900|0.9956337837|72.243187
2026-07-29|128|MTB|251.440002|252.880005|249.360001|250.330002|1167600|1.0000000000|250.330002
2026-07-29|129|NEM|91.449997|93.290001|88.980003|91.339996|6701200|1.0000000000|91.339996
2026-07-29|130|NTRS|180.860001|181.500000|177.440002|177.649994|986600|1.0000000000|177.649994
2026-07-29|131|NUE|268.940002|270.019989|254.240005|256.019989|1919600|1.0000000000|256.019989
2026-07-29|132|OMC|83.629997|84.410004|80.000000|82.580002|7369300|1.0000000000|82.580002
2026-07-29|133|PCAR|137.649994|138.580002|133.610001|133.869995|4596600|0.9973590885|133.516464
2026-07-29|134|PGR|218.649994|223.100006|217.669998|219.990005|2930400|1.0000000000|219.990005
2026-07-29|135|PH|984.929993|984.929993|942.320007|951.070007|548600|1.0000000000|951.070007
2026-07-29|136|PHM|133.229996|136.220001|131.729996|132.309998|2615300|1.0000000000|132.309998
2026-07-29|137|PPG|114.779999|116.019997|110.669998|111.830002|4117400|0.9938189109|111.138771
2026-07-29|138|PPL|36.450001|36.669998|35.680000|35.700001|10178900|1.0000000000|35.700001
2026-07-29|139|RF|31.059999|31.340000|30.799999|30.940001|8528100|1.0000000000|30.940001
2026-07-29|140|ROL|39.410000|39.770000|38.689999|38.750000|5939300|0.9951510336|38.562103
2026-07-29|141|SHW|352.000000|352.000000|338.309998|343.880005|3370300|0.9976939264|343.087006
2026-07-29|142|STT|182.000000|183.750000|175.500000|176.039993|2083100|1.0000000000|176.039993
2026-07-29|143|SWK|92.440002|95.480003|89.589996|93.050003|4309600|1.0000000000|93.050003
2026-07-29|144|SYK|344.119995|352.489990|342.920013|352.250000|1857400|1.0000000000|352.250000
2026-07-29|145|TMO|578.710022|584.539978|571.200012|576.460022|2546800|1.0000000000|576.460022
2026-07-29|146|TPL|397.480011|399.019989|387.769989|389.410004|257700|1.0000000000|389.410004
2026-07-29|147|TSN|60.820000|61.540001|60.740002|61.040001|2996300|1.0000000000|61.040001
2026-07-29|148|TT|472.170013|472.170013|444.329987|446.799988|2376200|1.0000000000|446.799988
2026-07-29|149|TYL|338.350006|348.619995|328.989990|333.500000|1450600|1.0000000000|333.500000
2026-07-29|150|UDR|39.230000|39.750000|38.849998|39.720001|4246300|0.9961781759|39.568199
2026-07-29|151|VTRS|17.959999|18.070000|17.670000|17.820000|10027400|0.9925558317|17.687346
2026-07-29|152|WEC|114.269997|114.440002|110.660004|111.290001|3097800|0.9913583604|110.328270
2026-07-29|153|WST|337.390015|339.350006|330.690002|337.459991|922100|1.0000000000|337.459991
2026-07-29|154|NDSN|300.459991|301.559998|294.390015|294.980011|492400|1.0000000000|294.980011
2026-07-29|155|TFC|52.580002|53.139999|52.110001|52.310001|7326800|0.9901868280|51.796673
2026-07-29|156|WELL|243.149994|245.300003|238.610001|241.080002|2704900|0.9962391044|240.173325
2026-07-29|157|AON|367.640015|379.500000|362.260010|377.160004|2010600|0.9977256968|376.302246
2026-07-29|158|GL|177.839996|179.779999|177.720001|179.679993|919900|1.0000000000|179.679993
2026-07-29|159|OKE|90.260002|91.309998|89.190002|90.000000|3002500|0.9882171564|88.939545
2026-07-29|160|KLAC|177.630005|191.369995|169.809998|170.190002|20427600|0.9988709994|169.997864
2026-07-29|161|CSX|50.660000|51.000000|50.299999|50.740002|14674100|1.0000000000|50.740002
2026-07-29|162|PSA|331.000000|335.549988|328.510010|329.440002|1657900|1.0000000000|329.440002
2026-07-29|163|NKE|42.599998|43.689999|42.400002|43.220001|15029100|1.0000000000|43.220001
2026-07-29|164|AAPL|339.730011|344.570007|337.350006|338.190002|56090800|0.9991382887|337.898590
2026-07-29|165|BRO|72.489998|75.629997|71.870003|74.870003|3552200|0.9976903696|74.697083
2026-07-29|166|UHS|165.589996|170.000000|163.699997|168.160004|1390800|1.0000000000|168.160004
2026-07-29|167|HD|340.380005|345.269989|336.959991|338.269989|4028500|1.0000000000|338.269989
2026-07-29|168|BAX|24.400000|24.930000|24.280001|24.770000|9433100|1.0000000000|24.760448
2026-07-29|169|COP|117.949997|119.000000|117.260002|118.059998|5998500|0.9933743492|117.277771
2026-07-29|170|GLW|126.300003|130.869995|122.620003|124.050003|25603400|1.0000000000|124.050003
2026-07-29|171|HUM|388.200012|395.299988|355.809998|365.410004|4110200|1.0000000000|365.410004
2026-07-29|172|LHX|307.119995|308.329987|295.000000|297.529999|1277900|1.0000000000|297.529999
2026-07-29|173|NOC|554.349976|554.929993|534.239990|535.049988|760300|1.0000000000|535.049988
2026-07-29|174|OXY|55.730000|56.320000|55.330002|56.029999|9563600|1.0000000000|56.029999
2026-07-29|175|ROK|468.089996|469.329987|450.250000|459.390015|791000|0.9969290339|457.979248
2026-07-29|176|SLB|50.779999|51.320000|48.959999|48.959999|13762600|1.0000000000|48.959999
2026-07-29|177|SO|97.290001|97.650002|95.699997|96.050003|5287600|0.9918103451|95.263382
2026-07-29|178|WMB|71.190002|71.320000|69.779999|70.129997|5299100|1.0000000000|70.129997
2026-07-29|179|VLO|306.329987|309.980011|301.320007|301.320007|2319800|0.9961502678|300.160004
2026-07-29|180|CI|303.000000|303.000000|296.220001|296.470001|1719300|1.0000000000|296.470001
2026-07-29|181|NSC|338.779999|339.059998|334.980011|335.739990|1901300|0.9960579337|334.416473
2026-07-29|182|COO|71.500000|73.089996|71.430000|73.059998|1739200|1.0000000000|73.059998
2026-07-29|183|AMGN|395.029999|397.880005|386.579987|387.640015|3003700|0.9941899340|385.387787
2026-07-29|184|RJF|176.229996|177.070007|173.309998|174.160004|1272200|1.0000000000|174.160004
2026-07-29|185|WSM|233.169998|236.919998|230.580002|233.809998|645400|1.0000000000|233.809998
2026-07-29|186|CAH|234.020004|234.020004|228.490005|229.119995|2746000|1.0000000000|229.119995
2026-07-29|187|CTAS|214.899994|219.169998|213.539993|216.529999|2755100|0.9974090682|215.968979
2026-07-29|188|PAYX|119.580002|124.739998|118.870003|122.129997|4863200|1.0000000000|122.129997
2026-07-29|189|BEN|33.110001|33.349998|32.330002|32.389999|5229200|1.0000000000|32.389999
2026-07-29|190|AOS|63.360001|63.610001|61.470001|62.040001|2500400|0.9939809398|61.666580
2026-07-29|191|CASY|858.150024|885.489990|858.150024|867.159973|349900|0.9992507205|866.510193
2026-07-29|192|T|24.639999|24.670000|23.600000|23.940001|77480900|1.0000000000|23.940001
2026-07-29|193|VZ|48.480000|48.540001|45.700001|47.220001|41396200|1.0000000000|47.220001
2026-07-29|194|JBHT|276.589996|277.869995|268.470001|276.140015|1346100|0.9983161833|275.675049
2026-07-29|195|ATO|180.490005|181.369995|177.089996|177.669998|961400|0.9940065930|176.605148
2026-07-29|196|LRCX|264.510010|273.459991|250.500000|252.350006|16103100|1.0000000000|252.350006
2026-07-29|197|MU|833.000000|841.799988|737.880005|739.000000|69846000|1.0000000000|739.000000
2026-07-29|198|AJG|261.589996|269.799988|259.339996|268.910004|1573600|1.0000000000|268.910004
2026-07-29|199|AME|238.369995|240.800003|233.990005|235.250000|1518600|1.0000000000|235.250000
2026-07-29|200|SWKS|58.590000|64.080002|57.500000|61.189999|17001200|1.0000000000|61.189999
2026-07-29|201|EXPD|171.460007|171.570007|169.220001|170.130005|883600|1.0000000000|170.130005
2026-07-29|202|UNH|428.260010|431.679993|420.350006|420.570007|5257900|1.0000000000|420.570007
2026-07-29|203|BBY|89.000000|91.269997|88.250000|90.169998|3793100|1.0000000000|90.169998
2026-07-29|204|DOC|22.790001|22.910000|22.400000|22.480000|5539500|0.9950937953|22.369709
2026-07-29|205|ADSK|242.169998|249.139999|238.320007|245.250000|2431300|1.0000000000|245.250000
2026-07-29|206|DVN|44.029999|44.599998|43.669998|44.459999|7891700|1.0000000000|44.459999
2026-07-29|207|NVR|6397.000000|6558.819824|6370.390137|6381.790039|40200|1.0000000000|6381.790039
2026-07-29|208|ROST|250.830002|255.300003|248.460007|251.960007|2542200|1.0000000000|251.960007
2026-07-29|209|JKHY|157.770004|162.960007|157.750000|161.149994|947700|1.0000000000|161.149994
2026-07-29|210|MNST|97.449997|99.290001|96.959999|97.230003|4552200|0.5000000000|97.230003
2026-07-29|211|ORCL|119.419998|121.919998|116.199997|117.739998|28081800|1.0000000000|117.739998
2026-07-29|212|MSFT|393.399994|401.250000|388.739990|390.540009|47209000|0.9981210382|389.806183
2026-07-29|213|TROW|120.070000|121.500000|118.610001|118.870003|1891700|1.0000000000|118.870003
2026-07-29|214|COST|968.070007|978.799988|963.000000|974.030029|1973400|1.0000000000|974.030029
2026-07-29|215|ADBE|249.990005|266.279999|248.539993|263.429993|9881800|1.0000000000|263.429993
2026-07-29|216|FISV|54.119999|56.000000|54.080002|55.630001|6966700|1.0000000000|55.630001
2026-07-29|217|BKR|60.450001|60.470001|58.540001|58.720001|20168000|0.9963346614|58.504772
2026-07-29|218|CDNS|349.000000|351.000000|332.559998|332.760010|3421100|1.0000000000|332.760010
2026-07-29|219|TJX|159.990005|163.039993|159.300003|161.630005|3961300|0.9968547277|161.121628
2026-07-29|220|FICO|1348.489990|1410.170044|1334.239990|1373.079956|432200|1.0000000000|1373.079956
2026-07-29|221|CCL|27.480000|28.389999|27.330000|27.809999|20271300|0.9947898578|27.665106
2026-07-29|222|FAST|47.630001|48.169998|47.189999|47.779999|10174300|1.0000000000|47.779999
2026-07-29|223|SCHW|106.000000|106.730003|104.389999|104.470001|7149300|0.9970924949|104.166252
2026-07-29|224|JCI|144.330002|147.039993|136.240005|139.419998|7138700|1.0000000000|139.419998
2026-07-29|225|COHR|243.929993|245.000000|220.679993|222.050003|6900600|1.0000000000|222.050003
2026-07-29|226|KEY|22.420000|22.670000|22.129999|22.180000|12221400|1.0000000000|22.180000
2026-07-29|227|MOS|22.980000|23.150000|22.309999|22.620001|6934200|1.0000000000|22.620001
2026-07-29|228|MGM|46.049999|46.259998|45.480000|45.830002|2393800|1.0000000000|45.830002
2026-07-29|229|WM|236.690002|242.880005|235.750000|236.600006|2762200|1.0000000000|236.600006
2026-07-29|230|TECH|72.129997|72.370003|71.940002|72.029999|6272400|0.9988938053|71.950317
2026-07-29|231|IEX|236.940002|243.800003|226.139999|229.520004|1594000|1.0000000000|229.520004
2026-07-29|232|GEN|27.799999|28.120001|27.540001|27.629999|5093000|0.9956109550|27.508730
2026-07-29|233|CRH|102.379997|102.889999|99.330002|99.709999|4918800|0.9960081882|99.311981
2026-07-29|234|EOG|144.929993|146.100006|143.500000|145.940002|2557700|1.0000000000|145.940002
2026-07-29|235|PTC|127.699997|132.750000|127.360001|132.460007|2884500|1.0000000000|132.460007
2026-07-29|236|CSCO|117.019997|117.279999|112.349998|112.480003|22761500|1.0000000000|112.480003
2026-07-29|237|LH|311.859985|314.760010|306.100006|307.149994|1193200|1.0000000000|306.492889
2026-07-29|238|TRMB|58.029999|59.500000|57.529999|58.240002|2686000|1.0000000000|58.240002
2026-07-29|239|AZO|3083.280029|3172.070068|3071.199951|3142.169922|146700|1.0000000000|3142.169922
2026-07-29|240|REGN|699.380005|702.599976|691.000000|695.419983|1022100|0.9988336456|694.608887
2026-07-29|241|IDXX|567.590027|575.200012|562.210022|569.770020|455000|1.0000000000|569.770020
2026-07-29|242|AES|14.850000|14.850000|14.820000|14.820000|4746900|0.9881481485|14.644356
2026-07-29|243|VRTX|492.670013|492.989990|481.910004|483.329987|1451200|1.0000000000|483.329987
2026-07-29|244|ZBRA|284.380005|288.589996|280.929993|282.980011|1079800|1.0000000000|282.980011
2026-07-29|245|BIIB|210.500000|218.589996|206.270004|209.229996|2400100|1.0000000000|209.229996
2026-07-29|246|ODFL|221.639999|225.729996|214.789993|222.789993|2962800|1.0000000000|222.789993
2026-07-29|247|APH|152.300003|159.279999|149.419998|150.309998|12185800|1.0000000000|150.309998
2026-07-29|248|KIM|26.270000|26.330000|25.889999|26.010000|3892900|1.0000000000|26.010000
2026-07-29|249|QCOM|162.580002|164.559998|155.000000|155.679993|19240700|1.0000000000|155.679993
2026-07-29|250|GILD|134.410004|134.639999|132.570007|132.729996|7763600|1.0000000000|132.729996
2026-07-29|251|ROP|392.739990|410.260010|390.929993|408.070007|1274000|1.0000000000|408.070007
2026-07-29|252|SNPS|385.489990|387.649994|373.440002|373.690002|1678400|1.0000000000|373.690002
2026-07-29|253|STZ|131.800003|134.039993|131.289993|131.750000|2491500|0.9921821632|130.720001
2026-07-29|254|BSX|42.669998|46.880001|42.549999|46.040001|51286700|1.0000000000|46.040001
2026-07-29|255|STE|230.020004|235.660004|229.729996|234.830002|923000|1.0000000000|234.830002
2026-07-29|256|DHI|148.990005|152.740005|146.429993|147.160004|3578000|0.9970287223|146.722748
2026-07-29|257|LIN|511.779999|513.650024|505.140015|511.170013|2030200|1.0000000000|511.170013
2026-07-29|258|SBUX|103.669998|104.910004|103.129997|104.139999|12546300|0.9942883465|103.545189
2026-07-29|259|MS|212.089996|212.350006|202.940002|203.130005|6722300|0.9945253736|202.017944
2026-07-29|260|INTU|313.459991|336.940002|313.459991|333.130005|5976900|1.0000000000|333.130005
2026-07-29|261|MCHP|75.150002|75.830002|71.239998|71.370003|15678900|0.9940194534|70.943169
2026-07-29|262|CB|365.000000|365.910004|360.589996|361.899994|1858300|1.0000000000|361.899994
2026-07-29|263|ORLY|89.919998|91.250000|88.500000|90.629997|7965800|1.0000000000|90.629997
2026-07-29|264|RCL|316.589996|328.869995|315.589996|323.579987|2687100|1.0000000000|323.579987
2026-07-29|265|JBL|300.179993|300.179993|285.799988|287.140015|1566700|0.9997839939|287.078003
2026-07-29|266|ALL|271.000000|277.220001|270.079987|274.390015|1513100|1.0000000000|274.390015
2026-07-29|267|CPT|115.589996|116.839996|115.050003|116.370003|1071400|1.0000000000|116.370003
2026-07-29|268|VMRK|68.610001|68.970001|68.269997|68.849998|2824200|1.0000000000|68.849998
2026-07-29|269|IT|155.949997|167.470001|155.929993|165.649994|1431800|1.0000000000|165.649994
2026-07-29|270|DECK|102.209999|104.879997|101.379997|103.540001|2154800|1.0000000000|103.540001
2026-07-29|271|REG|81.070000|81.440002|80.529999|81.110001|1801000|1.0000000000|81.110001
2026-07-29|272|INCY|128.869995|129.949997|125.830002|127.099998|2909700|1.0000000000|127.099998
2026-07-29|273|SPG|236.740005|238.500000|234.460007|235.610001|1375200|1.0000000000|235.610001
2026-07-29|274|MAA|136.529999|137.820007|136.000000|137.380005|1357000|1.0000000000|137.380005
2026-07-29|275|MLM|587.380005|588.000000|567.440002|569.659973|805800|1.0000000000|569.659973
2026-07-29|276|TSCO|31.379999|31.750000|30.780001|31.000000|9760600|0.9931389364|30.787306
2026-07-29|277|ALB|115.290001|117.000000|112.220001|113.879997|2294800|1.0000000000|113.879997
2026-07-29|278|CPRT|30.620001|31.420000|30.200001|30.820000|14544600|1.0000000000|30.820000
2026-07-29|279|FLEX|100.010002|108.519997|99.500000|103.019997|9974000|1.0000000000|103.019997
2026-07-29|280|ESS|296.309998|297.890015|294.559998|296.799988|500300|1.0000000000|296.799988
2026-07-29|281|O|65.980003|66.269997|65.169998|65.540001|4388200|0.9957938849|65.264328
2026-07-29|282|MCO|484.170013|489.609985|480.880005|483.239990|938000|0.9978911593|482.220917
2026-07-29|283|SJM|123.529999|127.650002|123.400002|126.349998|1735000|0.9907154105|125.176888
2026-07-29|284|MCK|900.000000|907.000000|887.609985|888.559998|838000|1.0000000000|888.559998
2026-07-29|285|COF|210.000000|212.449997|207.850006|208.710007|4129800|0.9964810416|207.975571
2026-07-29|286|EME|707.020020|711.080017|668.820007|672.479980|765300|1.0000000000|672.479980
2026-07-29|287|DLTR|126.370003|130.740005|125.879997|128.949997|1997600|1.0000000000|128.949997
2026-07-29|288|COR|322.820007|322.959991|317.109985|318.609985|987400|0.9980645786|317.993347
2026-07-29|289|DRI|206.660004|212.339996|205.059998|212.229996|1356300|1.0000000000|212.229996
2026-07-29|290|RMD|208.580002|215.199997|207.789993|214.289993|1325300|0.9971385215|213.676804
2026-07-29|291|WAB|300.829987|306.640015|291.529999|291.760010|1014800|0.9989689007|291.459167
2026-07-29|292|FCX|60.799999|61.560001|58.189999|59.990002|22668800|1.0000000000|59.990002
2026-07-29|293|IVZ|28.990000|29.370001|27.860001|28.070000|6412800|0.9933559952|27.883503
2026-07-29|294|ACGL|102.010002|105.660004|101.360001|104.550003|2885700|1.0000000000|104.550003
2026-07-29|295|ERIE|240.350006|248.550003|235.649994|248.550003|311300|1.0000000000|248.550003
2026-07-29|296|EG|395.679993|399.829987|391.940002|393.890015|458200|1.0000000000|393.890015
2026-07-29|297|DVA|241.139999|244.490005|238.679993|240.960007|694500|1.0000000000|240.960007
2026-07-29|298|HSIC|86.000000|86.820000|85.190002|85.830002|1805500|1.0000000000|85.830002
2026-07-29|299|EL|83.290001|86.000000|82.610001|84.129997|2482400|1.0000000000|84.129997
2026-07-29|300|WAT|387.700012|391.869995|377.369995|379.480011|723100|1.0000000000|379.480011
2026-07-29|301|NTAP|173.550003|178.289993|171.509995|173.229996|3758500|1.0000000000|173.229996
2026-07-29|302|HIG|142.970001|145.809998|142.509995|145.679993|1775600|1.0000000000|145.679993
2026-07-29|303|IRM|124.610001|125.120003|120.510002|120.750000|1802600|1.0000000000|120.750000
2026-07-29|304|BRK-B|511.440002|513.359985|507.200012|509.160004|5057500|1.0000000000|509.160004
2026-07-29|305|FDS|283.660004|295.579987|281.350006|282.040009|1298800|1.0000000000|282.040009
2026-07-29|306|STLD|265.190002|265.549988|250.919998|252.339996|1327800|1.0000000000|252.339996
2026-07-29|307|DGX|235.110001|237.839996|233.000000|235.220001|964500|1.0000000000|235.220001
2026-07-29|308|CIEN|349.640015|350.799988|323.290009|330.369995|2633300|1.0000000000|330.369995
2026-07-29|309|TTWO|248.169998|250.929993|246.059998|246.429993|2480600|1.0000000000|246.429993
2026-07-29|310|VTR|98.190002|98.870003|96.919998|97.720001|4499600|1.0000000000|97.720001
2026-07-29|311|AMZN|229.320007|232.820007|226.160004|226.649994|44957500|1.0000000000|226.649994
2026-07-29|312|ARE|54.439999|55.740002|53.430000|53.770000|2497100|1.0000000000|53.770000
2026-07-29|313|RL|372.920013|379.929993|367.570007|375.679993|577500|1.0000000000|375.679993
2026-07-29|314|BXP|70.330002|74.940002|68.949997|72.970001|3899500|1.0000000000|72.970001
2026-07-29|315|FIX|1608.000000|1644.079956|1491.239990|1519.959961|770800|0.9994824076|1519.173218
2026-07-29|316|YUM|151.199997|153.929993|150.830002|151.919998|2811600|1.0000000000|151.919998
2026-07-29|317|CHRW|169.000000|174.270004|164.080002|173.750000|4086100|1.0000000000|173.750000
2026-07-29|318|FE|49.930000|50.290001|49.029999|49.130001|5615300|0.9901836603|48.647724
2026-07-29|319|MTD|1388.280029|1412.359985|1383.260010|1388.329956|166100|1.0000000000|1388.329956
2026-07-29|320|PLD|146.589996|146.850006|143.339996|145.470001|4092400|1.0000000000|145.470001
2026-07-29|321|URI|1095.810059|1096.310059|1055.109985|1055.109985|625000|0.9982773546|1053.292358
2026-07-29|322|AEE|112.900002|112.900002|109.820000|109.970001|1118500|1.0000000000|109.970001
2026-07-29|323|VRSN|282.980011|295.359985|282.980011|290.920013|862800|0.9970730649|290.068512
2026-07-29|324|PWR|582.729980|591.590027|554.119995|561.140015|2045400|1.0000000000|561.140015
2026-07-29|325|AMT|174.960007|180.369995|172.589996|179.259995|5367700|1.0000000000|179.259995
2026-07-29|326|MAR|377.250000|383.260010|375.619995|381.119995|1542200|0.9979719406|380.347076
2026-07-29|327|CTSH|52.310001|57.060001|51.230000|55.970001|18262400|0.9941706413|55.643734
2026-07-29|328|SRE|90.980003|91.480003|88.620003|88.820000|2766900|1.0000000000|88.820000
2026-07-29|329|CSGP|26.030001|30.450001|25.889999|29.830000|17581000|1.0000000000|29.830000
2026-07-29|330|RSG|218.240005|222.660004|217.369995|218.910004|1655400|1.0000000000|218.910004
2026-07-29|331|CCI|76.959999|79.949997|75.639999|79.089996|6981500|1.0000000000|79.089996
2026-07-29|332|EBAY|117.150002|117.629997|115.070000|115.300003|3113200|1.0000000000|114.950508
2026-07-29|333|NVDA|195.850006|197.070007|190.009995|190.009995|147680800|1.0000000000|190.009995
2026-07-29|334|BKNG|196.440002|204.610001|195.339996|201.300003|7906000|1.0000000000|201.300003
2026-07-29|335|GS|1025.000000|1028.119995|977.700012|980.750000|3198400|1.0000000000|980.750000
2026-07-29|336|FFIV|403.459991|411.100006|385.720001|386.950012|850600|1.0000000000|386.950012
2026-07-29|337|SBAC|175.050003|186.419998|174.800003|186.289993|1616100|0.9931480565|185.013535
2026-07-29|338|LII|491.000000|491.899994|428.000000|430.019989|1888200|1.0000000000|430.019989
2026-07-29|339|BLK|1086.069946|1110.000000|1079.189941|1079.189941|1121800|1.0000000000|1079.189941
2026-07-29|340|TKO|186.139999|187.639999|184.750000|187.350006|555900|1.0000000000|187.350006
2026-07-29|341|AKAM|111.699997|112.489998|107.110001|107.410004|3033600|1.0000000000|107.410004
2026-07-29|342|UPS|105.040001|105.750000|103.980003|104.559998|6032900|0.9843062201|102.919052
2026-07-29|343|A|139.199997|142.009995|139.199997|140.300003|1864600|1.0000000000|140.300003
2026-07-29|344|TDY|646.640015|648.109985|629.169983|631.349976|272600|1.0000000000|631.349976
2026-07-29|345|PKG|249.490005|252.669998|246.600006|249.429993|928500|1.0000000000|249.429993
2026-07-29|346|EW|84.790001|86.000000|82.910004|85.760002|5594700|1.0000000000|85.760002
2026-07-29|347|MET|96.559998|97.800003|96.449997|97.019997|4777000|0.9938427991|96.422623
2026-07-29|348|ON|83.029999|84.599998|78.809998|78.860001|12193400|1.0000000000|78.860001
2026-07-29|349|ISRG|361.459991|361.799988|351.940002|353.100006|2735600|1.0000000000|353.100006
2026-07-29|350|CRL|240.639999|242.399994|234.179993|234.800003|1054500|1.0000000000|234.800003
2026-07-29|351|MRVL|174.029999|177.800003|162.899994|163.399994|25708900|1.0000000000|163.399994
2026-07-29|352|EQIX|1043.349976|1044.130005|1001.609985|1008.020020|751400|0.9952446339|1003.226501
2026-07-29|353|TPR|147.860001|151.520004|147.529999|150.110001|2776500|1.0000000000|150.110001
2026-07-29|354|GRMN|261.809998|304.000000|261.040009|294.829987|3664200|1.0000000000|294.829987
2026-07-29|355|GPN|86.570000|89.099998|86.290001|88.269997|2942500|1.0000000000|88.269997
2026-07-29|356|ALGN|175.600006|184.000000|174.410004|180.080002|1657600|1.0000000000|180.080002
2026-07-29|357|WTW|314.339996|321.230011|307.799988|315.929993|847300|1.0000000000|315.929993
2026-07-29|358|MDLZ|63.790001|66.650002|63.790001|64.989998|20218600|1.0000000000|64.989998
2026-07-29|359|AXON|544.510010|564.239990|526.159973|531.200012|900300|1.0000000000|531.200012
2026-07-29|360|FIS|44.919998|47.000000|44.820000|46.810001|7774300|1.0000000000|46.810001
2026-07-29|361|ACN|165.000000|176.399994|163.860001|173.169998|10917200|1.0000000000|173.169998
2026-07-29|362|ZBH|95.760002|97.389999|95.029999|97.150002|3616100|1.0000000000|97.150002
2026-07-29|363|BG|112.889999|115.949997|107.309998|107.779999|2990100|0.9937342270|107.104675
2026-07-29|364|PFG|112.919998|114.949997|112.290001|113.180000|1882700|1.0000000000|113.180000
2026-07-29|365|ELV|386.279999|388.730011|375.750000|375.980011|1061300|1.0000000000|375.980011
2026-07-29|366|CNC|64.400002|64.949997|61.439999|61.820000|8354200|1.0000000000|61.820000
2026-07-29|367|PRU|123.139999|124.500000|122.070000|122.629997|2146100|0.9885872665|121.230453
2026-07-29|368|NFLX|72.190002|73.739998|71.750000|73.629997|43737600|1.0000000000|73.629997
2026-07-29|369|NDAQ|95.500000|96.870003|95.349998|95.550003|3099200|1.0000000000|95.550003
2026-07-29|370|WYNN|98.790001|99.779999|97.660004|99.010002|1329900|0.9975578784|98.768211
2026-07-29|371|CME|260.250000|266.260010|259.440002|265.440002|2915100|1.0000000000|265.440002
2026-07-29|372|STX|786.849976|814.969971|747.549988|764.429993|9280100|1.0000000000|764.429993
2026-07-29|373|NRG|126.900002|128.600006|122.449997|124.230003|2550100|0.9964628787|123.790588
2026-07-29|374|AIZ|281.959991|284.640015|278.549988|281.000000|395000|1.0000000000|281.000000
2026-07-29|375|CBRE|146.130005|153.080002|143.559998|147.779999|3663500|1.0000000000|147.779999
2026-07-29|376|CRM|182.009995|190.179993|182.009995|188.380005|18139500|1.0000000000|188.380005
2026-07-29|377|DPZ|350.369995|364.579987|347.609985|360.000000|1292200|1.0000000000|360.000000
2026-07-29|378|EXR|155.630005|158.880005|152.300003|152.850006|2782900|1.0000000000|152.850006
2026-07-29|379|GOOG|333.500000|341.980011|330.407990|335.760010|20242900|1.0000000000|335.760010
2026-07-29|380|GOOGL|334.670013|342.500000|331.619995|336.709991|27501600|1.0000000000|336.709991
2026-07-29|381|DLR|191.169998|193.210007|185.800003|188.179993|2291700|1.0000000000|188.179993
2026-07-29|382|MPWR|1263.270020|1327.310059|1240.020020|1248.760010|1181900|1.0000000000|1248.760010
2026-07-29|383|LVS|48.150002|48.770000|48.009998|48.549999|5079000|0.9936548222|48.241943
2026-07-29|384|DXCM|74.419998|76.089996|73.449997|75.139999|6268700|1.0000000000|75.139999
2026-07-29|385|BLDR|72.089996|72.650002|67.410004|67.760002|5075400|1.0000000000|67.760002
2026-07-29|386|WBD|25.610001|25.809999|25.500000|25.639999|13352900|1.0000000000|25.639999
2026-07-29|387|EXPE|291.540009|312.399994|290.640015|304.269989|2495400|0.9985604607|303.832001
2026-07-29|388|CF|125.809998|127.830002|125.059998|127.349998|1796900|0.9948739856|126.697205
2026-07-29|389|AMP|541.640015|547.919983|539.000000|540.289978|444700|0.9968855344|538.607239
2026-07-29|390|ICE|152.190002|155.300003|151.539993|154.279999|4434200|1.0000000000|154.279999
2026-07-29|391|PSKY|8.110000|8.130000|7.820000|7.950000|14341900|1.0000000000|7.950000
2026-07-29|392|LYV|180.919998|184.619995|179.210007|184.429993|2344600|1.0000000000|184.429993
2026-07-29|393|CMG|33.650002|34.509998|33.610001|34.240002|18926300|1.0000000000|34.240002
2026-07-29|394|UAL|120.080002|123.650002|119.199997|119.419998|3989200|1.0000000000|119.419998
2026-07-29|395|TDG|1298.500000|1298.500000|1261.229980|1264.599976|299100|1.0000000000|1264.599976
2026-07-29|396|MA|555.059998|569.989990|554.919983|563.320007|3524200|1.0000000000|563.320007
2026-07-29|397|LDOS|117.750000|117.820000|113.980003|114.370003|1421200|1.0000000000|114.370003
2026-07-29|398|FSLR|203.000000|205.800003|197.350006|199.240005|1645900|1.0000000000|199.240005
2026-07-29|399|BR|158.270004|163.240005|157.360001|159.199997|1049200|1.0000000000|159.199997
2026-07-29|400|SMCI|28.020000|28.070000|25.680000|25.700001|40892200|1.0000000000|25.700001
2026-07-29|401|TMUS|183.130005|184.089996|175.649994|181.520004|7257800|1.0000000000|180.478378
2026-07-29|402|DAL|87.129997|88.510002|86.120003|86.250000|5459800|1.0000000000|86.250000
2026-07-29|403|IBKR|89.889999|90.459999|85.599998|86.260002|7226900|1.0000000000|86.260002
2026-07-29|404|PODD|166.520004|171.779999|165.250000|170.619995|1126200|1.0000000000|170.619995
2026-07-29|405|TEL|214.889999|215.029999|205.570007|206.949997|3044400|0.9961105015|206.145065
2026-07-29|406|BX|132.910004|133.490005|127.750000|129.399994|6291600|0.9899021526|128.093338
2026-07-29|407|LULU|118.800003|120.870003|118.040001|119.029999|2399000|1.0000000000|119.029999
2026-07-29|408|ULTA|501.820007|516.830017|497.059998|508.089996|562000|1.0000000000|508.089996
2026-07-29|409|MSCI|580.929993|589.989990|578.020020|582.919983|547400|0.9964362700|580.842651
2026-07-29|410|ECHO|86.260002|88.220001|82.480003|83.889999|8089600|1.0000000000|83.889999
2026-07-29|411|PM|201.000000|202.570007|198.190002|198.440002|3917800|1.0000000000|198.440002
2026-07-29|412|V|357.000000|373.970001|355.480011|368.730011|11289900|0.9981456881|368.046265
2026-07-29|413|AWK|138.600006|140.300003|137.070007|138.089996|3034900|0.9933923956|137.177551
2026-07-29|414|KDP|30.959999|31.530001|30.959999|31.450001|17303200|1.0000000000|31.450001
2026-07-29|415|SW|47.459999|48.669998|46.875000|48.259998|6064200|0.9909636146|47.823902
2026-07-29|416|AVGO|380.640015|386.119995|369.510010|370.320007|21374400|1.0000000000|370.320007
2026-07-29|417|VRSK|217.100006|226.080002|212.009995|213.149994|3401700|1.0000000000|213.149994
2026-07-29|418|DG|125.419998|129.130005|124.339996|128.679993|1807500|1.0000000000|128.679993
2026-07-29|419|FTNT|148.270004|154.990005|143.770004|153.220001|12380400|1.0000000000|153.220001
2026-07-29|420|CHTR|138.020004|146.850006|136.500000|145.199997|4266200|1.0000000000|145.199997
2026-07-29|421|FERG|226.380005|228.649994|222.479996|226.199997|2051800|0.9962829937|225.359207
2026-07-29|422|GNRC|210.000000|210.000000|191.759995|195.190002|2727200|1.0000000000|195.190002
2026-07-29|423|LYB|59.889999|61.020000|59.450001|60.490002|4944300|0.9897823188|59.871937
2026-07-29|424|CBOE|296.390015|308.839996|294.589996|307.809998|1383200|1.0000000000|307.809998
2026-07-29|425|TSLA|307.140015|309.059998|297.380005|298.320007|39478000|1.0000000000|298.320007
2026-07-29|426|KKR|100.169998|101.940002|98.970001|99.279999|4328500|0.9981032973|99.091698
2026-07-29|427|NXPI|252.960007|257.320007|239.000000|240.979996|7554900|1.0000000000|240.979996
2026-07-29|428|GM|90.699997|91.849998|89.110001|89.400002|7981500|1.0000000000|89.400002
2026-07-29|429|TRGP|266.940002|269.049988|264.440002|264.670013|1201000|0.9953417306|263.437103
2026-07-29|430|CPAY|383.000000|395.489990|382.010010|392.850006|898200|1.0000000000|392.850006
2026-07-29|431|KMI|32.099998|32.279999|31.629999|31.850000|10375100|0.9907395899|31.555056
2026-07-29|432|HCA|418.109985|421.309998|405.760010|408.179993|1849800|1.0000000000|408.179993
2026-07-29|433|HII|300.250000|302.779999|279.440002|280.399994|770000|1.0000000000|279.098389
2026-07-29|434|APO|123.870003|124.059998|119.690002|119.769997|2859800|0.9957937992|119.266220
2026-07-29|435|MPC|312.850006|315.720001|307.390015|308.720001|1604700|0.9972693263|307.876984
2026-07-29|436|XYL|123.099998|124.370003|121.019997|122.129997|2554900|0.9962087815|121.666977
2026-07-29|437|APTV|58.950001|59.740002|57.830002|57.970001|1922900|1.0000000000|57.970001
2026-07-29|438|PSX|210.000000|211.660004|206.000000|206.809998|2270900|0.9947204324|205.718140
2026-07-29|439|AMCR|45.599998|46.209999|45.060001|45.840000|4274400|1.0000000000|45.840000
2026-07-29|440|META|593.250000|599.969971|582.219971|585.609985|22371100|1.0000000000|585.609985
2026-07-29|441|NOW|110.419998|118.360001|109.500000|115.760002|40448100|1.0000000000|115.760002
2026-07-29|442|PANW|319.380005|322.109985|310.459991|314.149994|6336700|1.0000000000|314.149994
2026-07-29|443|FANG|198.199997|199.970001|195.979996|199.130005|1926400|0.9945230033|198.039368
2026-07-29|444|WDAY|159.789993|170.399994|158.990005|168.009995|7241400|1.0000000000|168.009995
2026-07-29|445|ABBV|264.209991|267.470001|262.760010|263.299988|5562300|1.0000000000|263.299988
2026-07-29|446|NCLH|20.500000|21.250000|20.450001|20.750000|17460700|1.0000000000|20.750000
2026-07-29|447|ZTS|77.300003|79.080002|77.250000|77.930000|5331600|1.0000000000|77.930000
2026-07-29|448|IQV|241.789993|251.360001|240.699997|247.559998|2241800|1.0000000000|247.559998
2026-07-29|449|NWS|31.809999|33.040001|31.809999|32.639999|1096000|1.0000000000|32.639999
2026-07-29|450|NWSA|28.219999|29.059999|28.120001|28.820000|3965600|1.0000000000|28.820000
2026-07-29|451|CDW|145.000000|151.169998|143.710007|147.919998|2560900|0.9952456416|147.216736
2026-07-29|452|VEEV|201.080002|209.330002|200.300003|207.910004|2073700|1.0000000000|207.910004
2026-07-29|453|ALLE|159.259995|160.100006|156.830002|158.470001|1341400|1.0000000000|158.470001
2026-07-29|454|HLT|317.589996|325.869995|317.589996|321.720001|2667600|0.9995449167|321.573578
2026-07-29|455|ARES|126.559998|127.260002|123.120003|124.599998|2745200|1.0000000000|124.599998
2026-07-29|456|ANET|168.449997|169.330002|156.839996|157.970001|8189500|1.0000000000|157.970001
2026-07-29|457|SYF|76.029999|77.489998|74.860001|74.970001|3605800|0.9957005565|74.647667
2026-07-29|458|CFG|72.120003|72.919998|71.300003|71.309998|4133200|0.9935492916|70.849998
2026-07-29|459|KEYS|303.410004|307.809998|293.549988|296.720001|1209300|1.0000000000|296.720001
2026-07-29|460|GDDY|102.099998|106.000000|101.000000|105.099998|1979200|1.0000000000|105.099998
2026-07-29|461|KHC|27.230000|28.090000|27.209999|27.620001|17873900|1.0000000000|27.620001
2026-07-29|462|PYPL|58.099998|59.470001|58.000000|58.349998|18759500|1.0000000000|58.349998
2026-07-29|463|LITE|655.210022|655.210022|594.840027|602.349976|6388600|1.0000000000|602.349976
2026-07-29|464|HPE|45.250000|46.660000|44.180000|44.439999|12304800|1.0000000000|44.439999
2026-07-29|465|XYZ|82.220001|84.019997|81.684998|82.180000|4993200|1.0000000000|82.180000
2026-07-29|466|FTV|62.250000|62.750000|58.220001|59.540001|6906700|1.0000000000|59.540001
2026-07-29|467|DELL|388.500000|394.959991|364.170013|369.640015|6349100|1.0000000000|369.640015
2026-07-29|468|TTD|18.670000|19.510000|18.540001|19.090000|18823500|1.0000000000|19.090000
2026-07-29|469|VST|148.725006|149.279999|142.154999|142.809998|4925900|1.0000000000|142.809998
2026-07-29|470|HWM|285.200012|286.040009|272.730011|272.790009|2476100|0.9995167748|272.658203
2026-07-29|471|INVH|30.100000|30.184999|29.900000|30.110001|5125200|1.0000000000|30.110001
2026-07-29|472|CVNA|65.019997|69.404999|64.410004|66.320000|18103900|1.0000000000|66.320000
2026-07-29|473|IR|85.370003|86.230003|84.099998|84.610001|5138100|0.9997640396|84.590034
2026-07-29|474|VICI|27.270000|27.290001|26.969999|27.129999|8463000|1.0000000000|27.129999
2026-07-29|475|VRT|245.990005|248.800003|220.919998|223.039993|21265700|1.0000000000|223.039993
2026-07-29|476|MRNA|55.040001|56.250000|54.160000|54.490002|4348300|1.0000000000|54.490002
2026-07-29|477|FOXA|58.270000|59.005001|57.785000|58.950001|3919400|1.0000000000|58.950001
2026-07-29|478|FOX|51.860001|52.779999|51.549999|52.730000|1182100|1.0000000000|52.730000
2026-07-29|479|DOW|29.670000|30.629999|29.530001|30.450001|13813700|1.0000000000|30.450001
2026-07-29|480|UBER|70.099998|71.790001|69.660004|71.199997|12052100|1.0000000000|71.199997
2026-07-29|481|CTVA|89.300003|90.970001|88.584999|90.510002|3922100|1.0000000000|90.510002
2026-07-29|482|CRWD|182.625000|186.389999|176.460007|179.380005|7152500|1.0000000000|179.380005
2026-07-29|483|DDOG|252.880005|273.730011|252.500000|264.200012|6621200|1.0000000000|264.200012
2026-07-29|484|CARR|62.290001|62.724998|59.619999|59.919998|16630100|1.0000000000|59.919998
2026-07-29|485|OTIS|73.389999|73.610001|72.285004|73.360001|3657200|0.9939750786|72.918015
2026-07-29|486|PLTR|124.000000|127.279999|122.449997|123.000000|27207900|1.0000000000|123.000000
2026-07-29|487|DASH|195.199997|199.889999|192.820007|193.529999|3878100|1.0000000000|193.529999
2026-07-29|488|ABNB|152.009995|156.500000|151.500000|153.009995|3851700|1.0000000000|153.009995
2026-07-29|489|EXE|91.959999|93.080002|88.760002|92.459999|6435000|0.9940278354|91.907814
2026-07-29|490|COIN|166.149994|169.690002|158.679993|160.089996|6802400|1.0000000000|160.089996
2026-07-29|491|APP|413.535004|420.850006|397.149994|399.459991|5599400|1.0000000000|399.459991
2026-07-29|492|HOOD|92.209999|93.320000|88.599998|89.839996|23046600|1.0000000000|89.839996
2026-07-29|493|CEG|260.790009|263.880005|256.160004|257.950012|2855000|0.9984651331|257.554077
2026-07-29|494|GEHC|69.320000|72.040001|68.080002|71.900002|15269600|1.0000000000|71.900002
2026-07-29|495|KVUE|19.584999|19.809999|19.245001|19.790001|27193600|0.9889763775|19.571842
2026-07-29|496|VLTO|101.519997|102.250000|96.930000|98.830002|3105500|1.0000000000|98.830002
2026-07-29|497|RDDT|181.940002|185.910004|176.324997|177.990005|4231300|1.0000000000|177.990005
2026-07-29|498|SOLV|86.099998|88.650002|85.879997|88.550003|1765300|1.0000000000|88.550003
2026-07-29|499|GEV|943.989990|953.989990|897.679993|900.280029|3697300|1.0000000000|900.280029
2026-07-29|500|SNDK|1119.328003|1124.800049|998.190002|1015.890015|24491100|1.0000000000|1015.890015
2026-07-29|501|Q|127.550003|129.139999|122.669998|123.389999|3296100|1.0000000000|123.389999
2026-07-29|502|FDXF|150.449997|153.779999|143.500000|144.360001|901400|1.0000000000|144.360001
2026-07-29|503|HONA|215.899994|215.899994|203.839996|205.190002|2102500|1.0000000000|205.190002
