date|security_id|ticker|open|high|low|close|volume|adj_factor|adj_close_vendor
2026-07-01|1|AEP|136.869995|137.360001|134.470001|135.050003|4974900|0.9924441265|134.029572
2026-07-01|2|BA|217.259995|220.750000|216.160004|218.580002|4205600|1.0000000000|218.580002
2026-07-01|3|CAT|1033.920044|1041.260010|985.049988|991.409973|3914100|0.9981483165|989.574219
2026-07-01|4|CNP|44.150002|44.230000|43.720001|43.730000|6609600|0.9940594062|43.470215
2026-07-01|5|CVX|164.779999|167.470001|164.779999|165.690002|9175500|0.9913483039|164.256500
2026-07-01|6|DIS|96.550003|97.760002|95.650002|95.709999|11590400|1.0000000000|95.709999
2026-07-01|7|DTE|152.559998|152.889999|150.570007|150.570007|1626000|1.0000000000|150.570007
2026-07-01|8|ED|110.930000|111.489998|110.349998|110.949997|1906800|0.9918651523|110.047440
2026-07-01|9|GD|356.149994|365.059998|355.000000|362.859985|1285300|0.9956181446|361.269989
2026-07-01|10|GE|375.029999|376.690002|371.380005|374.940002|3951400|0.9987550328|374.473206
2026-07-01|11|HON|227.309998|227.309998|220.600006|221.750000|6204600|0.9970084192|221.086624
2026-07-01|12|HPQ|21.930000|22.490000|21.889999|22.020000|11895100|1.0000000000|22.020000
2026-07-01|13|IBM|279.660004|294.489990|278.959991|286.250000|6905800|0.9928776129|284.211212
2026-07-01|14|IP|38.020000|39.029999|37.889999|38.340000|4196700|0.9887402721|37.908302
2026-07-01|15|JNJ|253.250000|254.199997|251.080002|253.979996|6516500|0.9950922943|252.733536
2026-07-01|16|KO|81.699997|81.980003|80.959999|81.290001|21734800|1.0000000000|81.290001
2026-07-01|17|KR|54.500000|56.250000|54.150002|56.240002|8623200|0.9931853922|55.856750
2026-07-01|18|LMT|517.000000|524.239990|514.349976|521.820007|1278000|1.0000000000|521.820007
2026-07-01|19|MMM|162.110001|163.000000|159.220001|159.960007|2662100|0.9956414843|159.262817
2026-07-01|20|MO|72.489998|72.500000|71.089996|71.540001|6425300|1.0000000000|71.540001
2026-07-01|21|MRK|128.009995|128.419998|124.709999|125.370003|10761500|1.0000000000|125.370003
2026-07-01|22|MSI|414.350006|422.540009|413.500000|418.940002|948400|1.0000000000|418.940002
2026-07-01|23|PG|146.529999|147.500000|145.550003|147.429993|9571700|0.9925903246|146.337585
2026-07-01|24|XOM|136.529999|137.490005|135.630005|136.279999|12433400|0.9935665212|135.403244
2026-07-01|25|RTX|190.479996|191.820007|188.970001|191.779999|3780500|0.9966890420|191.145020
2026-07-01|26|MCD|270.250000|272.450012|268.899994|269.429993|3902100|1.0000000000|269.429993
2026-07-01|27|AXP|341.529999|350.500000|337.730011|348.000000|2918000|0.9972701149|347.049988
2026-07-01|28|BMY|57.619999|57.700001|56.299999|56.439999|11201800|0.9888377035|55.810001
2026-07-01|29|DD|134.869995|139.690002|134.399994|138.470001|1444200|1.0000000000|138.470001
2026-07-01|30|DE|629.320007|633.799988|619.299988|627.630005|1636900|1.0000000000|627.630005
2026-07-01|31|EMR|142.330002|142.729996|139.470001|139.520004|2160500|0.9966201816|139.048447
2026-07-01|32|ETN|419.989990|423.450012|404.739990|412.309998|2379600|0.9975456838|411.298035
2026-07-01|33|ETR|113.230003|114.589996|112.120003|112.860001|3763400|0.9940658321|112.190269
2026-07-01|34|F|13.850000|13.880000|13.550000|13.640000|44544000|0.9892857143|13.493857
2026-07-01|35|HAL|33.820000|34.070000|32.980000|33.009998|9791800|1.0000000000|33.009998
2026-07-01|36|LLY|1217.510010|1217.510010|1173.930054|1191.739990|2720400|0.9985690653|1190.034668
2026-07-01|37|PCG|16.799999|16.809999|16.530001|16.570000|16489700|1.0000000000|16.570000
2026-07-01|38|PEP|137.210007|141.339996|136.610001|141.160004|9391700|1.0000000000|141.160004
2026-07-01|39|PFE|24.150000|24.240000|23.740000|23.879999|49385200|0.9828068774|23.469427
2026-07-01|40|TXN|294.100006|303.299988|293.070007|298.410004|8737100|0.9949060125|296.889893
2026-07-01|41|WFC|82.830002|86.050003|82.750000|85.940002|14670600|0.9942915856|85.449425
2026-07-01|42|HUBB|518.000000|518.000000|489.079987|490.119995|739720|1.0000000000|490.119995
2026-07-01|43|WMT|110.129997|110.709999|107.250000|108.820000|40391400|0.9976117102|108.560104
2026-07-01|44|AIG|75.139999|77.019997|75.139999|76.589996|6967300|1.0000000000|76.589996
2026-07-01|45|AVY|162.809998|164.899994|161.039993|163.119995|614700|1.0000000000|163.119995
2026-07-01|46|BAC|57.130001|58.480000|56.849998|58.360001|35288400|1.0000000000|58.360001
2026-07-01|47|BALL|62.009998|62.430000|61.430000|61.750000|2170700|1.0000000000|61.750000
2026-07-01|48|BDX|151.759995|154.039993|151.559998|152.899994|2131600|1.0000000000|152.899994
2026-07-01|49|CLX|96.180000|97.699997|95.760002|96.419998|1827600|0.9884526559|95.306602
2026-07-01|50|CMI|700.000000|701.390015|681.200012|682.320007|821200|0.9962915514|679.789673
2026-07-01|51|CMS|76.410004|77.050003|75.769997|75.919998|4382500|0.9919943817|75.312210
2026-07-01|52|CVS|103.410004|104.870003|102.760002|104.809998|7508100|0.9938471504|104.165115
2026-07-01|53|ECL|278.329987|282.920013|277.380005|278.369995|1231100|1.0000000000|278.369995
2026-07-01|54|ES|72.389999|73.120003|71.900002|72.199997|2790900|1.0000000000|72.199997
2026-07-01|55|EVRG|85.480003|86.489998|85.480003|86.190002|2209300|0.9917192899|85.476288
2026-07-01|56|GWW|1358.550049|1369.920044|1338.199951|1338.239990|337900|0.9980509570|1335.631714
2026-07-01|57|LNT|76.000000|76.239998|75.529999|75.790001|2220700|0.9924530963|75.218018
2026-07-01|58|MKC|51.060001|52.930000|51.060001|52.910000|5566200|0.9910196447|52.434849
2026-07-01|59|MRSH|167.179993|173.500000|167.179993|172.139999|2466200|0.9943746806|171.171661
2026-07-01|60|NEE|88.050003|88.050003|86.320000|86.370003|9709200|1.0000000000|85.725357
2026-07-01|61|NI|47.549999|47.700001|46.860001|46.869999|5119700|0.9933436876|46.558018
2026-07-01|62|PNW|108.250000|108.250000|105.989998|106.300003|1089000|0.9909892067|105.342155
2026-07-01|63|RVTY|111.769997|114.459999|110.690002|112.839996|1436200|0.9993733214|112.769279
2026-07-01|64|SNA|399.980011|406.299988|395.709991|403.279999|302500|0.9938338681|400.793304
2026-07-01|65|SPGI|399.579987|419.760010|397.000000|414.970001|3956600|0.9977597635|414.040375
2026-07-01|66|TER|461.000000|463.660004|425.109985|427.339996|5465800|1.0000000000|427.339996
2026-07-01|67|TGT|129.800003|130.880005|126.459999|130.289993|4928800|0.9923829532|129.297562
2026-07-01|68|TXT|91.820000|92.739998|91.309998|91.930000|1334900|1.0000000000|91.930000
2026-07-01|69|VMC|292.059998|295.489990|286.829987|295.029999|1216900|0.9981453742|294.482849
2026-07-01|70|XEL|80.430000|80.559998|79.320000|79.699997|5842500|1.0000000000|79.699997
2026-07-01|71|ITW|268.769989|272.149994|265.859985|268.970001|1408300|1.0000000000|268.970001
2026-07-01|72|CL|91.739998|92.830002|91.519997|92.760002|4040600|0.9942998496|92.231255
2026-07-01|73|EXC|46.610001|46.720001|46.070000|46.259998|10056700|1.0000000000|46.259998
2026-07-01|74|MDT|78.599998|80.279999|78.599998|79.199997|7640300|1.0000000000|79.199997
2026-07-01|75|BNY|144.750000|147.449997|144.190002|146.020004|2899200|0.9960354919|145.441116
2026-07-01|76|EIX|74.099998|74.400002|73.190002|73.500000|1970900|0.9882683051|72.637718
2026-07-01|77|FRT|121.839996|122.599998|119.970001|120.410004|1319700|1.0000000000|120.410004
2026-07-01|78|PNR|76.809998|77.910004|75.790001|76.379997|2018100|0.9956500725|76.047745
2026-07-01|79|USB|60.400002|62.200001|60.200001|61.959999|9392700|1.0000000000|61.959999
2026-07-01|80|WY|23.950001|23.990000|23.459999|23.559999|4910200|1.0000000000|23.559999
2026-07-01|81|SYY|83.029999|83.769997|82.769997|83.529999|4021300|0.9934155392|82.979996
2026-07-01|82|WRB|70.790001|71.410004|70.029999|70.660004|1923000|1.0000000000|70.660004
2026-07-01|83|IFF|79.239998|81.620003|78.949997|81.150002|2236100|1.0000000000|81.150002
2026-07-01|84|TAP|39.270000|39.840000|38.779999|39.040001|3080000|1.0000000000|38.590191
2026-07-01|85|PNC|246.050003|252.729996|244.869995|251.619995|2220800|0.9920904849|249.629791
2026-07-01|86|TRV|331.890015|337.459991|331.000000|334.619995|1365800|1.0000000000|334.619995
2026-07-01|87|C|140.240005|141.279999|138.259995|140.130005|13702800|0.9949414872|139.421158
2026-07-01|88|FDX|313.000000|317.079987|310.609985|313.890015|2115100|1.0000000000|313.890015
2026-07-01|89|WDC|604.559998|617.390015|585.799988|598.369995|7934200|1.0000000000|598.369995
2026-07-01|90|DHR|191.970001|196.039993|190.580002|193.720001|4515600|1.0000000000|193.720001
2026-07-01|91|APA|32.340000|32.810001|31.770000|31.870001|5153300|0.9930109031|31.647257
2026-07-01|92|LUV|52.049999|52.230000|50.459999|50.470001|5010000|1.0000000000|50.470001
2026-07-01|93|PEG|80.970001|81.260002|80.099998|80.269997|3460900|1.0000000000|80.269997
2026-07-01|94|UNP|270.760010|278.799988|270.000000|277.730011|2223300|1.0000000000|277.730011
2026-07-01|95|ABT|92.250000|94.000000|91.769997|92.180000|13935800|0.9929181654|91.527199
2026-07-01|96|ADI|390.890015|397.579987|387.839996|388.980011|5750900|1.0000000000|388.980011
2026-07-01|97|ADM|76.290001|76.839996|75.279999|76.610001|2792500|0.9936931471|76.126831
2026-07-01|98|ADP|228.929993|236.830002|228.279999|235.729996|2988400|1.0000000000|235.729996
2026-07-01|99|AFL|117.980003|119.709999|117.480003|118.489998|1942300|0.9949889100|117.896233
2026-07-01|100|AMAT|668.409973|693.780029|639.059998|650.909973|16089200|0.9989318178|650.214661
2026-07-01|101|AMD|557.530029|564.090027|538.739990|540.880005|28326800|1.0000000000|540.880005
2026-07-01|102|APD|291.359985|307.760010|285.910004|306.399994|2692300|1.0000000000|306.399994
2026-07-01|103|BF-B|26.469999|26.950001|25.580000|25.830000|2911800|1.0000000000|25.830000
2026-07-01|104|CHD|97.169998|97.760002|96.309998|97.209999|1294500|0.9969601263|96.914490
2026-07-01|105|CINF|185.860001|187.789993|185.389999|187.210007|711900|1.0000000000|187.210007
2026-07-01|106|CMCSA|24.250000|24.490000|23.580000|23.730000|52264400|1.0000000000|23.730000
2026-07-01|107|D|68.360001|68.529999|67.379997|67.790001|6183900|1.0000000000|67.790001
2026-07-01|108|DOV|222.929993|223.509995|217.139999|217.169998|1389300|1.0000000000|217.169998
2026-07-01|109|DUK|126.580002|126.809998|125.239998|125.769997|4257900|0.9912844404|124.673836
2026-07-01|110|EFX|157.410004|163.869995|157.410004|162.169998|1694900|1.0000000000|162.169998
2026-07-01|111|EQT|53.000000|53.250000|52.320000|52.480000|7368400|0.9968732234|52.315907
2026-07-01|112|FITB|56.220001|58.150002|56.000000|57.490002|12255200|1.0000000000|57.490002
2026-07-01|113|GIS|37.720001|38.250000|36.529999|37.770000|27489200|0.9829846576|37.127331
2026-07-01|114|GPC|117.930000|119.650002|116.940002|117.400002|1367300|1.0000000000|117.400002
2026-07-01|115|HAS|83.180000|83.180000|81.349998|81.459999|1519500|0.9925523990|80.853317
2026-07-01|116|HBAN|17.790001|18.219999|17.600000|18.110001|21524000|1.0000000000|18.110001
2026-07-01|117|HRL|24.980000|25.290001|24.680000|24.879999|4670100|0.9881520418|24.585222
2026-07-01|118|HST|23.459999|23.639999|22.920000|23.350000|17417400|1.0000000000|23.350000
2026-07-01|119|HSY|175.220001|180.949997|175.220001|178.669998|2573400|0.9921985814|177.276123
2026-07-01|120|INTC|135.000000|135.740005|126.680000|127.019997|113107200|1.0000000000|127.019997
2026-07-01|121|J|126.349998|127.629997|124.580002|124.629997|1284400|0.9975665811|124.326721
2026-07-01|122|JPM|328.369995|335.640015|325.010010|334.070007|15210200|0.9955152929|332.571808
2026-07-01|123|KMB|110.050003|111.750000|109.440002|111.440002|4782100|1.0000000000|111.440002
2026-07-01|124|L|113.639999|115.099998|113.500000|114.120003|770000|0.9994397510|114.056068
2026-07-01|125|LEN|89.129997|90.849998|86.769997|87.059998|2682800|0.9940723176|86.543930
2026-07-01|126|LOW|222.759995|226.490005|220.699997|221.919998|2864300|0.9938577955|220.556915
2026-07-01|127|MAS|81.070000|82.900002|80.349998|81.639999|2650400|0.9956337837|81.283539
2026-07-01|128|MTB|237.779999|242.949997|236.619995|241.949997|1075500|1.0000000000|241.949997
2026-07-01|129|NEM|92.379997|96.220001|92.199997|93.300003|8407400|1.0000000000|93.300003
2026-07-01|130|NTRS|173.839996|177.660004|173.000000|175.600006|728600|1.0000000000|175.600006
2026-07-01|131|NUE|220.270004|220.899994|214.610001|219.020004|1675100|1.0000000000|219.020004
2026-07-01|132|OMC|72.790001|77.080002|72.410004|76.110001|5404800|1.0000000000|76.110001
2026-07-01|133|PCAR|120.070000|121.849998|119.000000|121.239998|2786400|0.9973590885|120.919815
2026-07-01|134|PGR|220.320007|226.460007|219.899994|225.300003|3622300|0.9995561474|225.199997
2026-07-01|135|PH|973.349976|979.599976|959.590027|963.809998|579600|1.0000000000|963.809998
2026-07-01|136|PHM|135.089996|137.970001|132.449997|132.589996|1675800|1.0000000000|132.589996
2026-07-01|137|PPG|120.769997|123.540001|120.480003|122.610001|1790200|0.9938189109|121.852142
2026-07-01|138|PPL|36.340000|36.380001|35.599998|35.619999|8595000|1.0000000000|35.619999
2026-07-01|139|RF|30.150000|30.850000|30.000000|30.799999|7417200|1.0000000000|30.799999
2026-07-01|140|ROL|42.000000|43.040001|42.000000|42.139999|3489400|0.9951510336|41.935665
2026-07-01|141|SHW|344.040009|351.980011|342.160004|346.049988|2485600|0.9976939264|345.251984
2026-07-01|142|STT|168.759995|172.320007|168.020004|169.669998|1144200|1.0000000000|169.669998
2026-07-01|143|SWK|93.500000|95.160004|91.279999|91.339996|1780400|1.0000000000|91.339996
2026-07-01|144|SYK|317.160004|319.019989|309.230011|313.390015|2917800|1.0000000000|313.390015
2026-07-01|145|TMO|504.779999|521.169983|502.869995|513.330017|2220000|1.0000000000|513.330017
2026-07-01|146|TPL|434.000000|444.000000|414.799988|415.019989|479500|1.0000000000|415.019989
2026-07-01|147|TSN|57.669998|59.110001|57.610001|58.430000|2482400|1.0000000000|58.430000
2026-07-01|148|TT|485.000000|497.649994|476.660004|484.579987|1087000|1.0000000000|484.579987
2026-07-01|149|TYL|300.519989|310.480011|298.420013|301.670013|829100|1.0000000000|301.670013
2026-07-01|150|UDR|40.060001|41.090000|40.060001|40.619999|3251200|0.9926177659|40.320129
2026-07-01|151|VTRS|16.030001|16.340000|15.920000|16.180000|13488300|0.9925558317|16.059553
2026-07-01|152|WEC|116.650002|117.150002|115.720001|116.220001|1582200|0.9913583604|115.215668
2026-07-01|153|WST|359.059998|365.489990|354.850006|365.000000|853600|0.9993471810|364.761719
2026-07-01|154|NDSN|300.519989|301.000000|294.790009|295.640015|657200|1.0000000000|295.640015
2026-07-01|155|TFC|49.270000|51.029999|49.220001|50.889999|7840400|0.9901868280|50.390606
2026-07-01|156|WELL|227.600006|231.850006|226.970001|230.190002|2735900|0.9962391044|229.324280
2026-07-01|157|AON|327.829987|347.269989|327.829987|343.559998|1913700|0.9977256968|342.778656
2026-07-01|158|GL|178.979996|182.320007|178.979996|180.070007|773000|0.9981716439|179.740768
2026-07-01|159|OKE|86.529999|87.110001|85.449997|85.730003|3177400|0.9882171564|84.719864
2026-07-01|160|KLAC|285.519989|290.839996|259.799988|266.190002|24163600|0.9988709994|265.889496
2026-07-01|161|CSX|47.869999|48.580002|47.490002|48.330002|12746800|1.0000000000|48.330002
2026-07-01|162|PSA|318.089996|324.609985|318.079987|323.040009|613000|1.0000000000|323.040009
2026-07-01|163|NKE|41.400002|43.279999|40.110001|43.060001|80185700|1.0000000000|43.060001
2026-07-01|164|AAPL|293.440002|296.589996|289.200012|294.380005|50164200|0.9991382887|294.126343
2026-07-01|165|BRO|64.800003|68.160004|64.519997|67.360001|2734500|0.9976903696|67.204422
2026-07-01|166|UHS|149.160004|151.639999|147.690002|150.580002|883000|1.0000000000|150.580002
2026-07-01|167|HD|353.980011|357.119995|350.839996|350.839996|4041300|1.0000000000|350.839996
2026-07-01|168|BAX|21.400000|21.950001|21.379999|21.690001|6497600|1.0000000000|21.681637
2026-07-01|169|COP|103.599998|104.779999|102.690002|103.220001|5744200|0.9933743492|102.536102
2026-07-01|170|GLW|239.500000|240.869995|218.110001|220.630005|22393500|1.0000000000|220.630005
2026-07-01|171|HUM|395.670013|414.820007|391.970001|409.420013|1689300|1.0000000000|409.420013
2026-07-01|172|LHX|293.989990|296.350006|291.929993|292.230011|1911100|1.0000000000|292.230011
2026-07-01|173|NOC|514.440002|525.309998|511.079987|519.950012|902800|1.0000000000|519.950012
2026-07-01|174|OXY|48.380001|48.720001|47.770000|47.939999|8495700|1.0000000000|47.939999
2026-07-01|175|ROK|488.059998|493.970001|481.890015|482.820007|878300|0.9969290339|481.337280
2026-07-01|176|SLB|46.360001|46.360001|45.080002|45.090000|16049800|1.0000000000|45.090000
2026-07-01|177|SO|95.879997|96.019997|95.080002|95.120003|4678600|0.9918103451|94.341003
2026-07-01|178|WMB|74.160004|74.529999|72.269997|72.769997|8557200|1.0000000000|72.769997
2026-07-01|179|VLO|263.040009|269.899994|260.750000|269.440002|2390500|0.9961502678|268.402740
2026-07-01|180|CI|276.739990|279.549988|273.660004|277.070007|2225400|1.0000000000|277.070007
2026-07-01|181|NSC|314.000000|320.190002|313.000000|318.989990|1173500|0.9960579337|317.732513
2026-07-01|182|COO|72.309998|73.529999|71.739998|71.949997|5040400|1.0000000000|71.949997
2026-07-01|183|AMGN|362.630005|364.000000|357.890015|361.329987|2244800|0.9941899340|359.230621
2026-07-01|184|RJF|152.330002|158.649994|152.229996|158.190002|1631200|1.0000000000|158.190002
2026-07-01|185|WSM|235.470001|235.470001|227.979996|228.149994|1543700|0.9966722130|227.390762
2026-07-01|186|CAH|238.869995|239.710007|233.000000|237.720001|1369700|1.0000000000|237.720001
2026-07-01|187|CTAS|171.570007|176.860001|170.869995|174.229996|1763200|0.9974090682|173.778580
2026-07-01|188|PAYX|100.860001|103.970001|100.309998|102.709999|4417700|0.9896951856|101.651588
2026-07-01|189|BEN|33.959999|34.520000|33.270000|34.060001|4544100|1.0000000000|34.060001
2026-07-01|190|AOS|62.459999|63.009998|61.750000|62.139999|1502500|0.9939809398|61.765976
2026-07-01|191|CASY|793.590027|793.590027|771.609985|784.280029|507000|0.9992507205|783.692383
2026-07-01|192|T|20.629999|21.030001|20.290001|20.480000|137694400|0.9867870728|20.209398
2026-07-01|193|VZ|42.389999|42.799999|41.490002|41.990002|57139600|0.9832386370|41.286194
2026-07-01|194|JBHT|289.429993|294.980011|285.920013|290.070007|1197900|0.9983161833|289.581573
2026-07-01|195|ATO|172.110001|173.850006|172.000000|173.029999|1142900|0.9940065930|171.992950
2026-07-01|196|LRCX|404.970001|415.489990|381.000000|391.260010|18699300|1.0000000000|391.260010
2026-07-01|197|MU|1082.010010|1097.000000|1032.199951|1032.280029|51328100|0.9998462422|1032.121338
2026-07-01|198|AJG|230.809998|244.080002|229.630005|239.669998|3061500|1.0000000000|239.669998
2026-07-01|199|AME|241.320007|243.630005|237.020004|237.130005|994000|1.0000000000|237.130005
2026-07-01|200|SWKS|67.169998|68.570000|65.470001|65.930000|6482700|1.0000000000|65.930000
2026-07-01|201|EXPD|164.020004|167.649994|163.210007|166.809998|1557800|1.0000000000|166.809998
2026-07-01|202|UNH|417.109985|428.019989|413.730011|426.540009|4985900|1.0000000000|426.540009
2026-07-01|203|BBY|75.309998|77.290001|75.089996|77.230003|4081800|1.0000000000|77.230003
2026-07-01|204|DOC|21.299999|21.770000|21.280001|21.639999|7118400|0.9905847075|21.436255
2026-07-01|205|ADSK|200.000000|204.699997|198.490005|199.759995|2360300|1.0000000000|199.759995
2026-07-01|206|DVN|41.070000|41.779999|40.160000|40.250000|11792600|1.0000000000|40.250000
2026-07-01|207|NVR|6783.899902|6879.120117|6640.700195|6643.729980|22200|1.0000000000|6643.729980
2026-07-01|208|ROST|212.660004|213.500000|210.149994|211.899994|2257300|1.0000000000|211.899994
2026-07-01|209|JKHY|139.399994|145.100006|139.369995|142.419998|1385600|1.0000000000|142.419998
2026-07-01|210|MNST|97.059998|98.309998|96.629997|97.349998|4300600|0.5000000000|97.349998
2026-07-01|211|ORCL|144.490005|147.550003|142.500000|142.500000|45964000|0.9965330745|142.005966
2026-07-01|212|MSFT|380.829987|388.829987|374.890015|384.279999|48065800|0.9981210382|383.557953
2026-07-01|213|TROW|112.970001|117.540001|112.970001|116.110001|2185400|1.0000000000|116.110001
2026-07-01|214|COST|940.429993|940.429993|920.549988|924.669983|2909700|0.9984126298|923.202148
2026-07-01|215|ADBE|209.429993|213.660004|207.059998|210.979996|5863800|1.0000000000|210.979996
2026-07-01|216|FISV|50.080002|51.810001|49.660000|50.730000|7048300|1.0000000000|50.730000
2026-07-01|217|BKR|55.049999|55.349998|53.689999|53.820000|9490700|0.9963346614|53.622730
2026-07-01|218|CDNS|383.880005|386.750000|376.579987|377.730011|1693400|1.0000000000|377.730011
2026-07-01|219|TJX|152.050003|152.360001|149.710007|151.350006|5047700|0.9968547277|150.873962
2026-07-01|220|FICO|1200.510010|1226.680054|1189.000000|1206.650024|254700|1.0000000000|1206.650024
2026-07-01|221|CCL|28.600000|29.430000|28.480000|28.520000|18553900|0.9947898578|28.371407
2026-07-01|222|FAST|48.500000|48.529999|47.540001|47.750000|6548800|0.9945424013|47.489399
2026-07-01|223|SCHW|92.760002|96.070000|92.309998|95.779999|10685400|0.9970924949|95.501518
2026-07-01|224|JCI|144.250000|151.179993|142.720001|144.800003|9190500|1.0000000000|144.800003
2026-07-01|225|COHR|370.109985|386.739990|360.010010|368.649994|4316200|1.0000000000|368.649994
2026-07-01|226|KEY|23.059999|23.510000|22.930000|23.250000|11474300|1.0000000000|23.250000
2026-07-01|227|MOS|21.100000|21.850000|21.040001|21.299999|10502100|1.0000000000|21.299999
2026-07-01|228|MGM|47.799999|48.139999|47.490002|47.520000|3557900|1.0000000000|47.520000
2026-07-01|229|WM|223.990005|225.639999|223.300003|224.080002|1572200|1.0000000000|224.080002
2026-07-01|230|TECH|70.779999|71.000000|70.559998|71.000000|12482200|0.9988938053|70.921463
2026-07-01|231|IEX|227.110001|229.240005|224.339996|224.960007|862700|0.9967384506|224.226288
2026-07-01|232|GEN|25.129999|26.559999|25.129999|26.110001|9750900|0.9956109550|25.995403
2026-07-01|233|CRH|106.410004|108.150002|105.059998|105.190002|5619000|0.9960081882|104.770103
2026-07-01|234|EOG|129.000000|130.770004|127.300003|128.589996|2976600|0.9926332518|127.642700
2026-07-01|235|PTC|114.980003|121.169998|114.879997|119.779999|2269200|1.0000000000|119.779999
2026-07-01|236|CSCO|116.540001|117.430000|114.989998|117.010002|32016000|0.9962729613|116.573906
2026-07-01|237|LH|280.480011|286.549988|278.709991|283.880005|722000|1.0000000000|283.272675
2026-07-01|238|TRMB|51.880001|53.570000|51.770000|52.580002|4416700|1.0000000000|52.580002
2026-07-01|239|AZO|3200.000000|3239.139893|3183.120117|3218.149902|447000|1.0000000000|3218.149902
2026-07-01|240|REGN|629.900024|632.849976|623.890015|624.719971|1170600|0.9988336456|623.991333
2026-07-01|241|IDXX|533.609985|539.090027|528.710022|537.580017|663200|1.0000000000|537.580017
2026-07-01|242|AES|14.640000|14.690000|14.630000|14.640000|8637300|0.9881481485|14.466489
2026-07-01|243|VRTX|502.709991|502.709991|494.799988|498.010010|1444300|1.0000000000|498.010010
2026-07-01|244|ZBRA|262.299988|274.549988|260.209991|267.850006|939600|1.0000000000|267.850006
2026-07-01|245|BIIB|215.250000|215.809998|209.669998|209.740005|1138600|1.0000000000|209.740005
2026-07-01|246|ODFL|220.690002|221.000000|213.220001|217.960007|1616200|1.0000000000|217.960007
2026-07-01|247|APH|174.139999|174.139999|167.529999|172.220001|8011500|1.0000000000|172.220001
2026-07-01|248|KIM|25.340000|25.469999|25.080000|25.080000|4600700|1.0000000000|25.080000
2026-07-01|249|QCOM|183.589996|190.990005|181.600006|181.919998|23313200|1.0000000000|181.919998
2026-07-01|250|GILD|127.279999|127.620003|125.129997|125.970001|6654900|1.0000000000|125.970001
2026-07-01|251|ROP|346.850006|355.929993|343.130005|354.679993|932700|0.9974983506|353.792694
2026-07-01|252|SNPS|454.000000|464.459991|453.410004|454.529999|1543200|1.0000000000|454.529999
2026-07-01|253|STZ|142.759995|144.000000|134.330002|136.880005|4514900|0.9921821632|135.809891
2026-07-01|254|BSX|43.209999|43.759998|42.709999|43.060001|25515500|1.0000000000|43.060001
2026-07-01|255|STE|212.220001|215.440002|211.740005|212.300003|1079800|1.0000000000|212.300003
2026-07-01|256|DHI|160.789993|163.990005|156.940002|157.059998|2263700|0.9970287223|156.593323
2026-07-01|257|LIN|525.309998|538.950012|517.000000|533.549988|3087500|1.0000000000|533.549988
2026-07-01|258|SBUX|102.440002|103.760002|101.400002|103.389999|7464100|0.9942883465|102.799469
2026-07-01|259|MS|208.960007|213.190002|206.720001|211.860001|4690000|0.9945253736|210.700150
2026-07-01|260|INTU|270.140015|276.149994|266.440002|267.079987|4807400|0.9955898568|265.902130
2026-07-01|261|MCHP|89.500000|91.400002|88.620003|88.690002|14264100|0.9940194534|88.159584
2026-07-01|262|CB|343.709991|352.950012|342.420013|351.730011|2375300|1.0000000000|351.730011
2026-07-01|263|ORLY|92.790001|92.910004|91.690002|92.690002|8694100|1.0000000000|92.690002
2026-07-01|264|RCL|317.619995|320.290009|306.279999|306.299988|2184500|1.0000000000|306.299988
2026-07-01|265|JBL|377.660004|379.190002|367.589996|375.339996|1189500|0.9997839939|375.258911
2026-07-01|266|ALL|237.660004|243.750000|236.500000|243.119995|1670200|1.0000000000|243.119995
2026-07-01|267|CPT|114.900002|117.559998|114.900002|115.660004|1147600|1.0000000000|115.660004
2026-07-01|268|VMRK|68.150002|69.489998|68.150002|68.629997|2851700|1.0000000000|68.629997
2026-07-01|269|IT|131.820007|137.089996|131.820007|133.759995|1470400|1.0000000000|133.759995
2026-07-01|270|DECK|100.000000|101.730003|99.320000|100.330002|2018500|1.0000000000|100.330002
2026-07-01|271|REG|79.839996|80.150002|79.070000|79.370003|1701100|1.0000000000|79.370003
2026-07-01|272|INCY|114.699997|116.000000|113.309998|113.809998|1711000|1.0000000000|113.809998
2026-07-01|273|SPG|221.360001|223.169998|220.039993|223.000000|2551000|1.0000000000|223.000000
2026-07-01|274|MAA|139.600006|142.100006|139.220001|139.940002|986100|0.9885547570|138.338364
2026-07-01|275|MLM|571.099976|582.380005|562.000000|579.239990|783300|1.0000000000|579.239990
2026-07-01|276|TSCO|32.020000|32.490002|31.719999|32.259998|8870300|0.9931389364|32.038658
2026-07-01|277|ALB|133.630005|139.250000|133.630005|136.080002|2413500|1.0000000000|136.080002
2026-07-01|278|CPRT|28.730000|29.209999|28.459999|28.790001|15184900|1.0000000000|28.790001
2026-07-01|279|FLEX|156.820007|157.419998|149.169998|153.529999|4560000|1.0000000000|153.529999
2026-07-01|280|ESS|293.269989|299.290009|292.829987|295.179993|360000|1.0000000000|295.179993
2026-07-01|281|O|62.110001|62.410000|61.799999|61.820000|5705200|0.9957938849|61.559978
2026-07-01|282|MCO|455.489990|474.390015|454.000000|468.380005|1080600|0.9978911593|467.392273
2026-07-01|283|SJM|113.629997|115.449997|113.110001|114.860001|1933600|0.9907154105|113.793571
2026-07-01|284|MCK|757.000000|772.510010|747.650024|768.059998|1200700|1.0000000000|768.059998
2026-07-01|285|COF|201.820007|205.830002|200.750000|204.820007|3358700|0.9964810416|204.099258
2026-07-01|286|EME|826.830017|826.830017|796.619995|804.330017|342400|0.9994836978|803.914734
2026-07-01|287|DLTR|120.489998|124.300003|120.489998|121.150002|5394100|1.0000000000|121.150002
2026-07-01|288|COR|284.299988|288.600006|280.959991|288.420013|1291500|0.9980645786|287.861786
2026-07-01|289|DRI|205.779999|207.250000|201.910004|201.949997|1417800|0.9919770205|200.329758
2026-07-01|290|RMD|196.990005|203.220001|196.990005|201.100006|1112000|0.9971385215|200.524551
2026-07-01|291|WAB|268.309998|269.779999|263.720001|264.000000|769400|0.9989689007|263.727783
2026-07-01|292|FCX|61.700001|63.049999|60.529999|60.529999|15526400|0.9975786925|60.383438
2026-07-01|293|IVZ|26.340000|27.400000|26.230000|26.830000|5218500|0.9933559952|26.651741
2026-07-01|294|ACGL|97.589996|99.040001|97.320000|98.550003|1712500|1.0000000000|98.550003
2026-07-01|295|ERIE|241.440002|251.720001|238.419998|249.270004|358100|0.9943102712|247.851715
2026-07-01|296|EG|360.000000|364.179993|357.390015|359.929993|444200|1.0000000000|359.929993
2026-07-01|297|DVA|221.619995|229.800003|220.500000|228.029999|850500|1.0000000000|228.029999
2026-07-01|298|HSIC|83.470001|85.470001|83.470001|84.519997|1191900|1.0000000000|84.519997
2026-07-01|299|EL|79.430000|82.529999|78.690002|82.470001|3663500|1.0000000000|82.470001
2026-07-01|300|WAT|374.890015|382.350006|371.739990|378.130005|928100|1.0000000000|378.130005
2026-07-01|301|NTAP|155.020004|160.289993|153.100006|156.380005|4005600|0.9969719908|155.906479
2026-07-01|302|HIG|132.860001|135.389999|132.520004|133.889999|1949000|1.0000000000|133.889999
2026-07-01|303|IRM|125.620003|126.529999|121.250000|121.900002|2204100|1.0000000000|121.900002
2026-07-01|304|BRK-B|501.829987|503.829987|499.079987|499.739990|4101300|1.0000000000|499.739990
2026-07-01|305|FDS|222.000000|254.190002|221.250000|245.550003|1960100|1.0000000000|245.550003
2026-07-01|306|STLD|226.110001|226.860001|218.729996|221.759995|1392800|1.0000000000|221.759995
2026-07-01|307|DGX|213.669998|216.869995|211.399994|216.020004|1004100|0.9959506546|215.145264
2026-07-01|308|CIEN|466.200012|482.160004|459.230011|462.440002|2042900|1.0000000000|462.440002
2026-07-01|309|TTWO|252.529999|253.199997|248.139999|250.320007|2305200|1.0000000000|250.320007
2026-07-01|310|VTR|89.029999|90.309998|88.709999|89.650002|7452200|1.0000000000|89.650002
2026-07-01|311|AMZN|239.750000|244.899994|234.899994|241.699997|53829900|1.0000000000|241.699997
2026-07-01|312|ARE|52.799999|54.119999|52.230000|53.009998|1616400|1.0000000000|53.009998
2026-07-01|313|RL|402.049988|404.619995|396.600006|398.019989|499700|1.0000000000|398.019989
2026-07-01|314|BXP|66.050003|68.470001|65.860001|67.760002|1449700|1.0000000000|67.760002
2026-07-01|315|FIX|1935.579956|1935.579956|1853.010010|1865.150024|438200|0.9994824076|1864.184570
2026-07-01|316|YUM|160.419998|161.639999|158.630005|161.589996|3026200|1.0000000000|161.589996
2026-07-01|317|CHRW|188.360001|193.380005|186.250000|191.270004|1949900|1.0000000000|191.270004
2026-07-01|318|FE|47.459999|47.650002|46.950001|47.070000|3345200|0.9901836603|46.607944
2026-07-01|319|MTD|1284.739990|1311.410034|1278.650024|1300.380005|265400|1.0000000000|1300.380005
2026-07-01|320|PLD|135.679993|138.800003|135.100006|136.800003|3140200|1.0000000000|136.800003
2026-07-01|321|URI|1128.300049|1142.000000|1111.099976|1111.760010|311800|0.9982773546|1109.844849
2026-07-01|322|AEE|113.279999|113.419998|111.980003|112.190002|3000200|1.0000000000|112.190002
2026-07-01|323|VRSN|255.830002|259.730011|254.309998|255.899994|635700|0.9970730649|255.150986
2026-07-01|324|PWR|709.070007|709.070007|687.619995|691.400024|1240400|1.0000000000|691.400024
2026-07-01|325|AMT|163.529999|168.149994|162.270004|166.080002|4626500|1.0000000000|166.080002
2026-07-01|326|MAR|369.950012|373.380005|365.450012|368.320007|1669300|0.9979719406|367.573029
2026-07-01|327|CTSH|39.700001|41.709999|39.290001|41.070000|12060300|0.9941706413|40.830589
2026-07-01|328|SRE|92.320000|93.110001|91.279999|91.370003|3620200|1.0000000000|91.370003
2026-07-01|329|CSGP|29.080000|30.020000|28.770000|29.360001|6235100|1.0000000000|29.360001
2026-07-01|330|RSG|214.339996|216.179993|213.940002|214.710007|1277300|0.9970890970|214.085007
2026-07-01|331|CCI|75.620003|77.239998|74.330002|76.529999|4547800|1.0000000000|76.529999
2026-07-01|332|EBAY|111.480003|113.570000|110.419998|111.279999|2683500|1.0000000000|110.942688
2026-07-01|333|NVDA|196.199997|199.850006|193.449997|197.580002|146147600|1.0000000000|197.580002
2026-07-01|334|BKNG|179.880005|185.449997|177.520004|182.639999|7100800|1.0000000000|182.639999
2026-07-01|335|GS|1010.000000|1033.530029|1003.000000|1019.609985|1735000|1.0000000000|1019.609985
2026-07-01|336|FFIV|413.410004|424.869995|413.010010|424.179993|668900|1.0000000000|424.179993
2026-07-01|337|SBAC|177.789993|181.649994|176.179993|180.750000|1215500|0.9931480565|179.511505
2026-07-01|338|LII|568.059998|587.270020|564.239990|571.080017|597000|1.0000000000|571.080017
2026-07-01|339|BLK|960.419983|986.570007|957.109985|980.380005|969300|1.0000000000|980.380005
2026-07-01|340|TKO|200.759995|209.970001|200.759995|202.429993|1829700|1.0000000000|202.429993
2026-07-01|341|AKAM|117.260002|118.349998|112.349998|112.809998|4235500|1.0000000000|112.809998
2026-07-01|342|UPS|108.040001|111.059998|107.300003|109.540001|4218600|0.9843062201|107.820908
2026-07-01|343|A|132.990005|135.710007|131.880005|133.389999|2575400|1.0000000000|133.389999
2026-07-01|344|TDY|660.239990|674.659973|649.090027|661.200012|398500|1.0000000000|661.200012
2026-07-01|345|PKG|237.619995|239.679993|236.589996|237.929993|513000|1.0000000000|237.929993
2026-07-01|346|EW|91.010002|92.389999|90.279999|91.989998|4284000|1.0000000000|91.989998
2026-07-01|347|MET|85.010002|87.529999|85.010002|87.199997|3500300|0.9938427991|86.663086
2026-07-01|348|ON|92.000000|96.830002|91.650002|94.629997|16677200|1.0000000000|94.629997
2026-07-01|349|ISRG|403.000000|408.619995|399.989990|402.380005|1939300|1.0000000000|402.380005
2026-07-01|350|CRL|225.619995|236.619995|224.929993|229.089996|1086100|1.0000000000|229.089996
2026-07-01|351|MRVL|282.470001|292.500000|271.350006|272.049988|33822700|0.9997533605|271.982880
2026-07-01|352|EQIX|1027.550049|1045.540039|1003.400024|1013.619995|956400|0.9952446339|1008.799866
2026-07-01|353|TPR|145.380005|147.339996|143.470001|143.990005|2410200|1.0000000000|143.990005
2026-07-01|354|GRMN|237.429993|241.179993|234.860001|237.639999|651200|1.0000000000|237.639999
2026-07-01|355|GPN|73.510002|76.589996|72.620003|75.050003|4259300|1.0000000000|75.050003
2026-07-01|356|ALGN|168.660004|182.839996|166.910004|181.490005|1506000|1.0000000000|181.490005
2026-07-01|357|WTW|263.940002|276.859985|263.149994|275.040009|695000|1.0000000000|275.040009
2026-07-01|358|MDLZ|58.250000|59.560001|58.150002|59.349998|12148000|1.0000000000|59.349998
2026-07-01|359|AXON|580.520020|610.989990|560.619995|593.960022|1765900|1.0000000000|593.960022
2026-07-01|360|FIS|39.240002|41.150002|39.240002|40.799999|6015700|1.0000000000|40.799999
2026-07-01|361|ACN|126.199997|133.809998|126.050003|131.130005|14977700|0.9881186678|129.572006
2026-07-01|362|ZBH|86.699997|87.199997|84.070000|84.169998|3484500|1.0000000000|84.169998
2026-07-01|363|BG|106.379997|106.870003|104.120003|104.889999|2297200|0.9937342270|104.232780
2026-07-01|364|PFG|107.550003|109.669998|107.070000|108.930000|1411400|1.0000000000|108.930000
2026-07-01|365|ELV|389.899994|416.260010|388.700012|416.190002|2106500|1.0000000000|416.190002
2026-07-01|366|CNC|66.480003|68.410004|65.440002|68.349998|5834100|1.0000000000|68.349998
2026-07-01|367|PRU|108.379997|111.690002|108.089996|111.070000|1818800|0.9885872665|109.802383
2026-07-01|368|NFLX|72.589996|74.360001|72.330002|74.190002|43841800|1.0000000000|74.190002
2026-07-01|369|NDAQ|79.809998|82.870003|79.239998|82.730003|5146300|1.0000000000|82.730003
2026-07-01|370|WYNN|97.160004|97.870003|95.709999|96.110001|1403100|0.9975578784|95.875290
2026-07-01|371|CME|223.729996|231.130005|222.250000|231.000000|5158800|1.0000000000|231.000000
2026-07-01|372|STX|896.739990|936.650024|886.200012|915.190002|3599800|1.0000000000|915.190002
2026-07-01|373|NRG|145.559998|145.850006|137.479996|140.800003|3426200|0.9964628787|140.301971
2026-07-01|374|AIZ|269.429993|276.059998|269.429993|274.140015|300100|1.0000000000|274.140015
2026-07-01|375|CBRE|135.020004|139.600006|134.979996|138.300003|1432800|1.0000000000|138.300003
2026-07-01|376|CRM|162.220001|165.809998|161.199997|163.229996|14164600|1.0000000000|163.229996
2026-07-01|377|DPZ|300.730011|306.410004|297.089996|304.179993|733500|1.0000000000|304.179993
2026-07-01|378|EXR|145.740005|148.020004|145.740005|147.289993|971200|1.0000000000|147.289993
2026-07-01|379|GOOG|354.614990|359.559998|353.230011|357.890015|19546800|1.0000000000|357.890015
2026-07-01|380|GOOGL|358.369995|362.970001|356.429993|361.209991|26736400|1.0000000000|361.209991
2026-07-01|381|DLR|178.660004|180.979996|175.330002|176.320007|10161700|1.0000000000|176.320007
2026-07-01|382|MPWR|1344.890015|1386.599976|1328.670044|1331.729980|1515600|1.0000000000|1331.729980
2026-07-01|383|LVS|46.160000|46.279999|45.619999|46.250000|4242800|0.9936548222|45.956535
2026-07-01|384|DXCM|68.160004|69.660004|67.870003|68.860001|4793600|1.0000000000|68.860001
2026-07-01|385|BLDR|88.220001|89.570000|84.620003|84.769997|2276100|1.0000000000|84.769997
2026-07-01|386|WBD|26.709999|26.950001|26.690001|26.809999|15340200|1.0000000000|26.809999
2026-07-01|387|EXPE|261.980011|268.480011|256.480011|264.540009|1149300|0.9985604607|264.159210
2026-07-01|388|CF|108.410004|110.349998|107.500000|108.160004|2586400|0.9948739856|107.605576
2026-07-01|389|AMP|460.000000|480.809998|457.390015|479.679993|657400|0.9968855344|478.186035
2026-07-01|390|ICE|124.059998|128.699997|123.610001|126.730003|5893600|1.0000000000|126.730003
2026-07-01|391|PSKY|9.900000|10.240000|9.720000|10.170000|7970800|1.0000000000|10.170000
2026-07-01|392|LYV|184.240005|187.639999|180.880005|183.979996|3150200|1.0000000000|183.979996
2026-07-01|393|CMG|33.959999|35.090000|33.959999|35.000000|17006800|1.0000000000|35.000000
2026-07-01|394|UAL|136.119995|136.649994|134.119995|135.130005|5075600|1.0000000000|135.130005
2026-07-01|395|TDG|1340.640015|1345.099976|1304.739990|1309.180054|423100|1.0000000000|1309.180054
2026-07-01|396|MA|517.250000|530.409973|513.419983|522.440002|4412800|0.9983264725|521.565674
2026-07-01|397|LDOS|103.889999|105.809998|103.050003|103.070000|1645100|1.0000000000|103.070000
2026-07-01|398|FSLR|231.990005|241.000000|231.130005|232.080002|1417500|1.0000000000|232.080002
2026-07-01|399|BR|136.240005|143.720001|136.240005|140.929993|1437200|1.0000000000|140.929993
2026-07-01|400|SMCI|28.280001|28.629999|27.480000|27.650000|52034200|1.0000000000|27.650000
2026-07-01|401|TMUS|169.669998|173.990005|169.350006|173.059998|5941100|1.0000000000|172.066910
2026-07-01|402|DAL|94.470001|94.589996|92.949997|93.059998|6114700|0.9975369458|92.830788
2026-07-01|403|IBKR|88.029999|95.570000|87.570000|93.250000|7441700|1.0000000000|93.250000
2026-07-01|404|PODD|157.690002|160.449997|154.490005|159.789993|1556200|1.0000000000|159.789993
2026-07-01|405|TEL|200.500000|204.860001|199.020004|201.440002|2066500|0.9961105015|200.656494
2026-07-01|406|BX|118.080002|121.010002|117.949997|119.550003|5555900|0.9899021526|118.342804
2026-07-01|407|LULU|115.309998|116.919998|114.000000|116.400002|2623300|1.0000000000|116.400002
2026-07-01|408|ULTA|450.500000|456.910004|445.500000|454.779999|774400|1.0000000000|454.779999
2026-07-01|409|MSCI|564.030029|589.770020|564.030029|582.030029|888100|0.9964362700|579.955872
2026-07-01|410|ECHO|100.940002|102.860001|98.620003|100.879997|5115500|1.0000000000|100.879997
2026-07-01|411|PM|180.820007|181.539993|176.500000|177.690002|5910600|1.0000000000|177.690002
2026-07-01|412|V|344.559998|353.359985|340.980011|351.079987|13025900|0.9981456881|350.428986
2026-07-01|413|AWK|131.600006|133.429993|130.990005|131.789993|2462200|0.9933923956|130.919174
2026-07-01|414|KDP|33.189999|33.619999|33.160000|33.369999|17819700|1.0000000000|33.369999
2026-07-01|415|SW|45.950001|46.599998|45.639999|46.090000|3942300|0.9909636146|45.673515
2026-07-01|416|AVGO|371.869995|373.750000|368.029999|369.339996|23712600|1.0000000000|369.339996
2026-07-01|417|VRSK|181.679993|188.009995|179.610001|183.720001|3279600|1.0000000000|183.720001
2026-07-01|418|DG|114.980003|116.519997|114.129997|115.199997|2676500|0.9949256041|114.615425
2026-07-01|419|FTNT|154.740005|159.800003|152.539993|158.979996|4734400|1.0000000000|158.979996
2026-07-01|420|CHTR|144.089996|145.550003|139.649994|139.839996|2225900|1.0000000000|139.839996
2026-07-01|421|FERG|236.800003|237.399994|229.190002|229.199997|1283100|0.9962829937|228.348053
2026-07-01|422|GNRC|288.049988|289.410004|269.190002|270.220001|1021600|1.0000000000|270.220001
2026-07-01|423|LYB|52.070000|53.419998|51.980000|52.580002|4829200|0.9897823188|52.042755
2026-07-01|424|CBOE|241.490005|251.750000|241.000000|247.720001|1246900|1.0000000000|247.720001
2026-07-01|425|TSLA|421.459991|432.859985|418.089996|425.299988|40127900|1.0000000000|425.299988
2026-07-01|426|KKR|93.099998|94.290001|92.010002|92.559998|3505900|0.9981032973|92.384438
2026-07-01|427|NXPI|275.829987|283.320007|273.309998|279.179993|5001300|1.0000000000|279.179993
2026-07-01|428|GM|76.989998|77.519997|75.199997|75.519997|7662000|1.0000000000|75.519997
2026-07-01|429|TRGP|267.160004|268.630005|257.750000|257.809998|1600200|0.9953417306|256.609039
2026-07-01|430|CPAY|333.040009|345.730011|333.040009|340.940002|530400|1.0000000000|340.940002
2026-07-01|431|KMI|31.850000|32.029999|31.510000|31.719999|8380400|0.9907395899|31.426258
2026-07-01|432|HCA|389.769989|394.149994|388.010010|393.239990|1177300|1.0000000000|393.239990
2026-07-01|433|HII|283.200012|285.000000|278.329987|278.970001|395400|1.0000000000|277.675049
2026-07-01|434|APO|118.309998|121.629997|116.680000|118.440002|9006300|0.9957937992|117.941826
2026-07-01|435|MPC|257.459991|264.959991|255.009995|264.869995|1872100|0.9972693263|264.146729
2026-07-01|436|XYL|119.059998|120.320000|117.220001|117.269997|1835200|0.9962087815|116.825401
2026-07-01|437|APTV|60.540001|62.970001|60.189999|60.279999|3158700|1.0000000000|60.279999
2026-07-01|438|PSX|169.710007|174.589996|169.690002|174.500000|2481500|0.9947204324|173.578720
2026-07-01|439|AMCR|43.349998|44.290001|43.130001|43.639999|3364800|1.0000000000|43.639999
2026-07-01|440|META|607.909973|628.280029|595.099976|612.909973|45536300|1.0000000000|612.909973
2026-07-01|441|NOW|103.599998|106.690002|101.769997|105.800003|26458600|1.0000000000|105.800003
2026-07-01|442|PANW|345.549988|358.100006|341.000000|352.040009|7265500|1.0000000000|352.040009
2026-07-01|443|FANG|176.460007|179.000000|171.479996|171.960007|2706500|0.9945230033|171.018173
2026-07-01|444|WDAY|128.759995|131.300003|126.080002|130.270004|3564000|1.0000000000|130.270004
2026-07-01|445|ABBV|250.750000|251.800003|247.559998|251.059998|6988000|0.9929324291|249.285614
2026-07-01|446|NCLH|21.110001|21.400000|20.570000|20.670000|14805500|1.0000000000|20.670000
2026-07-01|447|ZTS|72.260002|74.639999|72.110001|72.449997|6268200|0.9930773248|71.948448
2026-07-01|448|IQV|195.139999|206.500000|195.139999|203.199997|2484000|1.0000000000|203.199997
2026-07-01|449|NWS|28.290001|29.820000|28.059999|29.250000|2134400|1.0000000000|29.250000
2026-07-01|450|NWSA|24.910000|26.360001|24.790001|25.780001|7135400|1.0000000000|25.780001
2026-07-01|451|CDW|140.320007|144.330002|138.119995|138.410004|1771000|0.9952456416|137.751953
2026-07-01|452|VEEV|182.000000|189.119995|181.050003|184.220001|3150400|1.0000000000|184.220001
2026-07-01|453|ALLE|139.610001|142.009995|138.410004|139.929993|1079100|1.0000000000|139.929993
2026-07-01|454|HLT|329.779999|335.130005|329.029999|332.119995|2092100|0.9995449167|331.968842
2026-07-01|455|ARES|112.349998|115.360001|111.160004|113.629997|2432600|1.0000000000|113.629997
2026-07-01|456|ANET|165.554993|170.500000|159.199997|166.619995|9098200|1.0000000000|166.619995
2026-07-01|457|SYF|76.220001|77.129997|75.614998|76.769997|3534000|0.9957005565|76.439926
2026-07-01|458|CFG|69.580002|72.154999|69.510002|71.820000|5744100|0.9935492916|71.356712
2026-07-01|459|KEYS|342.144989|345.200012|334.109985|335.600006|1318200|1.0000000000|335.600006
2026-07-01|460|GDDY|87.010002|88.519997|86.510002|86.910004|1590900|1.0000000000|86.910004
2026-07-01|461|KHC|24.030001|25.045000|24.020000|25.010000|18348800|1.0000000000|25.010000
2026-07-01|462|PYPL|43.860001|44.889999|43.560001|44.070000|22969600|1.0000000000|44.070000
2026-07-01|463|LITE|818.405029|841.260010|784.000000|801.159973|4202800|1.0000000000|801.159973
2026-07-01|464|HPE|44.430000|44.500000|42.840000|43.950001|20470800|1.0000000000|43.950001
2026-07-01|465|XYZ|75.584999|77.889999|75.114998|77.129997|5632200|1.0000000000|77.129997
2026-07-01|466|FTV|61.180000|62.400002|60.820000|61.799999|2231200|1.0000000000|61.799999
2026-07-01|467|DELL|418.000000|438.519989|410.760010|425.250000|6027600|0.9983502671|424.548462
2026-07-01|468|TTD|18.645000|19.639999|18.150000|19.150000|18777200|1.0000000000|19.150000
2026-07-01|469|VST|156.000000|157.320007|151.050003|153.160004|5090100|1.0000000000|153.160004
2026-07-01|470|HWM|271.339996|273.480011|266.440002|267.410004|2758600|0.9995167748|267.280792
2026-07-01|471|INVH|30.309999|30.605000|30.309999|30.350000|4601900|1.0000000000|30.350000
2026-07-01|472|CVNA|65.540001|70.750000|64.510002|67.870003|11595100|1.0000000000|67.870003
2026-07-01|473|IR|81.629997|82.730003|80.290001|80.860001|2899800|0.9997640396|80.840919
2026-07-01|474|VICI|26.650000|26.790001|26.254999|26.270000|8250300|1.0000000000|26.270000
2026-07-01|475|VRT|325.799988|327.214996|309.510010|311.420013|6259800|1.0000000000|311.420013
2026-07-01|476|MRNA|70.040001|73.910004|68.865997|72.500000|9275300|1.0000000000|72.500000
2026-07-01|477|FOXA|53.730000|55.009998|53.110001|54.130001|9095600|1.0000000000|54.130001
2026-07-01|478|FOX|47.900002|49.320000|47.755001|48.419998|2486200|1.0000000000|48.419998
2026-07-01|479|DOW|26.799999|27.665001|26.799999|27.020000|13818400|1.0000000000|27.020000
2026-07-01|480|UBER|72.230003|73.800003|71.660004|72.660004|12648000|1.0000000000|72.660004
2026-07-01|481|CTVA|84.650002|85.949997|82.955002|83.540001|4631600|1.0000000000|83.540001
2026-07-01|482|CRWD|775.000000|786.000000|765.000000|772.739990|2685100|0.2500000000|193.184998
2026-07-01|483|DDOG|268.390015|271.260010|261.500000|264.480011|3590700|1.0000000000|264.480011
2026-07-01|484|CARR|73.014999|73.760002|71.360001|72.070000|3941400|0.9964168410|71.811760
2026-07-01|485|OTIS|71.779999|72.459999|70.610001|70.639999|2876100|0.9939750786|70.214401
2026-07-01|486|PLTR|120.050003|128.250000|119.349998|125.730003|58561300|1.0000000000|125.730003
2026-07-01|487|DASH|190.009995|191.095001|183.279999|188.869995|4221100|1.0000000000|188.869995
2026-07-01|488|ABNB|145.000000|148.744995|143.919998|147.309998|3301000|1.0000000000|147.309998
2026-07-01|489|EXE|91.349998|91.910004|89.500000|89.570000|3802400|0.9940278354|89.035072
2026-07-01|490|COIN|147.130005|164.539993|146.300003|159.240005|11992300|1.0000000000|159.240005
2026-07-01|491|APP|532.940002|574.750000|521.929993|564.609985|5920100|1.0000000000|564.609985
2026-07-01|492|HOOD|100.669998|109.529999|100.389999|108.650002|28100600|1.0000000000|108.650002
2026-07-01|493|CEG|246.979996|248.270004|228.630005|236.500000|8689500|0.9984651331|236.137009
2026-07-01|494|GEHC|64.620003|65.745003|64.355003|64.860001|3717900|0.9994353928|64.823380
2026-07-01|495|KVUE|19.129999|19.445000|19.080000|19.330000|18773300|0.9889763775|19.116913
2026-07-01|496|VLTO|89.820000|91.839996|89.661003|90.339996|2795000|1.0000000000|90.339996
2026-07-01|497|RDDT|175.009995|201.160004|175.009995|197.759995|8763500|1.0000000000|197.759995
2026-07-01|498|SOLV|77.660004|79.830002|77.440002|78.349998|1134000|1.0000000000|78.349998
2026-07-01|499|GEV|1146.400024|1161.689941|1116.589966|1134.349976|2359600|1.0000000000|1134.349976
2026-07-01|500|SNDK|2085.169922|2129.979980|2002.050049|2032.219971|11056500|1.0000000000|2032.219971
2026-07-01|501|Q|158.850006|162.690002|152.970001|153.369995|1576100|1.0000000000|153.369995
2026-07-01|502|FDXF|151.000000|156.490005|148.330002|155.770004|2519600|1.0000000000|155.770004
2026-07-01|503|HONA|212.919998|231.729996|212.570007|227.289993|6509700|1.0000000000|227.289993
