date|security_id|ticker|open|high|low|close|volume|adj_factor|adj_close_vendor
2026-07-17|1|AEP|135.389999|135.669998|131.779999|132.139999|4315000|0.9924441265|131.141556
2026-07-17|2|BA|211.500000|216.960007|211.000000|214.029999|4220500|1.0000000000|214.029999
2026-07-17|3|CAT|841.729980|893.190002|838.330017|880.280029|3377200|0.9981483165|878.650024
2026-07-17|4|CNP|43.810001|44.279999|43.070000|43.130001|6139000|0.9940594062|42.873783
2026-07-17|5|CVX|187.470001|188.149994|185.500000|187.380005|7058300|0.9913483039|185.758850
2026-07-17|6|DIS|99.010002|99.790001|97.050003|97.669998|10496500|1.0000000000|97.669998
2026-07-17|7|DTE|150.610001|151.919998|147.490005|148.190002|1162600|1.0000000000|148.190002
2026-07-17|8|ED|113.800003|115.199997|111.070000|112.370003|2449700|0.9918651523|111.455887
2026-07-17|9|GD|370.579987|376.589996|366.519989|368.579987|1279100|1.0000000000|368.579987
2026-07-17|10|GE|346.989990|357.059998|343.019989|348.829987|5596300|1.0000000000|348.829987
2026-07-17|11|HON|225.960007|230.470001|224.529999|225.020004|3920200|0.9970084192|224.346848
2026-07-17|12|HPQ|23.990000|25.139999|23.959999|24.840000|18535400|1.0000000000|24.840000
2026-07-17|13|IBM|215.619995|217.169998|210.220001|212.669998|13150200|0.9928776129|211.155273
2026-07-17|14|IP|38.240002|38.820000|37.119999|37.560001|3726400|0.9887402721|37.137085
2026-07-17|15|JNJ|252.589996|255.660004|251.949997|253.039993|10167700|0.9950922943|251.798141
2026-07-17|16|KO|85.370003|85.559998|80.830002|81.559998|32903000|1.0000000000|81.559998
2026-07-17|17|KR|59.709999|60.340000|58.430000|58.820000|6269300|0.9931853922|58.419167
2026-07-17|18|LMT|519.000000|527.330017|507.679993|508.769989|1274500|1.0000000000|508.769989
2026-07-17|19|MMM|163.669998|164.229996|159.729996|159.839996|2922700|0.9956414843|159.143326
2026-07-17|20|MO|74.080002|75.279999|73.599998|74.209999|8608500|1.0000000000|74.209999
2026-07-17|21|MRK|128.449997|131.740005|127.029999|127.500000|13472700|1.0000000000|127.500000
2026-07-17|22|MSI|412.200012|420.649994|411.320007|413.309998|1849800|1.0000000000|413.309998
2026-07-17|23|PG|152.860001|154.320007|149.309998|149.979996|8917400|0.9925903246|148.868683
2026-07-17|24|XOM|149.029999|150.000000|147.169998|147.360001|19031400|0.9935665212|146.411957
2026-07-17|25|RTX|195.380005|198.440002|192.970001|193.509995|4200600|0.9966890420|192.869293
2026-07-17|26|MCD|275.000000|276.359985|267.190002|267.709991|3782000|1.0000000000|267.709991
2026-07-17|27|AXP|356.579987|358.799988|351.820007|355.350006|2647200|1.0000000000|355.350006
2026-07-17|28|BMY|60.869999|62.290001|60.470001|60.740002|12261500|1.0000000000|60.740002
2026-07-17|29|DD|132.770004|135.800003|132.339996|135.289993|1311900|1.0000000000|135.289993
2026-07-17|30|DE|596.049988|614.919983|595.739990|597.239990|938800|1.0000000000|597.239990
2026-07-17|31|EMR|138.300003|142.369995|137.520004|139.539993|3253900|0.9966201816|139.068375
2026-07-17|32|ETN|385.459991|404.709991|382.000000|399.989990|2650000|0.9975456838|399.008270
2026-07-17|33|ETR|116.050003|116.800003|112.989998|113.239998|4598300|0.9940658321|112.568008
2026-07-17|34|F|14.040000|14.500000|13.850000|14.230000|45456500|0.9892857143|14.077536
2026-07-17|35|HAL|35.290001|35.360001|34.779999|35.220001|8618000|1.0000000000|35.220001
2026-07-17|36|LLY|1159.449951|1187.949951|1151.010010|1179.109985|2757500|0.9985690653|1177.422729
2026-07-17|37|PCG|17.709999|17.850000|17.270000|17.320000|14095700|1.0000000000|17.320000
2026-07-17|38|PEP|140.889999|141.960007|136.179993|137.119995|8579300|1.0000000000|137.119995
2026-07-17|39|PFE|25.400000|25.650000|24.969999|25.049999|45629600|0.9828068774|24.619310
2026-07-17|40|TXN|282.890015|289.250000|279.230011|284.019989|7655000|0.9949060125|282.573181
2026-07-17|41|WFC|87.739998|89.790001|86.500000|87.510002|22762700|0.9942915856|87.010460
2026-07-17|42|HUBB|471.440002|491.250000|467.850006|488.670013|601292|1.0000000000|488.670013
2026-07-17|43|WMT|116.959999|118.089996|113.599998|114.239998|28289800|0.9976117102|113.967155
2026-07-17|44|AIG|78.389999|80.940002|78.389999|80.500000|6847700|1.0000000000|80.500000
2026-07-17|45|AVY|163.369995|165.669998|159.729996|160.410004|694800|1.0000000000|160.410004
2026-07-17|46|BAC|61.250000|62.119999|60.660000|61.270000|45045200|1.0000000000|61.270000
2026-07-17|47|BALL|63.389999|64.120003|62.230000|62.709999|1783200|1.0000000000|62.709999
2026-07-17|48|BDX|158.839996|163.139999|157.020004|158.169998|2108800|1.0000000000|158.169998
2026-07-17|49|CLX|100.000000|100.459999|95.830002|96.320000|2370200|0.9884526559|95.207764
2026-07-17|50|CMI|630.000000|654.989990|622.349976|648.479980|1122900|0.9962915514|646.075134
2026-07-17|51|CMS|75.000000|75.900002|73.419998|73.650002|3720700|0.9919943817|73.060387
2026-07-17|52|CVS|107.360001|108.970001|106.610001|107.470001|6608700|0.9938471504|106.808754
2026-07-17|53|ECL|277.649994|281.200012|272.089996|272.829987|1177000|1.0000000000|272.829987
2026-07-17|54|ES|75.830002|76.220001|74.330002|74.620003|2764000|1.0000000000|74.620003
2026-07-17|55|EVRG|87.349998|88.120003|85.279999|85.589996|1874800|0.9917192899|84.881248
2026-07-17|56|GWW|1391.479980|1419.910034|1386.859985|1395.010010|327600|0.9980509570|1392.291016
2026-07-17|57|LNT|76.959999|77.110001|74.629997|74.820000|2019700|0.9924530963|74.255341
2026-07-17|58|MKC|53.540001|54.099998|51.450001|51.700001|3929100|1.0000000000|51.700001
2026-07-17|59|MRSH|183.389999|186.000000|181.149994|182.179993|1906300|0.9943746806|181.155167
2026-07-17|60|NEE|90.230003|90.720001|88.419998|88.800003|9450700|1.0000000000|88.137222
2026-07-17|61|NI|46.500000|46.990002|45.790001|45.980000|5771700|0.9933436876|45.673943
2026-07-17|62|PNW|110.620003|111.160004|107.290001|107.730003|1377600|0.9909892067|106.759270
2026-07-17|63|RVTY|110.589996|111.760002|108.940002|110.150002|1249000|1.0000000000|110.150002
2026-07-17|64|SNA|411.989990|419.679993|408.869995|410.989990|461700|0.9938338681|408.455750
2026-07-17|65|SPGI|456.250000|462.019989|448.489990|450.839996|1755000|0.9977597635|449.830017
2026-07-17|66|TER|305.890015|330.679993|296.820007|322.359985|3518700|1.0000000000|322.359985
2026-07-17|67|TGT|140.750000|144.399994|138.330002|139.600006|5187800|0.9923829532|138.536667
2026-07-17|68|TXT|90.339996|93.099998|90.330002|91.480003|1641800|1.0000000000|91.480003
2026-07-17|69|VMC|291.029999|298.850006|287.059998|288.329987|689800|0.9981453742|287.795258
2026-07-17|70|XEL|81.019997|81.510002|78.680000|78.769997|5592600|1.0000000000|78.769997
2026-07-17|71|ITW|279.149994|285.070007|275.320007|276.049988|1850600|1.0000000000|276.049988
2026-07-17|72|CL|94.680000|95.930000|92.589996|92.980003|4185700|0.9942998496|92.450005
2026-07-17|73|EXC|47.560001|47.730000|46.169998|46.259998|6194400|1.0000000000|46.259998
2026-07-17|74|MDT|83.519997|84.690002|82.709999|83.199997|9207400|1.0000000000|83.199997
2026-07-17|75|BNY|158.110001|159.169998|156.020004|157.130005|5315900|0.9960354919|156.507065
2026-07-17|76|EIX|79.209999|79.879997|77.190002|77.629997|2483700|1.0000000000|77.629997
2026-07-17|77|FRT|125.529999|126.860001|124.820000|126.019997|1662500|1.0000000000|126.019997
2026-07-17|78|PNR|64.930000|65.900002|62.110001|62.450001|5022400|0.9956500725|62.178345
2026-07-17|79|USB|64.110001|64.839996|63.110001|63.139999|13160700|1.0000000000|63.139999
2026-07-17|80|WY|24.629999|25.139999|24.250000|24.490000|6188300|1.0000000000|24.490000
2026-07-17|81|SYY|83.070000|84.099998|81.139999|81.690002|3495300|1.0000000000|81.690002
2026-07-17|82|WRB|71.230003|72.410004|70.610001|71.610001|3804100|1.0000000000|71.610001
2026-07-17|83|IFF|77.720001|80.139999|77.540001|78.199997|1677100|1.0000000000|78.199997
2026-07-17|84|TAP|42.320000|43.060001|40.759998|40.930000|3128000|1.0000000000|40.458412
2026-07-17|85|PNC|254.149994|256.489990|250.039993|252.860001|2192000|0.9920904849|250.860001
2026-07-17|86|TRV|342.660004|370.429993|341.519989|368.980011|4308900|1.0000000000|368.980011
2026-07-17|87|C|129.440002|131.250000|127.080002|129.360001|15691900|0.9949414872|128.705627
2026-07-17|88|FDX|316.149994|318.660004|312.130005|312.980011|1465300|1.0000000000|312.980011
2026-07-17|89|WDC|451.130005|492.929993|430.519989|477.220001|11777100|1.0000000000|477.220001
2026-07-17|90|DHR|203.449997|206.589996|202.139999|203.830002|4965900|1.0000000000|203.830002
2026-07-17|91|APA|35.150002|35.439999|34.389999|35.220001|4586500|0.9930109031|34.973843
2026-07-17|92|LUV|48.750000|48.959999|47.560001|48.080002|3877800|1.0000000000|48.080002
2026-07-17|93|PEG|80.320000|81.160004|78.290001|78.639999|2956200|1.0000000000|78.639999
2026-07-17|94|UNP|300.130005|303.149994|298.100006|301.750000|3521900|1.0000000000|301.750000
2026-07-17|95|ABT|101.000000|102.129997|99.470001|100.680000|19913800|1.0000000000|100.680000
2026-07-17|96|ADI|369.500000|379.779999|366.720001|375.359985|3674800|1.0000000000|375.359985
2026-07-17|97|ADM|83.699997|86.000000|83.699997|85.900002|4330500|0.9936931471|85.358246
2026-07-17|98|ADP|257.980011|261.309998|251.449997|255.270004|2675800|1.0000000000|255.270004
2026-07-17|99|AFL|124.019997|125.930000|123.959999|124.720001|4031500|0.9949889100|124.095016
2026-07-17|100|AMAT|532.400024|551.179993|513.219971|529.659973|10326500|0.9989318178|529.094177
2026-07-17|101|AMD|476.880005|505.880005|460.209991|495.760010|32115900|1.0000000000|495.760010
2026-07-17|102|APD|297.799988|304.510010|294.920013|295.619995|909500|1.0000000000|295.619995
2026-07-17|103|BF-B|26.350000|26.420000|25.530001|25.580000|2904200|1.0000000000|25.580000
2026-07-17|104|CHD|99.970001|100.930000|97.169998|98.070000|1733100|0.9969601263|97.771873
2026-07-17|105|CINF|176.949997|182.660004|176.949997|180.789993|1355000|1.0000000000|180.789993
2026-07-17|106|CMCSA|24.350000|24.680000|23.660000|23.790001|40121300|1.0000000000|23.790001
2026-07-17|107|D|72.480003|72.989998|70.930000|71.040001|4492300|1.0000000000|71.040001
2026-07-17|108|DOV|214.229996|218.679993|213.419998|214.179993|851200|1.0000000000|214.179993
2026-07-17|109|DUK|127.959999|129.259995|124.660004|125.010002|4890200|0.9912844404|123.920471
2026-07-17|110|EFX|179.509995|182.339996|175.660004|177.080002|1169700|1.0000000000|177.080002
2026-07-17|111|EQT|50.080002|50.500000|49.369999|49.560001|5535600|0.9968732234|49.405037
2026-07-17|112|FITB|58.930000|58.930000|55.000000|58.009998|11587400|1.0000000000|58.009998
2026-07-17|113|GIS|39.200001|39.560001|37.830002|37.970001|8630100|1.0000000000|37.970001
2026-07-17|114|GPC|125.089996|127.779999|123.779999|124.820000|1644100|1.0000000000|124.820000
2026-07-17|115|HAS|81.919998|81.919998|80.489998|81.550003|1710700|0.9925523990|80.942650
2026-07-17|116|HBAN|18.440001|18.570000|18.190001|18.250000|20527700|1.0000000000|18.250000
2026-07-17|117|HRL|26.000000|26.209999|25.240000|25.389999|3075000|1.0000000000|25.389999
2026-07-17|118|HST|23.620001|23.959999|23.420000|23.940001|8674900|1.0000000000|23.940001
2026-07-17|119|HSY|176.889999|177.660004|170.889999|171.419998|1097400|0.9921985814|170.082687
2026-07-17|120|INTC|92.139999|98.050003|89.589996|95.040001|126779300|1.0000000000|95.040001
2026-07-17|121|J|131.539993|135.160004|130.899994|131.750000|1082500|0.9975665811|131.429398
2026-07-17|122|JPM|339.029999|346.130005|335.049988|341.100006|9250900|1.0000000000|341.100006
2026-07-17|123|KMB|110.260002|111.180000|107.739998|108.349998|3436700|1.0000000000|108.349998
2026-07-17|124|L|115.620003|116.970001|114.169998|114.449997|902200|0.9994397510|114.385880
2026-07-17|125|LEN|86.419998|88.169998|83.519997|83.889999|2145000|1.0000000000|83.889999
2026-07-17|126|LOW|217.949997|220.490005|208.419998|208.729996|3475900|0.9938577955|207.447937
2026-07-17|127|MAS|79.940002|82.080002|78.379997|78.650002|2318000|0.9956337837|78.306595
2026-07-17|128|MTB|252.250000|255.000000|248.750000|249.240005|1110100|1.0000000000|249.240005
2026-07-17|129|NEM|89.849998|90.949997|88.750000|89.699997|10616000|1.0000000000|89.699997
2026-07-17|130|NTRS|186.000000|187.720001|182.839996|184.679993|1230300|1.0000000000|184.679993
2026-07-17|131|NUE|232.039993|237.600006|231.130005|236.610001|1494100|1.0000000000|236.610001
2026-07-17|132|OMC|84.099998|85.180000|81.470001|81.730003|3208100|1.0000000000|81.730003
2026-07-17|133|PCAR|126.419998|128.259995|124.849998|126.199997|3627300|0.9973590885|125.866714
2026-07-17|134|PGR|208.990005|211.990005|206.940002|207.949997|3827000|1.0000000000|207.949997
2026-07-17|135|PH|945.919983|972.260010|934.380005|953.210022|591200|1.0000000000|953.210022
2026-07-17|136|PHM|128.710007|131.559998|125.360001|126.080002|1708800|1.0000000000|126.080002
2026-07-17|137|PPG|120.220001|121.269997|117.089996|117.360001|1380200|0.9938189109|116.634590
2026-07-17|138|PPL|36.689999|36.860001|35.740002|35.849998|5208900|1.0000000000|35.849998
2026-07-17|139|RF|31.920000|32.470001|31.459999|31.650000|20191900|1.0000000000|31.650000
2026-07-17|140|ROL|46.180000|46.360001|44.930000|45.110001|5527600|0.9951510336|44.891266
2026-07-17|141|SHW|336.410004|343.690002|330.369995|331.320007|1665700|0.9976939264|330.555969
2026-07-17|142|STT|181.410004|186.500000|179.350006|182.500000|3190600|1.0000000000|182.500000
2026-07-17|143|SWK|89.870003|92.500000|89.290001|90.169998|1313200|1.0000000000|90.169998
2026-07-17|144|SYK|328.899994|329.260010|318.079987|319.869995|2459700|1.0000000000|319.869995
2026-07-17|145|TMO|539.099976|542.020020|531.619995|532.479980|1476000|1.0000000000|532.479980
2026-07-17|146|TPL|422.230011|429.779999|406.459991|415.700012|319100|1.0000000000|415.700012
2026-07-17|147|TSN|58.410000|59.180000|57.220001|57.770000|2918100|1.0000000000|57.770000
2026-07-17|148|TT|465.760010|474.329987|459.750000|469.980011|1930400|1.0000000000|469.980011
2026-07-17|149|TYL|317.019989|324.829987|313.250000|319.510010|778400|1.0000000000|319.510010
2026-07-17|150|UDR|40.660000|40.820000|39.439999|39.759998|3249000|0.9961781759|39.608040
2026-07-17|151|VTRS|17.340000|17.670000|17.230000|17.290001|9520700|0.9925558317|17.161291
2026-07-17|152|WEC|115.570000|116.660004|112.889999|113.349998|2024600|0.9913583604|112.370468
2026-07-17|153|WST|360.399994|366.140015|358.140015|358.239990|671400|0.9993471810|358.006134
2026-07-17|154|NDSN|291.029999|296.739990|288.709991|288.980011|454700|1.0000000000|288.980011
2026-07-17|155|TFC|52.900002|54.220001|52.430000|52.500000|13920400|0.9901868280|51.984806
2026-07-17|156|WELL|244.070007|246.429993|242.229996|243.250000|2792400|0.9962391044|242.335175
2026-07-17|157|AON|370.000000|375.920013|365.630005|367.209991|1445600|0.9977256968|366.374847
2026-07-17|158|GL|184.580002|191.550003|184.419998|184.759995|555300|1.0000000000|184.759995
2026-07-17|159|OKE|93.510002|94.000000|92.720001|93.519997|3366400|0.9882171564|92.418068
2026-07-17|160|KLAC|208.449997|216.789993|204.580002|212.750000|13061800|0.9988709994|212.509811
2026-07-17|161|CSX|51.000000|51.290001|50.310001|50.750000|17452900|1.0000000000|50.750000
2026-07-17|162|PSA|323.579987|328.920013|317.420013|318.040009|1072200|1.0000000000|318.040009
2026-07-17|163|NKE|44.520000|44.980000|43.520000|43.759998|15825100|1.0000000000|43.759998
2026-07-17|164|AAPL|331.980011|334.989990|329.000000|333.739990|63407100|0.9991382887|333.452393
2026-07-17|165|BRO|70.570000|71.370003|68.709999|69.349998|2812500|0.9976903696|69.189827
2026-07-17|166|UHS|153.039993|155.720001|151.000000|151.160004|524600|1.0000000000|151.160004
2026-07-17|167|HD|348.929993|353.980011|338.089996|338.869995|4434000|1.0000000000|338.869995
2026-07-17|168|BAX|23.160000|23.709999|22.590000|22.610001|6546600|1.0000000000|22.601282
2026-07-17|169|COP|115.669998|116.260002|113.449997|114.709999|5844500|0.9933743492|113.949974
2026-07-17|170|GLW|150.830002|158.380005|146.940002|154.610001|14221000|1.0000000000|154.610001
2026-07-17|171|HUM|387.500000|401.369995|385.790009|400.000000|2047900|1.0000000000|400.000000
2026-07-17|172|LHX|287.100006|290.200012|281.510010|282.010010|1138500|1.0000000000|282.010010
2026-07-17|173|NOC|525.070007|538.960022|520.659973|521.570007|1047500|1.0000000000|521.570007
2026-07-17|174|OXY|54.650002|55.169998|54.009998|54.860001|7919300|1.0000000000|54.860001
2026-07-17|175|ROK|454.600006|465.529999|451.540009|461.850006|792600|0.9969290339|460.431702
2026-07-17|176|SLB|47.000000|47.290001|46.430000|46.990002|12926500|1.0000000000|46.990002
2026-07-17|177|SO|97.300003|98.339996|95.139999|95.300003|4926200|0.9918103451|94.519524
2026-07-17|178|WMB|75.669998|75.720001|72.760002|73.379997|8904700|1.0000000000|73.379997
2026-07-17|179|VLO|306.279999|309.899994|302.519989|309.649994|2641200|0.9961502678|308.457916
2026-07-17|180|CI|286.570007|289.660004|279.750000|281.450012|3033700|1.0000000000|281.450012
2026-07-17|181|NSC|339.410004|342.529999|337.720001|340.160004|1162300|0.9960579337|338.819061
2026-07-17|182|COO|73.099998|73.949997|71.449997|71.709999|1666900|1.0000000000|71.709999
2026-07-17|183|AMGN|373.970001|378.540009|361.720001|366.290009|2861300|0.9941899340|364.161835
2026-07-17|184|RJF|167.419998|170.690002|166.199997|168.360001|1320400|1.0000000000|168.360001
2026-07-17|185|WSM|226.100006|233.740005|224.949997|228.410004|1746100|1.0000000000|228.410004
2026-07-17|186|CAH|230.539993|233.220001|228.429993|228.520004|2052800|1.0000000000|228.520004
2026-07-17|187|CTAS|207.169998|209.720001|201.559998|204.449997|3134400|0.9974090682|203.920273
2026-07-17|188|PAYX|115.129997|117.720001|112.500000|114.389999|4269000|0.9896951856|113.211235
2026-07-17|189|BEN|32.680000|32.970001|32.139999|32.630001|4571900|1.0000000000|32.630001
2026-07-17|190|AOS|60.389999|61.180000|58.680000|58.849998|2020200|0.9939809398|58.495777
2026-07-17|191|CASY|834.460022|862.669983|820.000000|859.119995|332800|0.9992507205|858.476257
2026-07-17|192|T|22.379999|22.770000|21.670000|21.809999|79330400|1.0000000000|21.809999
2026-07-17|193|VZ|44.639999|45.020000|43.270000|43.590000|31014400|1.0000000000|43.590000
2026-07-17|194|JBHT|296.390015|298.100006|289.179993|291.410004|1550100|0.9983161833|290.919312
2026-07-17|195|ATO|176.039993|181.470001|176.039993|177.679993|1483200|0.9940065930|176.615082
2026-07-17|196|LRCX|303.829987|322.070007|298.649994|313.299988|12805700|1.0000000000|313.299988
2026-07-17|197|MU|822.530029|903.960022|804.000000|848.950012|63346300|1.0000000000|848.950012
2026-07-17|198|AJG|257.609985|261.920013|252.300003|253.899994|1530700|1.0000000000|253.899994
2026-07-17|199|AME|230.800003|237.990005|229.889999|237.000000|1162700|1.0000000000|237.000000
2026-07-17|200|SWKS|56.709999|59.580002|56.709999|59.349998|5816300|1.0000000000|59.349998
2026-07-17|201|EXPD|180.440002|183.520004|180.440002|182.800003|2731200|1.0000000000|182.800003
2026-07-17|202|UNH|426.720001|437.470001|425.100006|426.089996|10718100|1.0000000000|426.089996
2026-07-17|203|BBY|85.900002|87.099998|84.510002|85.410004|3181800|1.0000000000|85.410004
2026-07-17|204|DOC|22.400000|22.620001|22.270000|22.510000|7028500|0.9905847075|22.298063
2026-07-17|205|ADSK|217.050003|221.809998|214.699997|218.350006|3303400|1.0000000000|218.350006
2026-07-17|206|DVN|43.840000|44.220001|43.209999|43.830002|10067000|1.0000000000|43.830002
2026-07-17|207|NVR|6699.799805|6832.430176|6480.240234|6490.040039|77200|1.0000000000|6490.040039
2026-07-17|208|ROST|231.919998|237.059998|231.759995|233.460007|2027900|1.0000000000|233.460007
2026-07-17|209|JKHY|153.210007|155.770004|149.600006|151.669998|1222800|1.0000000000|151.669998
2026-07-17|210|MNST|100.019997|100.339996|96.570000|97.500000|10755200|0.5000000000|97.500000
2026-07-17|211|ORCL|121.699997|128.440002|121.500000|126.410004|39917100|1.0000000000|126.410004
2026-07-17|212|MSFT|394.859985|398.390015|389.390015|393.820007|33049800|0.9981210382|393.080017
2026-07-17|213|TROW|117.730003|118.459999|116.330002|117.349998|2144500|1.0000000000|117.349998
2026-07-17|214|COST|961.520020|964.330017|933.760010|940.869995|2508000|0.9984126298|939.376465
2026-07-17|215|ADBE|235.259995|240.149994|232.360001|237.250000|7269900|1.0000000000|237.250000
2026-07-17|216|FISV|51.439999|52.230000|50.259998|50.630001|6042200|1.0000000000|50.630001
2026-07-17|217|BKR|56.660000|56.759998|55.560001|55.950001|11591500|0.9963346614|55.744926
2026-07-17|218|CDNS|334.559998|342.290009|320.070007|330.109985|5188500|1.0000000000|330.109985
2026-07-17|219|TJX|155.000000|158.149994|153.869995|154.460007|6184900|0.9968547277|153.974182
2026-07-17|220|FICO|1232.890015|1260.209961|1219.969971|1257.109985|251400|1.0000000000|1257.109985
2026-07-17|221|CCL|26.010000|26.660000|25.860001|26.410000|16843700|0.9947898578|26.272400
2026-07-17|222|FAST|46.900002|47.099998|45.259998|45.490002|10960200|0.9945424013|45.241737
2026-07-17|223|SCHW|102.320000|102.809998|100.809998|101.559998|8312000|0.9970924949|101.264709
2026-07-17|224|JCI|138.600006|142.529999|137.130005|140.460007|3398700|1.0000000000|140.460007
2026-07-17|225|COHR|264.839996|285.339996|255.139999|277.600006|5956400|1.0000000000|277.600006
2026-07-17|226|KEY|23.690001|24.070000|23.480000|23.549999|11328700|1.0000000000|23.549999
2026-07-17|227|MOS|22.459999|22.900000|22.090000|22.129999|6510400|1.0000000000|22.129999
2026-07-17|228|MGM|46.689999|46.689999|46.000000|46.130001|2228000|1.0000000000|46.130001
2026-07-17|229|WM|244.750000|247.149994|236.940002|239.309998|2159100|1.0000000000|239.309998
2026-07-17|230|TECH|71.599998|72.120003|71.500000|72.120003|3076500|0.9988938053|72.040222
2026-07-17|231|IEX|226.309998|231.699997|224.710007|224.940002|454100|1.0000000000|224.940002
2026-07-17|232|GEN|26.660000|27.280001|26.639999|26.740000|5087300|0.9956109550|26.622637
2026-07-17|233|CRH|103.559998|105.709999|102.629997|102.919998|3068300|0.9960081882|102.509163
2026-07-17|234|EOG|139.270004|141.110001|138.699997|139.889999|4240100|1.0000000000|139.889999
2026-07-17|235|PTC|126.379997|127.650002|124.250000|124.370003|1512800|1.0000000000|124.370003
2026-07-17|236|CSCO|109.150002|113.230003|108.910004|111.940002|28459500|1.0000000000|111.940002
2026-07-17|237|LH|282.459991|290.649994|279.029999|283.359985|631900|1.0000000000|282.753754
2026-07-17|238|TRMB|53.439999|54.279999|52.660000|52.720001|3011700|1.0000000000|52.720001
2026-07-17|239|AZO|3076.899902|3124.840088|3015.000000|3046.439941|160900|1.0000000000|3046.439941
2026-07-17|240|REGN|676.049988|691.130005|672.309998|676.690002|648300|0.9988336456|675.900757
2026-07-17|241|IDXX|570.760010|579.400024|561.150024|567.440002|535600|1.0000000000|567.440002
2026-07-17|242|AES|14.800000|14.820000|14.770000|14.770000|6652000|0.9881481485|14.594949
2026-07-17|243|VRTX|483.510010|496.690002|481.980011|485.649994|1568100|1.0000000000|485.649994
2026-07-17|244|ZBRA|259.709991|269.399994|258.440002|267.399994|673600|1.0000000000|267.399994
2026-07-17|245|BIIB|208.600006|215.789993|203.399994|205.990005|1151300|1.0000000000|205.990005
2026-07-17|246|ODFL|235.419998|238.509995|233.190002|233.839996|1300800|1.0000000000|233.839996
2026-07-17|247|APH|149.759995|153.509995|146.039993|151.199997|6699300|1.0000000000|151.199997
2026-07-17|248|KIM|26.100000|26.450001|25.879999|26.120001|3740800|1.0000000000|26.120001
2026-07-17|249|QCOM|166.639999|172.389999|164.770004|171.779999|16291100|1.0000000000|171.779999
2026-07-17|250|GILD|137.610001|140.610001|134.089996|134.279999|6903200|1.0000000000|134.279999
2026-07-17|251|ROP|363.839996|369.070007|358.750000|363.140015|967000|1.0000000000|363.140015
2026-07-17|252|SNPS|401.589996|402.720001|366.000000|384.279999|5039300|1.0000000000|384.279999
2026-07-17|253|STZ|137.710007|138.339996|132.559998|132.869995|1617700|0.9921821632|131.831238
2026-07-17|254|BSX|45.220001|45.250000|43.759998|44.029999|15522200|1.0000000000|44.029999
2026-07-17|255|STE|219.440002|222.539993|216.970001|217.839996|622500|1.0000000000|217.839996
2026-07-17|256|DHI|153.649994|157.229996|148.759995|149.389999|2922400|0.9970287223|148.946121
2026-07-17|257|LIN|522.179993|527.460022|511.700012|513.219971|2780800|1.0000000000|513.219971
2026-07-17|258|SBUX|108.949997|109.230003|105.080002|105.489998|7633400|0.9942883465|104.887474
2026-07-17|259|MS|214.399994|218.380005|207.399994|215.500000|7852200|0.9945253736|214.320221
2026-07-17|260|INTU|295.100006|302.070007|290.010010|291.089996|3629400|1.0000000000|291.089996
2026-07-17|261|MCHP|78.959999|82.000000|78.000000|80.959999|12926900|0.9940194534|80.475815
2026-07-17|262|CB|348.600006|354.609985|347.450012|352.160004|2985200|1.0000000000|352.160004
2026-07-17|263|ORLY|87.139999|88.080002|85.279999|86.050003|6264500|1.0000000000|86.050003
2026-07-17|264|RCL|286.410004|292.739990|285.130005|286.959991|2357300|1.0000000000|286.959991
2026-07-17|265|JBL|299.929993|304.880005|290.429993|301.010010|1692000|0.9997839939|300.944977
2026-07-17|266|ALL|245.539993|250.580002|244.000000|249.899994|1857400|1.0000000000|249.899994
2026-07-17|267|CPT|115.000000|115.639999|111.940002|112.970001|1047100|1.0000000000|112.970001
2026-07-17|268|VMRK|70.239998|70.750000|68.559998|69.000000|2321500|1.0000000000|69.000000
2026-07-17|269|IT|143.619995|145.169998|138.250000|140.190002|1233600|1.0000000000|140.190002
2026-07-17|270|DECK|107.389999|110.300003|105.959999|106.489998|1717600|1.0000000000|106.489998
2026-07-17|271|REG|83.059998|83.660004|81.660004|82.680000|1441900|1.0000000000|82.680000
2026-07-17|272|INCY|116.269997|119.599998|116.269997|117.250000|2232500|1.0000000000|117.250000
2026-07-17|273|SPG|229.050003|231.529999|226.869995|228.699997|1407900|1.0000000000|228.699997
2026-07-17|274|MAA|135.470001|136.500000|131.789993|132.960007|996500|1.0000000000|132.960007
2026-07-17|275|MLM|572.419983|584.809998|561.409973|562.590027|440300|1.0000000000|562.590027
2026-07-17|276|TSCO|31.309999|31.910000|30.340000|30.510000|9728700|0.9931389364|30.300669
2026-07-17|277|ALB|116.410004|122.260002|116.410004|120.779999|2286300|1.0000000000|120.779999
2026-07-17|278|CPRT|28.650000|28.760000|27.360001|27.610001|12760000|1.0000000000|27.610001
2026-07-17|279|FLEX|116.309998|120.239998|111.379997|119.250000|5220300|1.0000000000|119.250000
2026-07-17|280|ESS|294.480011|300.000000|291.040009|292.929993|421000|1.0000000000|292.929993
2026-07-17|281|O|66.330002|67.150002|65.190002|65.709999|6549100|0.9957938849|65.433617
2026-07-17|282|MCO|517.960022|523.309998|507.320007|510.859985|1326300|0.9978911593|509.782684
2026-07-17|283|SJM|115.949997|117.550003|111.510002|112.010002|1288200|0.9907154105|110.970032
2026-07-17|284|MCK|852.809998|861.000000|839.909973|841.390015|1118600|1.0000000000|841.390015
2026-07-17|285|COF|207.500000|210.460007|205.860001|208.029999|3845600|0.9964810416|207.297958
2026-07-17|286|EME|728.580017|744.960022|717.280029|744.159973|1526500|1.0000000000|744.159973
2026-07-17|287|DLTR|128.990005|133.259995|125.580002|125.940002|2451000|1.0000000000|125.940002
2026-07-17|288|COR|309.329987|313.899994|306.410004|307.899994|2495900|0.9980645786|307.304077
2026-07-17|289|DRI|202.600006|203.000000|197.710007|198.529999|1049400|1.0000000000|198.529999
2026-07-17|290|RMD|201.190002|203.039993|198.220001|198.990005|1284200|0.9971385215|198.420593
2026-07-17|291|WAB|259.260010|266.570007|257.500000|262.079987|835200|0.9989689007|261.809753
2026-07-17|292|FCX|56.700001|59.360001|56.000000|58.380001|20412700|1.0000000000|58.380001
2026-07-17|293|IVZ|29.750000|29.920000|29.309999|29.629999|5798600|0.9933559952|29.433138
2026-07-17|294|ACGL|101.230003|103.349998|100.809998|101.349998|2233800|1.0000000000|101.349998
2026-07-17|295|ERIE|227.770004|235.000000|225.800003|227.309998|386900|1.0000000000|227.309998
2026-07-17|296|EG|375.260010|385.690002|375.260010|382.570007|475100|1.0000000000|382.570007
2026-07-17|297|DVA|234.339996|238.529999|233.360001|236.970001|545700|1.0000000000|236.970001
2026-07-17|298|HSIC|88.260002|88.940002|87.309998|87.820000|1167000|1.0000000000|87.820000
2026-07-17|299|EL|81.629997|83.570000|80.919998|82.129997|2448000|1.0000000000|82.129997
2026-07-17|300|WAT|374.079987|378.899994|367.500000|368.980011|573600|1.0000000000|368.980011
2026-07-17|301|NTAP|157.679993|165.360001|157.000000|163.880005|2845400|1.0000000000|163.880005
2026-07-17|302|HIG|137.539993|141.990005|137.539993|140.259995|1896300|1.0000000000|140.259995
2026-07-17|303|IRM|120.739998|125.110001|119.120003|123.820000|2105100|1.0000000000|123.820000
2026-07-17|304|BRK-B|495.510010|502.989990|490.480011|490.910004|5591300|1.0000000000|490.910004
2026-07-17|305|FDS|261.220001|269.790009|255.479996|258.089996|1410400|1.0000000000|258.089996
2026-07-17|306|STLD|232.699997|236.330002|229.630005|235.509995|812100|1.0000000000|235.509995
2026-07-17|307|DGX|210.949997|214.399994|209.410004|210.679993|955500|1.0000000000|210.679993
2026-07-17|308|CIEN|370.989990|388.609985|359.010010|374.410004|3366100|1.0000000000|374.410004
2026-07-17|309|TTWO|235.639999|239.250000|232.500000|236.679993|2361000|1.0000000000|236.679993
2026-07-17|310|VTR|95.760002|97.160004|95.349998|96.099998|3516800|1.0000000000|96.099998
2026-07-17|311|AMZN|244.460007|250.240005|243.589996|247.229996|43572400|1.0000000000|247.229996
2026-07-17|312|ARE|50.139999|50.880001|49.730000|50.220001|1332400|1.0000000000|50.220001
2026-07-17|313|RL|386.149994|388.130005|378.850006|380.450012|549500|1.0000000000|380.450012
2026-07-17|314|BXP|70.349998|71.410004|69.379997|69.849998|1128300|1.0000000000|69.849998
2026-07-17|315|FIX|1576.069946|1685.300049|1556.349976|1674.060059|1204800|0.9994824076|1673.193604
2026-07-17|316|YUM|151.000000|156.600006|147.669998|147.919998|4125000|1.0000000000|147.919998
2026-07-17|317|CHRW|204.809998|208.830002|203.929993|208.500000|3798900|1.0000000000|208.500000
2026-07-17|318|FE|49.480000|49.869999|48.430000|48.529999|3413400|0.9901836603|48.053612
2026-07-17|319|MTD|1312.130005|1339.579956|1301.359985|1310.020020|131400|1.0000000000|1310.020020
2026-07-17|320|PLD|150.050003|153.350006|148.000000|149.789993|4817900|1.0000000000|149.789993
2026-07-17|321|URI|1060.650024|1076.640015|1041.709961|1045.209961|490200|0.9982773546|1043.409424
2026-07-17|322|AEE|114.139999|115.080002|111.029999|111.550003|2018200|1.0000000000|111.550003
2026-07-17|323|VRSN|273.600006|278.899994|273.190002|277.660004|648100|0.9970730649|276.847321
2026-07-17|324|PWR|616.890015|637.989990|608.780029|628.530029|1225100|1.0000000000|628.530029
2026-07-17|325|AMT|171.940002|172.679993|168.899994|170.059998|2849600|1.0000000000|170.059998
2026-07-17|326|MAR|371.140015|372.980011|363.519989|366.239990|1845500|0.9979719406|365.497223
2026-07-17|327|CTSH|44.660000|45.490002|43.630001|44.770000|10117300|0.9941706413|44.509022
2026-07-17|328|SRE|94.550003|95.120003|92.190002|92.250000|3297600|1.0000000000|92.250000
2026-07-17|329|CSGP|30.639999|31.010000|29.590000|29.780001|5898200|1.0000000000|29.780001
2026-07-17|330|RSG|227.770004|228.220001|220.410004|222.309998|1772800|1.0000000000|222.309998
2026-07-17|331|CCI|80.050003|80.690002|78.629997|79.169998|2934200|1.0000000000|79.169998
2026-07-17|332|EBAY|110.730003|112.279999|109.849998|112.059998|5099000|1.0000000000|111.720322
2026-07-17|333|NVDA|202.639999|206.649994|197.970001|202.809998|144281900|1.0000000000|202.809998
2026-07-17|334|BKNG|183.229996|184.360001|178.759995|181.679993|7196000|1.0000000000|181.679993
2026-07-17|335|GS|1071.640015|1085.930054|1047.150024|1065.219971|2162700|1.0000000000|1065.219971
2026-07-17|336|FFIV|395.119995|413.540009|391.970001|409.100006|461600|1.0000000000|409.100006
2026-07-17|337|SBAC|189.059998|191.250000|184.850006|185.690002|617700|0.9931480565|184.417664
2026-07-17|338|LII|549.559998|561.150024|538.919983|543.929993|448300|1.0000000000|543.929993
2026-07-17|339|BLK|1068.290039|1099.410034|1065.949951|1072.199951|761000|1.0000000000|1072.199951
2026-07-17|340|TKO|183.839996|187.570007|183.350006|185.130005|1047800|1.0000000000|185.130005
2026-07-17|341|AKAM|116.750000|121.410004|115.940002|120.190002|3499300|1.0000000000|120.190002
2026-07-17|342|UPS|116.900002|118.419998|116.309998|117.720001|7152500|0.9843062201|115.872528
2026-07-17|343|A|134.419998|135.800003|130.940002|131.460007|4247300|1.0000000000|131.460007
2026-07-17|344|TDY|614.219971|637.830017|610.000000|635.520020|312400|1.0000000000|635.520020
2026-07-17|345|PKG|232.779999|237.720001|229.949997|233.070007|643100|1.0000000000|233.070007
2026-07-17|346|EW|86.959999|87.059998|85.300003|85.730003|5224900|1.0000000000|85.730003
2026-07-17|347|MET|93.209999|94.860001|93.120003|94.000000|4014900|0.9938427991|93.421219
2026-07-17|348|ON|84.419998|90.000000|83.349998|87.370003|9942100|1.0000000000|87.370003
2026-07-17|349|ISRG|365.029999|367.739990|344.549988|345.420013|11563800|1.0000000000|345.420013
2026-07-17|350|CRL|224.940002|228.529999|222.669998|224.350006|710200|1.0000000000|224.350006
2026-07-17|351|MRVL|182.229996|194.050003|177.949997|188.679993|29656300|1.0000000000|188.679993
2026-07-17|352|EQIX|1005.659973|1024.010010|993.919983|1020.000000|567900|0.9952446339|1015.149536
2026-07-17|353|TPR|141.380005|144.110001|140.809998|141.460007|2324400|1.0000000000|141.460007
2026-07-17|354|GRMN|246.869995|253.490005|246.869995|249.559998|1964300|1.0000000000|249.559998
2026-07-17|355|GPN|79.849998|81.959999|77.739998|77.820000|2807000|1.0000000000|77.820000
2026-07-17|356|ALGN|176.190002|181.169998|174.929993|176.759995|828700|1.0000000000|176.759995
2026-07-17|357|WTW|297.429993|302.000000|292.679993|293.429993|653600|1.0000000000|293.429993
2026-07-17|358|MDLZ|62.180000|63.040001|60.650002|61.000000|10296200|1.0000000000|61.000000
2026-07-17|359|AXON|531.940002|538.200012|507.109985|510.279999|854900|1.0000000000|510.279999
2026-07-17|360|FIS|42.889999|43.669998|41.750000|41.910000|5196100|1.0000000000|41.910000
2026-07-17|361|ACN|145.000000|147.419998|139.720001|143.570007|10575100|1.0000000000|143.570007
2026-07-17|362|ZBH|93.440002|93.709999|90.940002|91.120003|2632400|1.0000000000|91.120003
2026-07-17|363|BG|117.330002|119.669998|117.169998|119.150002|1041800|0.9937342270|118.403435
2026-07-17|364|PFG|113.040001|114.470001|112.070000|113.949997|1599500|1.0000000000|113.949997
2026-07-17|365|ELV|371.700012|377.760010|365.380005|373.109985|1940400|1.0000000000|373.109985
2026-07-17|366|CNC|64.129997|66.500000|63.389999|66.440002|4781400|1.0000000000|66.440002
2026-07-17|367|PRU|117.730003|120.529999|117.349998|119.070000|1828600|0.9885872665|117.711082
2026-07-17|368|NFLX|65.480003|69.489998|65.080002|68.949997|142029200|1.0000000000|68.949997
2026-07-17|369|NDAQ|93.230003|94.500000|91.349998|91.639999|3024600|1.0000000000|91.639999
2026-07-17|370|WYNN|97.599998|97.599998|95.910004|96.639999|1000100|0.9975578784|96.403992
2026-07-17|371|CME|246.270004|248.300003|243.160004|245.050003|3360500|1.0000000000|245.050003
2026-07-17|372|STX|720.940002|808.650024|700.390015|787.659973|7013100|1.0000000000|787.659973
2026-07-17|373|NRG|130.550003|132.300003|128.520004|129.110001|2965400|0.9964628787|128.653320
2026-07-17|374|AIZ|275.790009|281.609985|275.790009|276.839996|296600|1.0000000000|276.839996
2026-07-17|375|CBRE|142.690002|144.880005|140.240005|140.960007|1495200|1.0000000000|140.960007
2026-07-17|376|CRM|171.500000|175.429993|169.750000|170.770004|10191500|1.0000000000|170.770004
2026-07-17|377|DPZ|330.829987|336.470001|316.179993|322.179993|1587900|1.0000000000|322.179993
2026-07-17|378|EXR|150.389999|152.720001|147.619995|148.160004|843500|1.0000000000|148.160004
2026-07-17|379|GOOG|345.769989|348.170013|341.125000|346.119995|22023900|1.0000000000|346.119995
2026-07-17|380|GOOGL|346.000000|348.519989|341.359985|346.769989|29959300|1.0000000000|346.769989
2026-07-17|381|DLR|172.960007|175.830002|171.139999|173.880005|2593000|1.0000000000|173.880005
2026-07-17|382|MPWR|1245.790039|1342.810059|1231.000000|1312.000000|1054900|1.0000000000|1312.000000
2026-07-17|383|LVS|45.590000|45.700001|45.020000|45.360001|4295700|0.9936548222|45.072186
2026-07-17|384|DXCM|77.860001|78.010002|75.949997|76.650002|5070000|1.0000000000|76.650002
2026-07-17|385|BLDR|77.669998|79.989998|73.900002|74.260002|2282900|1.0000000000|74.260002
2026-07-17|386|WBD|27.309999|27.459999|26.780001|26.870001|28132000|1.0000000000|26.870001
2026-07-17|387|EXPE|269.309998|273.000000|264.600006|268.769989|1596700|0.9985604607|268.383087
2026-07-17|388|CF|119.959999|123.000000|119.519997|121.419998|3066300|0.9948739856|120.797600
2026-07-17|389|AMP|523.799988|538.929993|523.690002|527.869995|661500|0.9968855344|526.225952
2026-07-17|390|ICE|142.500000|144.550003|139.080002|139.649994|3152400|1.0000000000|139.649994
2026-07-17|391|PSKY|9.060000|9.130000|8.690000|8.750000|12992400|1.0000000000|8.750000
2026-07-17|392|LYV|177.789993|181.229996|177.789993|180.220001|1256500|1.0000000000|180.220001
2026-07-17|393|CMG|34.720001|35.470001|34.310001|34.439999|19855400|1.0000000000|34.439999
2026-07-17|394|UAL|115.599998|118.589996|114.040001|115.410004|6027900|1.0000000000|115.410004
2026-07-17|395|TDG|1225.689941|1253.599976|1209.369995|1214.430054|300900|1.0000000000|1214.430054
2026-07-17|396|MA|550.500000|551.719971|540.229980|543.599976|3221600|1.0000000000|543.599976
2026-07-17|397|LDOS|108.680000|110.910004|105.750000|106.480003|2094400|1.0000000000|106.480003
2026-07-17|398|FSLR|207.149994|215.940002|203.770004|211.990005|2320200|1.0000000000|211.990005
2026-07-17|399|BR|153.419998|155.130005|149.619995|149.910004|956800|1.0000000000|149.910004
2026-07-17|400|SMCI|24.330000|25.170000|23.379999|24.180000|32264800|1.0000000000|24.180000
2026-07-17|401|TMUS|197.110001|198.860001|189.830002|192.429993|4579900|1.0000000000|191.325760
2026-07-17|402|DAL|84.779999|86.019997|83.559998|84.169998|6462900|1.0000000000|84.169998
2026-07-17|403|IBKR|89.599998|92.029999|87.870003|90.529999|4448200|1.0000000000|90.529999
2026-07-17|404|PODD|162.250000|165.539993|159.009995|164.059998|1396200|1.0000000000|164.059998
2026-07-17|405|TEL|198.139999|204.300003|196.869995|203.309998|2452900|0.9961105015|202.519226
2026-07-17|406|BX|126.720001|131.000000|126.120003|126.910004|4805600|0.9899021526|125.628487
2026-07-17|407|LULU|118.010002|119.050003|115.660004|116.330002|2841000|1.0000000000|116.330002
2026-07-17|408|ULTA|479.149994|492.940002|475.529999|479.570007|773600|1.0000000000|479.570007
2026-07-17|409|MSCI|637.080017|644.770020|622.229980|628.659973|680900|0.9964362700|626.419617
2026-07-17|410|ECHO|90.790001|93.430000|89.150002|92.000000|5872400|1.0000000000|92.000000
2026-07-17|411|PM|191.990005|194.619995|190.600006|192.979996|5202800|1.0000000000|192.979996
2026-07-17|412|V|363.570007|364.630005|357.000000|358.559998|7400400|0.9981456881|357.895111
2026-07-17|413|AWK|136.309998|137.759995|134.240005|135.110001|2390900|0.9933923956|134.217255
2026-07-17|414|KDP|31.660000|31.870001|30.700001|30.910000|10864000|1.0000000000|30.910000
2026-07-17|415|SW|44.799999|45.680000|43.915001|44.299999|4809900|0.9909636146|43.899689
2026-07-17|416|AVGO|366.049988|377.350006|357.799988|370.829987|23272200|1.0000000000|370.829987
2026-07-17|417|VRSK|203.720001|205.699997|198.039993|200.679993|1740700|1.0000000000|200.679993
2026-07-17|418|DG|127.449997|130.610001|124.680000|125.750000|2943300|1.0000000000|125.750000
2026-07-17|419|FTNT|160.500000|163.830002|158.929993|161.610001|5651600|1.0000000000|161.610001
2026-07-17|420|CHTR|133.550003|136.979996|131.220001|131.369995|1972200|1.0000000000|131.369995
2026-07-17|421|FERG|233.119995|236.369995|230.610001|232.020004|1009300|0.9962829937|231.157578
2026-07-17|422|GNRC|209.259995|219.100006|206.300003|214.910004|958600|1.0000000000|214.910004
2026-07-17|423|LYB|59.139999|60.169998|58.669998|59.169998|3973300|0.9897823188|58.565418
2026-07-17|424|CBOE|278.579987|284.000000|272.589996|273.410004|1716600|1.0000000000|273.410004
2026-07-17|425|TSLA|381.779999|385.690002|377.220001|380.839996|31394600|1.0000000000|380.839996
2026-07-17|426|KKR|101.250000|104.169998|100.400002|100.940002|3576700|0.9981032973|100.748550
2026-07-17|427|NXPI|260.019989|271.089996|258.540009|266.529999|3433900|1.0000000000|266.529999
2026-07-17|428|GM|77.139999|77.940002|75.989998|76.070000|5828100|1.0000000000|76.070000
2026-07-17|429|TRGP|283.570007|285.559998|280.760010|282.910004|1140400|0.9953417306|281.592133
2026-07-17|430|CPAY|366.390015|374.089996|364.269989|365.790009|347900|1.0000000000|365.790009
2026-07-17|431|KMI|32.919998|32.970001|32.130001|32.299999|8516600|0.9907395899|32.000889
2026-07-17|432|HCA|384.679993|386.269989|371.119995|371.179993|1544200|1.0000000000|371.179993
2026-07-17|433|HII|273.779999|277.200012|268.250000|269.130005|946800|1.0000000000|267.880707
2026-07-17|434|APO|121.540001|125.239998|119.370003|120.470001|4934800|0.9957937992|119.963280
2026-07-17|435|MPC|311.730011|313.149994|306.809998|312.600006|2139200|0.9972693263|311.746399
2026-07-17|436|XYL|125.010002|126.760002|122.660004|122.779999|2736000|0.9962087815|122.314514
2026-07-17|437|APTV|58.330002|59.279999|57.310001|57.470001|1969500|1.0000000000|57.470001
2026-07-17|438|PSX|205.619995|207.139999|203.449997|206.860001|2363300|0.9947204324|205.767868
2026-07-17|439|AMCR|45.000000|45.049999|43.259998|43.939999|6168000|1.0000000000|43.939999
2026-07-17|440|META|647.700012|652.200012|626.000000|646.010010|22267900|1.0000000000|646.010010
2026-07-17|441|NOW|102.879997|105.830002|102.639999|103.239998|16207300|1.0000000000|103.239998
2026-07-17|442|PANW|347.000000|368.799988|345.040009|358.679993|7802700|1.0000000000|358.679993
2026-07-17|443|FANG|193.039993|196.100006|192.300003|195.539993|2017400|0.9945230033|194.469025
2026-07-17|444|WDAY|144.960007|149.880005|142.360001|144.779999|5604000|1.0000000000|144.779999
2026-07-17|445|ABBV|257.000000|260.959991|254.289993|254.490005|6872400|1.0000000000|254.490005
2026-07-17|446|NCLH|19.110001|19.719999|19.049999|19.459999|9945200|1.0000000000|19.459999
2026-07-17|447|ZTS|77.400002|78.050003|75.680000|76.559998|7544400|0.9930773248|76.029999
2026-07-17|448|IQV|207.149994|211.639999|205.800003|206.259995|1262200|1.0000000000|206.259995
2026-07-17|449|NWS|32.639999|32.910000|32.189999|32.419998|1013100|1.0000000000|32.419998
2026-07-17|450|NWSA|28.750000|28.980000|28.320000|28.430000|2689600|1.0000000000|28.430000
2026-07-17|451|CDW|133.929993|135.589996|131.089996|133.240005|2303900|0.9952456416|132.606537
2026-07-17|452|VEEV|197.369995|200.000000|194.250000|195.380005|1252100|1.0000000000|195.380005
2026-07-17|453|ALLE|139.050003|141.729996|136.479996|137.240005|1564900|1.0000000000|137.240005
2026-07-17|454|HLT|322.470001|323.750000|318.970001|321.320007|1999100|0.9995449167|321.173767
2026-07-17|455|ARES|122.400002|127.000000|122.400002|125.680000|1945800|1.0000000000|125.680000
2026-07-17|456|ANET|163.104996|171.429993|157.130005|168.610001|7560400|1.0000000000|168.610001
2026-07-17|457|SYF|72.849998|74.050003|71.985001|73.620003|2937800|0.9957005565|73.303474
2026-07-17|458|CFG|73.889999|74.160004|71.830002|72.389999|6637700|0.9935492916|71.923035
2026-07-17|459|KEYS|307.225006|318.434998|300.869995|315.899994|1743900|1.0000000000|315.899994
2026-07-17|460|GDDY|95.160004|97.000000|92.565002|94.349998|2292100|1.0000000000|94.349998
2026-07-17|461|KHC|26.610001|27.129000|25.745001|25.879999|15368200|1.0000000000|25.879999
2026-07-17|462|PYPL|56.490002|57.169998|55.689999|56.560001|19847300|1.0000000000|56.560001
2026-07-17|463|LITE|678.469971|747.000000|650.820007|732.820007|4940200|1.0000000000|732.820007
2026-07-17|464|HPE|44.400002|46.825001|43.700001|45.820000|14894100|1.0000000000|45.820000
2026-07-17|465|XYZ|79.199997|80.830002|78.959999|79.940002|4903300|1.0000000000|79.940002
2026-07-17|466|FTV|62.000000|63.060001|61.590000|61.779999|2804200|1.0000000000|61.779999
2026-07-17|467|DELL|376.850006|407.149994|368.149994|396.339996|7290800|0.9983502671|395.686127
2026-07-17|468|TTD|18.910000|19.205000|18.350000|18.590000|13651600|1.0000000000|18.590000
2026-07-17|469|VST|150.360001|157.250000|148.139999|155.440002|4441000|1.0000000000|155.440002
2026-07-17|470|HWM|269.350006|277.790009|265.750000|272.429993|2061800|0.9995167748|272.298340
2026-07-17|471|INVH|30.570000|30.730000|29.840000|30.120001|3428600|1.0000000000|30.120001
2026-07-17|472|CVNA|68.809998|70.459999|67.099998|67.339996|8032700|1.0000000000|67.339996
2026-07-17|473|IR|83.480003|85.047997|81.815002|82.239998|4279000|0.9997640396|82.220589
2026-07-17|474|VICI|27.360001|27.580000|26.709999|26.870001|8205900|1.0000000000|26.870001
2026-07-17|475|VRT|279.209991|297.325012|272.929993|289.559998|6068200|1.0000000000|289.559998
2026-07-17|476|MRNA|61.680000|63.279999|61.060001|61.820000|4552000|1.0000000000|61.820000
2026-07-17|477|FOXA|57.389999|57.669998|56.330002|57.619999|6975200|1.0000000000|57.619999
2026-07-17|478|FOX|51.189999|51.720001|50.775002|51.630001|1027400|1.0000000000|51.630001
2026-07-17|479|DOW|30.010000|30.540001|29.639999|29.920000|8538800|1.0000000000|29.920000
2026-07-17|480|UBER|73.260002|73.459999|71.720001|72.459999|18317900|1.0000000000|72.459999
2026-07-17|481|CTVA|86.529999|88.214996|86.529999|87.300003|3783100|1.0000000000|87.300003
2026-07-17|482|CRWD|200.399994|209.500000|199.520004|203.080002|9102600|1.0000000000|203.080002
2026-07-17|483|DDOG|255.899994|264.475006|248.610001|258.690002|3509000|1.0000000000|258.690002
2026-07-17|484|CARR|67.970001|69.595001|67.480003|68.690002|5172200|0.9964168410|68.443878
2026-07-17|485|OTIS|75.519997|75.910004|72.949997|73.449997|4005500|0.9939750786|73.007469
2026-07-17|486|PLTR|131.785004|134.770004|129.050003|132.380005|31875100|1.0000000000|132.380005
2026-07-17|487|DASH|186.149994|189.750000|181.679993|184.139999|2561900|1.0000000000|184.139999
2026-07-17|488|ABNB|146.789993|147.839996|145.110001|145.979996|5483500|1.0000000000|145.979996
2026-07-17|489|EXE|88.739998|89.989998|87.675003|88.129997|5811500|0.9940278354|87.603668
2026-07-17|490|COIN|153.360001|160.800003|152.580002|157.119995|6487100|1.0000000000|157.119995
2026-07-17|491|APP|421.429993|431.390015|413.630005|424.540009|5627900|1.0000000000|424.540009
2026-07-17|492|HOOD|100.370003|104.110001|96.589996|99.959999|27608600|1.0000000000|99.959999
2026-07-17|493|CEG|247.369995|254.289993|244.949997|252.389999|2317000|0.9984651331|252.002609
2026-07-17|494|GEHC|65.495003|66.283997|62.639999|63.070000|7594000|0.9994353928|63.034389
2026-07-17|495|KVUE|19.020000|19.360001|18.850000|18.980000|29311200|0.9889763775|18.770771
2026-07-17|496|VLTO|93.300003|96.669998|93.300003|93.809998|3043100|1.0000000000|93.809998
2026-07-17|497|RDDT|181.539993|184.949997|173.710007|181.179993|3327300|1.0000000000|181.179993
2026-07-17|498|SOLV|81.260002|83.339996|80.629997|81.309998|1115200|1.0000000000|81.309998
2026-07-17|499|GEV|995.000000|1069.109985|982.000000|1057.839966|3285000|1.0000000000|1057.839966
2026-07-17|500|SNDK|1365.204956|1501.199951|1325.030029|1354.819946|19810900|1.0000000000|1354.819946
2026-07-17|501|Q|130.449997|139.869995|129.085007|136.350006|2235300|1.0000000000|136.350006
2026-07-17|502|FDXF|152.490005|158.270004|150.460007|152.259995|1326100|1.0000000000|152.259995
2026-07-17|503|HONA|207.520004|217.830002|205.009995|211.630005|2548500|1.0000000000|211.630005
