date|security_id|ticker|open|high|low|close|volume|adj_factor|adj_close_vendor
2026-07-22|1|AEP|131.699997|133.279999|131.149994|133.070007|2862900|0.9924441265|132.064545
2026-07-22|2|BA|205.000000|209.250000|204.880005|208.649994|6061400|1.0000000000|208.649994
2026-07-22|3|CAT|877.289978|902.570007|872.940002|889.309998|1976900|1.0000000000|889.309998
2026-07-22|4|CNP|43.139999|43.750000|42.980000|43.680000|5353800|0.9940594062|43.420513
2026-07-22|5|CVX|193.399994|193.699997|191.940002|192.979996|6142400|0.9913483039|191.310394
2026-07-22|6|DIS|97.120003|97.300003|95.650002|95.870003|9119200|1.0000000000|95.870003
2026-07-22|7|DTE|146.339996|148.600006|145.850006|148.550003|1663100|1.0000000000|148.550003
2026-07-22|8|ED|111.129997|112.320000|110.150002|112.089996|1674200|0.9918651523|111.178162
2026-07-22|9|GD|371.100006|375.230011|370.010010|373.160004|955900|1.0000000000|373.160004
2026-07-22|10|GE|340.709991|345.200012|340.369995|341.190002|4200100|1.0000000000|341.190002
2026-07-22|11|HON|232.460007|238.110001|231.320007|232.990005|3798800|0.9970084192|232.292999
2026-07-22|12|HPQ|24.980000|25.540001|24.980000|25.100000|10125500|1.0000000000|25.100000
2026-07-22|13|IBM|207.679993|212.339996|204.729996|205.770004|14606700|0.9928776129|204.304428
2026-07-22|14|IP|36.419998|38.200001|36.400002|38.090000|5016300|0.9887402721|37.661118
2026-07-22|15|JNJ|252.759995|256.290009|251.210007|255.630005|9100200|0.9950922943|254.375443
2026-07-22|16|KO|82.849998|82.919998|81.959999|82.199997|11701300|1.0000000000|82.199997
2026-07-22|17|KR|58.790001|58.910000|57.209999|57.540001|4859800|0.9931853922|57.147888
2026-07-22|18|LMT|515.789978|521.000000|512.000000|514.359985|1141900|1.0000000000|514.359985
2026-07-22|19|MMM|172.050003|174.649994|169.729996|170.759995|4593800|0.9956414843|170.015732
2026-07-22|20|MO|73.339996|74.279999|72.169998|72.169998|6798900|1.0000000000|72.169998
2026-07-22|21|MRK|127.320000|128.830002|126.620003|127.470001|7792400|1.0000000000|127.470001
2026-07-22|22|MSI|407.859985|409.089996|402.190002|404.329987|532600|1.0000000000|404.329987
2026-07-22|23|PG|149.500000|150.460007|148.820007|149.130005|5371200|0.9925903246|148.024994
2026-07-22|24|XOM|153.860001|154.800003|152.949997|154.449997|13788700|0.9935665212|153.456345
2026-07-22|25|RTX|195.899994|197.350006|193.779999|194.880005|5150500|0.9966890420|194.234756
2026-07-22|26|MCD|265.700012|265.970001|261.850006|263.570007|4524400|1.0000000000|263.570007
2026-07-22|27|AXP|348.820007|349.700012|345.040009|348.739990|2465900|1.0000000000|348.739990
2026-07-22|28|BMY|61.400002|61.700001|60.560001|60.759998|6796800|1.0000000000|60.759998
2026-07-22|29|DD|138.800003|142.179993|138.800003|139.639999|1035900|1.0000000000|139.639999
2026-07-22|30|DE|589.900024|609.369995|589.900024|607.330017|990100|1.0000000000|607.330017
2026-07-22|31|EMR|139.119995|140.919998|139.029999|139.630005|1696300|0.9966201816|139.158081
2026-07-22|32|ETN|398.049988|412.480011|397.859985|406.910004|1770900|0.9975456838|405.911316
2026-07-22|33|ETR|113.440002|115.279999|112.919998|114.879997|2231200|0.9940658321|114.198280
2026-07-22|34|F|14.270000|14.700000|14.260000|14.420000|62012000|0.9892857143|14.265500
2026-07-22|35|HAL|33.560001|33.820000|32.669998|33.029999|19471700|1.0000000000|33.029999
2026-07-22|36|LLY|1173.910034|1175.000000|1153.500000|1163.010010|1555800|0.9985690653|1161.345825
2026-07-22|37|PCG|17.600000|18.110001|17.500000|18.110001|22972400|1.0000000000|18.110001
2026-07-22|38|PEP|136.360001|136.360001|134.720001|135.649994|6198700|1.0000000000|135.649994
2026-07-22|39|PFE|25.180000|25.190001|24.780001|24.820000|32988300|0.9828068774|24.393267
2026-07-22|40|TXN|285.209991|296.250000|285.209991|294.190002|10747300|0.9949060125|292.691406
2026-07-22|41|WFC|88.190002|88.190002|86.250000|86.419998|15478700|0.9942915856|85.926682
2026-07-22|42|HUBB|473.880005|482.309998|473.880005|476.839996|408944|1.0000000000|476.839996
2026-07-22|43|WMT|109.529999|110.000000|108.720001|109.330002|23494800|0.9976117102|109.068886
2026-07-22|44|AIG|79.750000|80.129997|77.449997|78.250000|4555800|1.0000000000|78.250000
2026-07-22|45|AVY|156.649994|158.199997|155.800003|157.679993|643100|1.0000000000|157.679993
2026-07-22|46|BAC|61.400002|61.900002|61.150002|61.619999|51484900|1.0000000000|61.619999
2026-07-22|47|BALL|62.919998|62.990002|62.099998|62.349998|1544100|1.0000000000|62.349998
2026-07-22|48|BDX|154.869995|155.330002|152.529999|153.160004|1162400|1.0000000000|153.160004
2026-07-22|49|CLX|97.360001|97.639999|95.419998|95.760002|2093800|0.9884526559|94.654228
2026-07-22|50|CMI|654.739990|668.919983|650.000000|660.750000|630900|0.9962915514|658.299683
2026-07-22|51|CMS|73.260002|74.019997|72.879997|73.980003|4079700|0.9919943817|73.387749
2026-07-22|52|CVS|110.230003|110.680000|107.870003|108.080002|9536300|0.9938471504|107.415001
2026-07-22|53|ECL|266.429993|267.369995|263.049988|266.880005|1115600|1.0000000000|266.880005
2026-07-22|54|ES|73.680000|74.680000|73.500000|74.459999|1602800|1.0000000000|74.459999
2026-07-22|55|EVRG|85.639999|86.660004|85.180000|86.559998|1597500|0.9917192899|85.843224
2026-07-22|56|GWW|1363.349976|1377.339966|1348.339966|1354.010010|253100|0.9980509570|1351.370972
2026-07-22|57|LNT|73.879997|74.339996|73.410004|74.019997|2126600|0.9924530963|73.461372
2026-07-22|58|MKC|53.029999|53.259998|51.610001|52.020000|2016100|1.0000000000|52.020000
2026-07-22|59|MRSH|180.000000|180.740005|175.410004|175.990005|2376000|0.9943746806|175.000000
2026-07-22|60|NEE|88.589996|89.739998|88.339996|89.410004|8708200|1.0000000000|88.742668
2026-07-22|61|NI|45.759998|46.619999|45.700001|46.570000|3845300|0.9933436876|46.260017
2026-07-22|62|PNW|106.589996|106.889999|104.709999|106.300003|1497900|0.9909892067|105.342155
2026-07-22|63|RVTY|109.940002|111.230003|108.959999|110.540001|1699200|1.0000000000|110.540001
2026-07-22|64|SNA|404.679993|409.540009|404.540009|406.170013|469600|0.9938338681|403.665497
2026-07-22|65|SPGI|435.589996|435.720001|428.549988|429.059998|1181500|0.9977597635|428.098785
2026-07-22|66|TER|362.649994|376.369995|360.799988|369.459991|2143000|1.0000000000|369.459991
2026-07-22|67|TGT|139.220001|139.690002|137.179993|137.919998|2283200|0.9923829532|136.869461
2026-07-22|68|TXT|90.919998|92.360001|90.760002|91.709999|1024500|1.0000000000|91.709999
2026-07-22|69|VMC|277.179993|281.079987|276.750000|277.829987|725900|0.9981453742|277.314728
2026-07-22|70|XEL|79.379997|80.349998|79.250000|80.190002|3714500|1.0000000000|80.190002
2026-07-22|71|ITW|272.769989|275.760010|272.140015|273.929993|1204400|1.0000000000|273.929993
2026-07-22|72|CL|91.349998|92.250000|90.989998|91.629997|4443500|1.0000000000|91.629997
2026-07-22|73|EXC|46.340000|46.830002|46.049999|46.700001|11745900|1.0000000000|46.700001
2026-07-22|74|MDT|82.959999|83.099998|81.519997|81.889999|4667000|1.0000000000|81.889999
2026-07-22|75|BNY|158.100006|160.649994|158.089996|160.389999|4056300|0.9960354919|159.754135
2026-07-22|76|EIX|79.010002|80.900002|78.599998|80.379997|2656400|1.0000000000|80.379997
2026-07-22|77|FRT|125.860001|126.360001|124.870003|125.050003|711100|1.0000000000|125.050003
2026-07-22|78|PNR|61.549999|63.099998|61.540001|63.020000|2673700|0.9956500725|62.745869
2026-07-22|79|USB|63.849998|64.519997|63.450001|64.470001|9758600|1.0000000000|64.470001
2026-07-22|80|WY|23.780001|23.930000|23.580000|23.820000|4195900|1.0000000000|23.820000
2026-07-22|81|SYY|81.660004|83.050003|81.110001|82.120003|2793400|1.0000000000|82.120003
2026-07-22|82|WRB|72.650002|72.769997|71.699997|72.360001|2003500|1.0000000000|72.360001
2026-07-22|83|IFF|76.970001|77.360001|76.360001|77.199997|1297900|1.0000000000|77.199997
2026-07-22|84|TAP|41.369999|41.400002|40.740002|41.040001|1734500|1.0000000000|40.567146
2026-07-22|85|PNC|250.000000|253.100006|249.449997|252.509995|1780800|1.0000000000|252.509995
2026-07-22|86|TRV|368.140015|374.000000|366.510010|372.079987|2475800|1.0000000000|372.079987
2026-07-22|87|C|132.720001|133.910004|132.100006|132.250000|10635500|0.9949414872|131.581009
2026-07-22|88|FDX|313.579987|322.130005|313.500000|321.019989|1607800|1.0000000000|321.019989
2026-07-22|89|WDC|525.739990|564.429993|525.020020|556.669983|5435000|1.0000000000|556.669983
2026-07-22|90|DHR|178.470001|180.119995|173.000000|179.139999|10886700|1.0000000000|179.139999
2026-07-22|91|APA|36.310001|36.570000|35.900002|36.180000|3638000|1.0000000000|36.180000
2026-07-22|92|LUV|47.630001|48.450001|47.220001|47.660000|6071600|1.0000000000|47.660000
2026-07-22|93|PEG|78.330002|79.629997|78.110001|79.580002|1879300|1.0000000000|79.580002
2026-07-22|94|UNP|293.500000|295.920013|290.910004|292.559998|3381400|1.0000000000|292.559998
2026-07-22|95|ABT|100.449997|101.040001|99.839996|100.570000|10257500|1.0000000000|100.570000
2026-07-22|96|ADI|376.829987|387.619995|376.000000|386.730011|3176100|1.0000000000|386.730011
2026-07-22|97|ADM|87.000000|87.669998|86.209999|87.320000|3702100|0.9936931471|86.769287
2026-07-22|98|ADP|249.250000|249.250000|241.649994|243.119995|2011300|1.0000000000|243.119995
2026-07-22|99|AFL|123.779999|124.529999|122.949997|123.580002|1567100|0.9949889100|122.960732
2026-07-22|100|AMAT|544.309998|563.340027|543.179993|553.919983|4963500|0.9989318178|553.328308
2026-07-22|101|AMD|526.880005|561.469971|526.599976|552.330017|24776700|1.0000000000|552.330017
2026-07-22|102|APD|298.100006|300.299988|296.010010|297.000000|1167300|1.0000000000|297.000000
2026-07-22|103|BF-B|26.650000|26.700001|26.180000|26.410000|1470100|1.0000000000|26.410000
2026-07-22|104|CHD|96.660004|97.169998|95.959999|97.129997|1589800|0.9969601263|96.834732
2026-07-22|105|CINF|180.350006|180.520004|177.970001|179.229996|521800|1.0000000000|179.229996
2026-07-22|106|CMCSA|24.160000|24.250000|23.490000|23.520000|36648000|1.0000000000|23.520000
2026-07-22|107|D|70.389999|71.230003|70.150002|71.089996|3272900|1.0000000000|71.089996
2026-07-22|108|DOV|212.179993|215.080002|210.820007|214.529999|1131000|1.0000000000|214.529999
2026-07-22|109|DUK|127.139999|127.980003|126.449997|127.949997|3410100|0.9912844404|126.834839
2026-07-22|110|EFX|173.720001|174.360001|167.529999|170.449997|2302100|1.0000000000|170.449997
2026-07-22|111|EQT|51.099998|54.060001|50.750000|54.009998|17854900|0.9968732234|53.841122
2026-07-22|112|FITB|57.730000|57.880001|57.400002|57.669998|4224400|1.0000000000|57.669998
2026-07-22|113|GIS|37.820000|37.959999|36.779999|36.910000|5766800|1.0000000000|36.910000
2026-07-22|114|GPC|120.870003|125.000000|119.709999|120.370003|2196700|1.0000000000|120.370003
2026-07-22|115|HAS|88.919998|89.989998|87.779999|89.040001|2875000|0.9925523990|88.376869
2026-07-22|116|HBAN|18.240000|18.379999|18.129999|18.270000|33550300|1.0000000000|18.270000
2026-07-22|117|HRL|25.379999|25.430000|25.070000|25.209999|2373100|1.0000000000|25.209999
2026-07-22|118|HST|24.450001|24.660000|24.299999|24.500000|8391000|1.0000000000|24.500000
2026-07-22|119|HSY|171.149994|172.750000|170.589996|172.330002|1064000|0.9921985814|170.985580
2026-07-22|120|INTC|101.550003|106.849998|101.480003|102.620003|78431000|1.0000000000|102.620003
2026-07-22|121|J|130.360001|130.809998|129.570007|130.500000|482800|0.9975665811|130.182434
2026-07-22|122|JPM|345.070007|349.070007|344.250000|348.209991|8040200|1.0000000000|348.209991
2026-07-22|123|KMB|109.000000|109.599998|108.480003|108.879997|2291700|1.0000000000|108.879997
2026-07-22|124|L|113.309998|115.010002|113.309998|114.699997|772400|0.9994397510|114.635742
2026-07-22|125|LEN|82.959999|83.790001|81.339996|82.150002|2621200|1.0000000000|82.150002
2026-07-22|126|LOW|203.500000|205.070007|202.210007|204.350006|3248100|1.0000000000|204.350006
2026-07-22|127|MAS|77.760002|78.489998|77.040001|78.010002|1691000|0.9956337837|77.669395
2026-07-22|128|MTB|249.059998|251.039993|247.139999|250.729996|1205100|1.0000000000|250.729996
2026-07-22|129|NEM|94.320000|96.940002|94.320000|95.750000|7780700|1.0000000000|95.750000
2026-07-22|130|NTRS|181.389999|182.860001|177.369995|178.660004|2780200|1.0000000000|178.660004
2026-07-22|131|NUE|234.529999|239.149994|234.320007|235.899994|926100|1.0000000000|235.899994
2026-07-22|132|OMC|79.309998|80.110001|79.040001|79.379997|2126800|1.0000000000|79.379997
2026-07-22|133|PCAR|127.000000|131.850006|126.820000|131.110001|4800500|0.9973590885|130.763748
2026-07-22|134|PGR|205.490005|206.899994|203.800003|204.539993|2522400|1.0000000000|204.539993
2026-07-22|135|PH|967.989990|975.000000|962.799988|970.770020|330000|1.0000000000|970.770020
2026-07-22|136|PHM|127.949997|129.059998|124.430000|126.750000|3045500|1.0000000000|126.750000
2026-07-22|137|PPG|116.860001|118.430000|116.050003|117.389999|1003400|0.9938189109|116.664406
2026-07-22|138|PPL|35.759998|36.119999|35.610001|36.099998|5081300|1.0000000000|36.099998
2026-07-22|139|RF|30.950001|30.959999|30.629999|30.860001|12082200|1.0000000000|30.860001
2026-07-22|140|ROL|44.549999|44.599998|43.090000|43.470001|6591600|0.9951510336|43.259216
2026-07-22|141|SHW|321.049988|322.790009|318.320007|319.910004|2765700|0.9976939264|319.172272
2026-07-22|142|STT|182.710007|185.449997|181.649994|185.240005|2373600|1.0000000000|185.240005
2026-07-22|143|SWK|87.949997|90.480003|86.510002|89.250000|933100|1.0000000000|89.250000
2026-07-22|144|SYK|315.059998|316.989990|309.119995|309.239990|2152300|1.0000000000|309.239990
2026-07-22|145|TMO|524.719971|528.809998|517.599976|526.460022|2334500|1.0000000000|526.460022
2026-07-22|146|TPL|420.160004|435.320007|419.970001|433.100006|322100|1.0000000000|433.100006
2026-07-22|147|TSN|57.509998|57.700001|56.970001|57.060001|1753100|1.0000000000|57.060001
2026-07-22|148|TT|468.450012|476.420013|465.570007|473.600006|819500|1.0000000000|473.600006
2026-07-22|149|TYL|301.440002|302.410004|282.820007|284.320007|784500|1.0000000000|284.320007
2026-07-22|150|UDR|39.630001|39.689999|39.270000|39.540001|1986300|0.9961781759|39.388885
2026-07-22|151|VTRS|17.570000|17.570000|16.900000|17.010000|14626100|0.9925558317|16.883375
2026-07-22|152|WEC|112.870003|113.519997|112.519997|113.459999|1729100|0.9913583604|112.479515
2026-07-22|153|WST|357.279999|363.230011|356.279999|358.410004|861100|0.9993471810|358.176025
2026-07-22|154|NDSN|289.869995|293.910004|288.570007|291.589996|247200|1.0000000000|291.589996
2026-07-22|155|TFC|51.500000|51.869999|51.250000|51.730000|7319500|0.9901868280|51.222363
2026-07-22|156|WELL|247.240005|247.350006|244.160004|245.039993|2019300|0.9962391044|244.118423
2026-07-22|157|AON|359.649994|359.970001|350.959991|352.329987|1813200|0.9977256968|351.528687
2026-07-22|158|GL|184.779999|185.570007|182.259995|184.000000|899600|1.0000000000|184.000000
2026-07-22|159|OKE|93.010002|93.029999|91.559998|91.750000|3672900|0.9882171564|90.668922
2026-07-22|160|KLAC|210.660004|218.369995|210.270004|214.690002|9051200|0.9988709994|214.447617
2026-07-22|161|CSX|50.029999|50.200001|49.540001|49.930000|17181100|1.0000000000|49.930000
2026-07-22|162|PSA|311.000000|312.269989|309.429993|311.700012|1136200|1.0000000000|311.700012
2026-07-22|163|NKE|42.450001|42.910000|41.570000|42.209999|18990000|1.0000000000|42.209999
2026-07-22|164|AAPL|327.869995|329.000000|323.339996|325.890015|38755900|0.9991382887|325.609192
2026-07-22|165|BRO|66.989998|67.209999|64.820000|65.389999|3920200|0.9976903696|65.238976
2026-07-22|166|UHS|149.320007|151.899994|148.550003|149.339996|549800|1.0000000000|149.339996
2026-07-22|167|HD|333.529999|336.559998|330.709991|331.450012|2907700|1.0000000000|331.450012
2026-07-22|168|BAX|22.530001|22.559999|21.700001|21.740000|4511200|1.0000000000|21.731615
2026-07-22|169|COP|118.940002|119.739998|118.480003|118.790001|4691800|0.9933743492|118.002937
2026-07-22|170|GLW|157.000000|161.449997|153.880005|154.059998|9996800|1.0000000000|154.059998
2026-07-22|171|HUM|400.679993|404.609985|394.859985|397.600006|689700|1.0000000000|397.600006
2026-07-22|172|LHX|282.000000|285.880005|279.510010|285.160004|1166900|1.0000000000|285.160004
2026-07-22|173|NOC|523.090027|535.640015|518.469971|525.280029|1056500|1.0000000000|525.280029
2026-07-22|174|OXY|57.470001|57.820000|57.090000|57.500000|7570000|1.0000000000|57.500000
2026-07-22|175|ROK|463.640015|469.600006|457.260010|458.200012|844800|0.9969290339|456.792908
2026-07-22|176|SLB|47.150002|47.869999|47.150002|47.669998|12740900|1.0000000000|47.669998
2026-07-22|177|SO|94.809998|95.849998|94.400002|95.800003|4510800|0.9918103451|95.015434
2026-07-22|178|WMB|73.730003|75.050003|73.330002|74.489998|6157600|1.0000000000|74.489998
2026-07-22|179|VLO|319.250000|320.239990|308.260010|310.920013|2551500|0.9961502678|309.723053
2026-07-22|180|CI|291.679993|293.209991|284.660004|284.850006|1411200|1.0000000000|284.850006
2026-07-22|181|NSC|333.690002|334.500000|329.820007|330.940002|975400|0.9960579337|329.635406
2026-07-22|182|COO|71.940002|71.940002|70.160004|70.500000|1599800|1.0000000000|70.500000
2026-07-22|183|AMGN|369.230011|371.000000|364.859985|366.049988|1548500|0.9941899340|363.923218
2026-07-22|184|RJF|167.449997|168.970001|163.990005|168.009995|1452000|1.0000000000|168.009995
2026-07-22|185|WSM|220.550003|223.050003|220.210007|222.339996|532700|1.0000000000|222.339996
2026-07-22|186|CAH|227.300003|229.860001|220.369995|220.539993|2521400|1.0000000000|220.539993
2026-07-22|187|CTAS|202.600006|202.600006|198.750000|201.360001|2591800|0.9974090682|200.838287
2026-07-22|188|PAYX|113.129997|113.239998|110.099998|110.739998|3359300|0.9896951856|109.598846
2026-07-22|189|BEN|32.650002|32.930000|32.189999|32.380001|2741300|1.0000000000|32.380001
2026-07-22|190|AOS|59.259998|59.599998|58.820000|59.349998|1087500|0.9939809398|58.992767
2026-07-22|191|CASY|863.859985|869.969971|856.489990|856.739990|169800|0.9992507205|856.098022
2026-07-22|192|T|23.379999|23.650000|22.730000|23.040001|187291400|1.0000000000|23.040001
2026-07-22|193|VZ|45.040001|45.119999|44.160000|44.290001|23734300|1.0000000000|44.290001
2026-07-22|194|JBHT|291.149994|294.140015|290.549988|292.239990|1036500|0.9983161833|291.747894
2026-07-22|195|ATO|176.899994|178.559998|176.190002|178.470001|791100|0.9940065930|177.400360
2026-07-22|196|LRCX|310.549988|322.250000|310.549988|319.290009|6344700|1.0000000000|319.290009
2026-07-22|197|MU|938.250000|982.619995|936.059998|959.479980|31588600|1.0000000000|959.479980
2026-07-22|198|AJG|248.039993|248.039993|241.139999|242.500000|974000|1.0000000000|242.500000
2026-07-22|199|AME|236.720001|239.759995|236.720001|237.089996|855100|1.0000000000|237.089996
2026-07-22|200|SWKS|62.430000|63.889999|62.250000|63.160000|3315200|1.0000000000|63.160000
2026-07-22|201|EXPD|178.889999|178.889999|176.110001|177.449997|1093100|1.0000000000|177.449997
2026-07-22|202|UNH|434.950012|436.320007|429.700012|431.309998|4234100|1.0000000000|431.309998
2026-07-22|203|BBY|86.000000|87.239998|85.370003|87.110001|2416400|1.0000000000|87.110001
2026-07-22|204|DOC|22.660000|22.770000|22.129999|22.190001|4034300|0.9950937953|22.081133
2026-07-22|205|ADSK|211.949997|212.289993|202.149994|203.500000|1793900|1.0000000000|203.500000
2026-07-22|206|DVN|44.709999|45.250000|44.660000|44.880001|7650600|1.0000000000|44.880001
2026-07-22|207|NVR|6337.839844|6464.169922|6278.509766|6349.279785|36600|1.0000000000|6349.279785
2026-07-22|208|ROST|237.649994|239.039993|235.839996|238.210007|1747500|1.0000000000|238.210007
2026-07-22|209|JKHY|150.139999|150.139999|145.740005|146.160004|852400|1.0000000000|146.160004
2026-07-22|210|MNST|47.310001|47.900002|47.200001|47.834999|9663000|0.5000000000|47.834999
2026-07-22|211|ORCL|126.180000|128.839996|124.699997|125.839996|21096700|1.0000000000|125.839996
2026-07-22|212|MSFT|399.579987|401.000000|386.959991|390.339996|28142500|0.9981210382|389.606567
2026-07-22|213|TROW|116.940002|117.790001|115.639999|116.010002|1339900|1.0000000000|116.010002
2026-07-22|214|COST|930.880005|933.599976|920.969971|927.309998|1762700|0.9984126298|925.838013
2026-07-22|215|ADBE|229.660004|229.660004|218.000000|218.360001|4361300|1.0000000000|218.360001
2026-07-22|216|FISV|50.750000|51.020000|49.950001|50.220001|3788000|1.0000000000|50.220001
2026-07-22|217|BKR|56.910000|57.630001|56.320000|56.599998|9565900|0.9963346614|56.392540
2026-07-22|218|CDNS|339.059998|346.329987|334.589996|337.010010|2342300|1.0000000000|337.010010
2026-07-22|219|TJX|155.789993|158.000000|154.039993|155.410004|4887800|0.9968547277|154.921204
2026-07-22|220|FICO|1244.130005|1248.280029|1212.119995|1221.469971|191400|1.0000000000|1221.469971
2026-07-22|221|CCL|25.980000|26.490000|25.740000|26.100000|15859800|0.9947898578|25.964016
2026-07-22|222|FAST|45.130001|45.599998|45.009998|45.330002|6443200|0.9945424013|45.082611
2026-07-22|223|SCHW|101.339996|101.339996|99.419998|100.800003|7797300|0.9970924949|100.506927
2026-07-22|224|JCI|140.250000|143.429993|140.250000|142.490005|1916300|1.0000000000|142.490005
2026-07-22|225|COHR|306.679993|319.760010|305.850006|312.190002|2769700|1.0000000000|312.190002
2026-07-22|226|KEY|22.760000|23.110001|22.730000|23.110001|13138100|1.0000000000|23.110001
2026-07-22|227|MOS|22.549999|22.990000|22.290001|22.780001|8387200|1.0000000000|22.780001
2026-07-22|228|MGM|45.720001|45.830002|45.150002|45.490002|1530400|1.0000000000|45.490002
2026-07-22|229|WM|235.169998|236.759995|233.410004|236.380005|1577200|1.0000000000|236.380005
2026-07-22|230|TECH|71.650002|71.839996|71.519997|71.779999|2667900|0.9988938053|71.700592
2026-07-22|231|IEX|221.490005|223.729996|220.860001|223.160004|981100|1.0000000000|223.160004
2026-07-22|232|GEN|26.209999|26.250000|25.500000|25.580000|3861800|0.9956109550|25.467728
2026-07-22|233|CRH|100.199997|101.370003|99.709999|100.059998|3185700|0.9960081882|99.660583
2026-07-22|234|EOG|145.240005|145.979996|143.929993|144.000000|2826500|1.0000000000|144.000000
2026-07-22|235|PTC|121.849998|122.150002|111.930000|113.110001|2206200|1.0000000000|113.110001
2026-07-22|236|CSCO|111.519997|113.779999|111.360001|112.209999|13726600|1.0000000000|112.209999
2026-07-22|237|LH|280.269989|282.100006|277.609985|281.459991|855000|1.0000000000|280.857849
2026-07-22|238|TRMB|51.639999|51.639999|49.610001|50.099998|2412600|1.0000000000|50.099998
2026-07-22|239|AZO|3027.500000|3053.000000|2961.000000|2972.449951|123200|1.0000000000|2972.449951
2026-07-22|240|REGN|676.429993|676.799988|648.900024|651.179993|872200|0.9988336456|650.420471
2026-07-22|241|IDXX|554.619995|556.969971|543.010010|545.000000|478700|1.0000000000|545.000000
2026-07-22|242|AES|14.830000|14.870000|14.820000|14.860000|5818200|0.9881481485|14.683881
2026-07-22|243|VRTX|482.320007|483.660004|471.579987|472.570007|1289000|1.0000000000|472.570007
2026-07-22|244|ZBRA|260.359985|264.589996|257.679993|262.750000|653800|1.0000000000|262.750000
2026-07-22|245|BIIB|203.699997|204.309998|197.399994|197.740005|841300|1.0000000000|197.740005
2026-07-22|246|ODFL|234.630005|235.759995|232.410004|232.800003|1434700|1.0000000000|232.800003
2026-07-22|247|APH|153.990005|158.529999|153.619995|157.509995|6048100|1.0000000000|157.509995
2026-07-22|248|KIM|26.190001|26.250000|26.059999|26.139999|3251300|1.0000000000|26.139999
2026-07-22|249|QCOM|170.710007|178.649994|170.600006|175.630005|7777600|1.0000000000|175.630005
2026-07-22|250|GILD|131.830002|132.860001|130.229996|130.339996|4757800|1.0000000000|130.339996
2026-07-22|251|ROP|350.690002|352.070007|335.500000|336.709991|975700|1.0000000000|336.709991
2026-07-22|252|SNPS|388.619995|390.059998|373.820007|377.609985|2573700|1.0000000000|377.609985
2026-07-22|253|STZ|132.029999|132.850006|131.190002|132.080002|1046300|0.9921821632|131.047424
2026-07-22|254|BSX|43.770000|43.770000|42.689999|42.970001|11201200|1.0000000000|42.970001
2026-07-22|255|STE|212.610001|212.610001|209.669998|210.570007|690600|1.0000000000|210.570007
2026-07-22|256|DHI|143.589996|145.160004|140.070007|142.520004|3711100|0.9970287223|142.096542
2026-07-22|257|LIN|506.850006|510.959991|505.100006|508.670013|1636600|1.0000000000|508.670013
2026-07-22|258|SBUX|104.029999|105.720001|102.910004|103.980003|5599800|0.9942883465|103.386101
2026-07-22|259|MS|215.520004|219.630005|215.520004|218.500000|3683200|0.9945253736|217.303787
2026-07-22|260|INTU|294.549988|296.440002|284.000000|284.470001|3005300|1.0000000000|284.470001
2026-07-22|261|MCHP|81.879997|85.660004|81.839996|85.019997|6537900|0.9940194534|84.511528
2026-07-22|262|CB|345.500000|349.970001|338.049988|343.230011|4619100|1.0000000000|343.230011
2026-07-22|263|ORLY|88.000000|89.029999|86.180000|86.529999|6244500|1.0000000000|86.529999
2026-07-22|264|RCL|285.500000|289.470001|282.750000|285.850006|1667200|1.0000000000|285.850006
2026-07-22|265|JBL|314.160004|324.290009|314.160004|318.290009|752800|0.9997839939|318.221252
2026-07-22|266|ALL|250.529999|252.490005|249.369995|251.830002|1292800|1.0000000000|251.830002
2026-07-22|267|CPT|112.320000|112.500000|111.489998|112.010002|730000|1.0000000000|112.010002
2026-07-22|268|VMRK|68.610001|68.760002|67.949997|68.290001|2869000|1.0000000000|68.290001
2026-07-22|269|IT|135.440002|136.589996|131.600006|132.100006|998700|1.0000000000|132.100006
2026-07-22|270|DECK|103.800003|104.489998|101.239998|102.470001|1925800|1.0000000000|102.470001
2026-07-22|271|REG|82.410004|82.769997|81.790001|82.220001|1152200|1.0000000000|82.220001
2026-07-22|272|INCY|116.269997|118.660004|115.769997|115.790001|998500|1.0000000000|115.790001
2026-07-22|273|SPG|227.149994|227.800003|225.320007|226.220001|1170100|1.0000000000|226.220001
2026-07-22|274|MAA|132.470001|132.979996|131.080002|131.570007|849600|1.0000000000|131.570007
2026-07-22|275|MLM|550.650024|558.229980|548.690002|550.659973|479200|1.0000000000|550.659973
2026-07-22|276|TSCO|29.900000|30.270000|29.309999|29.360001|11812100|0.9931389364|29.158560
2026-07-22|277|ALB|119.400002|123.309998|116.900002|117.449997|2610100|1.0000000000|117.449997
2026-07-22|278|CPRT|27.490000|27.600000|26.980000|27.170000|7694500|1.0000000000|27.170000
2026-07-22|279|FLEX|124.290001|129.750000|124.000000|127.000000|2769800|1.0000000000|127.000000
2026-07-22|280|ESS|295.329987|295.329987|292.179993|293.070007|306000|1.0000000000|293.070007
2026-07-22|281|O|65.330002|65.629997|65.000000|65.029999|3812500|0.9957938849|64.756477
2026-07-22|282|MCO|493.480011|493.989990|482.959991|489.700012|1281300|0.9978911593|488.667328
2026-07-22|283|SJM|117.470001|118.139999|115.940002|118.050003|2324500|0.9907154105|116.953957
2026-07-22|284|MCK|834.130005|840.000000|808.559998|814.039978|710500|1.0000000000|814.039978
2026-07-22|285|COF|207.529999|207.529999|198.779999|201.360001|7923200|0.9964810416|200.651428
2026-07-22|286|EME|745.940002|763.250000|740.280029|755.150024|318800|1.0000000000|755.150024
2026-07-22|287|DLTR|125.529999|126.730003|121.709999|122.150002|2697700|1.0000000000|122.150002
2026-07-22|288|COR|306.510010|308.809998|298.790009|300.579987|998300|0.9980645786|299.998230
2026-07-22|289|DRI|194.000000|196.820007|192.000000|193.940002|1477300|1.0000000000|193.940002
2026-07-22|290|RMD|196.940002|197.080002|191.669998|192.910004|971100|0.9971385215|192.357986
2026-07-22|291|WAB|276.109985|295.410004|271.440002|290.000000|3262500|0.9989689007|289.700989
2026-07-22|292|FCX|62.939999|65.080002|62.619999|65.000000|17461600|1.0000000000|65.000000
2026-07-22|293|IVZ|30.000000|30.660000|29.920000|30.500000|5695800|0.9933559952|30.297358
2026-07-22|294|ACGL|100.260002|100.470001|98.160004|98.629997|1715900|1.0000000000|98.629997
2026-07-22|295|ERIE|216.130005|216.130005|209.679993|210.860001|248200|1.0000000000|210.860001
2026-07-22|296|EG|378.320007|378.320007|372.130005|373.070007|384800|1.0000000000|373.070007
2026-07-22|297|DVA|237.110001|237.110001|230.350006|232.080002|979400|1.0000000000|232.080002
2026-07-22|298|HSIC|85.860001|86.529999|84.360001|84.809998|1196900|1.0000000000|84.809998
2026-07-22|299|EL|82.900002|83.230003|81.779999|82.629997|1820700|1.0000000000|82.629997
2026-07-22|300|WAT|367.549988|372.230011|360.959991|370.820007|956700|1.0000000000|370.820007
2026-07-22|301|NTAP|166.000000|169.160004|165.860001|166.539993|1698500|1.0000000000|166.539993
2026-07-22|302|HIG|139.000000|141.970001|139.000000|140.839996|1547400|1.0000000000|140.839996
2026-07-22|303|IRM|125.519997|126.239998|123.980003|124.510002|1229800|1.0000000000|124.510002
2026-07-22|304|BRK-B|490.500000|492.320007|487.809998|489.390015|3179300|1.0000000000|489.390015
2026-07-22|305|FDS|251.179993|251.360001|244.729996|245.210007|462900|1.0000000000|245.210007
2026-07-22|306|STLD|235.830002|241.550003|234.940002|238.639999|1291100|1.0000000000|238.639999
2026-07-22|307|DGX|207.130005|212.300003|205.410004|209.830002|1834000|1.0000000000|209.830002
2026-07-22|308|CIEN|396.950012|411.010010|396.869995|397.160004|1755700|1.0000000000|397.160004
2026-07-22|309|TTWO|236.240005|236.500000|232.570007|233.580002|1273800|1.0000000000|233.580002
2026-07-22|310|VTR|97.870003|97.949997|96.750000|97.180000|2525200|1.0000000000|97.180000
2026-07-22|311|AMZN|248.270004|248.449997|242.449997|244.850006|34112700|1.0000000000|244.850006
2026-07-22|312|ARE|51.000000|51.049999|49.430000|49.639999|1211600|1.0000000000|49.639999
2026-07-22|313|RL|383.369995|388.160004|381.619995|387.140015|474300|1.0000000000|387.140015
2026-07-22|314|BXP|68.959999|68.959999|67.290001|67.410004|1184400|1.0000000000|67.410004
2026-07-22|315|FIX|1717.000000|1806.160034|1712.000000|1791.060059|399500|0.9994824076|1790.132935
2026-07-22|316|YUM|147.250000|150.089996|145.070007|147.570007|2968100|1.0000000000|147.570007
2026-07-22|317|CHRW|210.330002|210.330002|206.240005|207.350006|1349000|1.0000000000|207.350006
2026-07-22|318|FE|48.799999|49.389999|48.570000|49.330002|3146300|0.9901836603|48.845760
2026-07-22|319|MTD|1298.369995|1299.520020|1277.390015|1285.900024|167000|1.0000000000|1285.900024
2026-07-22|320|PLD|148.649994|149.070007|144.100006|144.699997|6649300|1.0000000000|144.699997
2026-07-22|321|URI|1017.229980|1037.119995|1006.340027|1035.060059|694100|0.9982773546|1033.276978
2026-07-22|322|AEE|111.070000|112.160004|110.550003|112.010002|950700|1.0000000000|112.010002
2026-07-22|323|VRSN|269.049988|269.049988|260.160004|262.589996|760200|0.9970730649|261.821411
2026-07-22|324|PWR|629.440002|646.489990|624.609985|643.140015|579300|1.0000000000|643.140015
2026-07-22|325|AMT|163.740005|166.820007|163.470001|166.059998|2702300|1.0000000000|166.059998
2026-07-22|326|MAR|367.529999|371.399994|366.750000|369.799988|915100|0.9979719406|369.050018
2026-07-22|327|CTSH|44.270000|44.639999|42.849998|43.180000|5270500|0.9941706413|42.928291
2026-07-22|328|SRE|91.629997|93.410004|91.360001|93.050003|2991300|1.0000000000|93.050003
2026-07-22|329|CSGP|28.760000|28.920000|27.480000|27.690001|5635600|1.0000000000|27.690001
2026-07-22|330|RSG|217.000000|217.220001|214.860001|216.520004|1136000|1.0000000000|216.520004
2026-07-22|331|CCI|77.000000|77.750000|76.379997|77.500000|3919800|1.0000000000|77.500000
2026-07-22|332|EBAY|113.849998|113.980003|110.709999|110.949997|3799300|1.0000000000|110.613686
2026-07-22|333|NVDA|205.809998|214.389999|204.949997|212.059998|137645600|1.0000000000|212.059998
2026-07-22|334|BKNG|177.970001|180.369995|176.389999|177.860001|4851000|1.0000000000|177.860001
2026-07-22|335|GS|1078.520020|1106.660034|1078.000000|1098.199951|1538700|1.0000000000|1098.199951
2026-07-22|336|FFIV|405.200012|408.600006|399.559998|400.609985|542100|1.0000000000|400.609985
2026-07-22|337|SBAC|178.699997|180.899994|177.330002|178.020004|812400|0.9931480565|176.800217
2026-07-22|338|LII|530.849976|537.669983|530.340027|532.780029|213900|1.0000000000|532.780029
2026-07-22|339|BLK|1036.599976|1057.189941|1034.339966|1056.630005|726100|1.0000000000|1056.630005
2026-07-22|340|TKO|181.880005|183.070007|180.919998|181.649994|434000|1.0000000000|181.649994
2026-07-22|341|AKAM|124.089996|127.220001|122.480003|124.300003|3287300|1.0000000000|124.300003
2026-07-22|342|UPS|116.599998|117.580002|115.809998|115.839996|3196900|0.9843062201|114.022026
2026-07-22|343|A|133.279999|135.369995|132.149994|133.460007|2662800|1.0000000000|133.460007
2026-07-22|344|TDY|653.500000|672.000000|620.950012|650.500000|1151700|1.0000000000|650.500000
2026-07-22|345|PKG|228.009995|233.139999|222.740005|228.190002|1514300|1.0000000000|228.190002
2026-07-22|346|EW|85.220001|85.529999|84.019997|84.370003|4512300|1.0000000000|84.370003
2026-07-22|347|MET|93.800003|94.300003|92.769997|93.269997|3159100|0.9938427991|92.695709
2026-07-22|348|ON|89.900002|94.260002|89.309998|92.330002|6508100|1.0000000000|92.330002
2026-07-22|349|ISRG|351.859985|355.000000|340.609985|340.690002|4563800|1.0000000000|340.690002
2026-07-22|350|CRL|218.190002|221.830002|216.990005|218.699997|570800|1.0000000000|218.699997
2026-07-22|351|MRVL|201.149994|214.919998|200.580002|210.990005|16890300|1.0000000000|210.990005
2026-07-22|352|EQIX|1035.199951|1037.010010|1026.099976|1028.739990|346700|0.9952446339|1023.847961
2026-07-22|353|TPR|141.550003|143.860001|139.889999|143.729996|2034600|1.0000000000|143.729996
2026-07-22|354|GRMN|238.850006|241.979996|238.850006|240.509995|601200|1.0000000000|240.509995
2026-07-22|355|GPN|80.800003|80.849998|78.489998|78.970001|2355000|1.0000000000|78.970001
2026-07-22|356|ALGN|178.779999|178.779999|172.210007|172.460007|511900|1.0000000000|172.460007
2026-07-22|357|WTW|290.160004|291.230011|283.769989|286.510010|490000|1.0000000000|286.510010
2026-07-22|358|MDLZ|60.639999|60.980000|60.009998|60.860001|6175500|1.0000000000|60.860001
2026-07-22|359|AXON|511.170013|511.459991|490.040009|491.489990|588100|1.0000000000|491.489990
2026-07-22|360|FIS|42.009998|42.240002|40.259998|40.540001|5534600|1.0000000000|40.540001
2026-07-22|361|ACN|140.820007|143.490005|138.899994|140.089996|4768300|1.0000000000|140.089996
2026-07-22|362|ZBH|89.839996|89.919998|87.870003|88.680000|1179100|1.0000000000|88.680000
2026-07-22|363|BG|123.360001|124.430000|122.970001|123.879997|944300|0.9937342270|123.103798
2026-07-22|364|PFG|109.419998|109.989998|108.120003|108.250000|1423000|1.0000000000|108.250000
2026-07-22|365|ELV|392.799988|396.000000|386.929993|389.089996|1198500|1.0000000000|389.089996
2026-07-22|366|CNC|67.239998|67.570000|65.559998|65.889999|4506900|1.0000000000|65.889999
2026-07-22|367|PRU|119.000000|120.589996|118.230003|118.849998|1727900|0.9885872665|117.493591
2026-07-22|368|NFLX|69.370003|70.570000|68.349998|68.529999|44947300|1.0000000000|68.529999
2026-07-22|369|NDAQ|90.779999|91.860001|90.250000|90.900002|3437300|1.0000000000|90.900002
2026-07-22|370|WYNN|94.690002|95.269997|93.889999|94.370003|1415200|0.9975578784|94.139542
2026-07-22|371|CME|247.580002|255.250000|244.660004|249.240005|3898000|1.0000000000|249.240005
2026-07-22|372|STX|861.710022|921.380005|855.190002|908.099976|5263500|1.0000000000|908.099976
2026-07-22|373|NRG|131.110001|140.589996|131.110001|139.979996|2614800|0.9964628787|139.484863
2026-07-22|374|AIZ|274.989990|274.989990|272.070007|273.149994|347200|1.0000000000|273.149994
2026-07-22|375|CBRE|139.399994|139.949997|135.649994|137.089996|1368200|1.0000000000|137.089996
2026-07-22|376|CRM|169.470001|169.570007|162.210007|163.000000|12194500|1.0000000000|163.000000
2026-07-22|377|DPZ|331.640015|331.640015|318.640015|319.829987|936500|1.0000000000|319.829987
2026-07-22|378|EXR|145.470001|146.139999|144.270004|145.050003|1827200|1.0000000000|145.050003
2026-07-22|379|GOOG|347.179993|349.450012|341.640015|341.910004|23273800|1.0000000000|341.910004
2026-07-22|380|GOOGL|348.160004|349.940002|341.730011|342.089996|39334100|1.0000000000|342.089996
2026-07-22|381|DLR|179.509995|180.529999|178.199997|178.410004|2025900|1.0000000000|178.410004
2026-07-22|382|MPWR|1353.930054|1419.920044|1350.489990|1398.449951|607200|1.0000000000|1398.449951
2026-07-22|383|LVS|45.689999|46.299999|45.189999|45.250000|7356900|0.9936548222|44.962883
2026-07-22|384|DXCM|75.040001|75.290001|70.730003|71.430000|3871000|1.0000000000|71.430000
2026-07-22|385|BLDR|70.500000|72.540001|70.279999|71.029999|1769700|1.0000000000|71.029999
2026-07-22|386|WBD|25.830000|26.270000|25.750000|25.850000|19737600|1.0000000000|25.850000
2026-07-22|387|EXPE|265.829987|266.279999|259.660004|261.079987|915800|0.9985604607|260.704163
2026-07-22|388|CF|125.839996|127.480003|124.809998|127.349998|2035800|0.9948739856|126.697205
2026-07-22|389|AMP|529.679993|531.460022|525.210022|526.820007|641800|0.9968855344|525.179260
2026-07-22|390|ICE|140.500000|143.490005|139.960007|142.529999|3541800|1.0000000000|142.529999
2026-07-22|391|PSKY|8.570000|8.920000|8.460000|8.780000|11617700|1.0000000000|8.780000
2026-07-22|392|LYV|177.759995|180.179993|176.589996|177.919998|1268300|1.0000000000|177.919998
2026-07-22|393|CMG|33.369999|33.369999|31.879999|32.200001|20337500|1.0000000000|32.200001
2026-07-22|394|UAL|115.739998|118.699997|115.129997|117.260002|4099900|1.0000000000|117.260002
2026-07-22|395|TDG|1209.790039|1214.479980|1192.079956|1194.699951|439700|1.0000000000|1194.699951
2026-07-22|396|MA|538.940002|540.000000|530.729980|531.979980|2313200|1.0000000000|531.979980
2026-07-22|397|LDOS|106.489998|107.540001|105.760002|107.260002|1001500|1.0000000000|107.260002
2026-07-22|398|FSLR|206.419998|212.690002|204.940002|208.860001|1565100|1.0000000000|208.860001
2026-07-22|399|BR|146.000000|146.880005|143.119995|144.119995|697400|1.0000000000|144.119995
2026-07-22|400|SMCI|28.889999|32.279999|28.500000|30.559999|163015100|1.0000000000|30.559999
2026-07-22|401|TMUS|194.830002|195.100006|189.580002|190.940002|4476300|1.0000000000|189.844315
2026-07-22|402|DAL|83.519997|84.599998|82.900002|83.519997|5144800|1.0000000000|83.519997
2026-07-22|403|IBKR|93.599998|95.550003|92.180000|93.500000|5850600|1.0000000000|93.500000
2026-07-22|404|PODD|165.699997|165.699997|157.440002|158.929993|1376500|1.0000000000|158.929993
2026-07-22|405|TEL|199.330002|201.000000|190.270004|200.279999|8791800|0.9961105015|199.501007
2026-07-22|406|BX|123.769997|125.339996|122.250000|122.820000|3958900|0.9899021526|121.579781
2026-07-22|407|LULU|116.099998|116.559998|112.430000|113.370003|2238900|1.0000000000|113.370003
2026-07-22|408|ULTA|491.399994|493.040009|479.529999|483.519989|551900|1.0000000000|483.519989
2026-07-22|409|MSCI|555.010010|572.000000|555.010010|570.950012|1176000|0.9964362700|568.915344
2026-07-22|410|ECHO|95.070000|95.540001|91.809998|92.279999|4617800|1.0000000000|92.279999
2026-07-22|411|PM|192.029999|199.779999|189.380005|194.300003|7799100|1.0000000000|194.300003
2026-07-22|412|V|356.570007|357.529999|352.269989|353.420013|4622200|0.9981456881|352.764679
2026-07-22|413|AWK|132.699997|133.910004|132.029999|133.830002|1789000|0.9933923956|132.945709
2026-07-22|414|KDP|30.719999|30.719999|30.170000|30.200001|7245100|1.0000000000|30.200001
2026-07-22|415|SW|43.139999|44.660000|42.810001|44.509998|4038500|0.9909636146|44.107788
2026-07-22|416|AVGO|380.200012|398.589996|380.000000|396.809998|16966200|1.0000000000|396.809998
2026-07-22|417|VRSK|197.690002|197.940002|192.009995|192.279999|1515700|1.0000000000|192.279999
2026-07-22|418|DG|124.610001|124.660004|119.849998|120.239998|1793100|1.0000000000|120.239998
2026-07-22|419|FTNT|158.570007|159.000000|154.509995|155.050003|4570400|1.0000000000|155.050003
2026-07-22|420|CHTR|130.759995|130.820007|125.449997|129.220001|2993600|1.0000000000|129.220001
2026-07-22|421|FERG|228.729996|231.380005|227.479996|229.630005|717900|0.9962829937|228.776474
2026-07-22|422|GNRC|212.119995|216.850006|212.119995|213.419998|560200|1.0000000000|213.419998
2026-07-22|423|LYB|62.250000|63.279999|62.119999|62.320000|3971100|0.9897823188|61.683235
2026-07-22|424|CBOE|276.309998|291.029999|275.000000|281.799988|1129700|1.0000000000|281.799988
2026-07-22|425|TSLA|375.529999|380.170013|372.899994|374.010010|30646100|1.0000000000|374.010010
2026-07-22|426|KKR|96.339996|97.470001|94.830002|95.529999|2564600|0.9981032973|95.348808
2026-07-22|427|NXPI|270.059998|279.779999|269.160004|278.799988|2347400|1.0000000000|278.799988
2026-07-22|428|GM|80.500000|84.330002|80.040001|82.129997|13059500|1.0000000000|82.129997
2026-07-22|429|TRGP|282.950012|284.940002|280.540009|284.450012|842500|0.9953417306|283.124969
2026-07-22|430|CPAY|367.040009|369.140015|358.940002|359.000000|448500|1.0000000000|359.000000
2026-07-22|431|KMI|32.689999|32.740002|32.299999|32.490002|9855400|0.9907395899|32.189129
2026-07-22|432|HCA|373.260010|377.000000|371.350006|371.869995|842300|1.0000000000|371.869995
2026-07-22|433|HII|273.000000|277.929993|271.980011|277.279999|331300|1.0000000000|275.992889
2026-07-22|434|APO|118.000000|120.860001|118.000000|119.040001|3548200|0.9957937992|118.539299
2026-07-22|435|MPC|326.670013|326.920013|315.679993|315.820007|2589700|0.9972693263|314.957611
2026-07-22|436|XYL|116.410004|117.660004|115.739998|116.139999|1625900|0.9962087815|115.699684
2026-07-22|437|APTV|57.810001|58.730000|57.810001|58.220001|1348000|1.0000000000|58.220001
2026-07-22|438|PSX|216.000000|216.080002|210.270004|211.410004|2584300|0.9947204324|210.293854
2026-07-22|439|AMCR|42.720001|43.509998|42.419998|43.209999|3814600|1.0000000000|43.209999
2026-07-22|440|META|647.700012|649.000000|624.000000|627.169983|11019600|1.0000000000|627.169983
2026-07-22|441|NOW|100.870003|101.160004|94.739998|95.459999|43600900|1.0000000000|95.459999
2026-07-22|442|PANW|342.980011|344.190002|328.640015|335.279999|6338100|1.0000000000|335.279999
2026-07-22|443|FANG|202.419998|204.960007|202.229996|203.020004|1576300|0.9945230033|201.908066
2026-07-22|444|WDAY|142.179993|142.179993|131.929993|132.419998|4279400|1.0000000000|132.419998
2026-07-22|445|ABBV|257.809998|257.809998|252.250000|253.300003|4953200|1.0000000000|253.300003
2026-07-22|446|NCLH|19.400000|19.700001|19.070000|19.330000|8146200|1.0000000000|19.330000
2026-07-22|447|ZTS|75.779999|76.019997|73.669998|74.190002|4680700|1.0000000000|74.190002
2026-07-22|448|IQV|202.460007|202.639999|197.600006|198.520004|1004300|1.0000000000|198.520004
2026-07-22|449|NWS|31.650000|31.650000|30.840000|30.950001|751200|1.0000000000|30.950001
2026-07-22|450|NWSA|27.690001|27.790001|27.250000|27.340000|3107500|1.0000000000|27.340000
2026-07-22|451|CDW|130.220001|130.960007|127.709999|129.830002|2120600|0.9952456416|129.212738
2026-07-22|452|VEEV|189.830002|189.830002|182.100006|184.550003|1225000|1.0000000000|184.550003
2026-07-22|453|ALLE|138.820007|140.470001|137.899994|139.949997|1848300|1.0000000000|139.949997
2026-07-22|454|HLT|324.359985|326.809998|322.470001|324.230011|1530600|0.9995449167|324.082458
2026-07-22|455|ARES|120.169998|122.320000|118.830002|119.570000|1307800|1.0000000000|119.570000
2026-07-22|456|ANET|171.134995|176.410004|170.000000|174.869995|3342900|1.0000000000|174.869995
2026-07-22|457|SYF|71.489998|72.980003|71.309998|72.809998|4102900|0.9957005565|72.496956
2026-07-22|458|CFG|71.809998|72.559998|71.720001|72.440002|3466000|0.9935492916|71.972710
2026-07-22|459|KEYS|323.109985|331.614990|323.109985|327.529999|854800|1.0000000000|327.529999
2026-07-22|460|GDDY|92.860001|92.860001|88.589996|89.400002|1173000|1.0000000000|89.400002
2026-07-22|461|KHC|26.235001|26.330000|25.870001|25.959999|10757800|1.0000000000|25.959999
2026-07-22|462|PYPL|55.980000|56.380001|55.235001|55.509998|11187000|1.0000000000|55.509998
2026-07-22|463|LITE|810.219971|859.880005|809.005981|829.700012|3876200|1.0000000000|829.700012
2026-07-22|464|HPE|47.209999|49.680000|47.000000|48.130001|14833900|1.0000000000|48.130001
2026-07-22|465|XYZ|79.400002|79.440002|76.989998|77.459999|3834100|1.0000000000|77.459999
2026-07-22|466|FTV|60.669998|60.980000|60.000000|60.250000|2276100|1.0000000000|60.250000
2026-07-22|467|DELL|414.339996|451.359985|413.769989|441.799988|7215000|1.0000000000|441.799988
2026-07-22|468|TTD|18.459999|18.500000|17.430000|17.580000|12455400|1.0000000000|17.580000
2026-07-22|469|VST|160.110001|167.809998|159.630005|166.740005|2971500|1.0000000000|166.740005
2026-07-22|470|HWM|278.760010|282.040009|277.480011|280.700012|1610800|0.9995167748|280.564362
2026-07-22|471|INVH|29.959999|30.030001|29.430000|29.500000|3992900|1.0000000000|29.500000
2026-07-22|472|CVNA|64.269997|64.290001|62.689999|62.750000|8231400|1.0000000000|62.750000
2026-07-22|473|IR|81.110001|84.000000|81.110001|83.540001|5814200|0.9997640396|83.520287
2026-07-22|474|VICI|26.709999|26.820000|26.559999|26.580000|4939200|1.0000000000|26.580000
2026-07-22|475|VRT|294.255005|303.885010|293.549988|301.160004|2935100|1.0000000000|301.160004
2026-07-22|476|MRNA|59.520000|59.860001|57.740002|58.070000|3780400|1.0000000000|58.070000
2026-07-22|477|FOXA|57.830002|57.830002|56.340000|56.450001|2656300|1.0000000000|56.450001
2026-07-22|478|FOX|51.740002|51.740002|50.380001|50.630001|1051600|1.0000000000|50.630001
2026-07-22|479|DOW|30.990000|31.584999|30.809999|31.250000|11532400|1.0000000000|31.250000
2026-07-22|480|UBER|71.470001|71.470001|69.959999|70.330002|15001000|1.0000000000|70.330002
2026-07-22|481|CTVA|87.639999|88.570000|87.415001|88.529999|2140600|1.0000000000|88.529999
2026-07-22|482|CRWD|192.559998|193.490005|185.050003|188.419998|9080600|1.0000000000|188.419998
2026-07-22|483|DDOG|251.770004|252.259995|243.619995|245.770004|3873600|1.0000000000|245.770004
2026-07-22|484|CARR|66.589996|68.279999|66.589996|68.099998|5084500|1.0000000000|68.099998
2026-07-22|485|OTIS|70.360001|72.260002|69.695000|70.410004|8523700|0.9939750786|69.985794
2026-07-22|486|PLTR|132.220001|132.345001|123.449997|124.570000|38588300|1.0000000000|124.570000
2026-07-22|487|DASH|187.550003|188.529999|176.100006|177.729996|3761600|1.0000000000|177.729996
2026-07-22|488|ABNB|144.100006|144.470001|139.690002|140.050003|2635600|1.0000000000|140.050003
2026-07-22|489|EXE|90.629997|93.410004|90.180000|93.169998|4982800|0.9940278354|92.613571
2026-07-22|490|COIN|172.250000|174.960007|166.000000|166.119995|6953800|1.0000000000|166.119995
2026-07-22|491|APP|424.554993|424.640015|407.070007|412.480011|7820900|1.0000000000|412.480011
2026-07-22|492|HOOD|104.720001|106.885002|104.330002|104.480003|11151700|1.0000000000|104.480003
2026-07-22|493|CEG|263.255005|275.540009|261.839996|274.899994|3305600|0.9984651331|274.478058
2026-07-22|494|GEHC|62.389999|62.700001|61.340000|61.410000|3058700|0.9994353928|61.375324
2026-07-22|495|KVUE|19.209999|19.235001|19.045000|19.129999|9899600|0.9889763775|18.919117
2026-07-22|496|VLTO|90.620003|91.370003|89.349998|91.150002|1506300|1.0000000000|91.150002
2026-07-22|497|RDDT|172.899994|174.000000|166.000000|170.380005|8987000|1.0000000000|170.380005
2026-07-22|498|SOLV|79.050003|79.160004|77.430000|77.639999|515800|1.0000000000|77.639999
2026-07-22|499|GEV|1021.010010|1038.984985|985.030029|985.030029|4903800|1.0000000000|985.030029
2026-07-22|500|SNDK|1526.000000|1628.400024|1516.010010|1599.270020|10539100|1.0000000000|1599.270020
2026-07-22|501|Q|136.149994|140.630005|136.149994|138.740005|1032900|1.0000000000|138.740005
2026-07-22|502|FDXF|149.630005|152.270004|148.110001|149.320007|599400|1.0000000000|149.320007
2026-07-22|503|HONA|200.300003|208.699997|199.009995|207.779999|2348800|1.0000000000|207.779999
