date|security_id|ticker|open|high|low|close|volume|adj_factor|adj_close_vendor
2025-11-25|1|AEP|122.599998|122.809998|121.019997|121.580002|4552200|0.9775591772|118.851646
2025-11-25|2|BA|179.490005|183.479996|177.520004|182.440002|9676200|1.0000000000|182.440002
2025-11-25|3|CAT|564.590027|567.140015|547.549988|566.609985|3105100|0.9939261318|563.168457
2025-11-25|4|CNP|39.770000|39.930000|39.270000|39.410000|4075400|0.9832236217|38.748840
2025-11-25|5|CVX|148.899994|149.899994|148.270004|148.529999|11447900|0.9728341284|144.495056
2025-11-25|6|DIS|102.489998|103.919998|102.000000|103.309998|10574500|0.9857264957|101.835396
2025-11-25|7|DTE|136.759995|137.130005|135.130005|136.070007|1406300|0.9755422782|132.742035
2025-11-25|8|ED|99.849998|100.290001|98.629997|98.849998|2127200|0.9759585897|96.473511
2025-11-25|9|GD|338.790009|343.059998|338.790009|341.070007|1498700|0.9869830633|336.630371
2025-11-25|10|GE|294.489990|295.980011|286.209991|293.440002|4693100|0.9961629631|292.314087
2025-11-25|11|HON|189.820003|191.630003|189.230001|191.019996|3663400|1.0347776740|197.663239
2025-11-25|12|HPQ|24.400000|25.049999|24.200001|24.320000|22657500|0.9607551428|23.365564
2025-11-25|13|IBM|304.130005|306.000000|297.059998|304.480011|2825300|0.9800357773|298.401306
2025-11-25|14|IP|37.889999|39.320000|37.889999|39.130001|5149300|0.9645837619|37.744164
2025-11-25|15|JNJ|205.179993|207.720001|205.179993|206.669998|10275300|0.9841702191|203.398453
2025-11-25|16|KO|72.800003|72.930000|72.139999|72.610001|17451200|0.9799171123|71.151779
2025-11-25|17|KR|64.800003|66.230003|64.769997|66.150002|5383500|0.9830507535|65.028801
2025-11-25|18|LMT|451.059998|454.029999|448.480011|452.410004|1615900|0.9808408602|443.742218
2025-11-25|19|MMM|170.289993|172.160004|170.220001|171.539993|2605800|0.9860940463|169.154556
2025-11-25|20|MO|57.720001|58.439999|57.450001|58.340000|9621300|0.9516126626|55.517086
2025-11-25|21|MRK|100.730003|105.839996|100.709999|105.660004|22225500|0.9772081263|103.251823
2025-11-25|22|MSI|370.410004|373.529999|366.570007|369.510010|1883100|0.9910852927|366.215942
2025-11-25|23|PG|147.320007|148.649994|147.220001|148.490005|10477700|0.9782265339|145.256851
2025-11-25|24|XOM|115.180000|115.900002|114.190002|114.510002|14434600|0.9803338832|112.258034
2025-11-25|25|RTX|172.759995|173.630005|169.520004|172.149994|5511700|0.9892687733|170.302628
2025-11-25|26|MCD|306.750000|311.459991|306.750000|310.450012|4189600|0.9818538696|304.816528
2025-11-25|27|AXP|357.049988|363.790009|355.309998|362.640015|2059400|0.9919237847|359.711273
2025-11-25|28|BMY|48.209999|49.400002|48.099998|49.049999|15000000|0.9673144843|47.446777
2025-11-25|29|DD|38.589999|39.070000|38.230001|38.779999|6434199|2.9611069891|114.831726
2025-11-25|30|DE|490.059998|500.519989|488.220001|498.130005|2188500|0.9910776808|493.685547
2025-11-25|31|EMR|128.940002|132.389999|128.630005|130.899994|2357300|0.9888087280|129.435059
2025-11-25|32|ETN|329.989990|339.070007|324.709991|336.649994|3968800|0.9917042798|333.857239
2025-11-25|33|ETR|95.800003|96.029999|94.580002|95.269997|2318200|0.9822109154|93.575233
2025-11-25|34|F|12.990000|13.260000|12.980000|13.170000|52885000|0.9665034086|12.728849
2025-11-25|35|HAL|25.750000|25.780001|24.980000|25.690001|10284000|0.9847026012|25.297012
2025-11-25|36|LLY|1075.829956|1111.109985|1073.250000|1109.939941|4181500|0.9951920486|1104.603394
2025-11-25|37|PCG|15.950000|16.059999|15.700000|15.730000|29890700|0.9911560857|15.590884
2025-11-25|38|PEP|145.929993|147.119995|145.570007|146.110001|8954000|0.9713251717|141.920303
2025-11-25|39|PFE|25.370001|25.969999|25.360001|25.719999|39130300|0.9509184966|24.457623
2025-11-25|40|TXN|159.720001|161.949997|158.690002|161.770004|7406700|0.9834571490|159.093857
2025-11-25|41|WFC|84.529999|85.540001|83.610001|85.099998|12966400|0.9838041369|83.721733
2025-11-25|42|HUBB|424.690002|431.079987|420.285004|429.820007|274930|0.9910077151|425.954956
2025-11-25|43|WMT|104.610001|107.419998|104.230003|107.000000|20212900|0.9916508097|106.106628
2025-11-25|44|AIG|75.519997|76.239998|74.949997|75.010002|4063300|0.9824236525|73.691605
2025-11-25|45|AVY|169.350006|171.369995|168.750000|170.490005|614800|0.9833361967|167.649002
2025-11-25|46|BAC|52.250000|52.880001|51.860001|52.480000|41310100|0.9841245494|51.646854
2025-11-25|47|BALL|49.240002|49.669998|49.169998|49.380001|2287500|0.9893620930|48.854702
2025-11-25|48|BDX|191.970005|195.560004|191.210000|195.489995|2016300|0.7715067098|150.821854
2025-11-25|49|CLX|106.769997|107.519997|106.000000|106.870003|2759100|0.9654541242|103.178085
2025-11-25|50|CMI|489.450012|495.109985|482.630005|494.940002|1072100|0.9898444823|489.913635
2025-11-25|51|CMS|74.650002|74.989998|74.320000|74.809998|2753000|0.9770377822|73.092194
2025-11-25|52|CVS|78.349998|78.910004|78.190002|78.470001|4732600|0.9771601786|76.677757
2025-11-25|53|ECL|269.779999|275.140015|268.739990|273.459991|1744000|0.9918356453|271.227386
2025-11-25|54|ES|65.889999|66.150002|65.339996|65.940002|2356500|0.9670826030|63.769428
2025-11-25|55|EVRG|77.269997|77.459999|76.059998|76.570000|1402200|0.9752573788|74.675461
2025-11-25|56|GWW|937.750000|945.669983|932.219971|941.750000|232300|0.9941570385|936.247375
2025-11-25|57|LNT|68.519997|68.849998|67.870003|68.480003|1561600|0.9771332386|66.914085
2025-11-25|58|MKC|66.989998|68.160004|66.639999|67.150002|1989600|0.9754240070|65.499725
2025-11-25|59|MRSH|180.699997|182.369995|179.820007|182.020004|2158400|0.9842873682|179.159988
2025-11-25|60|NEE|84.690002|85.339996|84.180000|84.830002|7916800|0.9860055271|83.018562
2025-11-25|61|NI|43.410000|43.599998|42.840000|43.139999|3004400|0.9804324438|42.295856
2025-11-25|62|PNW|89.519997|90.589996|89.309998|89.500000|901200|0.9727255046|87.058929
2025-11-25|63|RVTY|101.160004|106.519997|100.489998|105.570000|2054500|0.9979858512|105.357368
2025-11-25|64|SNA|334.720001|341.600006|333.630005|340.290009|266300|0.9808470667|333.772461
2025-11-25|65|SPGI|490.320004|496.540008|489.240005|494.190015|1136600|0.9395781501|464.330109
2025-11-25|66|TER|165.330002|168.089996|160.360001|167.669998|2833700|0.9992046578|167.536636
2025-11-25|67|TGT|84.989998|86.629997|84.730003|86.580002|6520100|0.9731968404|84.259384
2025-11-25|68|TXT|82.680000|83.290001|82.400002|82.919998|1150600|0.9993380469|82.865112
2025-11-25|69|VMC|289.000000|293.089996|287.079987|292.720001|846200|0.9942812010|291.046021
2025-11-25|70|XEL|80.260002|81.150002|79.849998|80.389999|4980300|0.9776860259|78.596176
2025-11-25|71|ITW|245.169998|249.610001|243.720001|248.350006|1070100|0.9813941046|243.729233
2025-11-25|72|CL|79.779999|80.070000|79.209999|79.820000|6097700|0.9821445459|78.394768
2025-11-25|73|EXC|46.270000|46.360001|45.450001|45.779999|6968800|0.9822723358|44.968426
2025-11-25|74|MDT|103.800003|105.599998|103.800003|105.349998|9482900|0.9758565703|102.806488
2025-11-25|75|BNY|108.449997|109.300003|107.410004|109.129997|3155600|0.9877222173|107.790131
2025-11-25|76|EIX|59.450001|59.790001|58.430000|58.500000|2580700|0.9623086217|56.295059
2025-11-25|77|FRT|97.389999|98.949997|97.389999|98.379997|504600|0.9693143333|95.361137
2025-11-25|78|PNR|104.970001|106.769997|104.309998|106.029999|1180600|0.9901423720|104.984795
2025-11-25|79|USB|48.049999|49.189999|47.980000|48.910000|10153100|0.9719845662|47.539768
2025-11-25|80|WY|21.709999|22.180000|21.629999|22.139999|4855300|0.9737086273|21.557909
2025-11-25|81|SYY|75.029999|76.290001|75.029999|75.910004|3981000|0.9787571978|74.297462
2025-11-25|82|WRB|78.070000|78.440002|77.769997|77.919998|1745800|0.9742469050|75.913315
2025-11-25|83|IFF|68.129997|70.110001|67.680000|69.199997|3375000|0.9828526607|68.013405
2025-11-25|84|TAP|46.680000|47.279999|46.220001|46.389999|3789100|0.9680101781|44.388592
2025-11-25|85|PNC|190.000000|193.830002|188.500000|192.589996|1889600|0.9770281499|188.165848
2025-11-25|86|TRV|293.010010|296.850006|291.369995|293.700012|1708600|0.9883140678|290.267853
2025-11-25|87|C|100.360001|101.750000|99.529999|101.169998|10881900|0.9851223482|99.664825
2025-11-25|88|FDX|268.949995|275.000002|268.030001|273.870006|1270400|0.7954691757|217.855148
2025-11-25|89|WDC|150.000000|156.009995|147.699997|155.410004|5467700|0.9984583045|155.170395
2025-11-25|90|DHR|227.139999|232.350006|226.169998|230.770004|2957500|0.9944303518|229.484695
2025-11-25|91|APA|24.200001|24.200001|23.510000|24.080000|5281600|0.9771167223|23.528971
2025-11-25|92|LUV|33.299999|34.730000|33.029999|34.360001|7179100|0.9870678085|33.915653
2025-11-25|93|PEG|82.440002|82.559998|81.510002|82.160004|1304600|0.9756675447|80.160851
2025-11-25|94|UNP|225.740005|229.449997|225.259995|229.130005|2582500|0.9839040791|225.441940
2025-11-25|95|ABT|127.290001|128.809998|126.230003|128.050003|8035500|0.9817546722|125.713699
2025-11-25|96|ADI|230.600006|252.479996|229.289993|252.020004|7515100|0.9906566026|249.665283
2025-11-25|97|ADM|58.950001|59.810001|58.740002|59.700001|2315700|0.9797994474|58.494030
2025-11-25|98|ADP|251.000000|260.000000|250.660004|256.309998|2670000|0.9780151607|250.675064
2025-11-25|99|AFL|111.120003|112.459999|110.680000|111.629997|2085500|0.9846316611|109.914436
2025-11-25|100|AMAT|237.550003|244.619995|233.139999|242.460007|8330300|0.9964487658|241.598984
2025-11-25|101|AMD|201.479996|206.580002|194.279999|206.130005|69773500|1.0000000000|206.130005
2025-11-25|102|APD|258.480011|259.880005|257.000000|258.929993|1234000|0.9804771664|253.874969
2025-11-25|103|BF-B|28.790001|28.950001|28.459999|28.799999|3821800|0.9746521115|28.069983
2025-11-25|104|CHD|82.889999|84.300003|82.889999|84.160004|2312300|0.9906552793|83.373550
2025-11-25|105|CINF|168.199997|169.229996|167.880005|168.380005|374600|0.9835715596|165.613785
2025-11-25|106|CMCSA|26.550000|27.090000|26.520000|26.680000|30445600|0.9033911576|24.102474
2025-11-25|107|D|61.770000|62.090000|60.840000|61.540001|6362600|0.9687101350|59.614422
2025-11-25|108|DOV|184.779999|186.580002|182.910004|186.020004|729600|0.9924896872|184.622940
2025-11-25|109|DUK|122.260002|122.980003|121.589996|121.930000|2835100|0.9744921325|118.819824
2025-11-25|110|EFX|209.860001|216.100006|209.860001|214.880005|1041600|0.9938812654|213.565216
2025-11-25|111|EQT|56.900002|57.880001|56.110001|56.759998|8376900|0.9912778241|56.264927
2025-11-25|112|FITB|42.529999|43.400002|42.520000|43.279999|4519200|0.9757841433|42.231934
2025-11-25|113|GIS|47.150002|47.700001|46.680000|46.950001|4795000|0.9532424984|44.754738
2025-11-25|114|GPC|127.489998|129.380005|126.940002|128.869995|2084200|0.9724963604|125.325600
2025-11-25|115|HAS|79.750000|82.309998|79.500000|81.570000|2749900|0.9777483232|79.754936
2025-11-25|116|HBAN|16.010000|16.209999|15.970000|16.180000|47994300|0.9725023795|15.735089
2025-11-25|117|HRL|22.980000|23.049999|22.820000|22.980000|4164800|0.9619905057|22.106541
2025-11-25|118|HST|17.420000|17.930000|17.389999|17.790001|8328700|0.9346875076|16.628090
2025-11-25|119|HSY|186.220001|186.960007|185.399994|186.750000|1341900|0.9782056212|182.679901
2025-11-25|120|INTC|35.549999|36.130001|34.680000|35.830002|62203300|1.0000000000|35.830002
2025-11-25|121|J|132.960007|134.550003|131.850006|133.539993|1168600|0.9894584622|132.132278
2025-11-25|122|JPM|300.049988|304.500000|295.559998|303.000000|8877200|0.9859988977|298.757629
2025-11-25|123|KMB|105.330002|106.290001|105.050003|106.010002|4303900|0.9627154389|102.057465
2025-11-25|124|L|107.599998|108.389999|107.180000|107.949997|869000|0.9977044368|107.702194
2025-11-25|125|LEN|124.459999|131.600006|124.370003|131.080002|15138300|0.9844362452|129.039886
2025-11-25|126|LOW|230.720001|238.910004|230.289993|238.100006|3330300|0.9846876283|234.454132
2025-11-25|127|MAS|62.490002|63.709999|61.950001|63.340000|4157700|0.9866652888|62.495377
2025-11-25|128|MTB|189.309998|192.600006|188.550003|191.580002|830600|0.9784172563|187.445175
2025-11-25|129|NEM|86.059998|87.470001|85.260002|86.269997|8176100|0.9927701446|85.646278
2025-11-25|130|NTRS|129.259995|130.820007|128.270004|129.929993|885900|0.9838837164|127.836006
2025-11-25|131|NUE|154.500000|157.839996|153.630005|156.250000|1364800|0.9907811186|154.809555
2025-11-25|132|OMC|75.510002|75.570000|72.599998|72.849998|7564000|0.9700503706|70.668167
2025-11-25|133|PCAR|102.970001|105.430000|102.529999|104.919998|3225900|0.9792369323|102.741531
2025-11-25|134|PGR|226.910004|228.500000|225.839996|226.410004|2361300|0.9393741219|212.683685
2025-11-25|135|PH|844.989990|855.500000|838.419983|852.039978|765700|0.9958887879|848.536987
2025-11-25|136|PHM|120.779999|126.349998|119.910004|125.709999|2286200|0.9937132889|124.919701
2025-11-25|137|PPG|98.120003|100.169998|97.709999|99.599998|2859100|0.9817392581|97.781219
2025-11-25|138|PPL|36.500000|36.669998|36.099998|36.410000|8341700|0.9766950417|35.561466
2025-11-25|139|RF|25.080000|25.549999|25.010000|25.420000|10966600|0.9708879210|24.679972
2025-11-25|140|ROL|60.380001|61.459999|60.000000|61.220001|2328600|0.9887685295|60.532413
2025-11-25|141|SHW|338.809998|344.140015|337.130005|342.649994|1452400|0.9929181711|340.223450
2025-11-25|142|STT|115.120003|116.680000|114.540001|116.089996|1701800|0.9820070009|114.001183
2025-11-25|143|SWK|68.230003|71.099998|68.220001|70.730003|2022300|0.9672078260|68.410606
2025-11-25|144|SYK|372.700012|376.619995|371.000000|375.079987|1374900|0.9921744259|372.144775
2025-11-25|145|TMO|582.200012|602.320007|581.799988|597.780029|1803400|0.9972620730|596.143311
2025-11-25|146|TPL|872.500031|875.060028|838.270020|864.409973|168300|0.3318281124|286.835510
2025-11-25|147|TSN|57.459999|57.900002|56.689999|57.139999|3503000|0.9750492370|55.714310
2025-11-25|148|TT|411.660004|419.470001|409.089996|418.820007|1242800|0.9953350758|416.866241
2025-11-25|149|TYL|457.820007|471.799988|455.809998|470.690002|436500|1.0000000000|470.690002
2025-11-25|150|UDR|35.840000|36.230000|35.639999|36.080002|2454200|0.9688744575|34.956989
2025-11-25|151|VTRS|10.600000|10.730000|10.520000|10.560000|6948100|0.9769695342|10.316798
2025-11-25|152|WEC|111.129997|111.919998|110.500000|111.220001|1975400|0.9747231440|108.408699
2025-11-25|153|WST|278.179993|281.329987|275.679993|280.839996|579400|0.9976812219|280.188812
2025-11-25|154|NDSN|234.639999|239.369995|234.440002|238.330002|308300|0.9906696357|236.106293
2025-11-25|155|TFC|45.750000|46.590000|45.669998|46.320000|7575600|0.9700498779|44.932709
2025-11-25|156|WELL|201.869995|205.330002|201.550003|204.589996|2830000|0.9893392873|202.408920
2025-11-25|157|AON|344.059998|351.500000|342.799988|350.959991|692600|0.9951005240|349.240479
2025-11-25|158|GL|134.190002|135.710007|134.169998|135.369995|551900|0.9938835716|134.542007
2025-11-25|159|OKE|69.949997|71.040001|69.820000|70.879997|3956200|0.9633206765|68.280167
2025-11-25|160|KLAC|1130.189972|1148.479996|1107.419968|1145.889969|944200|0.0996303139|114.165382
2025-11-25|161|CSX|34.450001|34.990002|34.330002|34.900002|12472600|0.9900119853|34.551422
2025-11-25|162|PSA|270.769989|275.070007|270.769989|272.329987|877500|0.9701110817|264.190338
2025-11-25|163|NKE|62.340000|64.120003|61.869999|63.680000|11527200|0.9783499344|62.301323
2025-11-25|164|AAPL|275.269989|280.380005|275.250000|276.970001|46914200|0.9972854026|276.218140
2025-11-25|165|BRO|79.709999|80.550003|79.389999|80.510002|1744400|0.9924932219|79.905632
2025-11-25|166|UHS|238.460007|245.440002|238.000000|243.740005|645700|0.9968342486|242.968384
2025-11-25|167|HD|339.000000|353.000000|338.850006|351.070007|6316600|0.9796274407|343.917786
2025-11-25|168|BAX|18.340000|18.719999|18.200001|18.660000|7339900|0.9984613291|18.624105
2025-11-25|169|COP|86.660004|86.980003|85.699997|86.620003|6926400|0.9784321345|84.751793
2025-11-25|170|GLW|82.379997|83.339996|80.269997|82.949997|4467100|0.9966096046|82.668762
2025-11-25|171|HUM|228.399994|238.130005|228.399994|237.880005|2181900|0.9892166205|235.314865
2025-11-25|172|LHX|275.670013|277.209991|273.929993|276.329987|1602100|0.9925076273|274.259613
2025-11-25|173|NOC|565.700012|574.500000|565.700012|569.419983|919500|0.9884333448|562.833740
2025-11-25|174|OXY|41.209999|41.529999|40.849998|41.410000|7738500|0.9849760250|40.787853
2025-11-25|175|ROK|386.019989|392.410004|384.880005|391.299988|834600|0.9904239689|387.552887
2025-11-25|176|SLB|35.820000|35.950001|35.009998|35.900002|13234500|0.9812007073|35.225105
2025-11-25|177|SO|89.000000|89.529999|88.620003|89.290001|5363600|0.9759995454|87.146996
2025-11-25|178|WMB|59.270000|59.500000|58.599998|59.369999|5778400|0.9774919343|58.033691
2025-11-25|179|VLO|174.220001|175.380005|170.410004|174.100006|2646100|0.9854130966|171.560440
2025-11-25|180|CI|273.690002|280.190002|271.239990|278.200012|1862100|0.9832673314|273.544983
2025-11-25|181|NSC|285.140015|289.670013|285.010010|289.059998|1022500|0.9874047136|285.419189
2025-11-25|182|COO|76.360001|78.489998|76.089996|78.209999|2403400|1.0000000000|78.209999
2025-11-25|183|AMGN|335.410004|341.730011|335.410004|341.109985|2868600|0.9799483831|334.270172
2025-11-25|184|RJF|153.479996|155.169998|153.059998|154.539993|1053200|0.9893936166|152.900879
2025-11-25|185|WSM|175.529999|181.669998|174.630005|179.580002|1414200|0.9895967846|177.711792
2025-11-25|186|CAH|212.490005|214.619995|212.490005|213.729996|1343900|0.9929397050|212.220993
2025-11-25|187|CTAS|182.139999|184.440002|181.789993|183.669998|2282800|0.9924218382|182.278122
2025-11-25|188|PAYX|110.150002|112.489998|109.989998|112.110001|2832400|0.9670710940|108.418343
2025-11-25|189|BEN|22.080000|22.320000|21.980000|22.260000|3881600|0.9625940231|21.427343
2025-11-25|190|AOS|64.720001|65.629997|64.269997|65.410004|1435300|0.9834989125|64.330666
2025-11-25|191|CASY|544.479980|566.030029|542.000000|565.440002|319900|0.9976268719|564.098145
2025-11-25|192|T|25.760000|26.209999|25.750000|25.860001|44336200|0.9652496452|24.961357
2025-11-25|193|VZ|40.590000|40.799999|40.410000|40.590000|24375300|0.9521495225|38.647751
2025-11-25|194|JBHT|167.779999|172.600006|167.770004|172.029999|1103900|0.9944705560|171.078766
2025-11-25|195|ATO|174.889999|175.630005|172.639999|173.339996|991000|0.9829545502|170.385330
2025-11-25|196|LRCX|149.550003|152.800003|145.500000|151.929993|9691500|0.9964597456|151.392136
2025-11-25|197|MU|219.220001|226.190002|216.000000|224.529999|17441600|0.9990228227|224.310577
2025-11-25|198|AJG|249.800003|251.589996|247.699997|250.240005|966400|0.9910126646|247.991013
2025-11-25|199|AME|196.559998|198.110001|194.500000|197.220001|1219800|0.9953689352|196.306671
2025-11-25|200|SWKS|63.020000|63.830002|62.279999|63.509998|2579500|0.9796110161|62.215096
2025-11-25|201|EXPD|145.020004|148.380005|145.000000|147.580002|1379600|0.9896583057|146.053787
2025-11-25|202|UNH|321.119995|328.000000|320.899994|326.279999|6149100|0.9800610506|319.774323
2025-11-25|203|BBY|76.639999|80.559998|75.000000|79.660004|7625400|0.9593973356|76.425598
2025-11-25|204|DOC|17.950001|18.200001|17.799999|18.110001|4493300|0.9513422733|17.228811
2025-11-25|205|ADSK|290.279999|297.670013|287.079987|294.429993|2336400|1.0000000000|294.429993
2025-11-25|206|DVN|35.630001|35.889999|35.349998|35.820000|6312500|0.9814598964|35.155891
2025-11-25|207|NVR|7340.000000|7478.500000|7335.220215|7453.379883|18800|1.0000000000|7453.379883
2025-11-25|208|ROST|174.289993|177.330002|173.500000|176.500000|4531100|0.9936631572|175.381546
2025-11-25|209|JKHY|171.309998|173.839996|171.190002|173.619995|578000|0.9886171552|171.643707
2025-11-25|210|MNST|73.440002|74.949997|73.410004|74.820000|5668300|0.5000000000|74.820000
2025-11-25|211|ORCL|194.080002|199.410004|185.630005|197.029999|29595000|0.9904465499|195.147690
2025-11-25|212|MSFT|474.070007|479.149994|464.890015|476.989990|28019800|0.9936958009|473.982941
2025-11-25|213|TROW|100.260002|101.449997|99.610001|101.129997|1691000|0.9618549978|97.272392
2025-11-25|214|COST|886.659973|895.719971|885.130005|894.330017|2534700|0.9956058515|890.400146
2025-11-25|215|ADBE|317.769989|321.519989|315.570007|319.549988|3765000|1.0000000000|319.549988
2025-11-25|216|FISV|60.669998|61.779999|60.549999|60.759998|6886900|1.0000000000|60.759998
2025-11-25|217|BKR|49.160000|49.560001|48.709999|49.430000|5767200|0.9892821118|48.900211
2025-11-25|218|CDNS|300.750000|305.750000|298.170013|303.660004|1976100|1.0000000000|303.660004
2025-11-25|219|TJX|148.869995|153.020004|148.410004|152.389999|5639100|0.9907991610|150.987885
2025-11-25|220|FICO|1745.000000|1820.750000|1737.780029|1810.000000|195500|1.0000000000|1810.000000
2025-11-25|221|CCL|24.690001|26.360001|24.650000|25.719999|32096800|0.9841845235|25.313227
2025-11-25|222|FAST|39.790001|40.160000|39.400002|40.090000|5578600|0.9838279433|39.441666
2025-11-25|223|SCHW|90.290001|91.139999|89.500000|90.739998|8979600|0.9901836685|89.849266
2025-11-25|224|JCI|114.760002|115.500000|112.570000|114.650002|6359300|0.9941759575|113.982269
2025-11-25|225|COHR|146.199997|149.089996|142.460007|148.850006|6559700|1.0000000000|148.850006
2025-11-25|226|KEY|18.000000|18.440001|17.990000|18.370001|14223300|0.9696888308|17.813185
2025-11-25|227|MOS|23.719999|24.420000|23.700001|24.160000|7904000|0.9727377902|23.501347
2025-11-25|228|MGM|32.529999|34.410000|32.520000|34.139999|6515900|1.0000000000|34.139999
2025-11-25|229|WM|213.500000|216.649994|212.490005|216.229996|1632100|0.9879218676|213.618332
2025-11-25|230|TECH|64.029999|66.059998|63.360001|65.849998|2047000|0.9957086055|65.567413
2025-11-25|231|IEX|171.300003|174.669998|171.100006|173.649994|533000|0.9895889092|171.842102
2025-11-25|232|GEN|26.260000|26.820000|26.170000|26.680000|3480800|0.9850474704|26.281067
2025-11-25|233|CRH|114.690002|116.940002|114.019997|116.269997|4855900|0.9889154582|114.981201
2025-11-25|234|EOG|105.559998|106.040001|104.610001|105.470001|3170700|0.9756845809|102.905449
2025-11-25|235|PTC|170.990005|174.130005|170.009995|173.440002|761300|1.0000000000|173.440002
2025-11-25|236|CSCO|76.489998|77.059998|76.080002|76.320000|18818800|0.9856294108|75.223236
2025-11-25|237|LH|266.799988|270.980011|264.850006|269.829987|905400|0.9921089357|267.128021
2025-11-25|238|TRMB|79.500000|81.660004|79.389999|80.849998|1167900|1.0000000000|80.849998
2025-11-25|239|AZO|3841.550049|3962.090088|3818.860107|3948.070068|110500|1.0000000000|3948.070068
2025-11-25|240|REGN|764.880005|790.570007|760.010010|787.320007|1200400|0.9961457605|784.285461
2025-11-25|241|IDXX|751.750000|769.239990|750.359985|766.679993|660800|1.0000000000|766.679993
2025-11-25|242|AES|13.940000|14.030000|13.770000|13.810000|4853900|0.9646899783|13.322371
2025-11-25|243|VRTX|425.920013|431.500000|424.119995|429.820007|1550100|1.0000000000|429.820007
2025-11-25|244|ZBRA|242.889999|250.649994|242.699997|249.309998|671200|1.0000000000|249.309998
2025-11-25|245|BIIB|177.070007|182.970001|176.089996|181.960007|2344500|1.0000000000|181.960007
2025-11-25|246|ODFL|132.330002|135.080002|132.320007|134.330002|2066300|0.9953671039|133.707657
2025-11-25|247|APH|137.509995|138.339996|133.940002|137.809998|7102900|0.9946061744|137.066666
2025-11-25|248|KIM|20.510000|20.770000|20.500000|20.680000|4458100|0.9657396580|19.971497
2025-11-25|249|QCOM|163.990005|164.970001|161.869995|163.300003|7758100|0.9849314898|160.839310
2025-11-25|250|GILD|124.779999|127.610001|124.699997|127.120003|7589800|0.9813788839|124.752884
2025-11-25|251|ROP|440.609985|447.299988|439.399994|446.410004|755900|0.9929279129|443.252960
2025-11-25|252|SNPS|401.549988|405.619995|394.410004|401.609985|1218000|1.0000000000|401.609985
2025-11-25|253|STZ|132.660004|133.490005|131.330002|132.179993|1863200|0.9792322433|129.434906
2025-11-25|254|BSX|98.849998|101.769997|98.739998|101.360001|8827500|1.0000000000|101.360001
2025-11-25|255|STE|264.839996|268.600006|263.570007|267.790009|577900|0.9945039836|266.318207
2025-11-25|256|DHI|147.740005|155.179993|147.000000|154.529999|4592000|0.9911938574|153.169189
2025-11-25|257|LIN|411.670013|412.869995|406.089996|407.850006|3580000|0.9898650243|403.716461
2025-11-25|258|SBUX|82.830002|86.019997|82.820000|85.910004|9265300|0.9821606772|84.377426
2025-11-25|259|MS|163.509995|165.869995|160.619995|165.429993|5561000|0.9837860335|162.747726
2025-11-25|260|INTU|651.950012|658.469971|640.340027|648.070007|1921900|0.9906980199|642.041626
2025-11-25|261|MCHP|50.330002|52.320000|49.799999|51.830002|9605200|0.9832658267|50.962669
2025-11-25|262|CB|297.140015|299.350006|296.859985|297.769989|941900|0.9939554166|295.970093
2025-11-25|263|ORLY|99.680000|101.580002|99.330002|101.379997|4511300|1.0000000000|101.379997
2025-11-25|264|RCL|260.010010|272.250000|258.000000|266.410004|5202100|0.9862054091|262.734985
2025-11-25|265|JBL|196.539993|205.160004|194.539993|203.979996|1062900|0.9992441666|203.825821
2025-11-25|266|ALL|212.860001|214.509995|212.460007|212.649994|1732800|0.9851043015|209.482422
2025-11-25|267|CPT|104.730003|106.940002|104.510002|106.180000|1141600|0.9704206326|103.039261
2025-11-25|268|VMRK|60.820000|61.639999|60.779999|61.099998|1933200|0.9671264641|59.091427
2025-11-25|269|IT|229.479996|236.110001|229.479996|235.380005|744700|1.0000000000|235.380005
2025-11-25|270|DECK|83.379997|86.349998|83.150002|85.470001|3582500|1.0000000000|85.470001
2025-11-25|271|REG|71.309998|71.879997|70.980003|71.070000|1187300|0.9701425273|68.948029
2025-11-25|272|INCY|106.589996|107.610001|105.160004|105.550003|1701800|1.0000000000|105.550003
2025-11-25|273|SPG|183.429993|186.699997|183.190002|185.130005|1368100|0.9659807077|178.832001
2025-11-25|274|MAA|133.250000|135.979996|133.000000|135.059998|888200|0.9656183896|130.416428
2025-11-25|275|MLM|609.299988|621.669983|603.460022|617.929993|675100|0.9960197565|615.470520
2025-11-25|276|TSCO|53.110001|54.880001|53.009998|54.419998|5930500|0.9807531624|53.372581
2025-11-25|277|ALB|119.709999|125.779999|117.919998|125.260002|3548500|0.9919948535|124.257278
2025-11-25|278|CPRT|39.169998|39.590000|38.810001|39.060001|11838800|1.0000000000|39.060001
2025-11-25|279|FLEX|56.950001|57.730000|56.040001|57.349998|4112900|1.0000000000|57.349998
2025-11-25|280|ESS|260.160004|263.589996|259.750000|261.160004|383700|0.9710345219|253.595367
2025-11-25|281|O|56.700001|57.040001|56.470001|56.720001|7260000|0.9611211279|54.514797
2025-11-25|282|MCO|481.529999|487.350006|480.519989|485.670013|473600|0.9933686768|482.449402
2025-11-25|283|SJM|100.379997|102.730003|100.000000|100.379997|4114200|0.9701300487|97.381645
2025-11-25|284|MCK|875.000000|891.599976|873.640015|889.280029|829200|0.9971371280|886.734131
2025-11-25|285|COF|208.979996|215.679993|208.130005|214.449997|2885200|0.9884398390|211.970917
2025-11-25|286|EME|600.280029|608.840027|587.539978|605.609985|310100|0.9983902989|604.635132
2025-11-25|287|DLTR|101.000000|106.040001|100.610001|105.660004|2613700|1.0000000000|105.660004
2025-11-25|288|COR|374.010010|377.540009|372.649994|374.750000|1563900|0.9940692618|372.527466
2025-11-25|289|DRI|174.360001|179.520004|174.160004|179.279999|1563200|0.9771066651|175.175674
2025-11-25|290|RMD|251.589996|257.000000|250.250000|255.800003|812400|0.9918845144|253.724075
2025-11-25|291|WAB|200.919998|206.380005|199.820007|206.080002|758400|0.9965472933|205.368469
2025-11-25|292|FCX|41.240002|41.790001|40.970001|41.070000|11446600|0.9929128187|40.778931
2025-11-25|293|IVZ|23.750000|24.350000|23.420000|24.230000|3800500|0.9777629266|23.691196
2025-11-25|294|ACGL|93.010002|93.959999|92.779999|93.610001|1851200|1.0000000000|93.610001
2025-11-25|295|ERIE|294.730011|298.790009|294.679993|295.630005|100000|0.9834606060|290.740479
2025-11-25|296|EG|312.450012|316.899994|311.750000|314.040009|364000|0.9878843207|310.235229
2025-11-25|297|DVA|120.550003|121.879997|119.529999|121.370003|716400|1.0000000000|121.370003
2025-11-25|298|HSIC|74.739998|75.839996|74.739998|75.500000|1431500|1.0000000000|75.500000
2025-11-25|299|EL|91.720001|93.610001|90.800003|91.940002|2920600|0.9893232983|90.958389
2025-11-25|300|WAT|403.070007|414.149994|400.170013|412.540009|574700|1.0000000000|412.540009
2025-11-25|301|NTAP|108.000000|112.570000|107.989998|111.480003|3625300|0.9870750252|110.039116
2025-11-25|302|HIG|137.410004|138.639999|137.039993|137.570007|1284800|0.9867007020|135.740417
2025-11-25|303|IRM|85.059998|86.400002|83.440002|85.660004|2698300|0.9749654551|83.515541
2025-11-25|304|BRK-B|508.929993|512.359985|506.859985|508.570007|4064000|1.0000000000|508.570007
2025-11-25|305|FDS|276.149994|280.880005|274.600006|278.730011|653800|0.9861098905|274.858429
2025-11-25|306|STLD|162.639999|166.419998|161.630005|164.250000|1167600|0.9917509611|162.895096
2025-11-25|307|DGX|191.759995|193.350006|190.729996|192.350006|1207300|0.9871163208|189.871826
2025-11-25|308|CIEN|191.509995|196.240005|187.550003|196.240005|2114000|1.0000000000|196.240005
2025-11-25|309|TTWO|239.619995|242.419998|238.809998|241.839996|1142000|1.0000000000|241.839996
2025-11-25|310|VTR|78.930000|79.919998|78.389999|79.440002|3756800|0.9818295408|77.996544
2025-11-25|311|AMZN|226.380005|230.520004|223.800003|229.669998|39379300|1.0000000000|229.669998
2025-11-25|312|ARE|51.599998|52.880001|51.549999|52.650002|1924100|0.9575530500|50.415173
2025-11-25|313|RL|351.000000|365.809998|351.000000|364.500000|1068200|0.9923194237|361.700409
2025-11-25|314|BXP|70.769997|73.169998|70.769997|72.430000|1447000|0.9663309942|69.991356
2025-11-25|315|FIX|936.780029|957.260010|910.020020|957.039978|377600|0.9985721755|955.673462
2025-11-25|316|YUM|152.000000|154.080002|151.119995|154.000000|2409600|0.9858960568|151.827988
2025-11-25|317|CHRW|154.600006|158.110001|154.600006|157.350006|1562700|0.9892308245|155.655487
2025-11-25|318|FE|47.340000|47.540001|46.790001|46.919998|3604400|0.9707938980|45.549644
2025-11-25|319|MTD|1478.040039|1525.170044|1473.849976|1506.020020|220100|1.0000000000|1506.020020
2025-11-25|320|PLD|126.449997|128.440002|126.269997|127.389999|3158000|0.9772581725|124.492920
2025-11-25|321|URI|813.859985|821.640015|805.780029|810.000000|1100100|0.9939808437|805.124451
2025-11-25|322|AEE|105.550003|106.230003|104.290001|104.919998|1441500|0.9792499824|102.742912
2025-11-25|323|VRSN|250.220001|257.089996|248.220001|255.679993|701400|0.9907421953|253.312973
2025-11-25|324|PWR|443.339996|450.369995|425.000000|450.140015|1055000|0.9993903388|449.865601
2025-11-25|325|AMT|180.229996|182.000000|179.470001|179.759995|2005100|0.9712942756|174.599854
2025-11-25|326|MAR|297.149994|305.010010|296.670013|304.119995|1372800|0.9940852561|302.321198
2025-11-25|327|CTSH|75.230003|76.669998|75.209999|76.449997|5440000|0.9822114026|75.090057
2025-11-25|328|SRE|93.910004|93.910004|92.339996|92.470001|3382200|0.9788895267|90.517914
2025-11-25|329|CSGP|67.980003|69.360001|67.160004|69.199997|3746700|1.0000000000|69.199997
2025-11-25|330|RSG|216.100006|218.110001|215.080002|217.089996|1494900|0.9913326285|215.208405
2025-11-25|331|CCI|89.379997|90.410004|89.360001|89.400002|2453300|0.9648543647|86.257988
2025-11-25|332|EBAY|80.550003|83.110001|80.550003|82.790001|3693600|0.9904184858|81.748199
2025-11-25|333|NVDA|174.910004|178.160004|169.550003|177.820007|320600300|0.9987261828|177.593491
2025-11-25|334|BKNG|4882.509995|4952.270126|4867.010117|4906.240082|335200|0.0397328628|194.938965
2025-11-25|335|GS|797.000000|805.260010|777.989990|802.320007|2252900|0.9855142723|790.697754
2025-11-25|336|FFIV|236.139999|242.020004|236.139999|240.009995|1120100|1.0000000000|240.009995
2025-11-25|337|SBAC|194.339996|195.360001|193.199997|193.300003|772000|0.9805017315|189.530991
2025-11-25|338|LII|471.230011|485.850006|467.369995|484.160004|460600|0.9920705337|480.320862
2025-11-25|339|BLK|1019.489990|1033.000000|1010.919983|1029.770020|688700|0.9841011192|1013.397827
2025-11-25|340|TKO|182.610001|188.339996|182.009995|187.419998|1109600|0.9884090368|185.247620
2025-11-25|341|AKAM|88.500000|91.010002|87.330002|90.709999|3622300|1.0000000000|90.709999
2025-11-25|342|UPS|94.050003|95.379997|93.540001|94.540001|5840200|0.9546755018|90.255028
2025-11-25|343|A|150.779999|160.270004|148.000000|157.199997|3698000|0.9940314297|156.261749
2025-11-25|344|TDY|493.500000|499.970001|489.679993|497.769989|274900|1.0000000000|497.769989
2025-11-25|345|PKG|198.880005|201.699997|197.729996|201.259995|545600|0.9816059808|197.558029
2025-11-25|346|EW|84.660004|86.940002|84.660004|86.820000|3156700|1.0000000000|86.820000
2025-11-25|347|MET|75.690002|76.290001|75.120003|75.739998|3305700|0.9792675716|74.169724
2025-11-25|348|ON|47.459999|48.709999|47.060001|48.310001|6389700|1.0000000000|48.310001
2025-11-25|349|ISRG|564.440002|580.000000|561.289978|578.869995|1684800|1.0000000000|578.869995
2025-11-25|350|CRL|170.509995|178.550003|170.509995|178.050003|789500|1.0000000000|178.050003
2025-11-25|351|MRVL|82.500000|83.809998|80.529999|83.430000|11667900|0.9985347355|83.307747
2025-11-25|352|EQIX|768.849976|768.849976|747.500000|748.150024|626200|0.9849779860|736.911255
2025-11-25|353|TPR|105.120003|108.690002|104.500000|107.680000|3269300|0.9910289553|106.713997
2025-11-25|354|GRMN|193.460007|194.500000|191.440002|192.929993|971300|0.9875544034|190.528870
2025-11-25|355|GPN|73.190002|74.739998|73.050003|74.019997|2017400|0.9898898052|73.271645
2025-11-25|356|ALGN|144.429993|152.990005|144.300003|147.500000|2572500|1.0000000000|147.500000
2025-11-25|357|WTW|319.839996|324.440002|319.690002|320.619995|670900|0.9903328749|317.520538
2025-11-25|358|MDLZ|55.740002|56.730000|55.700001|56.529999|9100900|0.9742061707|55.071877
2025-11-25|359|AXON|523.500000|539.799988|514.250000|528.890015|914400|1.0000000000|528.890015
2025-11-25|360|FIS|65.000000|66.279999|64.559998|65.650002|2313300|0.9743297530|63.964756
2025-11-25|361|ACN|245.000000|251.679993|245.000000|249.229996|3664500|0.9798095806|244.197937
2025-11-25|362|ZBH|94.110001|97.180000|94.110001|97.070000|1856400|0.9920119396|96.294594
2025-11-25|363|BG|93.629997|96.510002|93.309998|96.510002|1442100|0.9821514316|94.787437
2025-11-25|364|PFG|84.750000|85.760002|84.669998|84.690002|1124100|0.9740293311|82.490547
2025-11-25|365|ELV|331.540009|339.000000|330.100006|336.269989|1389500|0.9847701459|331.148651
2025-11-25|366|CNC|38.369999|39.840000|38.259998|39.660000|7073600|1.0000000000|39.660000
2025-11-25|367|PRU|108.190002|109.000000|107.839996|108.349998|1487200|0.9622422893|104.258957
2025-11-25|368|NFLX|106.120003|106.300003|103.820000|104.400002|35122600|1.0000000000|104.400002
2025-11-25|369|NDAQ|88.680000|89.650002|88.260002|89.139999|3447600|0.9903103249|88.276260
2025-11-25|370|WYNN|123.239998|129.710007|122.000000|127.470001|3599300|0.9927789107|126.549530
2025-11-25|371|CME|273.010010|277.640015|273.010010|276.980011|1514500|0.9671562481|267.882965
2025-11-25|372|STX|251.179993|263.570007|247.000000|261.890015|2555300|0.9949371232|260.564087
2025-11-25|373|NRG|167.190002|168.330002|161.000000|163.809998|1628800|0.9903289609|162.225784
2025-11-25|374|AIZ|228.029999|229.729996|226.000000|228.169998|260600|0.9887198190|225.596207
2025-11-25|375|CBRE|159.130005|162.699997|158.690002|162.210007|1043600|1.0000000000|162.210007
2025-11-25|376|CRM|226.800003|234.630005|226.520004|234.119995|10233000|0.9933339931|232.559341
2025-11-25|377|DPZ|403.600006|418.200012|403.600006|417.619995|647600|0.9848757173|411.303802
2025-11-25|378|EXR|131.190002|133.500000|131.149994|132.369995|980900|0.9661267437|127.886200
2025-11-25|379|GOOG|326.799988|328.670013|317.816010|323.640015|50899300|0.9980438060|323.006897
2025-11-25|380|GOOGL|326.209991|328.829987|317.649994|323.440002|88632100|0.9980471771|322.808380
2025-11-25|381|DLR|159.490005|159.490005|156.520004|157.369995|1707600|0.9788235933|154.037460
2025-11-25|382|MPWR|883.690002|913.260010|864.450012|908.609985|559700|0.9948016730|903.886719
2025-11-25|383|LVS|65.790001|68.150002|65.790001|67.629997|4986400|0.9827791790|66.465355
2025-11-25|384|DXCM|61.990002|64.000000|61.430000|61.689999|6759200|1.0000000000|61.689999
2025-11-25|385|BLDR|101.879997|109.540001|101.410004|108.970001|3165100|1.0000000000|108.970001
2025-11-25|386|WBD|22.850000|23.580000|22.590000|22.959999|31113400|1.0000000000|22.959999
2025-11-25|387|EXPE|251.669998|258.829987|250.520004|258.140015|3152600|0.9942877675|256.665466
2025-11-25|388|CF|77.860001|79.150002|77.669998|77.680000|3314900|0.9855673857|76.558876
2025-11-25|389|AMP|446.140015|455.350006|446.140015|452.820007|451200|0.9903313094|448.441833
2025-11-25|390|ICE|154.050003|156.259995|153.410004|155.960007|2274700|0.9901381914|154.421967
2025-11-25|391|PSKY|15.150000|15.670000|15.100000|15.640000|4552500|0.9863259572|15.426139
2025-11-25|392|LYV|127.980003|130.020004|125.339996|129.559998|4446900|1.0000000000|129.559998
2025-11-25|393|CMG|31.480000|33.410000|31.299999|33.400002|28601200|1.0000000000|33.400002
2025-11-25|394|UAL|96.190002|99.879997|95.940002|98.910004|8935600|1.0000000000|98.910004
2025-11-25|395|TDG|1338.780029|1362.050049|1331.939941|1352.540039|283900|1.0000000000|1352.540039
2025-11-25|396|MA|541.500000|550.400024|539.000000|546.469971|3132600|0.9951190330|543.802673
2025-11-25|397|LDOS|187.899994|192.130005|187.479996|191.500000|872800|0.9917626624|189.922546
2025-11-25|398|FSLR|261.529999|261.910004|253.529999|260.359985|1570900|1.0000000000|260.359985
2025-11-25|399|BR|227.369995|229.500000|227.369995|228.220001|432600|0.9836780236|224.494995
2025-11-25|400|SMCI|32.160000|32.630001|31.170000|32.480000|22199800|1.0000000000|32.480000
2025-11-25|401|TMUS|207.710007|209.800003|206.500000|206.899994|6278400|0.9849640725|202.619659
2025-11-25|402|DAL|60.509998|62.820000|60.509998|62.150002|7753400|0.9922015511|61.665329
2025-11-25|403|IBKR|62.340000|63.459999|61.029999|63.169998|3034900|0.9966884542|62.960808
2025-11-25|404|PODD|337.529999|342.130005|325.549988|328.850006|884600|1.0000000000|328.850006
2025-11-25|405|TEL|222.440002|224.179993|219.419998|222.259995|1583000|0.9892434805|219.869232
2025-11-25|406|BX|141.800003|144.479996|140.690002|143.429993|3506300|0.9695455041|139.061920
2025-11-25|407|LULU|171.550003|179.169998|171.500000|177.509995|4518200|1.0000000000|177.509995
2025-11-25|408|ULTA|514.729980|529.140015|508.450012|521.020020|746400|1.0000000000|521.020020
2025-11-25|409|MSCI|556.770020|565.229980|556.059998|562.919983|617900|0.9889531620|556.701477
2025-11-25|410|ECHO|70.989998|71.739998|69.919998|71.000000|2278000|1.0000000000|71.000000
2025-11-25|411|PM|152.679993|158.229996|152.399994|157.410004|7287100|0.9741176592|153.335861
2025-11-25|412|V|328.899994|336.059998|328.899994|334.529999|5854300|0.9940309283|332.533173
2025-11-25|413|AWK|132.649994|133.000000|130.250000|130.389999|1493600|0.9796942856|127.742348
2025-11-25|414|KDP|27.400000|27.430000|26.770000|27.049999|19179700|0.9761522236|26.404917
2025-11-25|415|SW|34.169998|35.029999|34.110001|34.959999|5106900|0.9711821711|33.952530
2025-11-25|416|AVGO|384.929993|388.130005|371.750000|385.029999|33507600|0.9944270811|382.884247
2025-11-25|417|VRSK|221.979996|224.789993|220.360001|223.020004|1073200|0.9927002374|221.392014
2025-11-25|418|DG|102.540001|106.330002|102.250000|104.309998|3016800|0.9860246787|102.852234
2025-11-25|419|FTNT|79.379997|81.190002|79.300003|80.870003|3816400|1.0000000000|80.870003
2025-11-25|420|CHTR|199.080002|204.690002|198.639999|200.759995|1378200|1.0000000000|200.759995
2025-11-25|421|FERG|241.309998|248.550003|240.850006|248.000000|961100|0.9848254111|244.236710
2025-11-25|422|GNRC|145.809998|149.589996|143.610001|148.559998|806200|1.0000000000|148.559998
2025-11-25|423|LYB|45.700001|47.240002|45.700001|47.009998|5626100|0.9407211657|44.223297
2025-11-25|424|CBOE|256.440002|257.730011|252.479996|257.320007|598000|0.9954503651|256.149261
2025-11-25|425|TSLA|414.420013|420.480011|405.950012|419.399994|71915600|1.0000000000|419.399994
2025-11-25|426|KKR|118.730003|120.919998|116.160004|120.809998|4734700|0.9943370554|120.125854
2025-11-25|427|NXPI|190.470001|193.949997|188.429993|191.020004|3214000|0.9870653625|188.549225
2025-11-25|428|GM|71.150002|73.110001|71.150002|72.779999|12089700|0.9934966717|72.306694
2025-11-25|429|TRGP|168.789993|171.100006|167.119995|171.059998|1349100|0.9854533185|168.571655
2025-11-25|430|CPAY|287.149994|293.630005|285.910004|291.980011|540200|1.0000000000|291.980011
2025-11-25|431|KMI|26.690001|26.790001|26.320000|26.520000|15378100|0.9722301462|25.783545
2025-11-25|432|HCA|501.299988|517.400024|501.119995|515.849976|1240900|0.9950375716|513.290100
2025-11-25|433|HII|311.600006|316.130005|307.380005|314.730011|452500|0.9882397967|309.584930
2025-11-25|434|APO|130.199997|131.080002|127.370003|130.619995|3437800|0.9875780044|128.997437
2025-11-25|435|MPC|188.800003|191.199997|187.139999|190.000000|1594400|0.9885237030|187.819504
2025-11-25|436|XYL|142.360001|143.009995|140.850006|141.509995|1695800|0.9889650951|139.948441
2025-11-25|437|APTV|75.239998|76.730003|74.900002|76.379997|1953700|1.0000000000|76.379997
2025-11-25|438|PSX|132.690002|134.630005|131.070007|134.130005|1791600|0.9794981865|131.380096
2025-11-25|439|AMCR|8.520000|8.570000|8.460000|8.510000|35287900|4.8543684849|41.310673
2025-11-25|440|META|624.000000|637.049988|618.299988|636.219971|25213000|0.9974059053|634.569519
2025-11-25|441|NOW|812.369995|830.899963|810.999985|825.309982|1456000|0.2000000000|165.061996
2025-11-25|442|PANW|183.529999|186.690002|181.160004|186.270004|6035600|1.0000000000|186.270004
2025-11-25|443|FANG|146.080002|147.630005|144.789993|147.020004|1341800|0.9832059760|144.550949
2025-11-25|444|WDAY|226.600006|236.800003|225.800003|233.690002|5326500|1.0000000000|233.690002
2025-11-25|445|ABBV|230.320007|234.080002|230.309998|231.800003|7134100|0.9769027438|226.446060
2025-11-25|446|NCLH|17.840000|18.709999|17.840000|18.350000|17977600|1.0000000000|18.350000
2025-11-25|447|ZTS|123.779999|129.039993|123.449997|127.889999|6021600|0.9845723480|125.916962
2025-11-25|448|IQV|230.000000|234.300003|228.820007|231.919998|1438900|1.0000000000|231.919998
2025-11-25|449|NWS|29.020000|29.240000|28.510000|29.059999|642200|0.9963262306|28.953239
2025-11-25|450|NWSA|25.480000|25.629999|25.129999|25.410000|3336200|0.9958385353|25.304256
2025-11-25|451|CDW|143.869995|144.970001|142.300003|143.229996|1164000|0.9844137869|140.997574
2025-11-25|452|VEEV|236.809998|241.940002|235.539993|239.949997|1703400|1.0000000000|239.949997
2025-11-25|453|ALLE|163.630005|166.440002|162.660004|166.089996|699800|0.9921390873|164.784378
2025-11-25|454|HLT|275.850006|285.970001|274.929993|284.730011|2364000|0.9986088702|284.333923
2025-11-25|455|ARES|149.669998|153.860001|147.679993|152.869995|1384600|0.9704279397|148.349319
2025-11-25|456|ANET|122.400002|125.910004|122.320000|125.040001|7143400|1.0000000000|125.040001
2025-11-25|457|SYF|74.980003|76.910004|74.735001|76.510002|2648600|0.9876561264|75.565575
2025-11-25|458|CFG|53.189999|54.450001|52.990002|54.189999|4337600|0.9795741096|53.083122
2025-11-25|459|KEYS|200.500000|201.500000|188.559998|195.460007|3898500|1.0000000000|195.460007
2025-11-25|460|GDDY|125.930000|128.044998|125.434998|126.400002|1228600|1.0000000000|126.400002
2025-11-25|461|KHC|25.309999|25.610001|25.270000|25.440001|12690400|0.9508904028|24.190653
2025-11-25|462|PYPL|60.860001|61.974998|60.720001|61.220001|11065200|0.9937057617|60.834667
2025-11-25|463|LITE|293.279999|295.923004|280.630005|291.269989|6371900|1.0000000000|291.269989
2025-11-25|464|HPE|21.110001|21.450001|20.930000|21.360001|21491200|0.9847720717|21.034733
2025-11-25|465|XYZ|62.040001|63.775002|61.810001|63.689999|7223800|1.0000000000|63.689999
2025-11-25|466|FTV|53.139999|53.525002|52.700001|53.279999|3143700|0.9968000114|53.109505
2025-11-25|467|DELL|123.089996|127.120003|123.050003|125.919998|14794100|0.9909355870|124.778610
2025-11-25|468|TTD|38.945000|39.389999|38.459999|39.090000|13823600|1.0000000000|39.090000
2025-11-25|469|VST|174.080002|174.729996|165.904999|170.839996|3865100|0.9958526400|170.131470
2025-11-25|470|HWM|201.970001|204.399994|198.729996|203.679993|3035700|0.9985047767|203.375458
2025-11-25|471|INVH|28.160000|28.450001|28.030001|28.040001|4576300|0.9672165501|27.120752
2025-11-25|472|CVNA|332.000008|351.450005|326.599998|351.230011|2992800|0.2000000000|70.246002
2025-11-25|473|IR|78.449997|79.870003|77.800003|79.459999|2269700|0.9992655835|79.401642
2025-11-25|474|VICI|28.860001|28.965000|28.620001|28.750000|15698900|0.9523421134|27.379839
2025-11-25|475|VRT|167.550003|169.660004|158.889999|169.570007|8573200|0.9995540701|169.494400
2025-11-25|476|MRNA|24.209999|24.795000|23.990000|24.750000|6726600|1.0000000000|24.750000
2025-11-25|477|FOXA|64.589996|65.089996|64.379997|64.730003|2384100|0.9951185496|64.414024
2025-11-25|478|FOX|57.799999|58.480999|57.799999|57.970001|2432300|0.9946544484|57.660122
2025-11-25|479|DOW|22.760000|23.350000|22.629999|23.200001|14209700|0.9640247460|22.365376
2025-11-25|480|UBER|83.800003|84.264999|82.389999|83.690002|18482200|1.0000000000|83.690002
2025-11-25|481|CTVA|66.019997|66.577003|65.480003|66.050003|3722700|0.9928033602|65.574669
2025-11-25|482|CRWD|503.700012|513.710022|493.010010|512.340027|1652200|0.2500000000|128.085007
2025-11-25|483|DDOG|157.820007|160.589996|155.884995|158.990005|3318800|1.0000000000|158.990005
2025-11-25|484|CARR|52.259998|54.189999|52.134998|53.950001|11511500|0.9886394999|53.337105
2025-11-25|485|OTIS|87.470001|88.650002|87.199997|88.440002|2263600|0.9834662418|86.977760
2025-11-25|486|PLTR|160.070007|164.649994|156.554993|163.550003|36523500|1.0000000000|163.550003
2025-11-25|487|DASH|188.080002|196.669998|187.220001|195.490005|5652600|1.0000000000|195.490005
2025-11-25|488|ABNB|114.464996|119.239998|114.464996|118.559998|7731100|1.0000000000|118.559998
2025-11-25|489|EXE|115.290001|116.540001|114.500000|116.010002|2564500|0.9826864450|114.001465
2025-11-25|490|COIN|247.759995|254.369995|240.740005|254.119995|8525300|1.0000000000|254.119995
2025-11-25|491|APP|555.119995|557.770020|535.849976|556.030029|2757700|1.0000000000|556.030029
2025-11-25|492|HOOD|112.464996|116.809998|109.190002|115.570000|22078800|1.0000000000|115.570000
2025-11-25|493|CEG|353.459991|355.540009|339.339996|351.595001|1635800|0.9955820742|350.041656
2025-11-25|494|GEHC|78.239998|81.940002|78.150002|79.959999|5949700|0.9985528329|79.844284
2025-11-25|495|KVUE|16.799999|17.059999|16.760000|17.030001|46709500|0.9661066365|16.452795
2025-11-25|496|VLTO|100.675003|104.330002|100.675003|103.959999|2780600|0.9957401186|103.517136
2025-11-25|497|RDDT|198.000000|219.800003|196.570007|218.479996|7751500|1.0000000000|218.479996
2025-11-25|498|SOLV|83.989998|86.279999|83.720001|85.769997|1216400|1.0000000000|85.769997
2025-11-25|499|GEV|575.000000|582.000000|553.250000|572.559998|2356500|0.9981503345|571.500977
2025-11-25|500|SNDK|228.399994|229.069000|209.000000|220.500000|14680600|1.0000000000|220.500000
2025-11-25|501|Q|73.000000|79.059998|72.940002|78.010002|3033500|0.9980995006|77.861748
