date|security_id|ticker|open|high|low|close|volume|adj_factor|adj_close_vendor
2025-11-17|1|AEP|122.320000|124.010002|121.559998|123.720001|4266000|0.9775591772|120.943619
2025-11-17|2|BA|194.839996|194.839996|190.229996|191.809998|5877800|1.0000000000|191.809998
2025-11-17|3|CAT|552.590027|561.590027|547.570007|552.049988|1941100|0.9939261318|548.696899
2025-11-17|4|CNP|39.889999|40.310001|39.799999|40.180000|4864800|0.9777626474|39.286503
2025-11-17|5|CVX|157.720001|157.889999|154.440002|154.820007|8745000|0.9620890936|148.950638
2025-11-17|6|DIS|105.750000|107.669998|105.120003|105.690002|12296400|0.9857264957|104.181435
2025-11-17|7|DTE|137.639999|138.279999|137.029999|137.600006|1338400|0.9755422782|134.234619
2025-11-17|8|ED|102.220001|103.980003|101.750000|103.849998|3007600|0.9678975191|100.516159
2025-11-17|9|GD|345.670013|346.769989|341.239990|341.779999|909100|0.9869830633|337.331055
2025-11-17|10|GE|306.820007|308.820007|298.549988|300.130005|3076600|0.9961629631|298.978394
2025-11-17|11|HON|197.889995|199.349998|194.970003|196.079995|2837500|1.0347776740|202.899200
2025-11-17|12|HPQ|23.559999|23.990000|22.780001|22.870001|19877400|0.9607551428|21.972471
2025-11-17|13|IBM|305.589996|306.000000|296.510010|297.170013|3909700|0.9800357773|291.237213
2025-11-17|14|IP|37.209999|37.279999|36.599998|36.689999|4239900|0.9645837619|35.390579
2025-11-17|15|JNJ|196.960007|200.279999|195.899994|199.580002|13257000|0.9779609434|195.181427
2025-11-17|16|KO|71.199997|71.529999|70.620003|70.680000|14772300|0.9799171123|69.260544
2025-11-17|17|KR|66.720001|66.800003|65.760002|66.099998|4957100|0.9830507535|64.979660
2025-11-17|18|LMT|467.279999|471.600006|464.720001|470.779999|1822400|0.9808408602|461.760254
2025-11-17|19|MMM|166.910004|167.820007|164.970001|165.389999|2908400|0.9860940463|163.090088
2025-11-17|20|MO|58.240002|58.490002|57.919998|58.130001|9692500|0.9516126626|55.317245
2025-11-17|21|MRK|93.230003|94.750000|92.680000|92.860001|14345800|0.9772081263|90.743546
2025-11-17|22|MSI|379.459991|381.489990|374.529999|377.690002|1829500|0.9910852927|374.322998
2025-11-17|23|PG|147.750000|147.979996|145.009995|145.820007|9902300|0.9782265339|142.644989
2025-11-17|24|XOM|118.970001|119.500000|117.110001|117.680000|16034900|0.9803338832|115.365685
2025-11-17|25|RTX|176.100006|176.300003|174.630005|175.630005|3913600|0.9853742397|173.061279
2025-11-17|26|MCD|307.170013|307.700012|304.100006|304.899994|2435700|0.9818538696|299.367218
2025-11-17|27|AXP|356.220001|358.230011|339.399994|341.250000|3599000|0.9919237847|338.494019
2025-11-17|28|BMY|46.520000|47.730000|46.520000|46.810001|12851600|0.9673144843|45.279987
2025-11-17|29|DD|39.660001|39.870000|38.449999|38.649999|4444401|2.9611069891|114.446777
2025-11-17|30|DE|475.269989|479.760010|473.109985|475.980011|1318400|0.9910776808|471.733215
2025-11-17|31|EMR|127.220001|129.899994|126.680000|126.930000|2827200|0.9888087280|125.509491
2025-11-17|32|ETN|351.959991|353.489990|339.839996|342.750000|3019500|0.9917042798|339.906616
2025-11-17|33|ETR|95.449997|96.379997|94.750000|95.540001|2949100|0.9822109154|93.840431
2025-11-17|34|F|13.180000|13.180000|12.780000|12.880000|73404400|0.9665034086|12.448565
2025-11-17|35|HAL|27.190001|27.440001|26.410000|26.620001|8263600|0.9847026012|26.212786
2025-11-17|36|LLY|1003.719971|1032.140015|998.299988|1021.700012|4720000|0.9951920486|1016.787781
2025-11-17|37|PCG|16.440001|16.650000|16.180000|16.330000|21384500|0.9911560857|16.185577
2025-11-17|38|PEP|146.119995|148.110001|145.220001|147.830002|7320200|0.9713251717|143.590988
2025-11-17|39|PFE|25.110001|25.570000|24.950001|25.080000|88042200|0.9509184966|23.849035
2025-11-17|40|TXN|158.630005|159.750000|153.539993|154.990005|7343400|0.9834571490|152.426025
2025-11-17|41|WFC|84.690002|85.050003|82.540001|83.419998|14457100|0.9838041369|82.068932
2025-11-17|42|HUBB|429.809998|434.130005|419.500000|420.570007|546769|0.9910077151|416.788147
2025-11-17|43|WMT|102.580002|103.320000|102.099998|102.949997|15289400|0.9916508097|102.090446
2025-11-17|44|AIG|77.980003|78.580002|76.410004|76.459999|4019400|0.9824236525|75.116112
2025-11-17|45|AVY|172.580002|173.130005|170.649994|170.759995|562400|0.9833361967|167.914505
2025-11-17|46|BAC|52.580002|52.580002|51.389999|51.480000|35546800|0.9841245494|50.662731
2025-11-17|47|BALL|48.369999|48.529999|47.349998|47.520000|3054800|0.9893620930|47.014488
2025-11-17|48|BDX|192.250002|195.280007|190.169997|190.980001|3027700|0.7715067098|147.342361
2025-11-17|49|CLX|103.400002|104.239998|101.110001|101.209999|2287600|0.9654541242|97.713615
2025-11-17|50|CMI|462.760010|464.459991|452.200012|455.980011|608000|0.9855888256|449.408783
2025-11-17|51|CMS|74.370003|74.550003|73.959999|74.459999|1573600|0.9770377822|72.750229
2025-11-17|52|CVS|77.910004|79.870003|77.739998|78.410004|8668200|0.9771601786|76.619133
2025-11-17|53|ECL|258.000000|258.589996|255.100006|255.460007|994800|0.9918356453|253.374344
2025-11-17|54|ES|73.629997|74.239998|73.440002|74.029999|1804900|0.9670826030|71.593124
2025-11-17|55|EVRG|76.839996|77.290001|76.650002|77.120003|1315100|0.9663059278|74.521515
2025-11-17|56|GWW|922.130005|931.789978|916.750000|923.469971|302700|0.9941570385|918.074097
2025-11-17|57|LNT|67.519997|68.300003|67.459999|68.099998|1619700|0.9771332386|66.542770
2025-11-17|58|MKC|65.769997|66.320000|64.199997|64.570000|2746900|0.9754240070|62.983131
2025-11-17|59|MRSH|183.419998|183.690002|180.619995|180.869995|3202200|0.9842873682|178.028046
2025-11-17|60|NEE|83.690002|85.769997|83.690002|85.750000|11607900|0.9793736752|83.354485
2025-11-17|61|NI|43.119999|43.250000|42.790001|43.180000|2268100|0.9804324438|42.335075
2025-11-17|62|PNW|88.769997|89.330002|88.000000|89.160004|1742700|0.9727255046|86.728210
2025-11-17|63|RVTY|92.110001|92.849998|90.570000|91.059998|806300|0.9979858512|90.876595
2025-11-17|64|SNA|329.980011|332.850006|328.350006|328.690002|266200|0.9736214558|320.019623
2025-11-17|65|SPGI|492.500002|493.510003|487.619990|488.950013|1880300|0.9377344841|458.505280
2025-11-17|66|TER|168.470001|173.380005|164.490005|167.440002|3517700|0.9984501140|167.180496
2025-11-17|67|TGT|89.519997|90.260002|88.230003|88.480003|7549400|0.9731968404|86.108459
2025-11-17|68|TXT|80.760002|81.230003|79.669998|80.059998|948500|0.9993380469|80.006996
2025-11-17|69|VMC|280.040009|282.230011|278.119995|280.079987|1383500|0.9942812010|278.478271
2025-11-17|70|XEL|80.830002|81.680000|80.500000|81.309998|3901100|0.9776860259|79.495644
2025-11-17|71|ITW|243.949997|244.570007|240.830002|241.410004|989500|0.9813941046|236.918365
2025-11-17|72|CL|78.279999|79.379997|78.000000|78.809998|6463200|0.9821445459|77.402809
2025-11-17|73|EXC|46.200001|46.889999|46.009998|46.599998|6633800|0.9822723358|45.773891
2025-11-17|74|MDT|95.820000|97.250000|95.800003|96.279999|11087600|0.9758565703|93.955475
2025-11-17|75|BNY|110.459999|110.730003|106.699997|106.769997|3547600|0.9877222173|105.459099
2025-11-17|76|EIX|58.060001|58.689999|56.860001|57.759998|3328300|0.9623086217|55.582947
2025-11-17|77|FRT|97.669998|97.669998|95.730003|96.000000|447800|0.9693143333|93.054176
2025-11-17|78|PNR|104.370003|104.580002|101.580002|101.830002|988600|0.9901423720|100.826195
2025-11-17|79|USB|46.900002|46.990002|45.270000|45.470001|7832100|0.9719845662|44.196140
2025-11-17|80|WY|22.059999|22.100000|21.490000|21.510000|5797700|0.9737086273|20.944471
2025-11-17|81|SYY|75.360001|75.709999|74.760002|75.129997|3167400|0.9787571978|73.534027
2025-11-17|82|WRB|77.339996|77.830002|76.879997|77.099998|1826700|0.9742469050|75.114433
2025-11-17|83|IFF|65.610001|66.370003|65.110001|65.129997|2618900|0.9828526607|64.013191
2025-11-17|84|TAP|46.340000|46.700001|45.610001|45.619999|3771200|0.9680101781|43.651814
2025-11-17|85|PNC|183.380005|183.820007|178.369995|179.039993|2313200|0.9770281499|174.927094
2025-11-17|86|TRV|288.250000|289.589996|284.029999|284.510010|1343200|0.9883140678|281.185242
2025-11-17|87|C|100.080002|100.279999|97.220001|98.190002|11389600|0.9851223482|96.729164
2025-11-17|88|FDX|266.010005|268.700000|263.000008|264.729997|1770000|0.7954691757|210.584564
2025-11-17|89|WDC|155.509995|167.490005|155.509995|162.449997|8774200|0.9984583045|162.199539
2025-11-17|90|DHR|219.490005|224.130005|218.199997|220.440002|3991200|0.9944303518|219.212234
2025-11-17|91|APA|24.709999|24.969999|24.070000|24.379999|6063600|0.9771167223|23.822105
2025-11-17|92|LUV|32.799999|32.830002|31.570000|31.850000|5773700|0.9870678085|31.438110
2025-11-17|93|PEG|82.970001|82.970001|81.709999|82.470001|2567500|0.9756675447|80.463303
2025-11-17|94|UNP|222.850006|223.690002|220.869995|221.000000|2921100|0.9839040791|217.442795
2025-11-17|95|ABT|130.679993|131.929993|129.949997|130.029999|5816600|0.9817546722|127.657555
2025-11-17|96|ADI|233.029999|234.220001|227.779999|229.940002|3885000|0.9906566026|227.791580
2025-11-17|97|ADM|58.619999|59.700001|58.430000|58.740002|2404600|0.9716117081|57.072479
2025-11-17|98|ADP|252.809998|253.559998|250.350006|250.899994|1761300|0.9780151607|245.384003
2025-11-17|99|AFL|114.339996|114.440002|111.949997|112.269997|2633400|0.9795217260|109.970901
2025-11-17|100|AMAT|224.199997|231.710007|223.259995|228.710007|8713600|0.9944993487|227.451965
2025-11-17|101|AMD|242.750000|248.770004|237.149994|240.520004|37942200|1.0000000000|240.520004
2025-11-17|102|APD|258.279999|258.640015|252.639999|253.089996|1200100|0.9804771664|248.148972
2025-11-17|103|BF-B|27.870001|28.240000|27.740000|27.780001|2969700|0.9746521115|27.075836
2025-11-17|104|CHD|83.720001|84.129997|82.980003|83.019997|2284000|0.9906552793|82.244194
2025-11-17|105|CINF|164.429993|164.550003|160.940002|161.440002|544800|0.9835715596|158.787781
2025-11-17|106|CMCSA|27.510000|27.619999|27.150000|27.220001|26584800|0.9033911576|24.590307
2025-11-17|107|D|60.700001|61.610001|60.570000|61.500000|4432700|0.9687101350|59.575672
2025-11-17|108|DOV|182.410004|182.869995|179.979996|180.050003|2147600|0.9924896872|178.697769
2025-11-17|109|DUK|123.330002|125.209999|122.860001|125.180000|3879900|0.9744921325|121.986923
2025-11-17|110|EFX|207.869995|207.919998|203.119995|204.860001|1179700|0.9915561793|203.130188
2025-11-17|111|EQT|59.590000|60.660000|58.689999|59.040001|7681900|0.9912778241|58.525043
2025-11-17|112|FITB|42.570000|42.599998|40.919998|41.119999|9484500|0.9757841433|40.124241
2025-11-17|113|GIS|47.400002|47.400002|46.709999|46.970001|5385200|0.9532424984|44.773804
2025-11-17|114|GPC|127.129997|127.940002|125.970001|126.580002|1119400|0.9724963604|123.098587
2025-11-17|115|HAS|77.760002|77.980003|76.660004|77.040001|1469200|0.9687474839|74.632301
2025-11-17|116|HBAN|15.690000|15.730000|15.220000|15.300000|30170300|0.9725023795|14.879287
2025-11-17|117|HRL|22.620001|22.650000|22.200001|22.280001|4301500|0.9619905057|21.433147
2025-11-17|118|HST|17.570000|17.610001|17.129999|17.230000|5387800|0.9346875076|16.104664
2025-11-17|119|HSY|180.320007|184.600006|178.869995|179.000000|2295000|0.9782056212|175.098801
2025-11-17|120|INTC|35.450001|35.730000|34.230000|34.709999|72580100|1.0000000000|34.709999
2025-11-17|121|J|154.110001|154.720001|149.770004|150.589996|870600|0.9894584622|149.002563
2025-11-17|122|JPM|304.000000|305.589996|297.670013|300.369995|8344000|0.9859988977|296.164459
2025-11-17|123|KMB|103.889999|105.879997|102.500000|103.660004|9323800|0.9627154389|99.795082
2025-11-17|124|L|104.870003|105.300003|103.889999|104.209999|1200600|0.9977044368|103.970779
2025-11-17|125|LEN|120.300003|120.529999|114.059998|114.099998|8987400|0.9844362452|112.324173
2025-11-17|126|LOW|227.199997|228.770004|224.960007|225.000000|4411500|0.9846876283|221.554718
2025-11-17|127|MAS|60.669998|60.869999|59.230000|59.360001|2465800|0.9866652888|58.568451
2025-11-17|128|MTB|186.399994|186.520004|180.339996|181.059998|970700|0.9784172563|177.152222
2025-11-17|129|NEM|87.419998|89.199997|86.110001|87.089996|8832200|0.9927701446|86.460350
2025-11-17|130|NTRS|127.400002|127.629997|122.379997|122.720001|1153000|0.9838837164|120.742210
2025-11-17|131|NUE|147.009995|151.190002|146.100006|148.669998|1655000|0.9907811186|147.299423
2025-11-17|132|OMC|72.019997|73.120003|72.019997|73.029999|3384400|0.9700503706|70.842781
2025-11-17|133|PCAR|95.709999|96.269997|93.860001|94.150002|2701800|0.9792369323|92.195160
2025-11-17|134|PGR|227.300003|227.830002|223.929993|225.350006|3238500|0.9393741219|211.687958
2025-11-17|135|PH|832.000000|836.359985|820.289978|820.969971|879300|0.9958887879|817.594727
2025-11-17|136|PHM|117.910004|118.059998|113.699997|113.879997|1857100|0.9937132889|113.164070
2025-11-17|137|PPG|96.720001|97.110001|95.260002|95.360001|2168200|0.9817392581|93.618660
2025-11-17|138|PPL|36.919998|37.040001|36.720001|36.799999|5757500|0.9766950417|35.942379
2025-11-17|139|RF|24.920000|24.980000|24.170000|24.299999|15588200|0.9708879210|23.592577
2025-11-17|140|ROL|58.270000|58.709999|57.889999|57.959999|3001500|0.9887685295|57.309025
2025-11-17|141|SHW|331.399994|333.209991|326.720001|326.809998|1991300|0.9929181711|324.495605
2025-11-17|142|STT|116.459999|116.500000|112.290001|112.839996|1813200|0.9820070009|110.809669
2025-11-17|143|SWK|65.459999|65.919998|63.599998|63.669998|1236400|0.9672078260|61.582119
2025-11-17|144|SYK|362.100006|363.660004|357.500000|360.130005|2018700|0.9921744259|357.311768
2025-11-17|145|TMO|575.650024|579.789978|566.590027|567.159973|1624400|0.9972620730|565.607117
2025-11-17|146|TPL|1020.000000|1022.770020|953.749969|957.470032|171300|0.3318281124|317.715454
2025-11-17|147|TSN|53.950001|53.950001|53.060001|53.110001|2906000|0.9750492370|51.784866
2025-11-17|148|TT|417.299988|419.420013|410.739990|413.779999|966900|0.9953350758|411.849731
2025-11-17|149|TYL|468.730011|469.420013|458.339996|463.049988|419100|1.0000000000|463.049988
2025-11-17|150|UDR|34.730000|34.860001|34.250000|34.480000|2430800|0.9688744575|33.406792
2025-11-17|151|VTRS|10.730000|10.880000|10.620000|10.660000|5993100|0.9657614708|10.295017
2025-11-17|152|WEC|111.500000|111.900002|111.269997|111.889999|2013700|0.9747231440|109.061768
2025-11-17|153|WST|261.209991|266.260010|260.089996|262.410004|626900|0.9976812219|261.801514
2025-11-17|154|NDSN|229.419998|230.949997|226.830002|227.789993|210500|0.9906696357|225.664627
2025-11-17|155|TFC|44.860001|45.020000|43.740002|43.919998|9530400|0.9700498779|42.604584
2025-11-17|156|WELL|194.639999|197.429993|194.220001|197.270004|5516700|0.9893392873|195.166977
2025-11-17|157|AON|350.000000|353.000000|347.269989|350.019989|1609300|0.9951005240|348.305084
2025-11-17|158|GL|131.520004|132.630005|130.500000|131.429993|884900|0.9938835716|130.626114
2025-11-17|159|OKE|70.019997|70.169998|68.419998|68.860001|5316600|0.9633206765|66.334259
2025-11-17|160|KLAC|1139.899979|1155.849991|1118.109970|1133.700027|1326500|0.0996303139|112.950890
2025-11-17|161|CSX|34.900002|34.919998|33.980000|34.009998|17850900|0.9900119853|33.670303
2025-11-17|162|PSA|274.950012|275.350006|269.579987|270.269989|581800|0.9701110817|262.191895
2025-11-17|163|NKE|63.070000|63.540001|62.259998|62.900002|17064700|0.9783499344|61.538212
2025-11-17|164|AAPL|268.820007|270.489990|265.730011|267.459991|45018300|0.9972854026|266.733948
2025-11-17|165|BRO|80.709999|81.150002|80.019997|80.709999|2446200|0.9924932219|80.104126
2025-11-17|166|UHS|223.899994|229.229996|221.699997|226.500000|862200|0.9968342486|225.782944
2025-11-17|167|HD|361.130005|363.779999|356.100006|358.029999|5127200|0.9796274407|350.735992
2025-11-17|168|BAX|18.379999|18.469999|17.750000|17.770000|7790700|0.9984613291|17.735817
2025-11-17|169|COP|90.529999|90.720001|88.099998|88.720001|8610800|0.9784321345|86.806496
2025-11-17|170|GLW|81.610001|82.800003|80.220001|81.059998|7248000|0.9966096046|80.785172
2025-11-17|171|HUM|236.500000|239.000000|233.289993|234.110001|1261600|0.9892166205|231.585510
2025-11-17|172|LHX|290.010010|291.500000|287.230011|287.690002|829600|0.9925076273|285.534515
2025-11-17|173|NOC|559.979980|563.080017|556.289978|563.030029|912800|0.9884333448|556.517639
2025-11-17|174|OXY|42.540001|42.669998|41.619999|41.689999|8093900|0.9849760250|41.063652
2025-11-17|175|ROK|374.049988|375.750000|366.779999|370.100006|1559900|0.9904239689|366.555878
2025-11-17|176|SLB|36.820000|36.930000|35.610001|35.799999|10775700|0.9812007073|35.126980
2025-11-17|177|SO|90.489998|90.970001|90.139999|90.580002|5709100|0.9759995454|88.406036
2025-11-17|178|WMB|60.840000|60.980000|59.549999|59.910000|6198400|0.9774919343|58.561543
2025-11-17|179|VLO|181.729996|182.720001|178.089996|178.399994|3014800|0.9792382128|174.696091
2025-11-17|180|CI|269.950012|274.609985|268.350006|271.329987|2003300|0.9832673314|266.789917
2025-11-17|181|NSC|283.980011|285.230011|281.410004|281.410004|1568400|0.9874047136|277.865540
2025-11-17|182|COO|71.519997|72.580002|70.830002|71.349998|3205200|1.0000000000|71.349998
2025-11-17|183|AMGN|337.640015|344.059998|336.829987|341.709991|2996600|0.9730085280|332.486725
2025-11-17|184|RJF|158.699997|158.899994|154.429993|155.339996|1087800|0.9893936166|153.692398
2025-11-17|185|WSM|181.059998|184.220001|179.729996|181.320007|1403600|0.9895967846|179.433716
2025-11-17|186|CAH|205.399994|208.179993|204.139999|206.179993|2026900|0.9929397050|204.724289
2025-11-17|187|CTAS|186.020004|186.869995|183.309998|183.759995|2429800|0.9924218382|182.367432
2025-11-17|188|PAYX|111.870003|111.879997|110.000000|110.480003|2362700|0.9670710940|106.842018
2025-11-17|189|BEN|22.040001|22.150000|21.400000|21.559999|7515800|0.9625940231|20.753527
2025-11-17|190|AOS|64.620003|64.790001|63.230000|63.310001|964200|0.9834989125|62.265316
2025-11-17|191|CASY|539.419983|543.679993|535.349976|536.340027|341300|0.9976268719|535.067261
2025-11-17|192|T|25.629999|25.709999|25.430000|25.469999|34519900|0.9652496452|24.584908
2025-11-17|193|VZ|41.060001|41.279999|40.880001|41.009998|21620800|0.9521495225|39.047653
2025-11-17|194|JBHT|162.759995|163.309998|159.009995|160.300003|1414400|0.9944705560|159.413635
2025-11-17|195|ATO|175.949997|177.020004|174.800003|175.679993|1430100|0.9773427979|171.699570
2025-11-17|196|LRCX|147.309998|153.809998|145.940002|147.460007|10487800|0.9964597456|146.937943
2025-11-17|197|MU|246.919998|260.579987|239.460007|241.949997|30304400|0.9990228227|241.713577
2025-11-17|198|AJG|259.410004|261.630005|257.899994|259.309998|2174900|0.9910126646|256.979462
2025-11-17|199|AME|193.889999|195.649994|190.690002|191.190002|1656400|0.9953689352|190.304596
2025-11-17|200|SWKS|66.000000|66.320000|62.240002|63.160000|3997600|0.9685989226|61.176704
2025-11-17|201|EXPD|140.460007|142.750000|139.089996|142.229996|2676800|0.9896583057|140.759094
2025-11-17|202|UNH|320.600006|327.880005|319.429993|320.519989|6485400|0.9800610506|314.129181
2025-11-17|203|BBY|75.510002|75.970001|74.040001|74.650002|3195100|0.9593973356|71.619011
2025-11-17|204|DOC|17.410000|17.600000|17.230000|17.290001|6602100|0.9513422733|16.448709
2025-11-17|205|ADSK|299.529999|299.529999|290.890015|291.959991|1081300|1.0000000000|291.959991
2025-11-17|206|DVN|35.849998|35.889999|34.849998|35.070000|6735700|0.9814598964|34.419800
2025-11-17|207|NVR|7259.169922|7285.890137|7145.259766|7156.640137|17200|1.0000000000|7156.640137
2025-11-17|208|ROST|160.580002|161.220001|157.729996|159.410004|2767700|0.9936631572|158.399826
2025-11-17|209|JKHY|164.039993|164.800003|162.839996|163.639999|626100|0.9886171552|161.777313
2025-11-17|210|MNST|71.610001|73.029999|71.559998|71.839996|4816700|0.5000000000|71.839996
2025-11-17|211|ORCL|218.210007|222.800003|215.559998|219.860001|16143800|0.9904465499|217.759583
2025-11-17|212|MSFT|508.450012|512.119995|504.910004|507.489990|19092800|0.9918394551|503.348633
2025-11-17|213|TROW|101.669998|101.669998|96.580002|97.419998|2173300|0.9618549978|93.703911
2025-11-17|214|COST|922.020020|924.900024|908.809998|912.590027|2481900|0.9956058515|908.580017
2025-11-17|215|ADBE|331.109985|332.380005|324.429993|325.070007|3300000|1.0000000000|325.070007
2025-11-17|216|FISV|63.570000|64.199997|62.410000|62.700001|5474000|1.0000000000|62.700001
2025-11-17|217|BKR|48.869999|49.529999|47.560001|47.880001|5704200|0.9892821118|47.366829
2025-11-17|218|CDNS|313.540009|315.829987|309.640015|311.290009|1519700|1.0000000000|311.290009
2025-11-17|219|TJX|146.160004|147.000000|144.759995|145.179993|10612400|0.9907991610|143.844208
2025-11-17|220|FICO|1750.229980|1768.250000|1732.979980|1760.250000|187800|1.0000000000|1760.250000
2025-11-17|221|CCL|25.940001|26.059999|25.120001|25.360001|16530000|0.9841845235|24.958920
2025-11-17|222|FAST|40.439999|40.639999|39.540001|39.700001|6937400|0.9838279433|39.057972
2025-11-17|223|SCHW|94.559998|94.580002|91.589996|91.910004|9141200|0.9901836685|91.007774
2025-11-17|224|JCI|118.489998|119.080002|115.830002|116.379997|4266700|0.9941759575|115.702194
2025-11-17|225|COHR|138.039993|144.119995|136.309998|139.070007|3523500|1.0000000000|139.070007
2025-11-17|226|KEY|17.570000|17.590000|16.959999|17.120001|21035000|0.9696888308|16.601072
2025-11-17|227|MOS|25.920000|26.010000|24.480000|24.520000|7404200|0.9727377902|23.851532
2025-11-17|228|MGM|32.040001|32.209999|30.940001|31.389999|6542300|1.0000000000|31.389999
2025-11-17|229|WM|209.070007|209.639999|207.490005|207.970001|1876800|0.9879218676|205.458115
2025-11-17|230|TECH|58.980000|59.540001|58.160000|58.610001|1672200|0.9957086055|58.358482
2025-11-17|231|IEX|164.619995|165.449997|162.270004|162.759995|513300|0.9895889092|161.065491
2025-11-17|232|GEN|26.700001|26.820000|26.120001|26.139999|5772900|0.9850474704|25.749140
2025-11-17|233|CRH|109.500000|110.839996|108.760002|109.239998|3272200|0.9889154582|108.029114
2025-11-17|234|EOG|110.529999|111.120003|108.629997|109.480003|3410800|0.9756845809|106.817955
2025-11-17|235|PTC|179.009995|179.009995|173.630005|174.210007|847700|1.0000000000|174.210007
2025-11-17|236|CSCO|77.889999|79.389999|77.470001|77.779999|28720100|0.9856294108|76.662262
2025-11-17|237|LH|265.720001|269.029999|260.850006|261.369995|907000|0.9921089357|258.752747
2025-11-17|238|TRMB|76.830002|77.370003|75.279999|75.550003|1263500|1.0000000000|75.550003
2025-11-17|239|AZO|3863.800049|3893.550049|3851.020020|3855.260010|123400|1.0000000000|3855.260010
2025-11-17|240|REGN|693.340027|711.880005|692.289978|704.309998|1132900|0.9948983635|700.716858
2025-11-17|241|IDXX|689.929993|697.929993|666.969971|669.000000|495700|1.0000000000|669.000000
2025-11-17|242|AES|13.840000|14.180000|13.800000|13.920000|7689500|0.9646899783|13.428486
2025-11-17|243|VRTX|436.989990|439.989990|432.239990|434.019989|1304500|1.0000000000|434.019989
2025-11-17|244|ZBRA|238.940002|239.869995|231.130005|232.710007|629000|1.0000000000|232.710007
2025-11-17|245|BIIB|167.000000|167.970001|163.500000|164.679993|2244600|1.0000000000|164.679993
2025-11-17|246|ODFL|132.149994|132.770004|129.369995|129.889999|1991000|0.9953671039|129.288239
2025-11-17|247|APH|132.589996|135.419998|131.250000|132.330002|6000900|0.9946061744|131.616226
2025-11-17|248|KIM|20.490000|20.540001|20.100000|20.110001|3507900|0.9657396580|19.421026
2025-11-17|249|QCOM|172.800003|174.839996|165.169998|166.750000|10211100|0.9849314898|164.237320
2025-11-17|250|GILD|125.230003|126.529999|123.910004|124.089996|5758100|0.9813788839|121.779297
2025-11-17|251|ROP|448.660004|449.970001|443.500000|443.880005|652100|0.9929279129|440.740875
2025-11-17|252|SNPS|389.500000|399.109985|388.010010|390.239990|1694700|1.0000000000|390.239990
2025-11-17|253|STZ|129.000000|133.399994|128.850006|130.960007|2443900|0.9792322433|128.240250
2025-11-17|254|BSX|102.269997|102.709999|101.260002|101.760002|6765400|1.0000000000|101.760002
2025-11-17|255|STE|258.519989|260.059998|256.799988|257.010010|532900|0.9945039836|255.597488
2025-11-17|256|DHI|141.690002|141.800003|137.509995|137.759995|2991800|0.9911938574|136.546844
2025-11-17|257|LIN|421.609985|423.380005|417.559998|417.850006|2249300|0.9898650243|413.615112
2025-11-17|258|SBUX|85.190002|86.849998|83.449997|83.690002|8547200|0.9821606772|82.197021
2025-11-17|259|MS|163.250000|164.089996|158.759995|159.449997|5727200|0.9837860335|156.864685
2025-11-17|260|INTU|662.510010|664.000000|643.500000|645.979980|1441500|0.9906980199|639.971069
2025-11-17|261|MCHP|53.330002|53.439999|50.880001|51.700001|8118600|0.9744763190|50.380424
2025-11-17|262|CB|297.040009|298.559998|295.000000|295.579987|1406000|0.9939554166|293.793335
2025-11-17|263|ORLY|99.260002|99.669998|98.599998|99.559998|4777500|1.0000000000|99.559998
2025-11-17|264|RCL|251.639999|252.339996|244.449997|246.710007|2217200|0.9862054091|243.306732
2025-11-17|265|JBL|200.770004|203.179993|197.619995|200.460007|1226700|0.9992441666|200.308502
2025-11-17|266|ALL|215.199997|215.440002|208.289993|209.210007|1738700|0.9851043015|206.093674
2025-11-17|267|CPT|103.089996|103.779999|101.779999|102.150002|1294000|0.9704206326|99.128464
2025-11-17|268|VMRK|59.660000|59.720001|58.849998|59.049999|1922700|0.9671264641|57.108818
2025-11-17|269|IT|230.050003|230.899994|225.529999|226.889999|782700|1.0000000000|226.889999
2025-11-17|270|DECK|82.790001|82.820000|80.230003|80.720001|3385000|1.0000000000|80.720001
2025-11-17|271|REG|69.779999|70.150002|68.860001|69.129997|709700|0.9701425273|67.065956
2025-11-17|272|INCY|104.360001|105.970001|103.830002|104.169998|1411700|1.0000000000|104.169998
2025-11-17|273|SPG|183.630005|183.630005|179.860001|180.990005|1418200|0.9659807077|174.832855
2025-11-17|274|MAA|131.429993|131.619995|129.960007|130.270004|653000|0.9656183896|125.791122
2025-11-17|275|MLM|596.359985|599.070007|587.880005|589.969971|350600|0.9960197565|587.621765
2025-11-17|276|TSCO|55.230000|55.750000|53.369999|53.680000|5655200|0.9764906296|52.418011
2025-11-17|277|ALB|120.010002|125.849998|117.660004|117.699997|7466600|0.9919948535|116.757797
2025-11-17|278|CPRT|40.919998|41.619999|40.759998|41.330002|9111200|1.0000000000|41.330002
2025-11-17|279|FLEX|59.900002|60.709999|58.119999|58.750000|2170900|1.0000000000|58.750000
2025-11-17|280|ESS|255.740005|255.820007|251.660004|252.289993|385900|0.9710345219|244.982300
2025-11-17|281|O|56.840000|57.070000|56.660000|57.000000|5548000|0.9611211279|54.783901
2025-11-17|282|MCO|479.480011|481.040009|470.920013|472.119995|774600|0.9914008639|468.060181
2025-11-17|283|SJM|110.540001|110.900002|106.339996|106.540001|1833400|0.9701300487|103.357651
2025-11-17|284|MCK|846.659973|855.580017|843.020020|855.229980|768300|0.9971371280|852.781555
2025-11-17|285|COF|209.809998|210.580002|199.089996|201.009995|7102700|0.9884398390|198.686279
2025-11-17|286|EME|620.640015|626.880005|606.659973|611.400024|382400|0.9983902989|610.415833
2025-11-17|287|DLTR|104.790001|106.209999|103.580002|103.669998|2588300|1.0000000000|103.669998
2025-11-17|288|COR|362.100006|365.929993|361.239990|365.000000|1542600|0.9940692618|362.835297
2025-11-17|289|DRI|174.949997|175.559998|171.500000|171.789993|1353500|0.9771066651|167.857147
2025-11-17|290|RMD|244.279999|247.259995|243.199997|244.710007|1037900|0.9918845144|242.724075
2025-11-17|291|WAB|203.610001|204.179993|199.470001|199.580002|1395400|0.9965472933|198.890930
2025-11-17|292|FCX|39.990002|40.029999|38.869999|39.000000|17578500|0.9929128187|38.723598
2025-11-17|293|IVZ|23.360001|23.430000|22.240000|22.440001|3359600|0.9777629266|21.941000
2025-11-17|294|ACGL|92.849998|93.129997|91.669998|91.809998|1318500|1.0000000000|91.809998
2025-11-17|295|ERIE|288.440002|290.239990|285.149994|287.279999|134800|0.9834606060|282.528564
2025-11-17|296|EG|328.000000|328.369995|319.750000|320.329987|378400|0.9878843207|316.448975
2025-11-17|297|DVA|121.550003|121.800003|116.720001|117.269997|939100|1.0000000000|117.269997
2025-11-17|298|HSIC|71.300003|72.089996|70.769997|71.250000|1272000|1.0000000000|71.250000
2025-11-17|299|EL|87.930000|88.599998|85.680000|86.089996|3659600|0.9893232983|85.170845
2025-11-17|300|WAT|378.970001|383.940002|374.980011|377.980011|563800|1.0000000000|377.980011
2025-11-17|301|NTAP|107.480003|109.339996|106.129997|106.800003|2757800|0.9870750252|105.419617
2025-11-17|302|HIG|134.570007|134.779999|131.770004|132.059998|1466300|0.9867007020|130.303680
2025-11-17|303|IRM|91.620003|91.809998|88.639999|88.680000|2553700|0.9749654551|86.459938
2025-11-17|304|BRK-B|510.730011|511.260010|502.839996|503.260010|5371000|1.0000000000|503.260010
2025-11-17|305|FDS|272.260010|274.739990|270.519989|273.649994|1138300|0.9861098905|269.848969
2025-11-17|306|STLD|154.990005|158.880005|154.139999|155.070007|1079500|0.9917509611|153.790833
2025-11-17|307|DGX|187.009995|189.259995|185.089996|186.190002|1086500|0.9871163208|183.791183
2025-11-17|308|CIEN|190.800003|196.399994|188.039993|191.779999|3143600|1.0000000000|191.779999
2025-11-17|309|TTWO|235.110001|236.479996|232.240005|233.580002|1456900|1.0000000000|233.580002
2025-11-17|310|VTR|78.629997|79.209999|78.190002|79.000000|2416500|0.9818295408|77.564537
2025-11-17|311|AMZN|233.250000|234.600006|229.190002|232.869995|59919000|1.0000000000|232.869995
2025-11-17|312|ARE|52.340000|52.540001|50.509998|50.840000|2921200|0.9575530500|48.681999
2025-11-17|313|RL|331.619995|333.190002|320.910004|324.100006|538400|0.9923194237|321.610718
2025-11-17|314|BXP|70.540001|70.760002|68.709999|69.110001|1064300|0.9663309942|66.783142
2025-11-17|315|FIX|914.799988|937.780029|905.049988|919.820007|401400|0.9985721755|918.506592
2025-11-17|316|YUM|149.000000|149.750000|148.000000|148.029999|2783800|0.9858960568|145.942184
2025-11-17|317|CHRW|152.770004|154.839996|151.500000|152.639999|1200600|0.9892308245|150.996201
2025-11-17|318|FE|46.150002|46.560001|46.080002|46.560001|4024900|0.9707938980|45.200161
2025-11-17|319|MTD|1396.920044|1408.099976|1385.280029|1388.959961|99900|1.0000000000|1388.959961
2025-11-17|320|PLD|123.529999|124.690002|122.400002|123.519997|3111000|0.9772581725|120.710930
2025-11-17|321|URI|834.030029|836.500000|798.669983|806.609985|793700|0.9939808437|801.754883
2025-11-17|322|AEE|105.529999|105.709999|104.910004|105.370003|2060800|0.9792499824|103.183571
2025-11-17|323|VRSN|253.059998|255.300003|247.720001|250.190002|779200|0.9876930267|247.110916
2025-11-17|324|PWR|428.760010|434.700012|421.899994|426.869995|1099300|0.9993903388|426.609711
2025-11-17|325|AMT|183.690002|184.699997|179.960007|180.470001|3253600|0.9712942756|175.289490
2025-11-17|326|MAR|286.350006|286.890015|280.989990|282.890015|1182900|0.9917417055|280.553864
2025-11-17|327|CTSH|72.489998|73.059998|71.099998|71.169998|3832100|0.9779331176|69.599495
2025-11-17|328|SRE|92.379997|92.750000|91.120003|92.199997|5119400|0.9788895267|90.253616
2025-11-17|329|CSGP|68.050003|69.019997|66.629997|67.000000|3346100|1.0000000000|67.000000
2025-11-17|330|RSG|209.460007|210.869995|208.539993|209.809998|2499000|0.9913326285|207.991501
2025-11-17|331|CCI|91.699997|91.769997|90.199997|90.550003|2335700|0.9648543647|87.367569
2025-11-17|332|EBAY|83.199997|84.440002|82.010002|82.160004|4105000|0.9904184858|81.126122
2025-11-17|333|NVDA|185.970001|189.000000|184.320007|186.600006|173628900|0.9987261828|186.362305
2025-11-17|334|BKNG|5029.999924|5089.039993|4772.999954|4804.010010|417500|0.0397328628|190.877060
2025-11-17|335|GS|790.000000|796.729980|770.500000|775.559998|1850600|0.9855142723|764.325439
2025-11-17|336|FFIV|232.229996|234.240005|227.880005|228.639999|812200|1.0000000000|228.639999
2025-11-17|337|SBAC|198.350006|198.350006|195.089996|195.779999|725200|0.9805017315|191.962631
2025-11-17|338|LII|469.790009|469.790009|458.220001|459.890015|300800|0.9920705337|456.243347
2025-11-17|339|BLK|1053.489990|1055.060059|1014.109985|1023.799988|935200|0.9841011192|1007.522644
2025-11-17|340|TKO|183.559998|184.979996|181.000000|184.750000|2254900|0.9884090368|182.608566
2025-11-17|341|AKAM|87.750000|88.879997|86.860001|87.620003|3936400|1.0000000000|87.620003
2025-11-17|342|UPS|94.220001|95.410004|93.559998|94.190002|6488200|0.9546755018|89.920891
2025-11-17|343|A|146.369995|147.039993|144.050003|144.520004|1445600|0.9940314297|143.657425
2025-11-17|344|TDY|501.829987|502.679993|496.600006|499.549988|588800|1.0000000000|499.549988
2025-11-17|345|PKG|197.210007|197.529999|194.850006|196.669998|896100|0.9816059808|193.052444
2025-11-17|346|EW|85.919998|86.540001|84.660004|84.739998|3798500|1.0000000000|84.739998
2025-11-17|347|MET|78.629997|78.629997|74.790001|75.529999|5028900|0.9792675716|73.964073
2025-11-17|348|ON|46.529999|47.290001|45.369999|46.020000|7961000|1.0000000000|46.020000
2025-11-17|349|ISRG|546.570007|554.349976|544.109985|546.710022|1470200|1.0000000000|546.710022
2025-11-17|350|CRL|167.690002|170.539993|162.720001|162.740005|714200|1.0000000000|162.740005
2025-11-17|351|MRVL|85.430000|86.720001|81.860001|83.449997|16548600|0.9985347355|83.327721
2025-11-17|352|EQIX|786.909973|790.510010|771.000000|776.880005|355200|0.9790491812|760.603760
2025-11-17|353|TPR|101.500000|102.000000|100.230003|101.739998|3246800|0.9910289553|100.827286
2025-11-17|354|GRMN|193.000000|193.789993|188.839996|189.800003|1305900|0.9875544034|187.437820
2025-11-17|355|GPN|73.919998|74.250000|72.260002|72.580002|1627600|0.9898898052|71.846207
2025-11-17|356|ALGN|135.520004|136.559998|131.660004|132.610001|902600|1.0000000000|132.610001
2025-11-17|357|WTW|323.179993|324.049988|318.410004|318.600006|742000|0.9903328749|315.520050
2025-11-17|358|MDLZ|56.779999|56.869999|55.529999|55.570000|6549200|0.9742061707|54.136635
2025-11-17|359|AXON|554.559998|554.650024|538.359985|543.229980|812200|1.0000000000|543.229980
2025-11-17|360|FIS|64.320000|64.879997|63.820000|63.930000|2822200|0.9743297530|62.288902
2025-11-17|361|ACN|243.929993|244.979996|240.589996|241.330002|3187800|0.9798095806|236.457443
2025-11-17|362|ZBH|89.790001|90.339996|88.580002|88.639999|2441400|0.9920119396|87.931938
2025-11-17|363|BG|95.089996|96.709999|93.910004|93.970001|1436700|0.9821514316|92.292770
2025-11-17|364|PFG|84.269997|84.269997|80.440002|81.010002|1428400|0.9740293311|78.906113
2025-11-17|365|ELV|325.489990|336.480011|324.390015|330.910004|1995800|0.9847701459|325.870300
2025-11-17|366|CNC|36.380001|38.150002|36.000000|37.080002|9098300|1.0000000000|37.080002
2025-11-17|367|PRU|107.209999|107.300003|103.010002|103.510002|2342300|0.9496925157|98.302673
2025-11-17|368|NFLX|110.750000|111.849998|109.550003|110.290001|26082700|1.0000000000|110.290001
2025-11-17|369|NDAQ|87.080002|87.230003|85.290001|85.699997|1924500|0.9903103249|84.869598
2025-11-17|370|WYNN|119.849998|121.489998|116.720001|118.139999|1164300|0.9927789107|117.286903
2025-11-17|371|CME|285.480011|286.329987|278.100006|279.130005|2199500|0.9671562481|269.962372
2025-11-17|372|STX|257.500000|269.799988|254.479996|261.380005|2851600|0.9949371232|260.056671
2025-11-17|373|NRG|165.190002|169.250000|162.229996|163.210007|1492300|0.9903289609|161.631607
2025-11-17|374|AIZ|228.169998|228.949997|223.839996|224.830002|261800|0.9887198190|222.293884
2025-11-17|375|CBRE|153.369995|154.000000|149.210007|149.410004|1199200|1.0000000000|149.410004
2025-11-17|376|CRM|242.070007|242.830002|235.589996|237.029999|5280900|0.9933339931|235.449936
2025-11-17|377|DPZ|410.600006|411.410004|403.149994|404.630005|500600|0.9848757173|398.510315
2025-11-17|378|EXR|133.270004|133.350006|130.199997|130.550003|1138700|0.9661267437|126.127846
2025-11-17|379|GOOG|286.399994|294.519989|284.230011|285.600006|34286100|0.9980438060|285.041321
2025-11-17|380|GOOGL|285.779999|293.950012|283.570007|285.019989|52670200|0.9980471771|284.463379
2025-11-17|381|DLR|158.660004|159.300003|156.869995|157.699997|1855100|0.9788235933|154.360489
2025-11-17|382|MPWR|914.289978|924.000000|879.419983|897.010010|483900|0.9948016730|892.347046
2025-11-17|383|LVS|65.529999|66.260002|64.349998|64.879997|4575800|0.9827791790|63.762711
2025-11-17|384|DXCM|58.110001|59.150002|57.200001|58.490002|6047700|1.0000000000|58.490002
2025-11-17|385|BLDR|102.500000|103.459999|99.070000|99.419998|2512200|1.0000000000|99.419998
2025-11-17|386|WBD|23.030001|23.150000|22.340000|22.740000|36814300|1.0000000000|22.740000
2025-11-17|387|EXPE|263.790009|266.200012|241.500000|244.160004|5045100|0.9926306212|242.360718
2025-11-17|388|CF|84.540001|84.599998|80.400002|80.690002|2595400|0.9855673857|79.525436
2025-11-17|389|AMP|456.609985|458.010010|437.380005|440.799988|1065700|0.9903313094|436.537994
2025-11-17|390|ICE|151.830002|152.850006|149.889999|150.330002|2737300|0.9901381914|148.847488
2025-11-17|391|PSKY|15.720000|15.930000|15.600000|15.730000|7821900|0.9863259572|15.514906
2025-11-17|392|LYV|135.429993|135.949997|130.710007|132.419998|4524000|1.0000000000|132.419998
2025-11-17|393|CMG|31.600000|31.600000|30.250000|30.530001|21919800|1.0000000000|30.530001
2025-11-17|394|UAL|94.690002|94.889999|88.550003|89.949997|8068400|1.0000000000|89.949997
2025-11-17|395|TDG|1347.290039|1356.369995|1326.180054|1335.770020|362100|1.0000000000|1335.770020
2025-11-17|396|MA|546.000000|549.320007|536.210022|536.849976|2557900|0.9951190330|534.229614
2025-11-17|397|LDOS|191.050003|191.649994|188.240005|188.789993|597000|0.9917626624|187.234863
2025-11-17|398|FSLR|251.350006|258.000000|250.250000|253.539993|1484500|1.0000000000|253.539993
2025-11-17|399|BR|225.919998|227.839996|224.600006|224.770004|796700|0.9836780236|221.101318
2025-11-17|400|SMCI|35.580002|35.820000|33.639999|34.099998|32689500|1.0000000000|34.099998
2025-11-17|401|TMUS|215.910004|218.330002|215.009995|215.839996|7379900|0.9849640725|211.374695
2025-11-17|402|DAL|58.150002|58.320000|55.419998|55.759998|8424500|0.9922015511|55.325157
2025-11-17|403|IBKR|65.760002|66.480003|62.959999|63.410000|4918000|0.9966884542|63.200012
2025-11-17|404|PODD|331.429993|334.809998|327.239990|328.019989|512200|1.0000000000|328.019989
2025-11-17|405|TEL|236.570007|238.919998|232.490005|234.210007|1855100|0.9892434805|231.690720
2025-11-17|406|BX|140.710007|141.199997|137.029999|138.419998|3510400|0.9695455041|134.204483
2025-11-17|407|LULU|168.619995|168.729996|162.759995|164.160004|3240500|1.0000000000|164.160004
2025-11-17|408|ULTA|529.340027|530.409973|503.899994|509.570007|565200|1.0000000000|509.570007
2025-11-17|409|MSCI|562.150024|570.479980|556.059998|557.929993|674200|0.9889531620|551.766663
2025-11-17|410|ECHO|67.500000|68.180000|66.139999|66.930000|2296200|1.0000000000|66.930000
2025-11-17|411|PM|154.919998|154.919998|151.770004|152.759995|4709000|0.9741176592|148.806213
2025-11-17|412|V|331.160004|333.359985|324.929993|325.750000|6494800|0.9940309283|323.805573
2025-11-17|413|AWK|132.309998|133.259995|131.460007|132.679993|2082200|0.9796942856|129.985840
2025-11-17|414|KDP|27.209999|27.410000|26.889999|26.959999|23188000|0.9761522236|26.317064
2025-11-17|415|SW|34.209999|34.360001|33.674999|33.919998|4563900|0.9711821711|32.942497
2025-11-17|416|AVGO|339.820007|352.200012|337.519989|342.649994|14799600|0.9944270811|340.740417
2025-11-17|417|VRSK|216.990005|219.789993|215.350006|219.100006|1373200|0.9927002374|217.500641
2025-11-17|418|DG|103.800003|105.750000|102.669998|103.150002|2721500|0.9860246787|101.708443
2025-11-17|419|FTNT|82.099998|82.959999|81.769997|81.940002|4479000|1.0000000000|81.940002
2025-11-17|420|CHTR|202.809998|208.190002|201.000000|201.839996|2212400|1.0000000000|201.839996
2025-11-17|421|FERG|242.350006|242.350006|235.210007|235.690002|1713800|0.9848254111|232.113510
2025-11-17|422|GNRC|150.029999|150.389999|138.929993|140.509995|1682600|1.0000000000|140.509995
2025-11-17|423|LYB|45.299999|45.330002|43.400002|43.560001|4433500|0.9407211657|40.977814
2025-11-17|424|CBOE|258.070007|259.130005|255.589996|257.869995|640000|0.9954503651|256.696777
2025-11-17|425|TSLA|398.739990|423.959991|398.739990|408.920013|102214300|1.0000000000|408.920013
2025-11-17|426|KKR|119.510002|120.050003|113.529999|114.019997|5278200|0.9943370554|113.374306
2025-11-17|427|NXPI|195.179993|196.649994|188.490005|190.509995|2498900|0.9870653625|188.045807
2025-11-17|428|GM|70.309998|70.459999|67.489998|67.910004|8031700|0.9934966717|67.468361
2025-11-17|429|TRGP|172.289993|172.789993|167.750000|168.320007|1502200|0.9854533185|165.871521
2025-11-17|430|CPAY|279.420013|281.970001|273.700012|274.179993|472300|1.0000000000|274.179993
2025-11-17|431|KMI|27.430000|27.549999|27.120001|27.139999|14176300|0.9722301462|26.386326
2025-11-17|432|HCA|475.000000|477.390015|469.079987|477.100006|1183800|0.9950375716|474.732422
2025-11-17|433|HII|314.000000|314.660004|308.339996|309.739990|321000|0.9882397967|304.676514
2025-11-17|434|APO|130.000000|130.240005|123.610001|124.339996|4110200|0.9875780044|122.795448
2025-11-17|435|MPC|198.880005|199.369995|195.300003|195.970001|1984000|0.9835714275|192.750488
2025-11-17|436|XYL|142.839996|142.929993|140.440002|140.990005|1570300|0.9861759388|139.040939
2025-11-17|437|APTV|78.260002|78.489998|76.550003|76.849998|2371300|1.0000000000|76.849998
2025-11-17|438|PSX|140.729996|140.729996|136.190002|136.649994|2812900|0.9794981865|133.848419
2025-11-17|439|AMCR|8.470000|8.500000|8.410000|8.450000|23216800|4.8543684849|41.019413
2025-11-17|440|META|609.039978|611.690002|595.400024|602.010010|16501300|0.9974059053|600.448303
2025-11-17|441|NOW|846.920013|853.479996|828.209991|835.790024|1140200|0.2000000000|167.158005
2025-11-17|442|PANW|205.000000|207.190002|202.160004|202.899994|4860700|1.0000000000|202.899994
2025-11-17|443|FANG|148.679993|149.000000|145.830002|146.369995|1271900|0.9832059760|143.911850
2025-11-17|444|WDAY|230.160004|231.229996|224.750000|224.949997|2281500|1.0000000000|224.949997
2025-11-17|445|ABBV|233.259995|235.350006|229.229996|234.000000|5023100|0.9769027438|228.595261
2025-11-17|446|NCLH|18.200001|18.250000|17.459999|17.530001|15371000|1.0000000000|17.530001
2025-11-17|447|ZTS|120.709999|121.089996|118.349998|118.800003|4714700|0.9845723480|116.967201
2025-11-17|448|IQV|219.389999|222.889999|215.690002|216.119995|1564100|1.0000000000|216.119995
2025-11-17|449|NWS|29.410000|29.430000|28.730000|28.920000|670400|0.9963262306|28.813753
2025-11-17|450|NWSA|26.090000|26.160000|25.340000|25.480000|3711600|0.9958385353|25.373964
2025-11-17|451|CDW|144.750000|144.990005|138.800003|140.240005|1415900|0.9800438553|137.441360
2025-11-17|452|VEEV|289.290009|292.959991|276.950012|277.010010|2724200|1.0000000000|277.010010
2025-11-17|453|ALLE|161.580002|161.580002|159.380005|159.970001|752600|0.9921390873|158.712494
2025-11-17|454|HLT|270.260010|270.260010|264.869995|266.049988|1374500|0.9980421657|265.529114
2025-11-17|455|ARES|146.339996|147.220001|140.089996|142.059998|2345100|0.9704279397|137.858978
2025-11-17|456|ANET|131.350006|133.320007|125.400002|127.260002|12455900|1.0000000000|127.260002
2025-11-17|457|SYF|72.800003|73.070000|69.889999|70.470001|3708500|0.9876561264|69.600128
2025-11-17|458|CFG|51.450001|51.770000|49.419998|49.709999|4963100|0.9795741096|48.694633
2025-11-17|459|KEYS|178.000000|178.380005|173.388000|175.509995|987900|1.0000000000|175.509995
2025-11-17|460|GDDY|129.460007|129.940002|125.089996|125.190002|1559400|1.0000000000|125.190002
2025-11-17|461|KHC|24.900000|24.940001|24.459999|24.490000|14016300|0.9508904028|23.287306
2025-11-17|462|PYPL|62.810001|63.169998|61.290001|61.889999|20632700|0.9914138539|61.358604
2025-11-17|463|LITE|236.500000|252.119995|233.000000|242.070007|4212300|1.0000000000|242.070007
2025-11-17|464|HPE|21.940001|22.190001|20.735001|21.230000|50382100|0.9847720717|20.906712
2025-11-17|465|XYZ|61.310001|61.414001|58.150002|58.889999|7088400|1.0000000000|58.889999
2025-11-17|466|FTV|51.490002|51.830002|50.439999|50.520000|4358500|0.9968000114|50.358337
2025-11-17|467|DELL|124.000000|128.410004|120.010002|122.480003|15291100|0.9909355870|121.369789
2025-11-17|468|TTD|41.910000|41.910000|39.750000|40.209999|14631400|1.0000000000|40.209999
2025-11-17|469|VST|175.429993|179.520004|173.119995|175.000000|3108600|0.9958526400|174.274216
2025-11-17|470|HWM|203.970001|204.699997|199.000000|200.279999|1469200|0.9985047767|199.980545
2025-11-17|471|INVH|28.379999|28.520000|28.000000|28.040001|5504200|0.9672165501|27.120752
2025-11-17|472|CVNA|316.000004|334.360008|312.000008|323.120003|2770200|0.2000000000|64.624001
2025-11-17|473|IR|75.000000|75.150002|73.360001|73.669998|2939000|0.9992655835|73.615898
2025-11-17|474|VICI|30.360001|30.400000|29.955000|30.129999|9006300|0.9523421134|28.694069
2025-11-17|475|VRT|168.389999|174.850006|164.559998|166.649994|5249900|0.9991812568|166.513550
2025-11-17|476|MRNA|24.500000|25.334000|24.270000|24.760000|8249600|1.0000000000|24.760000
2025-11-17|477|FOXA|65.110001|66.110001|64.309998|64.550003|3581900|0.9951185496|64.234909
2025-11-17|478|FOX|58.540001|59.540001|57.674999|58.060001|1552800|0.9946544484|57.749641
2025-11-17|479|DOW|22.820000|22.820000|21.615000|21.670000|13080800|0.9640247460|20.890415
2025-11-17|480|UBER|91.309998|92.580002|90.739998|92.110001|16922500|1.0000000000|92.110001
2025-11-17|481|CTVA|66.339996|66.440002|63.845001|63.880001|3998600|0.9928033602|63.420280
2025-11-17|482|CRWD|537.000000|540.669983|526.580017|529.780029|1395300|0.2500000000|132.445007
2025-11-17|483|DDOG|184.179993|184.789001|178.945007|180.259995|3974800|1.0000000000|180.259995
2025-11-17|484|CARR|54.139999|54.200001|52.950001|53.130001|5766600|0.9886394999|52.526421
2025-11-17|485|OTIS|88.480003|88.910004|87.695000|88.070000|2556600|0.9834662418|86.613876
2025-11-17|486|PLTR|170.529999|174.240005|167.679993|171.250000|50339000|1.0000000000|171.250000
2025-11-17|487|DASH|207.335007|211.000000|204.419998|210.649994|10819600|1.0000000000|210.649994
2025-11-17|488|ABNB|120.739998|121.330002|116.700996|117.599998|5187100|1.0000000000|117.599998
2025-11-17|489|EXE|117.139999|117.949997|115.180000|116.980003|3362100|0.9826864450|114.954659
2025-11-17|490|COIN|274.920013|277.829987|258.220001|263.950012|15822400|1.0000000000|263.950012
2025-11-17|491|APP|554.445007|558.940002|532.309998|539.270020|3908600|1.0000000000|539.270020
2025-11-17|492|HOOD|120.495003|120.980003|112.419998|115.970001|40078600|1.0000000000|115.970001
2025-11-17|493|CEG|336.684998|347.989990|334.079987|338.670013|2129500|0.9955820742|337.173767
2025-11-17|494|GEHC|72.570000|73.000000|70.290001|70.629997|4806100|0.9985528329|70.527771
2025-11-17|495|KVUE|16.690001|17.240000|15.940000|16.240000|54955600|0.9661066365|15.689571
2025-11-17|496|VLTO|98.769997|99.150002|97.750000|98.070000|1698900|0.9957401186|97.652229
2025-11-17|497|RDDT|191.339996|194.339996|185.250000|187.550003|2598400|1.0000000000|187.550003
2025-11-17|498|SOLV|75.230003|76.489998|74.995003|76.190002|1248500|1.0000000000|76.190002
2025-11-17|499|GEV|573.000000|592.349976|569.840027|577.020020|2998000|0.9981503345|575.952759
2025-11-17|500|SNDK|253.399994|282.799988|253.000000|265.880005|14211500|1.0000000000|265.880005
2025-11-17|501|Q|81.629997|84.099998|79.199997|81.459999|2504600|0.9980995006|81.305191
