date|security_id|ticker|open|high|low|close|volume|adj_factor|adj_close_vendor
2025-11-28|1|AEP|122.879997|123.900002|122.720001|123.769997|1801300|0.9775591772|120.992493
2025-11-28|2|BA|187.869995|189.750000|186.910004|189.000000|3757000|1.0000000000|189.000000
2025-11-28|3|CAT|573.789978|577.359985|572.400024|575.760010|1019500|0.9939261318|572.263000
2025-11-28|4|CNP|39.950001|40.130001|39.889999|39.980000|1403000|0.9832236217|39.309277
2025-11-28|5|CVX|149.460007|151.520004|149.259995|151.130005|3848600|0.9728341284|147.024429
2025-11-28|6|DIS|103.300003|104.739998|103.239998|104.470001|6525500|0.9857264957|102.978851
2025-11-28|7|DTE|136.669998|137.220001|136.350006|137.029999|539300|0.9755422782|133.678558
2025-11-28|8|ED|100.580002|100.889999|100.029999|100.360001|1063300|0.9759585897|97.947212
2025-11-28|9|GD|340.470001|342.089996|339.600006|341.630005|361400|0.9869830633|337.183044
2025-11-28|10|GE|297.010010|298.679993|295.260010|298.450012|1376400|0.9961629631|297.304871
2025-11-28|11|HON|190.000006|192.399993|189.600004|192.190004|1644100|1.0347776740|198.873932
2025-11-28|12|HPQ|24.150000|24.430000|23.840000|24.420000|6873100|0.9607551428|23.461641
2025-11-28|13|IBM|304.059998|309.179993|303.600006|308.579987|1689000|0.9800357773|302.419434
2025-11-28|14|IP|39.139999|39.700001|38.980000|39.480000|1681400|0.9645837619|38.081768
2025-11-28|15|JNJ|207.000000|207.460007|204.630005|206.919998|5638300|0.9841702191|203.644501
2025-11-28|16|KO|73.000000|73.230003|72.760002|73.120003|7423000|0.9799171123|71.651550
2025-11-28|17|KR|66.919998|67.550003|66.699997|67.279999|2270500|0.9830507535|66.139648
2025-11-28|18|LMT|454.540009|457.859985|452.609985|457.859985|748000|0.9808408602|449.087799
2025-11-28|19|MMM|170.660004|172.240005|170.009995|172.050003|1596300|0.9860940463|169.657471
2025-11-28|20|MO|58.689999|59.009998|58.680000|59.009998|3207200|0.9516126626|56.154663
2025-11-28|21|MRK|104.839996|105.410004|104.120003|104.830002|6154500|0.9772081263|102.440727
2025-11-28|22|MSI|370.140015|371.959991|365.429993|369.679993|744100|0.9910852927|366.384430
2025-11-28|23|PG|147.800003|148.710007|147.179993|148.160004|4707200|0.9782265339|144.934036
2025-11-28|24|XOM|114.949997|118.739998|114.820000|115.919998|7240800|0.9803338832|113.640297
2025-11-28|25|RTX|173.039993|174.940002|173.000000|174.910004|1680400|0.9892687733|173.033005
2025-11-28|26|MCD|312.369995|313.299988|310.690002|311.820007|1850700|0.9818538696|306.161682
2025-11-28|27|AXP|365.690002|367.529999|364.010010|365.269989|872300|0.9919237847|362.320007
2025-11-28|28|BMY|49.230000|49.369999|49.009998|49.200001|6187100|0.9673144843|47.591873
2025-11-28|29|DD|39.420001|39.829999|39.320000|39.769999|2285700|2.9761992776|118.363441
2025-11-28|30|DE|466.910004|473.670013|463.010010|464.489990|1682600|0.9910776808|460.345703
2025-11-28|31|EMR|131.809998|133.860001|131.809998|133.380005|1136000|0.9888087280|131.887314
2025-11-28|32|ETN|344.399994|347.890015|341.640015|345.890015|935100|0.9917042798|343.020599
2025-11-28|33|ETR|97.000000|97.660004|96.660004|97.519997|928700|0.9822109154|95.785194
2025-11-28|34|F|13.210000|13.340000|13.180000|13.280000|29536200|0.9665034086|12.835165
2025-11-28|35|HAL|25.639999|26.420000|25.629999|26.219999|3968300|0.9847026012|25.818901
2025-11-28|36|LLY|1096.719971|1099.050049|1067.689941|1075.469971|2732200|0.9951920486|1070.299194
2025-11-28|37|PCG|16.100000|16.200001|15.970000|16.120001|6710700|0.9911560857|15.977436
2025-11-28|38|PEP|147.229996|148.820007|147.229996|148.740005|2969300|0.9713251717|144.474915
2025-11-28|39|PFE|25.850000|25.860001|25.660000|25.740000|22627600|0.9509184966|24.476643
2025-11-28|40|TXN|166.039993|169.250000|165.419998|168.270004|4018100|0.9834571490|165.486343
2025-11-28|41|WFC|85.639999|86.519997|85.309998|85.849998|6545000|0.9838041369|84.459579
2025-11-28|42|HUBB|428.010010|432.440002|427.095001|431.429993|177382|0.9943029521|428.972137
2025-11-28|43|WMT|109.300003|110.699997|109.000000|110.510002|9846500|0.9916508097|109.587326
2025-11-28|44|AIG|76.040001|76.760002|75.809998|76.160004|1427800|0.9824236525|74.821396
2025-11-28|45|AVY|172.039993|173.490005|172.039993|172.369995|246500|0.9833361967|169.497665
2025-11-28|46|BAC|53.110001|53.939999|53.049999|53.650002|18920800|0.9841245494|52.798283
2025-11-28|47|BALL|49.730000|50.029999|49.250000|49.529999|1054500|0.9893620930|49.003105
2025-11-28|48|BDX|193.579996|194.740005|193.100007|194.020002|592800|0.7715067098|149.687744
2025-11-28|49|CLX|107.870003|108.070000|106.860001|107.940002|962900|0.9654541242|104.211121
2025-11-28|50|CMI|496.600006|500.170013|495.339996|497.980011|307300|0.9898444823|492.922791
2025-11-28|51|CMS|75.129997|75.529999|75.129997|75.440002|840800|0.9770377822|73.707726
2025-11-28|52|CVS|80.040001|80.410004|79.699997|80.360001|2292100|0.9771601786|78.524590
2025-11-28|53|ECL|274.049988|276.619995|273.130005|275.160004|608700|0.9918356453|272.913513
2025-11-28|54|ES|66.510002|67.330002|66.489998|67.180000|823300|0.9670826030|64.968605
2025-11-28|55|EVRG|77.110001|77.709999|76.860001|77.650002|625300|0.9752573788|75.728737
2025-11-28|56|GWW|944.020020|949.989990|942.619995|948.630005|106700|0.9941570385|943.087158
2025-11-28|57|LNT|69.449997|69.589996|69.160004|69.470001|950900|0.9771332386|67.881447
2025-11-28|58|MKC|67.120003|67.709999|66.900002|67.480003|800400|0.9754240070|65.821617
2025-11-28|59|MRSH|182.000000|184.330002|182.000000|183.449997|1309200|0.9842873682|180.567520
2025-11-28|60|NEE|85.440002|86.470001|85.150002|86.290001|4123300|0.9860055271|84.447388
2025-11-28|61|NI|43.790001|44.200001|43.669998|44.130001|1128700|0.9804324438|43.266483
2025-11-28|62|PNW|90.900002|90.970001|90.529999|90.860001|326900|0.9727255046|88.381828
2025-11-28|63|RVTY|105.150002|105.550003|104.050003|104.410004|403800|0.9979858512|104.199715
2025-11-28|64|SNA|342.079987|342.260010|340.049988|340.049988|140400|0.9808470667|333.537018
2025-11-28|65|SPGI|497.949997|500.179993|495.660002|498.830002|749600|0.9395781501|468.689728
2025-11-28|66|TER|179.699997|182.169998|179.460007|181.889999|1877100|0.9992046578|181.745346
2025-11-28|67|TGT|90.279999|91.699997|89.870003|90.620003|4059000|0.9731968404|88.191101
2025-11-28|68|TXT|82.930000|83.379997|82.809998|83.160004|616100|0.9993380469|83.104958
2025-11-28|69|VMC|295.869995|297.600006|294.980011|297.239990|297900|0.9942812010|295.540131
2025-11-28|70|XEL|81.500000|82.169998|81.379997|82.110001|1364400|0.9776860259|80.277802
2025-11-28|71|ITW|248.279999|250.369995|248.279999|249.279999|452200|0.9813941046|244.641922
2025-11-28|72|CL|80.000000|80.440002|79.910004|80.389999|2568000|0.9821445459|78.954597
2025-11-28|73|EXC|46.560001|47.169998|46.400002|47.119999|3792800|0.9822723358|46.284676
2025-11-28|74|MDT|105.040001|105.330002|104.620003|105.330002|2618200|0.9758565703|102.786980
2025-11-28|75|BNY|112.059998|112.730003|111.449997|112.099998|1724000|0.9877222173|110.723663
2025-11-28|76|EIX|59.290001|59.470001|58.770000|58.889999|1203100|0.9623086217|56.670357
2025-11-28|77|FRT|98.720001|99.309998|98.419998|98.730003|199600|0.9693143333|95.700401
2025-11-28|78|PNR|106.580002|106.580002|105.089996|105.239998|848300|0.9901423720|104.202583
2025-11-28|79|USB|48.910000|49.259998|48.840000|49.049999|3280100|0.9719845662|47.675846
2025-11-28|80|WY|22.040001|22.410000|22.030001|22.209999|3648900|0.9829820427|21.832031
2025-11-28|81|SYY|75.730003|76.800003|75.480003|76.199997|1825200|0.9787571978|74.581299
2025-11-28|82|WRB|77.489998|77.959999|77.430000|77.690002|629900|0.9742469050|75.689247
2025-11-28|83|IFF|69.730003|70.099998|69.430000|69.480003|877200|0.9828526607|68.288605
2025-11-28|84|TAP|46.520000|46.830002|46.389999|46.509998|1517300|0.9680101781|44.503414
2025-11-28|85|PNC|191.729996|192.600006|190.660004|190.720001|887300|0.9770281499|186.338806
2025-11-28|86|TRV|295.709991|296.540009|292.690002|292.859985|566800|0.9883140678|289.437622
2025-11-28|87|C|102.800003|104.370003|102.510002|103.599998|5865200|0.9851223482|102.058678
2025-11-28|88|FDX|275.239999|276.870005|274.399991|275.680000|506700|0.7954691757|219.294952
2025-11-28|89|WDC|160.000000|163.669998|156.789993|163.330002|3232100|0.9984583045|163.078201
2025-11-28|90|DHR|228.279999|228.449997|226.559998|226.779999|1461500|0.9944303518|225.516891
2025-11-28|91|APA|24.680000|25.170000|24.500000|24.969999|2355200|0.9771167223|24.398603
2025-11-28|92|LUV|35.049999|35.340000|34.779999|34.810001|2546100|0.9870678085|34.359833
2025-11-28|93|PEG|83.250000|83.800003|82.980003|83.519997|1335000|0.9756675447|81.487755
2025-11-28|94|UNP|230.929993|232.460007|230.470001|231.830002|1207600|0.9839040791|228.098480
2025-11-28|95|ABT|128.160004|129.389999|128.000000|128.899994|2572400|0.9817546722|126.548180
2025-11-28|96|ADI|259.359985|265.750000|258.040009|265.339996|2589700|0.9906566026|262.860809
2025-11-28|97|ADM|60.430000|61.080002|60.410000|60.740002|1139800|0.9797994474|59.513023
2025-11-28|98|ADP|255.289993|256.359985|253.699997|255.300003|975300|0.9780151607|249.687286
2025-11-28|99|AFL|110.470001|111.559998|110.099998|110.309998|1140400|0.9846316611|108.614716
2025-11-28|100|AMAT|250.800003|252.479996|247.850006|252.250000|2916300|0.9964487658|251.354202
2025-11-28|101|AMD|216.139999|218.300003|214.020004|217.529999|18658000|1.0000000000|217.529999
2025-11-28|102|APD|260.160004|262.290009|258.970001|261.049988|457300|0.9804771664|255.953583
2025-11-28|103|BF-B|28.940001|29.360001|28.860001|28.980000|2321200|0.9746521115|28.245419
2025-11-28|104|CHD|84.290001|85.300003|84.209999|85.160004|1054000|0.9906552793|84.364204
2025-11-28|105|CINF|169.250000|169.429993|167.220001|167.589996|266300|0.9835715596|164.836761
2025-11-28|106|CMCSA|26.480001|26.880000|26.449999|26.689999|13634000|0.9033911576|24.111507
2025-11-28|107|D|62.610001|62.869999|62.450001|62.770000|2034400|0.9687101350|60.805935
2025-11-28|108|DOV|185.850006|186.899994|185.279999|185.279999|422500|0.9952693212|184.403488
2025-11-28|109|DUK|123.150002|124.129997|123.040001|123.940002|1439800|0.9744921325|120.778557
2025-11-28|110|EFX|212.740005|214.600006|211.309998|212.369995|740900|0.9938812654|211.070557
2025-11-28|111|EQT|59.430000|61.169998|58.950001|60.860001|4653300|0.9912778241|60.329170
2025-11-28|112|FITB|43.320000|43.639999|43.160000|43.459999|1910600|0.9757841433|42.407578
2025-11-28|113|GIS|47.169998|47.540001|47.110001|47.349998|1951000|0.9532424984|45.136028
2025-11-28|114|GPC|130.199997|131.050003|129.729996|130.399994|315400|0.9724963604|126.813499
2025-11-28|115|HAS|82.589996|82.900002|82.500000|82.599998|1023800|0.9777483232|80.762009
2025-11-28|116|HBAN|16.320000|16.350000|16.190001|16.299999|14181400|0.9725023795|15.851789
2025-11-28|117|HRL|23.299999|23.370001|23.180000|23.209999|2114300|0.9619905057|22.327797
2025-11-28|118|HST|17.719999|17.870001|17.580000|17.629999|4331500|0.9346875076|16.478539
2025-11-28|119|HSY|188.000000|189.490005|187.500000|188.080002|527700|0.9782056212|183.980927
2025-11-28|120|INTC|37.400002|40.590000|37.340000|40.560001|95799500|1.0000000000|40.560001
2025-11-28|121|J|136.600006|136.729996|134.740005|134.809998|521100|0.9894584622|133.388885
2025-11-28|122|JPM|309.100006|313.720001|308.239990|313.079987|4322400|0.9859988977|308.696533
2025-11-28|123|KMB|108.419998|109.349998|107.660004|109.120003|2756400|0.9627154389|105.051506
2025-11-28|124|L|108.419998|108.580002|107.760002|107.870003|424300|0.9982870407|107.685226
2025-11-28|125|LEN|130.860001|131.429993|129.789993|131.300003|5108400|0.9844362452|129.256485
2025-11-28|126|LOW|241.589996|243.029999|240.800003|242.479996|1289900|0.9846876283|238.767044
2025-11-28|127|MAS|64.750000|65.059998|64.160004|64.870003|829500|0.9866652888|64.004982
2025-11-28|128|MTB|190.130005|191.330002|189.759995|190.220001|418100|0.9784172563|186.114532
2025-11-28|129|NEM|91.820000|91.970001|90.269997|90.730003|4824600|0.9956554334|90.335823
2025-11-28|130|NTRS|131.509995|132.550003|131.149994|131.339996|438500|0.9838837164|129.223282
2025-11-28|131|NUE|159.449997|159.949997|158.630005|159.490005|604600|0.9907811186|158.019684
2025-11-28|132|OMC|71.059998|72.690002|70.889999|71.620003|9216800|0.9700503706|69.475006
2025-11-28|133|PCAR|104.779999|105.750000|104.410004|105.419998|993100|0.9792369323|103.231163
2025-11-28|134|PGR|228.479996|230.100006|227.960007|228.789993|1250200|0.9393741219|214.919388
2025-11-28|135|PH|867.549988|867.690002|860.299988|861.700012|223300|0.9958887879|858.157349
2025-11-28|136|PHM|127.430000|127.949997|126.680000|127.190002|675500|0.9937132889|126.390396
2025-11-28|137|PPG|100.180000|100.820000|99.959999|100.040001|689800|0.9817392581|98.213196
2025-11-28|138|PPL|36.689999|36.939999|36.680000|36.900002|1638100|0.9766950417|36.040054
2025-11-28|139|RF|25.459999|25.590000|25.430000|25.450001|3895200|0.9708879210|24.709101
2025-11-28|140|ROL|61.389999|61.840000|61.389999|61.480000|1014700|0.9887685295|60.789486
2025-11-28|141|SHW|342.450012|344.690002|342.250000|343.690002|566800|0.9929181711|341.256073
2025-11-28|142|STT|118.190002|119.389999|118.080002|119.019997|487100|0.9820070009|116.878464
2025-11-28|143|SWK|71.830002|71.919998|71.209999|71.519997|770900|0.9672078260|69.174690
2025-11-28|144|SYK|372.640015|373.600006|371.170013|371.179993|641300|0.9921744259|368.275299
2025-11-28|145|TMO|589.190002|594.000000|587.950012|590.830017|746000|0.9972620730|589.212341
2025-11-28|146|TPL|865.000031|873.700012|857.860016|864.290039|45500|0.3318281124|286.795746
2025-11-28|147|TSN|57.779999|58.419998|57.779999|58.049999|1663300|0.9750492370|56.601604
2025-11-28|148|TT|420.910004|421.989990|417.440002|421.480011|401200|0.9953350758|419.513855
2025-11-28|149|TYL|459.950012|471.660004|459.950012|469.619995|138800|1.0000000000|469.619995
2025-11-28|150|UDR|36.009998|36.549999|36.009998|36.419998|1458000|0.9688744575|35.286407
2025-11-28|151|VTRS|10.650000|10.710000|10.590000|10.690000|2714900|0.9769695342|10.443804
2025-11-28|152|WEC|112.410004|112.660004|111.940002|112.070000|1040300|0.9747231440|109.237221
2025-11-28|153|WST|278.489990|278.549988|273.940002|277.250000|293100|0.9976812219|276.607117
2025-11-28|154|NDSN|237.949997|240.000000|237.350006|237.660004|170800|0.9906696357|235.442551
2025-11-28|155|TFC|46.410000|46.639999|46.209999|46.500000|3930000|0.9700498779|45.107315
2025-11-28|156|WELL|206.759995|209.050003|206.220001|208.220001|1311200|0.9893392873|206.000244
2025-11-28|157|AON|352.119995|355.619995|351.489990|353.920013|400100|0.9951005240|352.186035
2025-11-28|158|GL|134.710007|136.070007|133.690002|134.729996|208600|0.9938835716|133.905930
2025-11-28|159|OKE|71.639999|72.919998|71.580002|72.820000|2229200|0.9633206765|70.149010
2025-11-28|160|KLAC|1168.889999|1175.979996|1150.999985|1175.469971|389300|0.0996303139|117.112450
2025-11-28|161|CSX|35.139999|35.419998|35.049999|35.360001|4953300|0.9936713984|35.136223
2025-11-28|162|PSA|273.190002|276.130005|273.100006|274.540009|382100|0.9701110817|266.334290
2025-11-28|163|NKE|64.470001|64.779999|63.970001|64.629997|4941400|0.9783499344|63.230759
2025-11-28|164|AAPL|277.260010|279.000000|275.989990|278.850006|20135600|0.9972854026|278.093048
2025-11-28|165|BRO|80.449997|81.120003|80.099998|80.430000|1051100|0.9924932219|79.826241
2025-11-28|166|UHS|244.830002|246.000000|241.639999|243.630005|541200|0.9968342486|242.858734
2025-11-28|167|HD|354.929993|357.829987|353.500000|356.920013|2119600|0.9796274407|349.648621
2025-11-28|168|BAX|18.719999|18.840000|18.610001|18.740000|3766200|0.9989896155|18.713846
2025-11-28|169|COP|87.089996|89.389999|86.879997|88.690002|3304700|0.9784321345|86.777145
2025-11-28|170|GLW|83.959999|84.339996|83.529999|84.199997|1847500|0.9966096046|83.914528
2025-11-28|171|HUM|246.190002|247.259995|242.809998|245.770004|621900|0.9892166205|243.119781
2025-11-28|172|LHX|276.260010|279.019989|275.850006|278.690002|477100|0.9925076273|276.601959
2025-11-28|173|NOC|567.349976|573.679993|566.630005|572.250000|421800|0.9884333448|565.631042
2025-11-28|174|OXY|41.419998|42.330002|41.389999|42.000000|4155500|0.9849760250|41.368992
2025-11-28|175|ROK|395.980011|398.820007|394.850006|395.859985|540200|0.9904239689|392.069214
2025-11-28|176|SLB|35.720001|36.380001|35.520000|36.240002|4013000|0.9812007073|35.558712
2025-11-28|177|SO|90.389999|91.120003|90.260002|91.120003|2548700|0.9759995454|88.933083
2025-11-28|178|WMB|60.380001|61.119999|60.099998|60.930000|2353500|0.9774919343|59.558582
2025-11-28|179|VLO|175.009995|177.800003|174.500000|176.759995|936200|0.9854130966|174.181610
2025-11-28|180|CI|278.940002|280.239990|277.049988|277.279999|562900|0.9832673314|272.640350
2025-11-28|181|NSC|289.670013|293.279999|288.880005|292.089996|453400|0.9874047136|288.411011
2025-11-28|182|COO|77.839996|78.489998|77.489998|77.930000|1398800|1.0000000000|77.930000
2025-11-28|183|AMGN|344.000000|345.660004|342.260010|345.459991|1268800|0.9799483831|338.532928
2025-11-28|184|RJF|156.199997|157.679993|155.789993|156.539993|659400|0.9893936166|154.879669
2025-11-28|185|WSM|180.320007|181.699997|178.300003|180.009995|431500|0.9895967846|178.137314
2025-11-28|186|CAH|213.320007|214.080002|212.029999|212.259995|817800|0.9929397050|210.761368
2025-11-28|187|CTAS|184.860001|186.360001|184.309998|186.020004|738700|0.9924218382|184.610321
2025-11-28|188|PAYX|111.400002|112.230003|111.239998|111.690002|1244900|0.9670710940|108.012169
2025-11-28|189|BEN|22.510000|22.690001|22.500000|22.590000|1717600|0.9625940231|21.745001
2025-11-28|190|AOS|66.570000|66.709999|65.970001|65.980003|772900|0.9834989125|64.891258
2025-11-28|191|CASY|570.989990|573.760010|568.229980|570.460022|104800|0.9976268719|569.106201
2025-11-28|192|T|25.820000|26.020000|25.760000|26.020000|16345800|0.9652496452|25.115797
2025-11-28|193|VZ|40.820000|41.130001|40.709999|41.110001|9926300|0.9521495225|39.142868
2025-11-28|194|JBHT|174.009995|175.179993|173.000000|173.960007|339700|0.9944705560|172.998108
2025-11-28|195|ATO|176.220001|176.990005|175.610001|176.369995|336500|0.9829545502|173.363693
2025-11-28|196|LRCX|156.199997|156.199997|153.830002|156.000000|4919200|0.9964597456|155.447708
2025-11-28|197|MU|235.619995|238.100006|233.470001|236.479996|12914700|0.9990228227|236.248901
2025-11-28|198|AJG|247.740005|249.990005|246.600006|247.619995|756600|0.9910126646|245.394547
2025-11-28|199|AME|196.419998|198.529999|196.100006|197.889999|905200|0.9953689352|196.973572
2025-11-28|200|SWKS|65.330002|66.010002|64.849998|65.949997|1140000|0.9796110161|64.605347
2025-11-28|201|EXPD|147.500000|147.500000|146.660004|146.899994|507900|0.9896583057|145.380798
2025-11-28|202|UNH|331.670013|332.059998|328.890015|329.769989|2464500|0.9800610506|323.194733
2025-11-28|203|BBY|80.680000|81.309998|79.029999|79.279999|2491700|0.9593973356|76.061020
2025-11-28|204|DOC|18.190001|18.299999|18.180000|18.260000|2231400|0.9513422733|17.371510
2025-11-28|205|ADSK|300.290009|304.000000|299.420013|303.339996|912400|1.0000000000|303.339996
2025-11-28|206|DVN|36.480000|37.369999|36.369999|37.060001|4439000|0.9814598964|36.372906
2025-11-28|207|NVR|7607.459961|7607.459961|7487.680176|7507.290039|6500|1.0000000000|7507.290039
2025-11-28|208|ROST|177.309998|178.190002|176.179993|176.360001|984100|0.9936631572|175.242432
2025-11-28|209|JKHY|174.419998|175.000000|173.850006|174.479996|404200|0.9886171552|172.493912
2025-11-28|210|MNST|75.089996|75.260002|74.599998|74.989998|2367100|0.5000000000|74.989998
2025-11-28|211|ORCL|199.509995|202.339996|197.610001|201.949997|13848500|0.9904465499|200.020676
2025-11-28|212|MSFT|487.600006|492.630005|486.649994|492.010010|14386700|0.9936958009|488.908295
2025-11-28|213|TROW|102.089996|103.110001|102.019997|102.379997|936700|0.9618549978|98.474709
2025-11-28|214|COST|905.020020|914.200012|903.000000|913.590027|1092600|0.9956058515|909.575562
2025-11-28|215|ADBE|317.799988|322.309998|317.519989|320.130005|1802200|1.0000000000|320.130005
2025-11-28|216|FISV|61.119999|62.400002|60.759998|61.470001|6770500|1.0000000000|61.470001
2025-11-28|217|BKR|49.290001|50.529999|49.150002|50.200001|3018500|0.9892821118|49.661964
2025-11-28|218|CDNS|309.059998|311.959991|306.329987|311.839996|875000|1.0000000000|311.839996
2025-11-28|219|TJX|152.899994|153.059998|151.520004|151.919998|2496200|0.9907991610|150.522202
2025-11-28|220|FICO|1800.000000|1807.219971|1782.000000|1805.829956|48600|1.0000000000|1805.829956
2025-11-28|221|CCL|25.670000|26.010000|25.510000|25.780001|12260700|0.9841845235|25.372276
2025-11-28|222|FAST|40.340000|40.509998|40.230000|40.400002|2175800|0.9838279433|39.746655
2025-11-28|223|SCHW|91.849998|93.239998|91.580002|92.730003|6707800|0.9901836685|91.819733
2025-11-28|224|JCI|116.879997|117.260002|115.430000|116.309998|1396000|0.9941759575|115.632599
2025-11-28|225|COHR|158.360001|166.809998|156.279999|164.259995|4781500|1.0000000000|164.259995
2025-11-28|226|KEY|18.410000|18.510000|18.370001|18.379999|4701400|0.9696888308|17.822880
2025-11-28|227|MOS|24.350000|24.590000|24.299999|24.490000|6883700|0.9727377902|23.822348
2025-11-28|228|MGM|34.869999|35.619999|34.869999|35.290001|1863100|1.0000000000|35.290001
2025-11-28|229|WM|216.649994|218.320007|216.000000|217.869995|779700|0.9879218676|215.238525
2025-11-28|230|TECH|64.629997|65.120003|63.990002|64.510002|867000|0.9957086055|64.233170
2025-11-28|231|IEX|174.369995|174.610001|173.429993|173.929993|243300|0.9895889092|172.119186
2025-11-28|232|GEN|26.340000|26.530001|26.240000|26.370001|1841000|0.9850474704|25.975702
2025-11-28|233|CRH|119.400002|120.529999|119.370003|119.959999|2366300|0.9889154582|118.630302
2025-11-28|234|EOG|106.110001|108.449997|105.930000|107.849998|1530700|0.9756845809|105.227577
2025-11-28|235|PTC|173.460007|176.610001|172.649994|175.429993|479400|1.0000000000|175.429993
2025-11-28|236|CSCO|76.139999|76.959999|75.809998|76.940002|7320900|0.9856294108|75.834335
2025-11-28|237|LH|270.049988|270.519989|268.100006|268.779999|313100|0.9947633093|266.800476
2025-11-28|238|TRMB|81.800003|81.989998|81.169998|81.419998|446000|1.0000000000|81.419998
2025-11-28|239|AZO|3951.590088|3979.989990|3944.010010|3954.330078|51400|1.0000000000|3954.330078
2025-11-28|240|REGN|784.700012|788.979980|779.500000|780.190002|510400|0.9961457605|777.182922
2025-11-28|241|IDXX|756.020020|757.239990|748.000000|752.880005|209000|1.0000000000|752.880005
2025-11-28|242|AES|13.970000|14.080000|13.910000|14.060000|2200700|0.9646899783|13.563541
2025-11-28|243|VRTX|434.670013|434.670013|429.070007|433.609985|727900|1.0000000000|433.609985
2025-11-28|244|ZBRA|251.949997|254.970001|251.199997|252.750000|206400|1.0000000000|252.750000
2025-11-28|245|BIIB|182.070007|182.740005|180.690002|182.089996|566400|1.0000000000|182.089996
2025-11-28|246|ODFL|135.750000|136.380005|134.399994|135.289993|587600|0.9953671039|134.663208
2025-11-28|247|APH|139.490005|140.960007|138.300003|140.899994|3195100|0.9946061744|140.139999
2025-11-28|248|KIM|20.559999|20.730000|20.500000|20.660000|1781800|0.9657396580|19.952183
2025-11-28|249|QCOM|165.029999|168.190002|164.130005|168.089996|5068800|0.9849314898|165.557129
2025-11-28|250|GILD|127.099998|127.800003|124.900002|125.839996|3063600|0.9813788839|123.496712
2025-11-28|251|ROP|447.959991|449.799988|446.000000|446.220001|328300|0.9929279129|443.064301
2025-11-28|252|SNPS|411.100006|418.890015|409.369995|418.010010|1062500|1.0000000000|418.010010
2025-11-28|253|STZ|134.809998|137.149994|134.809998|136.380005|1799700|0.9792322433|133.547684
2025-11-28|254|BSX|101.550003|101.730003|100.500000|101.580002|2819000|1.0000000000|101.580002
2025-11-28|255|STE|267.309998|268.570007|263.010010|266.279999|311300|0.9945039836|264.816528
2025-11-28|256|DHI|156.479996|159.080002|156.380005|159.009995|2130200|0.9911938574|157.609726
2025-11-28|257|LIN|407.820007|411.579987|406.470001|410.320007|1160800|0.9898650243|406.161438
2025-11-28|258|SBUX|87.029999|87.279999|86.400002|87.110001|3677600|0.9821606772|85.556015
2025-11-28|259|MS|168.000000|170.270004|167.759995|169.660004|2133700|0.9837860335|166.909149
2025-11-28|260|INTU|629.130005|634.919983|626.500000|634.080017|872900|0.9906980199|628.181763
2025-11-28|261|MCHP|52.689999|53.740002|52.369999|53.580002|3755000|0.9832658267|52.683384
2025-11-28|262|CB|297.209991|298.410004|296.029999|296.179993|621000|0.9939554166|294.389709
2025-11-28|263|ORLY|100.959999|101.790001|100.750000|101.699997|3499200|1.0000000000|101.699997
2025-11-28|264|RCL|267.000000|268.890015|265.559998|266.250000|648300|0.9862054091|262.577179
2025-11-28|265|JBL|209.699997|211.830002|206.289993|210.710007|460700|0.9992441666|210.550751
2025-11-28|266|ALL|214.000000|215.369995|212.750000|212.979996|623300|0.9851043015|209.807495
2025-11-28|267|CPT|105.959999|106.820000|105.680000|106.339996|382300|0.9704206326|103.194527
2025-11-28|268|VMRK|61.500000|62.040001|61.450001|61.750000|941800|0.9671264641|59.720062
2025-11-28|269|IT|230.800003|233.630005|230.610001|232.740005|421000|1.0000000000|232.740005
2025-11-28|270|DECK|87.650002|89.099998|87.120003|88.029999|1892400|1.0000000000|88.029999
2025-11-28|271|REG|71.260002|71.750000|71.000000|71.160004|576600|0.9701425273|69.035347
2025-11-28|272|INCY|106.449997|106.989998|103.849998|104.459999|932400|1.0000000000|104.459999
2025-11-28|273|SPG|185.059998|187.199997|184.419998|186.320007|506300|0.9659807077|179.981537
2025-11-28|274|MAA|135.350006|136.720001|135.100006|135.889999|388200|0.9656183896|131.217880
2025-11-28|275|MLM|624.919983|626.849976|620.210022|623.239990|112700|0.9960197565|620.759338
2025-11-28|276|TSCO|54.669998|54.860001|54.139999|54.779999|2111700|0.9807531624|53.725655
2025-11-28|277|ALB|127.790001|130.559998|126.500000|129.990005|1285300|0.9919948535|128.949432
2025-11-28|278|CPRT|38.919998|39.299999|38.810001|38.980000|3968500|1.0000000000|38.980000
2025-11-28|279|FLEX|59.029999|59.130001|57.840000|59.110001|1876700|1.0000000000|59.110001
2025-11-28|280|ESS|261.839996|264.700012|261.170013|263.619995|142200|0.9710345219|255.984146
2025-11-28|281|O|56.910000|57.619999|56.880001|57.610001|3490800|0.9656842140|55.633068
2025-11-28|282|MCO|487.500000|493.720001|487.160004|490.779999|278600|0.9933686768|487.525482
2025-11-28|283|SJM|103.629997|104.500000|103.239998|104.180000|1121000|0.9701300487|101.068146
2025-11-28|284|MCK|882.270020|888.340027|880.440002|881.119995|410500|0.9971371280|878.597534
2025-11-28|285|COF|218.729996|220.800003|217.550003|219.070007|1639800|0.9884398390|216.537521
2025-11-28|286|EME|616.919983|619.400024|613.020020|615.070007|146000|0.9983902989|614.079956
2025-11-28|287|DLTR|109.820000|111.949997|109.709999|110.809998|2147700|1.0000000000|110.809998
2025-11-28|288|COR|368.559998|370.510010|367.309998|368.929993|656100|0.9940692618|366.741943
2025-11-28|289|DRI|179.580002|180.919998|179.440002|179.580002|387000|0.9771066651|175.468796
2025-11-28|290|RMD|256.000000|258.089996|255.699997|255.830002|335100|0.9918845144|253.753815
2025-11-28|291|WAB|208.429993|209.630005|207.759995|208.550003|364400|0.9965472933|207.829941
2025-11-28|292|FCX|42.759998|43.410000|42.320000|42.980000|8848100|0.9929128187|42.675392
2025-11-28|293|IVZ|24.540001|24.610001|24.389999|24.450001|1388300|0.9777629266|23.906305
2025-11-28|294|ACGL|94.459999|94.940002|93.900002|93.919998|897600|1.0000000000|93.919998
2025-11-28|295|ERIE|295.609985|297.029999|293.959991|295.489990|56100|0.9834606060|290.602783
2025-11-28|296|EG|311.450012|316.149994|311.450012|314.290009|204000|0.9878843207|310.482178
2025-11-28|297|DVA|120.099998|120.500000|119.599998|119.680000|503500|1.0000000000|119.680000
2025-11-28|298|HSIC|75.139999|75.510002|74.570000|74.570000|453700|1.0000000000|74.570000
2025-11-28|299|EL|93.779999|94.339996|93.620003|94.070000|1012700|0.9930325985|93.414574
2025-11-28|300|WAT|409.690002|409.790009|401.660004|403.420013|211000|1.0000000000|403.420013
2025-11-28|301|NTAP|109.709999|111.910004|109.330002|111.559998|1370400|0.9870750252|110.118080
2025-11-28|302|HIG|137.929993|138.289993|137.029999|137.029999|630100|0.9867007020|135.207596
2025-11-28|303|IRM|85.930000|86.419998|85.379997|86.349998|735900|0.9749654551|84.188263
2025-11-28|304|BRK-B|511.890015|516.849976|511.559998|513.809998|2312200|1.0000000000|513.809998
2025-11-28|305|FDS|278.730011|280.239990|276.959991|277.269989|273100|0.9900356292|274.507172
2025-11-28|306|STLD|167.440002|168.360001|166.050003|167.830002|641500|0.9917509611|166.445572
2025-11-28|307|DGX|190.119995|190.259995|188.940002|189.179993|379700|0.9871163208|186.742661
2025-11-28|308|CIEN|203.800003|204.589996|201.000000|204.210007|1262400|1.0000000000|204.210007
2025-11-28|309|TTWO|244.779999|246.490005|243.740005|246.070007|590100|1.0000000000|246.070007
2025-11-28|310|VTR|80.419998|80.989998|80.010002|80.629997|1648300|0.9818295408|79.164925
2025-11-28|311|AMZN|231.240005|233.289993|230.220001|233.220001|20292300|1.0000000000|233.220001
2025-11-28|312|ARE|53.529999|54.450001|53.400002|53.669998|1046500|0.9575530500|51.391872
2025-11-28|313|RL|371.320007|373.679993|367.070007|367.329987|328600|0.9923194237|364.508667
2025-11-28|314|BXP|72.500000|72.820000|72.250000|72.360001|414000|0.9663309942|69.923714
2025-11-28|315|FIX|979.650024|980.919983|965.049988|976.940002|172500|0.9985721755|975.545105
2025-11-28|316|YUM|153.059998|154.509995|153.059998|153.210007|923300|0.9858960568|151.049133
2025-11-28|317|CHRW|160.300003|160.300003|158.699997|158.869995|495300|0.9892308245|157.159103
2025-11-28|318|FE|47.060001|47.720001|47.060001|47.720001|2267400|0.9707938980|46.326286
2025-11-28|319|MTD|1486.000000|1492.069946|1470.260010|1476.719971|57200|1.0000000000|1476.719971
2025-11-28|320|PLD|128.000000|129.330002|127.900002|128.529999|1343800|0.9772581725|125.606995
2025-11-28|321|URI|820.049988|823.010010|814.190002|815.179993|262200|0.9939808437|810.273315
2025-11-28|322|AEE|106.239998|106.610001|105.900002|106.349998|516800|0.9792499824|104.143234
2025-11-28|323|VRSN|252.669998|254.559998|251.529999|251.990005|1847300|0.9907421953|249.657120
2025-11-28|324|PWR|463.470001|466.250000|458.600006|464.880005|409500|0.9993903388|464.596588
2025-11-28|325|AMT|180.410004|182.050003|180.020004|181.270004|1088800|0.9712942756|176.066513
2025-11-28|326|MAR|303.899994|305.140015|302.950012|304.790009|575500|0.9940852561|302.987244
2025-11-28|327|CTSH|77.099998|78.000000|76.959999|77.709999|1689000|0.9822114026|76.327652
2025-11-28|328|SRE|93.769997|94.730003|93.160004|94.720001|1281200|0.9788895267|92.720413
2025-11-28|329|CSGP|68.449997|68.900002|67.739998|68.800003|1806700|1.0000000000|68.800003
2025-11-28|330|RSG|215.899994|217.710007|215.899994|217.059998|596800|0.9913326285|215.178680
2025-11-28|331|CCI|90.660004|91.379997|90.010002|91.279999|1291600|0.9648543647|88.071907
2025-11-28|332|EBAY|82.709999|83.220001|81.889999|82.790001|2035300|0.9939126631|82.036606
2025-11-28|333|NVDA|179.009995|179.289993|176.500000|177.000000|121332800|0.9987261828|176.774536
2025-11-28|334|BKNG|4904.669952|4952.479935|4885.150146|4914.690018|133300|0.0397328628|195.274689
2025-11-28|335|GS|820.000000|830.570007|818.950012|826.039978|868300|0.9855142723|814.074158
2025-11-28|336|FFIV|240.449997|242.479996|237.710007|239.160004|558400|1.0000000000|239.160004
2025-11-28|337|SBAC|194.089996|195.399994|193.669998|194.270004|313100|0.9805017315|190.482071
2025-11-28|338|LII|496.320007|500.380005|493.359985|498.869995|215700|0.9920705337|494.914215
2025-11-28|339|BLK|1049.890015|1053.939941|1043.859985|1047.300049|300300|0.9841011192|1030.649170
2025-11-28|340|TKO|193.229996|194.860001|190.229996|193.889999|699300|0.9884090368|191.642624
2025-11-28|341|AKAM|89.470001|89.930000|89.339996|89.519997|1350900|1.0000000000|89.519997
2025-11-28|342|UPS|95.529999|96.349998|95.290001|95.790001|2554800|0.9546755018|91.448364
2025-11-28|343|A|154.110001|154.559998|153.220001|153.500000|1531600|0.9940314297|152.583817
2025-11-28|344|TDY|500.549988|504.519989|497.690002|499.519989|210700|1.0000000000|499.519989
2025-11-28|345|PKG|203.070007|205.679993|201.660004|204.070007|292400|0.9816059808|200.316345
2025-11-28|346|EW|87.080002|87.190002|86.360001|86.669998|1345300|1.0000000000|86.669998
2025-11-28|347|MET|76.309998|76.919998|76.150002|76.559998|1121100|0.9792675716|74.972717
2025-11-28|348|ON|49.900002|50.470001|49.480000|50.240002|3635800|1.0000000000|50.240002
2025-11-28|349|ISRG|571.409973|574.000000|568.270020|573.479980|1003900|1.0000000000|573.479980
2025-11-28|350|CRL|178.000000|178.550003|176.929993|178.139999|225800|1.0000000000|178.139999
2025-11-28|351|MRVL|85.900002|89.529999|84.519997|89.400002|11235600|0.9985347355|89.268997
2025-11-28|352|EQIX|748.640015|759.210022|745.010010|753.309998|301100|0.9849779860|741.993713
2025-11-28|353|TPR|110.889999|111.070000|109.139999|109.279999|975900|0.9910289553|108.299644
2025-11-28|354|GRMN|194.759995|196.130005|194.080002|195.320007|393400|0.9875544034|192.889130
2025-11-28|355|GPN|75.239998|76.459999|75.010002|75.760002|1144800|0.9898898052|74.994057
2025-11-28|356|ALGN|147.509995|148.089996|146.250000|147.190002|732800|1.0000000000|147.190002
2025-11-28|357|WTW|320.709991|322.880005|319.679993|321.000000|252900|0.9903328749|317.896851
2025-11-28|358|MDLZ|57.060001|57.630001|56.860001|57.570000|3645200|0.9742061707|56.085052
2025-11-28|359|AXON|538.739990|542.700012|533.179993|540.140015|294900|1.0000000000|540.140015
2025-11-28|360|FIS|65.589996|66.169998|65.239998|65.769997|990900|0.9743297530|64.081665
2025-11-28|361|ACN|247.490005|251.449997|245.130005|250.000000|1493700|0.9798095806|244.952377
2025-11-28|362|ZBH|97.339996|98.339996|97.300003|97.519997|890000|0.9920119396|96.741005
2025-11-28|363|BG|96.470001|97.089996|95.989998|96.070000|514500|0.9821514316|94.355293
2025-11-28|364|PFG|84.949997|85.510002|84.529999|84.820000|521300|0.9740293311|82.617165
2025-11-28|365|ELV|338.549988|339.929993|335.570007|338.260010|570800|0.9847701459|333.108368
2025-11-28|366|CNC|39.500000|39.680000|39.110001|39.340000|2125700|1.0000000000|39.340000
2025-11-28|367|PRU|107.860001|108.959999|107.849998|108.250000|834900|0.9622422893|104.162727
2025-11-28|368|NFLX|106.440002|107.940002|106.239998|107.580002|15021600|1.0000000000|107.580002
2025-11-28|369|NDAQ|90.239998|91.260002|90.070000|90.919998|1126100|0.9903103249|90.039017
2025-11-28|370|WYNN|129.610001|130.000000|128.350006|128.679993|861200|0.9927789107|127.750793
2025-11-28|371|CME|280.890015|283.059998|280.660004|281.459991|884500|0.9671562481|272.215790
2025-11-28|372|STX|275.000000|277.579987|269.510010|276.690002|1243100|0.9949371232|275.289154
2025-11-28|373|NRG|170.000000|171.770004|168.410004|169.490005|944900|0.9903289609|167.850861
2025-11-28|374|AIZ|228.149994|230.360001|227.050003|228.160004|127700|0.9887198190|225.586319
2025-11-28|375|CBRE|162.169998|162.990005|160.130005|161.830002|621600|1.0000000000|161.830002
2025-11-28|376|CRM|229.000000|232.559998|228.630005|230.539993|3691500|0.9933339931|229.003204
2025-11-28|377|DPZ|416.160004|423.989990|415.040009|419.630005|243400|0.9848757173|413.283417
2025-11-28|378|EXR|132.820007|134.389999|132.820007|133.169998|371000|0.9661267437|128.659103
2025-11-28|379|GOOG|323.429993|326.880005|316.940002|320.119995|19695800|0.9980438060|319.493744
2025-11-28|380|GOOGL|323.369995|326.850006|316.790009|320.179993|26018600|0.9980471771|319.554779
2025-11-28|381|DLR|158.490005|160.500000|157.630005|160.119995|625700|0.9788235933|156.729218
2025-11-28|382|MPWR|919.059998|930.400024|910.030029|928.169983|357500|0.9948016730|923.345032
2025-11-28|383|LVS|67.949997|68.629997|67.589996|68.160004|1390000|0.9827791790|66.986237
2025-11-28|384|DXCM|62.570000|63.950001|62.230000|63.470001|2254800|1.0000000000|63.470001
2025-11-28|385|BLDR|112.559998|112.629997|111.000000|112.230003|800800|1.0000000000|112.230003
2025-11-28|386|WBD|23.799999|24.200001|23.650000|24.000000|19985500|1.0000000000|24.000000
2025-11-28|387|EXPE|257.730011|258.510010|254.729996|255.690002|774100|0.9942877675|254.229446
2025-11-28|388|CF|79.110001|79.500000|78.699997|78.699997|1505700|0.9855673857|77.564148
2025-11-28|389|AMP|456.140015|459.489990|452.730011|455.739990|271300|0.9903313094|451.333557
2025-11-28|390|ICE|157.000000|158.369995|156.720001|157.300003|1323700|0.9901381914|155.748749
2025-11-28|391|PSKY|15.800000|16.030001|15.490000|16.020000|2774900|0.9863259572|15.800942
2025-11-28|392|LYV|130.500000|132.149994|130.240005|131.449997|936000|1.0000000000|131.449997
2025-11-28|393|CMG|34.009998|34.799999|34.000000|34.520000|13042400|1.0000000000|34.520000
2025-11-28|394|UAL|101.809998|103.190002|101.599998|101.959999|2253700|1.0000000000|101.959999
2025-11-28|395|TDG|1354.959961|1362.869995|1345.050049|1360.170044|114300|1.0000000000|1360.170044
2025-11-28|396|MA|548.130005|551.400024|545.419983|550.530029|1254800|0.9951190330|547.842896
2025-11-28|397|LDOS|190.850006|191.669998|190.300003|191.100006|379600|0.9917626624|189.525864
2025-11-28|398|FSLR|274.079987|276.140015|270.510010|272.920013|1091200|1.0000000000|272.920013
2025-11-28|399|BR|228.690002|229.250000|226.220001|228.089996|222700|0.9836780236|224.367111
2025-11-28|400|SMCI|33.330002|33.860001|32.880001|33.849998|10755800|1.0000000000|33.849998
2025-11-28|401|TMUS|206.729996|210.490005|206.229996|209.009995|1633900|0.9898439218|205.700089
2025-11-28|402|DAL|64.570000|64.970001|64.099998|64.099998|3476200|0.9922015511|63.600121
2025-11-28|403|IBKR|65.000000|65.279999|64.410004|65.019997|2725000|0.9966884542|64.804680
2025-11-28|404|PODD|327.950012|328.279999|324.279999|327.190002|224700|1.0000000000|327.190002
2025-11-28|405|TEL|226.399994|227.639999|225.070007|226.149994|611600|0.9892434805|223.717407
2025-11-28|406|BX|146.139999|147.779999|145.500000|146.419998|1626600|0.9695455041|141.960861
2025-11-28|407|LULU|185.000000|186.690002|183.500000|184.179993|3021000|1.0000000000|184.179993
2025-11-28|408|ULTA|535.650024|545.820007|532.900024|538.830017|289400|1.0000000000|538.830017
2025-11-28|409|MSCI|564.190002|567.210022|560.640015|563.719971|249700|0.9889531620|557.492676
2025-11-28|410|ECHO|71.349998|73.370003|70.769997|73.290001|1722800|1.0000000000|73.290001
2025-11-28|411|PM|155.300003|157.529999|155.300003|157.479996|1878300|0.9741176592|153.404053
2025-11-28|412|V|333.429993|335.019989|332.000000|334.440002|4586200|0.9940309283|332.443726
2025-11-28|413|AWK|129.179993|130.669998|128.500000|130.070007|845000|0.9796942856|127.428841
2025-11-28|414|KDP|27.680000|27.959999|27.629999|27.900000|6348300|0.9761522236|27.234648
2025-11-28|415|SW|36.000000|36.090000|35.630001|35.689999|2662900|0.9711821711|34.661491
2025-11-28|416|AVGO|399.350006|403.000000|397.160004|402.959991|13365500|0.9944270811|400.714325
2025-11-28|417|VRSK|223.820007|226.149994|223.169998|225.070007|550900|0.9927002374|223.427048
2025-11-28|418|DG|108.650002|109.779999|108.500000|109.489998|1380400|0.9860246787|107.959839
2025-11-28|419|FTNT|80.669998|81.360001|80.360001|81.129997|2199100|1.0000000000|81.129997
2025-11-28|420|CHTR|200.149994|203.309998|198.839996|200.119995|899100|1.0000000000|200.119995
2025-11-28|421|FERG|254.059998|254.699997|251.440002|251.669998|988600|0.9848254111|247.851013
2025-11-28|422|GNRC|149.490005|152.380005|148.940002|151.630005|294100|1.0000000000|151.630005
2025-11-28|423|LYB|48.500000|49.220001|48.369999|48.990002|3291600|0.9407211657|46.085934
2025-11-28|424|CBOE|258.570007|260.429993|257.589996|258.170013|231600|0.9954503651|256.995422
2025-11-28|425|TSLA|426.589996|432.929993|426.200012|430.170013|36252900|1.0000000000|430.170013
2025-11-28|426|KKR|121.279999|122.849998|120.629997|122.309998|1187800|0.9943370554|121.617371
2025-11-28|427|NXPI|193.899994|195.300003|193.369995|194.940002|1654100|0.9870653625|192.418518
2025-11-28|428|GM|72.940002|73.860001|72.910004|73.519997|3755000|0.9934966717|73.041878
2025-11-28|429|TRGP|173.500000|176.539993|173.490005|175.309998|558400|0.9854533185|172.759827
2025-11-28|430|CPAY|294.679993|297.959991|293.269989|295.799988|370500|1.0000000000|295.799988
2025-11-28|431|KMI|26.959999|27.360001|26.860001|27.320000|5815700|0.9722301462|26.561329
2025-11-28|432|HCA|512.000000|513.859985|507.839996|508.290009|534700|0.9950375716|505.767700
2025-11-28|433|HII|313.239990|314.309998|311.640015|313.619995|133100|0.9925978670|309.853485
2025-11-28|434|APO|131.690002|133.149994|130.300003|131.850006|1392300|0.9875780044|130.212189
2025-11-28|435|MPC|193.119995|196.000000|192.940002|193.729996|1020900|0.9885237030|191.506714
2025-11-28|436|XYL|141.259995|141.630005|140.259995|140.669998|1554300|0.9889650951|139.117722
2025-11-28|437|APTV|77.389999|78.480003|77.199997|77.550003|907600|1.0000000000|77.550003
2025-11-28|438|PSX|135.429993|137.929993|135.229996|136.960007|942700|0.9794981865|134.152100
2025-11-28|439|AMCR|8.460000|8.580000|8.430000|8.520000|8649200|4.8543684849|41.359219
2025-11-28|440|META|636.080017|648.049988|635.500000|647.950012|11033200|0.9974059053|646.269165
2025-11-28|441|NOW|808.000031|814.000015|805.009995|812.409973|904100|0.2000000000|162.481995
2025-11-28|442|PANW|187.229996|190.919998|186.949997|190.130005|4808300|1.0000000000|190.130005
2025-11-28|443|FANG|149.309998|153.410004|149.039993|152.589996|749300|0.9832059760|150.027405
2025-11-28|444|WDAY|215.110001|217.759995|214.479996|215.619995|1835500|1.0000000000|215.619995
2025-11-28|445|ABBV|226.850006|228.089996|225.509995|227.699997|2655600|0.9769027438|222.440765
2025-11-28|446|NCLH|18.420000|18.719999|18.420000|18.459999|5851500|1.0000000000|18.459999
2025-11-28|447|ZTS|128.320007|129.309998|127.750000|128.179993|2143000|0.9845723480|126.202484
2025-11-28|448|IQV|232.520004|232.710007|229.979996|230.009995|471400|1.0000000000|230.009995
2025-11-28|449|NWS|29.330000|29.549999|29.240000|29.430000|776100|0.9963262306|29.321880
2025-11-28|450|NWSA|25.639999|25.879999|25.590000|25.680000|1748100|0.9958385353|25.573133
2025-11-28|451|CDW|144.229996|145.080002|142.470001|144.220001|541500|0.9844137869|141.972168
2025-11-28|452|VEEV|242.000000|244.910004|239.539993|240.289993|738900|1.0000000000|240.289993
2025-11-28|453|ALLE|166.520004|166.720001|165.460007|166.029999|267900|0.9921390873|164.724854
2025-11-28|454|HLT|285.000000|287.399994|284.209991|285.029999|756100|0.9986088702|284.633484
2025-11-28|455|ARES|155.199997|157.110001|154.389999|156.850006|753300|0.9704279397|152.211624
2025-11-28|456|ANET|130.000000|131.404999|128.115005|130.679993|3895000|1.0000000000|130.679993
2025-11-28|457|SYF|77.339996|77.910004|76.900002|77.360001|923600|0.9876561264|76.405083
2025-11-28|458|CFG|54.169998|54.410000|54.040001|54.099998|1508100|0.9795741096|52.994961
2025-11-28|459|KEYS|196.460007|199.500000|195.994995|197.949997|829700|1.0000000000|197.949997
2025-11-28|460|GDDY|127.610001|128.699997|127.000000|127.860001|521200|1.0000000000|127.860001
2025-11-28|461|KHC|25.180000|25.559999|25.129999|25.510000|6295200|0.9659839010|24.642250
2025-11-28|462|PYPL|62.230000|63.055000|62.130001|62.689999|7875900|0.9937057617|62.295414
2025-11-28|463|LITE|307.739990|325.459991|306.019989|325.160004|2194000|1.0000000000|325.160004
2025-11-28|464|HPE|21.584999|21.934999|21.540001|21.870001|7707800|0.9847720717|21.536966
2025-11-28|465|XYZ|65.730003|67.480003|65.500000|66.800003|3459900|1.0000000000|66.800003
2025-11-28|466|FTV|53.360001|53.540001|53.009998|53.480000|1317200|0.9979248563|53.369019
2025-11-28|467|DELL|134.169998|134.500000|130.009995|133.350006|5612600|0.9909355870|132.141266
2025-11-28|468|TTD|39.230000|40.005001|39.029999|39.560001|5248900|1.0000000000|39.560001
2025-11-28|469|VST|179.000000|180.770004|178.009995|178.860001|1908400|0.9958526400|178.118210
2025-11-28|470|HWM|206.149994|207.770004|202.679993|204.589996|688600|0.9985047767|204.284088
2025-11-28|471|INVH|27.900000|28.325001|27.840000|28.200001|2175500|0.9672165501|27.275507
2025-11-28|472|CVNA|362.080002|375.769997|357.500000|374.500008|2283300|0.2000000000|74.900002
2025-11-28|473|IR|79.800003|80.720001|79.750000|80.339996|1043900|0.9992655835|80.280991
2025-11-28|474|VICI|28.830000|28.975000|28.790001|28.820000|6014300|0.9523421134|27.446501
2025-11-28|475|VRT|173.520004|179.800003|172.660004|179.729996|4059600|0.9995540701|179.649841
2025-11-28|476|MRNA|25.010000|26.045000|24.870001|25.980000|4286500|1.0000000000|25.980000
2025-11-28|477|FOXA|65.410004|65.690002|64.940002|65.500000|1391700|0.9951185496|65.180267
2025-11-28|478|FOX|58.540001|58.740002|57.980000|58.259998|955400|0.9946544484|57.948566
2025-11-28|479|DOW|23.730000|24.020000|23.590000|23.850000|7253900|0.9783459966|23.333553
2025-11-28|480|UBER|86.510002|87.620003|86.239998|87.540001|9069400|1.0000000000|87.540001
2025-11-28|481|CTVA|66.690002|67.720001|66.680000|67.470001|1976700|0.9928033602|66.984444
2025-11-28|482|CRWD|505.369995|510.690002|501.940002|509.160004|1018900|0.2500000000|127.290001
2025-11-28|483|DDOG|160.279999|161.600006|159.250000|160.009995|2471900|1.0000000000|160.009995
2025-11-28|484|CARR|54.599998|54.904999|54.105000|54.880001|2897200|0.9886394999|54.256542
2025-11-28|485|OTIS|88.529999|89.160004|88.339996|88.849998|940800|0.9834662418|87.380981
2025-11-28|486|PLTR|167.759995|168.800003|165.875000|168.449997|17199500|1.0000000000|168.449997
2025-11-28|487|DASH|196.990005|199.789993|196.238007|198.369995|1383900|1.0000000000|198.369995
2025-11-28|488|ABNB|116.754997|117.790001|116.400002|116.989998|2522300|1.0000000000|116.989998
2025-11-28|489|EXE|119.660004|122.699997|119.330002|121.930000|1378700|0.9826864450|119.818954
2025-11-28|490|COIN|274.010010|279.869995|269.290009|272.820007|8977800|1.0000000000|272.820007
2025-11-28|491|APP|589.789978|599.590027|583.400024|599.479980|1825500|1.0000000000|599.479980
2025-11-28|492|HOOD|128.074997|129.949997|127.150002|128.490005|12783400|1.0000000000|128.490005
2025-11-28|493|CEG|362.000000|366.308014|359.600006|364.359985|1073000|0.9955820742|362.750275
2025-11-28|494|GEHC|80.650002|80.690002|79.629997|79.989998|1353300|0.9985528329|79.874229
2025-11-28|495|KVUE|17.200001|17.410000|17.160000|17.350000|9197800|0.9661066365|16.761950
2025-11-28|496|VLTO|101.680000|101.980003|101.050003|101.220001|759700|0.9957401186|100.788811
2025-11-28|497|RDDT|209.149994|218.000000|207.339996|216.470001|2388700|1.0000000000|216.470001
2025-11-28|498|SOLV|85.550003|86.141998|85.120003|85.260002|628300|1.0000000000|85.260002
2025-11-28|499|GEV|595.000000|599.770020|588.530029|599.770020|1006600|0.9981503345|598.660645
2025-11-28|500|SNDK|225.250000|237.770004|211.729996|223.279999|13367500|1.0000000000|223.279999
2025-11-28|501|Q|79.279999|81.250000|79.279999|81.089996|947300|0.9988559230|80.997223
