date|security_id|ticker|open|high|low|close|volume|adj_factor|adj_close_vendor
2025-11-20|1|AEP|121.849998|122.290001|120.790001|120.900002|3298400|0.9775591772|118.186913
2025-11-20|2|BA|187.740005|188.100006|178.419998|179.380005|13706400|1.0000000000|179.380005
2025-11-20|3|CAT|565.950012|568.869995|541.000000|546.130005|3195000|0.9939261318|542.812927
2025-11-20|4|CNP|39.599998|39.990002|39.459999|39.590000|8094700|0.9832236217|38.925823
2025-11-20|5|CVX|152.539993|153.039993|150.050003|150.309998|7623400|0.9728341284|146.226700
2025-11-20|6|DIS|105.370003|105.800003|102.500000|102.699997|12609900|0.9857264957|101.234108
2025-11-20|7|DTE|135.960007|137.100006|135.389999|135.710007|966100|0.9755422782|132.390854
2025-11-20|8|ED|100.260002|101.379997|99.930000|100.949997|2462200|0.9759585897|98.523026
2025-11-20|9|GD|347.130005|349.470001|338.929993|339.440002|892300|0.9869830633|335.021576
2025-11-20|10|GE|305.399994|307.079987|290.480011|290.619995|3733900|0.9961629631|289.504883
2025-11-20|11|HON|192.429994|193.250004|186.760003|188.140000|3673200|1.0347776740|194.683075
2025-11-20|12|HPQ|22.680000|22.940001|22.270000|22.610001|15566200|0.9607551428|21.722675
2025-11-20|13|IBM|294.640015|300.709991|290.160004|290.399994|5597000|0.9800357773|284.602386
2025-11-20|14|IP|36.590000|36.830002|35.560001|35.599998|4366500|0.9645837619|34.339184
2025-11-20|15|JNJ|202.000000|204.509995|201.570007|203.070007|10612600|0.9779609434|198.594513
2025-11-20|16|KO|70.949997|71.480003|70.610001|71.209999|15396500|0.9799171123|69.779892
2025-11-20|17|KR|67.089996|67.410004|64.860001|65.900002|7503000|0.9830507535|64.783043
2025-11-20|18|LMT|473.880005|477.429993|465.019989|468.260010|1044900|0.9808408602|459.288544
2025-11-20|19|MMM|168.729996|169.750000|163.960007|164.610001|3303500|0.9860940463|162.320953
2025-11-20|20|MO|58.439999|58.660000|58.000000|58.180000|6158700|0.9516126626|55.364826
2025-11-20|21|MRK|94.970001|96.000000|93.900002|94.970001|12554200|0.9772081263|92.805450
2025-11-20|22|MSI|375.380005|376.160004|365.750000|367.040009|1570100|0.9910852927|363.767975
2025-11-20|23|PG|146.639999|148.660004|146.130005|148.190002|9021300|0.9782265339|144.963379
2025-11-20|24|XOM|117.980003|119.010002|116.739998|117.019997|14401000|0.9803338832|114.718666
2025-11-20|25|RTX|176.539993|177.550003|172.500000|172.729996|4221000|0.9853742397|170.203690
2025-11-20|26|MCD|302.450012|305.640015|301.869995|304.160004|4205100|0.9818538696|298.640686
2025-11-20|27|AXP|349.970001|353.130005|340.320007|343.799988|3095700|0.9919237847|341.023407
2025-11-20|28|BMY|45.900002|46.200001|45.270000|45.939999|12137600|0.9673144843|44.438427
2025-11-20|29|DD|38.410001|38.459999|37.050001|37.120000|7007001|2.9611069891|109.916290
2025-11-20|30|DE|478.000000|484.209991|473.709991|476.329987|1543200|0.9910776808|472.080048
2025-11-20|31|EMR|129.960007|131.190002|123.379997|123.720001|2930200|0.9888087280|122.335426
2025-11-20|32|ETN|356.380005|357.779999|326.950012|328.190002|4550600|0.9917042798|325.467407
2025-11-20|33|ETR|94.629997|95.889999|93.349998|93.349998|3767100|0.9822109154|91.689384
2025-11-20|34|F|12.910000|13.010000|12.380000|12.410000|95861900|0.9665034086|11.994308
2025-11-20|35|HAL|26.639999|27.080000|25.469999|25.620001|12537600|0.9847026012|25.228083
2025-11-20|36|LLY|1045.500000|1057.000000|1038.250000|1043.290039|3135700|0.9951920486|1038.273926
2025-11-20|37|PCG|15.890000|16.080000|15.770000|15.840000|38325600|0.9911560857|15.699912
2025-11-20|38|PEP|146.600006|147.080002|144.899994|146.100006|6878900|0.9713251717|141.910599
2025-11-20|39|PFE|24.889999|25.000000|24.280001|24.400000|51983200|0.9509184966|23.202412
2025-11-20|40|TXN|158.160004|159.250000|152.729996|153.330002|7890900|0.9834571490|150.793472
2025-11-20|41|WFC|85.059998|86.040001|82.320000|82.400002|12135800|0.9838041369|81.065460
2025-11-20|42|HUBB|430.160004|432.480011|405.154999|407.359985|740369|0.9910077151|403.696869
2025-11-20|43|WMT|103.940002|107.910004|102.680000|107.110001|50375900|0.9916508097|106.215706
2025-11-20|44|AIG|76.459999|77.199997|75.349998|75.690002|3270300|0.9824236525|74.359650
2025-11-20|45|AVY|168.710007|170.250000|165.889999|166.009995|763600|0.9833361967|163.243652
2025-11-20|46|BAC|52.500000|52.950001|50.970001|51.000000|36661600|0.9841245494|50.190353
2025-11-20|47|BALL|47.439999|48.080002|47.349998|47.910000|3315100|0.9893620930|47.400341
2025-11-20|48|BDX|189.390001|192.039994|188.049991|189.579997|2588800|0.7715067098|146.262253
2025-11-20|49|CLX|98.360001|100.360001|98.199997|100.070000|2815700|0.9654541242|96.612999
2025-11-20|50|CMI|479.920013|483.570007|462.899994|465.190002|1029300|0.9855888256|458.486023
2025-11-20|51|CMS|73.389999|74.019997|73.230003|73.500000|1774100|0.9770377822|71.812279
2025-11-20|52|CVS|77.190002|77.500000|75.949997|76.040001|5258100|0.9771601786|74.303253
2025-11-20|53|ECL|261.929993|262.899994|260.970001|261.739990|1694500|0.9918356453|259.603088
2025-11-20|54|ES|65.360001|65.879997|63.450001|63.549999|5818700|0.9670826030|61.458099
2025-11-20|55|EVRG|76.040001|76.580002|75.489998|75.720001|1629700|0.9663059278|73.168694
2025-11-20|56|GWW|930.659973|937.000000|920.380005|925.150024|350600|0.9941570385|919.744385
2025-11-20|57|LNT|67.540001|67.970001|67.330002|67.470001|2624900|0.9771332386|65.927177
2025-11-20|58|MKC|66.889999|67.669998|66.500000|67.480003|2287000|0.9754240070|65.821617
2025-11-20|59|MRSH|177.559998|179.550003|176.639999|178.949997|3835300|0.9842873682|176.138229
2025-11-20|60|NEE|84.790001|86.489998|84.199997|84.300003|10967000|0.9793736752|81.944984
2025-11-20|61|NI|43.049999|43.619999|42.380001|42.400002|2585500|0.9804324438|41.570339
2025-11-20|62|PNW|88.589996|89.830002|88.589996|89.339996|1326500|0.9727255046|86.903290
2025-11-20|63|RVTY|93.169998|94.449997|92.480003|94.019997|1204000|0.9979858512|93.830627
2025-11-20|64|SNA|333.700012|336.019989|328.140015|331.220001|337900|0.9736214558|322.482910
2025-11-20|65|SPGI|493.799994|498.319986|488.950013|490.909986|1245900|0.9377344841|460.343170
2025-11-20|66|TER|172.279999|173.830002|154.710007|155.899994|5142700|0.9984501140|155.658371
2025-11-20|67|TGT|86.160004|86.930000|83.440002|83.680000|12051800|0.9731968404|81.437111
2025-11-20|68|TXT|80.809998|81.290001|79.019997|79.529999|1272700|0.9993380469|79.477348
2025-11-20|69|VMC|287.119995|291.359985|285.839996|285.970001|1957200|0.9942812010|284.334595
2025-11-20|70|XEL|80.000000|80.250000|79.230003|79.489998|5649600|0.9776860259|77.716255
2025-11-20|71|ITW|243.000000|244.059998|239.240005|241.100006|1403300|0.9813941046|236.614120
2025-11-20|72|CL|78.080002|79.209999|77.629997|78.860001|5984600|0.9821445459|77.451920
2025-11-20|73|EXC|45.669998|45.959999|45.279999|45.410000|7564100|0.9822723358|44.604988
2025-11-20|74|MDT|100.370003|101.190002|99.080002|99.349998|6726200|0.9758565703|96.951355
2025-11-20|75|BNY|108.790001|109.620003|106.220001|106.459999|2565900|0.9877222173|105.152916
2025-11-20|76|EIX|58.029999|59.730000|57.830002|58.080002|4550300|0.9623086217|55.890892
2025-11-20|77|FRT|97.040001|97.750000|96.050003|96.260002|503800|0.9693143333|93.306198
2025-11-20|78|PNR|104.309998|104.309998|101.379997|101.480003|1167800|0.9901423720|100.479652
2025-11-20|79|USB|47.200001|47.759998|46.430000|46.490002|8172200|0.9719845662|45.187569
2025-11-20|80|WY|21.420000|21.670000|21.350000|21.370001|5647000|0.9737086273|20.808153
2025-11-20|81|SYY|75.879997|76.260002|75.129997|75.480003|2824400|0.9787571978|73.876595
2025-11-20|82|WRB|77.059998|77.629997|76.650002|77.300003|1847500|0.9742469050|75.309288
2025-11-20|83|IFF|65.360001|65.680000|64.000000|64.559998|2668700|0.9828526607|63.452972
2025-11-20|84|TAP|45.139999|45.990002|45.080002|45.470001|2456200|0.9680101781|43.508286
2025-11-20|85|PNC|184.600006|187.220001|182.919998|183.539993|2710200|0.9770281499|179.323746
2025-11-20|86|TRV|286.739990|289.869995|286.019989|287.850006|1296200|0.9883140678|284.486206
2025-11-20|87|C|101.070000|102.860001|97.459999|97.629997|12633700|0.9851223482|96.177490
2025-11-20|88|FDX|265.499997|270.770006|262.989991|263.099991|1572500|0.7954691757|209.287949
2025-11-20|89|WDC|162.679993|163.779999|137.630005|140.229996|11373600|0.9984583045|140.013794
2025-11-20|90|DHR|222.979996|225.039993|221.339996|222.179993|2987200|0.9944303518|220.942505
2025-11-20|91|APA|24.160000|25.230000|23.270000|23.379999|7397200|0.9771167223|22.844986
2025-11-20|92|LUV|32.369999|32.660000|31.150000|31.160000|7806000|0.9870678085|30.757032
2025-11-20|93|PEG|82.320000|83.010002|80.690002|80.760002|2962300|0.9756675447|78.794914
2025-11-20|94|UNP|221.559998|223.479996|220.449997|221.210007|3955100|0.9839040791|217.649429
2025-11-20|95|ABT|122.500000|125.720001|122.099998|123.970001|11654000|0.9817546722|121.708138
2025-11-20|96|ADI|234.289993|235.279999|224.250000|225.199997|4316600|0.9906566026|223.095871
2025-11-20|97|ADM|58.240002|58.990002|57.849998|57.869999|2997400|0.9797994474|56.700993
2025-11-20|98|ADP|251.809998|251.929993|247.770004|249.059998|2034400|0.9780151607|243.584457
2025-11-20|99|AFL|109.860001|110.910004|109.379997|110.550003|2368700|0.9846316611|108.851036
2025-11-20|100|AMAT|238.789993|240.759995|218.960007|220.229996|9264000|0.9964487658|219.447922
2025-11-20|101|AMD|232.699997|234.250000|204.529999|206.020004|66342900|1.0000000000|206.020004
2025-11-20|102|APD|254.070007|258.559998|250.889999|251.089996|1156400|0.9804771664|246.188019
2025-11-20|103|BF-B|27.389999|28.139999|27.370001|27.900000|3588000|0.9746521115|27.192795
2025-11-20|104|CHD|82.000000|83.809998|81.800003|83.339996|2287100|0.9906552793|82.561211
2025-11-20|105|CINF|162.899994|164.960007|162.710007|163.660004|367300|0.9835715596|160.971313
2025-11-20|106|CMCSA|26.980000|27.139999|26.550000|26.630001|24690800|0.9033911576|24.057304
2025-11-20|107|D|60.500000|61.110001|60.200001|60.830002|4955100|0.9687101350|58.926643
2025-11-20|108|DOV|181.929993|182.800003|177.869995|178.029999|1383900|0.9924896872|176.692932
2025-11-20|109|DUK|122.279999|122.980003|121.860001|122.540001|2639200|0.9744921325|119.414261
2025-11-20|110|EFX|208.369995|209.490005|204.759995|206.649994|1365100|0.9915561793|204.905090
2025-11-20|111|EQT|59.290001|60.509998|56.279999|56.349998|8745700|0.9912778241|55.858501
2025-11-20|112|FITB|41.939999|42.480000|41.160000|41.279999|7937000|0.9757841433|40.280369
2025-11-20|113|GIS|47.560001|47.930000|47.410000|47.810001|5786600|0.9532424984|45.574520
2025-11-20|114|GPC|125.510002|127.239998|124.720001|125.029999|909000|0.9724963604|121.591217
2025-11-20|115|HAS|77.430000|78.690002|76.699997|76.760002|1974300|0.9777483232|75.051964
2025-11-20|116|HBAN|15.440000|15.690000|15.270000|15.320000|29636600|0.9725023795|14.898736
2025-11-20|117|HRL|22.129999|22.510000|22.030001|22.320000|3743400|0.9619905057|21.471628
2025-11-20|118|HST|17.110001|17.260000|16.770000|16.809999|7090600|0.9346875076|15.712096
2025-11-20|119|HSY|181.649994|185.080002|180.949997|182.660004|1511700|0.9782056212|178.679047
2025-11-20|120|INTC|36.000000|36.680000|33.480000|33.619999|96389100|1.0000000000|33.619999
2025-11-20|121|J|150.500000|152.300003|128.169998|129.169998|3783300|0.9894584622|127.808350
2025-11-20|122|JPM|306.339996|309.920013|298.160004|298.380005|7501600|0.9859988977|294.202362
2025-11-20|123|KMB|102.610001|104.220001|102.230003|103.760002|5332000|0.9627154389|99.891357
2025-11-20|124|L|105.650002|106.500000|104.690002|104.940002|921300|0.9977044368|104.699120
2025-11-20|125|LEN|115.120003|117.839996|115.120003|116.250000|32418900|0.9844362452|114.440704
2025-11-20|126|LOW|228.080002|230.449997|225.779999|228.429993|4769200|0.9846876283|224.932190
2025-11-20|127|MAS|59.950001|60.619999|59.599998|60.099998|2817300|0.9866652888|59.298580
2025-11-20|128|MTB|185.559998|186.330002|181.559998|182.750000|819500|0.9784172563|178.805740
2025-11-20|129|NEM|87.690002|88.309998|81.900002|82.000000|12422400|0.9927701446|81.407158
2025-11-20|130|NTRS|127.919998|129.139999|124.949997|125.720001|964000|0.9838837164|123.693855
2025-11-20|131|NUE|149.839996|153.600006|147.160004|147.199997|1392200|0.9907811186|145.842972
2025-11-20|132|OMC|72.000000|72.110001|71.150002|71.510002|2844700|0.9700503706|69.368309
2025-11-20|133|PCAR|97.589996|99.500000|97.050003|97.599998|4073100|0.9792369323|95.573524
2025-11-20|134|PGR|223.240005|226.199997|220.800003|226.000000|2785100|0.9393741219|212.298538
2025-11-20|135|PH|834.640015|842.940002|816.809998|819.400024|817300|0.9958887879|816.031250
2025-11-20|136|PHM|114.639999|116.010002|113.540001|114.349998|1451800|0.9937132889|113.631119
2025-11-20|137|PPG|95.519997|96.000000|94.459999|95.199997|2297800|0.9817392581|93.461578
2025-11-20|138|PPL|35.509998|35.680000|35.119999|35.540001|21880600|0.9766950417|34.711746
2025-11-20|139|RF|24.500000|24.750000|24.030001|24.100000|16512600|0.9708879210|23.398399
2025-11-20|140|ROL|59.459999|60.099998|58.810001|59.630001|2746500|0.9887685295|58.960270
2025-11-20|141|SHW|331.040009|334.440002|327.470001|328.010010|2881900|0.9929181711|325.687134
2025-11-20|142|STT|115.459999|116.610001|113.080002|113.300003|1288600|0.9820070009|111.261391
2025-11-20|143|SWK|63.200001|64.410004|62.279999|62.439999|1683900|0.9672078260|60.392456
2025-11-20|144|SYK|365.970001|369.559998|360.010010|360.480011|1381400|0.9921744259|357.659027
2025-11-20|145|TMO|573.349976|580.450012|568.460022|572.739990|1167800|0.9972620730|571.171814
2025-11-20|146|TPL|914.370026|924.000000|882.340027|883.559967|117200|0.3318281124|293.190063
2025-11-20|147|TSN|53.009998|53.660000|52.650002|52.709999|3167500|0.9750492370|51.394844
2025-11-20|148|TT|413.970001|415.670013|399.309998|400.059998|1071500|0.9953350758|398.193756
2025-11-20|149|TYL|467.320007|472.649994|463.670013|466.000000|478900|1.0000000000|466.000000
2025-11-20|150|UDR|34.770000|35.200001|34.650002|34.680000|2436900|0.9688744575|33.600563
2025-11-20|151|VTRS|10.480000|10.560000|10.170000|10.190000|8666500|0.9657614708|9.841108
2025-11-20|152|WEC|110.489998|111.339996|110.250000|110.650002|2041600|0.9747231440|107.853111
2025-11-20|153|WST|259.500000|260.450012|253.320007|257.769989|1315100|0.9976812219|257.172272
2025-11-20|154|NDSN|230.360001|232.470001|226.699997|228.080002|406400|0.9906696357|225.951935
2025-11-20|155|TFC|45.000000|45.779999|44.299999|44.400002|8232100|0.9700498779|43.070213
2025-11-20|156|WELL|198.190002|201.419998|197.070007|197.580002|5023000|0.9893392873|195.473663
2025-11-20|157|AON|343.750000|346.059998|343.179993|345.890015|1124000|0.9951005240|344.195343
2025-11-20|158|GL|131.809998|132.550003|129.649994|130.369995|299900|0.9938835716|129.572617
2025-11-20|159|OKE|69.800003|70.900002|69.230003|69.720001|5422200|0.9633206765|67.162712
2025-11-20|160|KLAC|1187.959976|1201.490021|1097.580032|1102.450027|1171900|0.0996303139|109.837440
2025-11-20|161|CSX|34.230000|34.570000|33.630001|33.680000|14228000|0.9900119853|33.343601
2025-11-20|162|PSA|266.869995|267.799988|262.470001|265.450012|1125500|0.9701110817|257.515991
2025-11-20|163|NKE|62.950001|63.830002|61.410000|61.430000|13886600|0.9783499344|60.100040
2025-11-20|164|AAPL|270.829987|275.429993|265.920013|266.250000|45823600|0.9972854026|265.527252
2025-11-20|165|BRO|78.570000|79.989998|78.360001|79.620003|2741500|0.9924932219|79.022308
2025-11-20|166|UHS|228.880005|230.929993|225.190002|225.380005|1011000|0.9968342486|224.666489
2025-11-20|167|HD|336.359985|338.899994|332.130005|332.380005|4025300|0.9796274407|325.608582
2025-11-20|168|BAX|17.660000|17.860001|17.400000|17.420000|8313700|0.9984613291|17.386490
2025-11-20|169|COP|88.489998|90.589996|87.440002|87.470001|4911200|0.9784321345|85.583466
2025-11-20|170|GLW|84.250000|84.589996|77.489998|78.029999|8332200|0.9966096046|77.765450
2025-11-20|171|HUM|231.979996|233.580002|222.800003|223.289993|1442400|0.9892166205|220.882187
2025-11-20|172|LHX|288.690002|291.049988|282.570007|284.220001|1026500|0.9925076273|282.090546
2025-11-20|173|NOC|570.880005|573.260010|563.510010|567.349976|688100|0.9884333448|560.787598
2025-11-20|174|OXY|41.770000|42.610001|41.169998|41.209999|9657700|0.9849760250|40.590858
2025-11-20|175|ROK|382.619995|383.790009|368.320007|368.700012|1455800|0.9904239689|365.169342
2025-11-20|176|SLB|36.209999|36.840000|35.090000|35.189999|11718200|0.9812007073|34.528450
2025-11-20|177|SO|89.230003|89.500000|88.430000|88.570000|7947400|0.9759995454|86.444283
2025-11-20|178|WMB|59.340000|60.700001|58.880001|58.910000|8023800|0.9774919343|57.584045
2025-11-20|179|VLO|180.110001|182.940002|170.630005|170.820007|3980500|0.9854130966|168.328262
2025-11-20|180|CI|271.410004|274.429993|267.519989|269.600006|2005800|0.9832673314|265.088898
2025-11-20|181|NSC|283.290009|285.630005|280.089996|280.220001|2600400|0.9874047136|276.690521
2025-11-20|182|COO|72.279999|73.269997|71.010002|71.110001|2343600|1.0000000000|71.110001
2025-11-20|183|AMGN|344.519989|345.089996|335.000000|336.070007|3183700|0.9730085280|326.998993
2025-11-20|184|RJF|159.589996|160.710007|150.690002|151.330002|1850800|0.9893936166|149.724945
2025-11-20|185|WSM|176.169998|180.589996|172.449997|172.550003|2014400|0.9895967846|170.754929
2025-11-20|186|CAH|207.910004|209.570007|206.100006|207.899994|2588900|0.9929397050|206.432144
2025-11-20|187|CTAS|184.460007|184.520004|182.000000|183.199997|4148400|0.9924218382|181.811676
2025-11-20|188|PAYX|109.720001|109.989998|108.120003|108.459999|2164400|0.9670710940|104.888527
2025-11-20|189|BEN|21.809999|22.010000|21.110001|21.180000|4646700|0.9625940231|20.387743
2025-11-20|190|AOS|64.239998|64.699997|62.970001|63.250000|1375300|0.9834989125|62.206306
2025-11-20|191|CASY|558.909973|561.340027|545.880005|551.239990|270300|0.9976268719|549.931824
2025-11-20|192|T|25.250000|25.629999|25.120001|25.520000|44631800|0.9652496452|24.633171
2025-11-20|193|VZ|41.150002|41.439999|40.650002|40.759998|32173600|0.9521495225|38.809616
2025-11-20|194|JBHT|161.500000|162.380005|158.149994|158.919998|1269900|0.9944705560|158.041260
2025-11-20|195|ATO|174.509995|176.000000|174.020004|174.770004|975700|0.9773427979|170.810196
2025-11-20|196|LRCX|153.460007|154.369995|138.300003|139.589996|13695500|0.9964597456|139.095810
2025-11-20|197|MU|230.240005|230.600006|199.600006|201.369995|47420700|0.9990228227|201.173218
2025-11-20|198|AJG|245.740005|250.429993|245.690002|247.300003|1571200|0.9910126646|245.077423
2025-11-20|199|AME|193.889999|194.910004|189.059998|190.020004|1619600|0.9953689352|189.140015
2025-11-20|200|SWKS|63.279999|63.669998|60.060001|60.500000|3775500|0.9796110161|59.266464
2025-11-20|201|EXPD|140.509995|141.080002|138.220001|138.300003|983700|0.9896583057|136.869751
2025-11-20|202|UNH|310.809998|314.750000|310.000000|311.540009|7337600|0.9800610506|305.328247
2025-11-20|203|BBY|75.320000|76.199997|73.519997|73.779999|3017200|0.9593973356|70.784332
2025-11-20|204|DOC|17.750000|17.879999|17.379999|17.400000|5829500|0.9513422733|16.553356
2025-11-20|205|ADSK|295.260010|296.899994|286.429993|286.950012|1212500|1.0000000000|286.950012
2025-11-20|206|DVN|35.650002|36.880001|34.980000|35.160000|10806100|0.9814598964|34.508129
2025-11-20|207|NVR|7189.810059|7203.689941|7082.069824|7163.330078|17100|1.0000000000|7163.330078
2025-11-20|208|ROST|161.089996|164.229996|160.339996|160.500000|4895600|0.9936631572|159.482925
2025-11-20|209|JKHY|167.820007|171.940002|167.259995|167.770004|1031800|0.9886171552|165.860306
2025-11-20|210|MNST|72.300003|73.000000|72.000000|72.220001|5248700|0.5000000000|72.220001
2025-11-20|211|ORCL|231.160004|234.000000|210.300003|210.690002|27459600|0.9904465499|208.677185
2025-11-20|212|MSFT|492.709991|493.570007|475.500000|478.429993|26802500|0.9936958009|475.413879
2025-11-20|213|TROW|98.750000|99.720001|96.779999|97.309998|1747800|0.9618549978|93.598106
2025-11-20|214|COST|893.500000|904.570007|891.000000|893.289978|2648300|0.9956058515|889.364685
2025-11-20|215|ADBE|318.869995|323.179993|312.089996|312.399994|3884800|1.0000000000|312.399994
2025-11-20|216|FISV|61.660000|62.259998|59.720001|59.770000|7165500|1.0000000000|59.770000
2025-11-20|217|BKR|49.099998|50.180000|47.980000|48.070000|7986800|0.9892821118|47.554790
2025-11-20|218|CDNS|312.149994|316.709991|301.630005|302.140015|1570500|1.0000000000|302.140015
2025-11-20|219|TJX|146.250000|149.229996|145.940002|148.070007|9023900|0.9907991610|146.707642
2025-11-20|220|FICO|1750.000000|1780.969971|1709.329956|1720.550049|140500|1.0000000000|1720.550049
2025-11-20|221|CCL|26.360001|26.629999|25.290001|25.320000|21939900|0.9841845235|24.919552
2025-11-20|222|FAST|39.820000|40.049999|39.029999|39.150002|7162100|0.9838279433|38.516865
2025-11-20|223|SCHW|93.589996|94.389999|90.459999|90.489998|14227600|0.9901836685|89.601723
2025-11-20|224|JCI|116.300003|117.320000|112.830002|112.989998|7047400|0.9941759575|112.331932
2025-11-20|225|COHR|150.000000|155.699997|133.240005|135.610001|5688700|1.0000000000|135.610001
2025-11-20|226|KEY|17.500000|17.830000|17.219999|17.280001|18931100|0.9696888308|16.756224
2025-11-20|227|MOS|24.580000|24.790001|23.879999|23.930000|9073900|0.9727377902|23.277617
2025-11-20|228|MGM|31.309999|32.020000|30.680000|30.760000|4436500|1.0000000000|30.760000
2025-11-20|229|WM|214.000000|217.669998|214.000000|216.800003|2880300|0.9879218676|214.181458
2025-11-20|230|TECH|59.099998|59.470001|58.139999|58.730000|1534600|0.9957086055|58.477966
2025-11-20|231|IEX|163.460007|164.279999|161.740005|163.000000|596700|0.9895889092|161.302994
2025-11-20|232|GEN|26.260000|26.389999|25.879999|26.059999|6006800|0.9850474704|25.670336
2025-11-20|233|CRH|111.820000|111.940002|108.169998|108.370003|4505600|0.9889154582|107.168777
2025-11-20|234|EOG|107.550003|109.599998|105.769997|106.070000|3833500|0.9756845809|103.490860
2025-11-20|235|PTC|174.839996|175.479996|170.009995|170.429993|770900|1.0000000000|170.429993
2025-11-20|236|CSCO|79.120003|80.059998|75.320000|75.440002|27381900|0.9856294108|74.355888
2025-11-20|237|LH|262.859985|264.739990|260.019989|261.470001|494900|0.9921089357|258.851776
2025-11-20|238|TRMB|77.629997|78.000000|74.660004|74.820000|993900|1.0000000000|74.820000
2025-11-20|239|AZO|3805.020020|3858.840088|3783.090088|3849.810059|123400|1.0000000000|3849.810059
2025-11-20|240|REGN|725.000000|753.510010|720.020020|737.000000|2296800|0.9961457605|734.159424
2025-11-20|241|IDXX|697.820007|710.719971|688.479980|689.349976|767700|1.0000000000|689.349976
2025-11-20|242|AES|13.990000|14.110000|13.450000|13.510000|10222500|0.9646899783|13.032962
2025-11-20|243|VRTX|420.839996|431.130005|420.000000|422.320007|1188900|1.0000000000|422.320007
2025-11-20|244|ZBRA|236.520004|238.089996|227.190002|228.399994|1011400|1.0000000000|228.399994
2025-11-20|245|BIIB|168.149994|170.910004|165.750000|168.179993|1914500|1.0000000000|168.179993
2025-11-20|246|ODFL|128.240005|130.520004|126.010002|126.290001|2257500|0.9953671039|125.704918
2025-11-20|247|APH|140.690002|140.690002|130.210007|130.360001|10313300|0.9946061744|129.656860
2025-11-20|248|KIM|20.260000|20.340000|19.860001|19.870001|5992400|0.9657396580|19.189249
2025-11-20|249|QCOM|167.130005|168.880005|158.850006|159.589996|12075400|0.9849314898|157.185226
2025-11-20|250|GILD|128.339996|128.699997|124.540001|124.989998|9924200|0.9813788839|122.662544
2025-11-20|251|ROP|448.450012|448.450012|440.149994|440.859985|774200|0.9929279129|437.742188
2025-11-20|252|SNPS|401.790009|405.540009|383.220001|385.600006|1898900|1.0000000000|385.600006
2025-11-20|253|STZ|128.740005|131.009995|127.849998|130.449997|1979400|0.9792322433|127.740845
2025-11-20|254|BSX|97.339996|98.360001|96.339996|96.599998|7939000|1.0000000000|96.599998
2025-11-20|255|STE|254.940002|258.250000|253.830002|256.980011|623600|0.9945039836|255.567642
2025-11-20|256|DHI|137.839996|139.619995|136.729996|137.320007|2335700|0.9911938574|136.110733
2025-11-20|257|LIN|414.600006|415.950012|408.209991|408.510010|2723600|0.9898650243|404.369781
2025-11-20|258|SBUX|84.029999|85.230003|82.540001|82.620003|8966300|0.9821606772|81.146118
2025-11-20|259|MS|164.199997|166.940002|158.509995|158.699997|5258600|0.9837860335|156.126846
2025-11-20|260|INTU|653.619995|664.539978|637.440002|637.440002|2516600|0.9906980199|631.510559
2025-11-20|261|MCHP|51.119999|51.709999|48.570000|49.020000|10584000|0.9744763190|47.768829
2025-11-20|262|CB|294.940002|297.459991|293.170013|296.320007|1599900|0.9939554166|294.528870
2025-11-20|263|ORLY|98.300003|99.599998|98.169998|99.010002|4411300|1.0000000000|99.010002
2025-11-20|264|RCL|258.850006|263.399994|252.559998|252.720001|1816700|0.9862054091|249.233841
2025-11-20|265|JBL|205.000000|206.559998|191.169998|192.490005|1526500|0.9992441666|192.344528
2025-11-20|266|ALL|211.809998|213.050003|210.360001|211.740005|1772200|0.9851043015|208.585983
2025-11-20|267|CPT|102.779999|104.320000|102.750000|103.760002|1492500|0.9704206326|100.690842
2025-11-20|268|VMRK|59.380001|59.939999|59.000000|59.160000|1726400|0.9671264641|57.215202
2025-11-20|269|IT|227.139999|228.449997|222.600006|224.130005|885600|1.0000000000|224.130005
2025-11-20|270|DECK|82.959999|84.430000|81.400002|81.480003|2745300|1.0000000000|81.480003
2025-11-20|271|REG|69.750000|70.339996|69.160004|69.410004|1062400|0.9701425273|67.337593
2025-11-20|272|INCY|102.500000|103.230003|101.080002|101.760002|1673200|1.0000000000|101.760002
2025-11-20|273|SPG|182.699997|184.130005|179.919998|180.070007|1184700|0.9659807077|173.944153
2025-11-20|274|MAA|130.630005|131.970001|130.250000|130.869995|1368500|0.9656183896|126.370483
2025-11-20|275|MLM|603.229980|612.820007|596.859985|597.000000|448100|0.9960197565|594.623840
2025-11-20|276|TSCO|52.570000|53.369999|52.250000|52.639999|4282900|0.9764906296|51.402462
2025-11-20|277|ALB|121.080002|125.849998|115.680000|116.419998|5683200|0.9919948535|115.488045
2025-11-20|278|CPRT|41.389999|41.790001|40.869999|41.020000|10861200|1.0000000000|41.020000
2025-11-20|279|FLEX|60.430000|60.580002|54.020000|54.509998|3889800|1.0000000000|54.509998
2025-11-20|280|ESS|257.119995|258.609985|254.979996|255.729996|457400|0.9710345219|248.322662
2025-11-20|281|O|56.799999|57.029999|56.270000|56.299999|6060300|0.9611211279|54.111122
2025-11-20|282|MCO|478.029999|480.529999|472.619995|474.519989|842500|0.9914008639|470.439545
2025-11-20|283|SJM|104.660004|105.820000|103.099998|103.750000|1843300|0.9701300487|100.650986
2025-11-20|284|MCK|857.419983|861.390015|845.479980|849.460022|612200|0.9971371280|847.028137
2025-11-20|285|COF|206.380005|209.949997|201.160004|202.220001|5580000|0.9884398390|199.882294
2025-11-20|286|EME|623.530029|626.599976|577.880005|583.080017|666300|0.9983902989|582.141418
2025-11-20|287|DLTR|101.260002|102.230003|98.400002|98.559998|2443300|1.0000000000|98.559998
2025-11-20|288|COR|360.570007|363.630005|359.230011|362.070007|975700|0.9940692618|359.922699
2025-11-20|289|DRI|170.809998|171.130005|169.000000|169.210007|1538700|0.9771066651|165.336212
2025-11-20|290|RMD|244.570007|246.880005|241.809998|243.919998|1120400|0.9918845144|241.940475
2025-11-20|291|WAB|201.839996|201.960007|195.770004|196.139999|531100|0.9965472933|195.462784
2025-11-20|292|FCX|41.900002|41.900002|39.310001|39.630001|15648000|0.9929128187|39.349136
2025-11-20|293|IVZ|23.320000|23.750000|22.680000|22.700001|4296100|0.9777629266|22.195221
2025-11-20|294|ACGL|91.529999|92.269997|91.269997|91.879997|1661000|1.0000000000|91.879997
2025-11-20|295|ERIE|285.769989|294.380005|285.679993|293.059998|167200|0.9834606060|288.212982
2025-11-20|296|EG|314.459991|317.170013|304.549988|304.989990|404900|0.9878843207|301.294861
2025-11-20|297|DVA|115.300003|116.769997|114.110001|115.349998|773700|1.0000000000|115.349998
2025-11-20|298|HSIC|70.709999|71.809998|70.709999|71.180000|967200|1.0000000000|71.180000
2025-11-20|299|EL|87.260002|89.320000|86.000000|86.610001|2916900|0.9893232983|85.685287
2025-11-20|300|WAT|380.890015|384.350006|374.559998|378.619995|361900|1.0000000000|378.619995
2025-11-20|301|NTAP|108.309998|109.089996|102.589996|103.239998|2105900|0.9870750252|101.905624
2025-11-20|302|HIG|133.960007|135.240005|133.270004|134.770004|1822800|0.9867007020|132.977661
2025-11-20|303|IRM|88.000000|89.480003|82.889999|83.000000|3687800|0.9749654551|80.922134
2025-11-20|304|BRK-B|501.109985|506.450012|500.809998|501.119995|5486900|1.0000000000|501.119995
2025-11-20|305|FDS|267.100006|275.119995|267.100006|273.049988|638700|0.9861098905|269.257324
2025-11-20|306|STLD|156.360001|159.729996|152.770004|153.110001|888000|0.9917509611|151.846985
2025-11-20|307|DGX|187.139999|188.770004|186.250000|187.610001|1104400|0.9871163208|185.192902
2025-11-20|308|CIEN|198.110001|202.600006|175.429993|176.449997|3939200|1.0000000000|176.449997
2025-11-20|309|TTWO|242.410004|243.449997|234.419998|235.369995|1717300|1.0000000000|235.369995
2025-11-20|310|VTR|80.290001|80.500000|79.739998|79.779999|3006000|0.9818295408|78.330360
2025-11-20|311|AMZN|227.050003|227.410004|216.740005|217.139999|50309000|1.0000000000|217.139999
2025-11-20|312|ARE|49.820000|50.459999|48.660000|48.860001|2482400|0.9575530500|46.786041
2025-11-20|313|RL|336.000000|338.489990|326.940002|326.959991|481500|0.9923194237|324.448761
2025-11-20|314|BXP|69.980003|70.900002|68.629997|68.660004|1135400|0.9663309942|66.348297
2025-11-20|315|FIX|954.859985|975.559998|869.880005|876.190002|650100|0.9985721755|874.938843
2025-11-20|316|YUM|148.639999|150.679993|148.039993|149.210007|1370700|0.9858960568|147.105560
2025-11-20|317|CHRW|153.139999|153.740005|148.490005|148.570007|1090200|0.9892308245|146.970032
2025-11-20|318|FE|46.410000|46.860001|46.299999|46.570000|5611400|0.9707938980|45.209873
2025-11-20|319|MTD|1421.699951|1428.349976|1387.089966|1399.410034|96800|1.0000000000|1399.410034
2025-11-20|320|PLD|123.650002|125.550003|122.900002|123.120003|3087200|0.9772581725|120.320030
2025-11-20|321|URI|806.599976|813.919983|769.880005|770.000000|893400|0.9939808437|765.365234
2025-11-20|322|AEE|103.580002|104.459999|103.220001|103.459999|1221100|0.9792499824|101.313210
2025-11-20|323|VRSN|248.449997|249.740005|246.479996|248.419998|2417900|0.9907421953|246.120163
2025-11-20|324|PWR|456.899994|463.410004|426.940002|429.779999|1146800|0.9993903388|429.518005
2025-11-20|325|AMT|180.500000|180.660004|178.009995|179.119995|3094500|0.9712942756|173.978226
2025-11-20|326|MAR|285.420013|289.359985|281.720001|282.380005|1215500|0.9940852561|280.709808
2025-11-20|327|CTSH|73.040001|73.339996|71.690002|72.349998|4753900|0.9822114026|71.062996
2025-11-20|328|SRE|91.809998|92.820000|90.669998|90.709999|2573700|0.9788895267|88.795067
2025-11-20|329|CSGP|66.730003|66.809998|64.720001|65.519997|5403100|1.0000000000|65.519997
2025-11-20|330|RSG|216.649994|219.029999|216.289993|218.429993|1964100|0.9913326285|216.536789
2025-11-20|331|CCI|90.849998|91.589996|89.150002|90.120003|2639300|0.9648543647|86.952682
2025-11-20|332|EBAY|82.000000|82.959999|79.779999|80.050003|4609600|0.9904184858|79.042686
2025-11-20|333|NVDA|195.949997|196.000000|179.850006|180.639999|343504800|0.9987261828|180.409897
2025-11-20|334|BKNG|4672.999954|4707.500076|4571.120071|4583.100128|361700|0.0397328628|182.099701
2025-11-20|335|GS|795.250000|816.000000|772.190002|773.700012|2599000|0.9855142723|762.492371
2025-11-20|336|FFIV|226.990005|230.630005|225.389999|225.830002|1335600|1.0000000000|225.830002
2025-11-20|337|SBAC|196.139999|196.949997|194.350006|195.250000|731400|0.9805017315|191.442963
2025-11-20|338|LII|451.019989|455.480011|443.190002|444.260010|313000|0.9920705337|440.737244
2025-11-20|339|BLK|1029.109985|1032.489990|990.580017|992.520020|677800|0.9841011192|976.739990
2025-11-20|340|TKO|189.720001|190.250000|176.380005|176.490005|1417700|0.9884090368|174.444321
2025-11-20|341|AKAM|87.650002|89.139999|86.750000|87.379997|3366900|1.0000000000|87.379997
2025-11-20|342|UPS|92.779999|93.839996|90.839996|90.870003|7452700|0.9546755018|86.751366
2025-11-20|343|A|147.160004|147.360001|143.949997|145.059998|1443700|0.9940314297|144.194199
2025-11-20|344|TDY|498.170013|502.929993|483.820007|484.470001|456000|1.0000000000|484.470001
2025-11-20|345|PKG|195.169998|196.369995|191.500000|191.679993|914600|0.9816059808|188.154236
2025-11-20|346|EW|86.019997|86.860001|84.019997|84.089996|3595000|1.0000000000|84.089996
2025-11-20|347|MET|75.500000|76.370003|73.809998|73.919998|3430400|0.9792675716|72.387451
2025-11-20|348|ON|46.490002|47.150002|44.689999|44.900002|10385600|1.0000000000|44.900002
2025-11-20|349|ISRG|566.919983|574.450012|550.000000|552.229980|1909000|1.0000000000|552.229980
2025-11-20|350|CRL|162.869995|165.479996|160.710007|162.080002|579400|1.0000000000|162.080002
2025-11-20|351|MRVL|83.400002|84.440002|76.080002|76.680000|23315900|0.9985347355|76.567635
2025-11-20|352|EQIX|772.179993|781.109985|752.239990|752.809998|607500|0.9849779860|741.501282
2025-11-20|353|TPR|106.300003|107.059998|101.980003|102.180000|3380400|0.9910289553|101.263329
2025-11-20|354|GRMN|193.119995|194.270004|186.669998|187.100006|833600|0.9875544034|184.771439
2025-11-20|355|GPN|73.150002|73.459999|71.379997|71.470001|1690300|0.9898898052|70.747429
2025-11-20|356|ALGN|133.970001|137.410004|132.740005|132.809998|924400|1.0000000000|132.809998
2025-11-20|357|WTW|317.549988|320.109985|314.600006|314.880005|558100|0.9903328749|311.835999
2025-11-20|358|MDLZ|55.980000|56.560001|55.189999|55.750000|9746800|0.9742061707|54.311996
2025-11-20|359|AXON|541.849976|553.190002|519.119995|519.609985|787200|1.0000000000|519.609985
2025-11-20|360|FIS|62.790001|63.669998|62.279999|62.380001|2256000|0.9743297530|60.778694
2025-11-20|361|ACN|242.789993|244.750000|239.539993|240.789993|2905500|0.9798095806|235.928329
2025-11-20|362|ZBH|89.410004|90.510002|88.900002|89.070000|1738900|0.9920119396|88.358498
2025-11-20|363|BG|93.459999|94.610001|92.699997|92.800003|1838900|0.9821514316|91.143661
2025-11-20|364|PFG|84.199997|85.239998|82.300003|82.360001|1125800|0.9740293311|80.221062
2025-11-20|365|ELV|317.579987|319.049988|311.880005|313.989990|1120600|0.9847701459|309.207947
2025-11-20|366|CNC|36.009998|36.279999|34.389999|34.830002|8321300|1.0000000000|34.830002
2025-11-20|367|PRU|104.540001|105.779999|103.510002|104.120003|1612200|0.9622422893|100.188675
2025-11-20|368|NFLX|111.000000|111.099998|105.389999|105.669998|36918500|1.0000000000|105.669998
2025-11-20|369|NDAQ|87.940002|89.550003|86.739998|86.989998|3037500|0.9903103249|86.147095
2025-11-20|370|WYNN|118.680000|121.230003|116.930000|117.139999|1099400|0.9927789107|116.294128
2025-11-20|371|CME|272.309998|276.190002|271.160004|275.220001|2038000|0.9671562481|266.180756
2025-11-20|372|STX|273.179993|275.700012|237.399994|240.500000|4071000|0.9949371232|239.282364
2025-11-20|373|NRG|173.949997|174.729996|160.350006|160.460007|2071200|0.9903289609|158.908203
2025-11-20|374|AIZ|228.250000|230.000000|224.289993|226.050003|260100|0.9887198190|223.500122
2025-11-20|375|CBRE|153.149994|156.509995|151.490005|151.580002|2133800|1.0000000000|151.580002
2025-11-20|376|CRM|229.250000|231.070007|223.300003|225.369995|7521100|0.9933339931|223.867676
2025-11-20|377|DPZ|399.959991|403.000000|397.070007|397.209991|486500|0.9848757173|391.202484
2025-11-20|378|EXR|130.350006|130.619995|128.259995|128.809998|1490700|0.9661267437|124.446785
2025-11-20|379|GOOG|304.739990|306.890015|289.170013|289.980011|34801400|0.9980438060|289.412781
2025-11-20|380|GOOGL|304.540009|306.420013|288.670013|289.450012|62025200|0.9980471771|288.884766
2025-11-20|381|DLR|161.800003|164.339996|157.440002|157.589996|2446600|0.9788235933|154.252808
2025-11-20|382|MPWR|908.619995|917.440002|852.690002|857.190002|1053100|0.9948016730|852.734009
2025-11-20|383|LVS|64.650002|65.919998|63.419998|63.480000|3933500|0.9827791790|62.386826
2025-11-20|384|DXCM|59.720001|60.759998|58.290001|58.419998|4820900|1.0000000000|58.419998
2025-11-20|385|BLDR|96.570000|97.120003|94.349998|94.849998|2583600|1.0000000000|94.849998
2025-11-20|386|WBD|23.379999|24.010000|22.740000|22.879999|46807500|1.0000000000|22.879999
2025-11-20|387|EXPE|242.509995|243.669998|234.339996|234.770004|1894000|0.9942877675|233.428955
2025-11-20|388|CF|78.860001|79.650002|77.269997|77.790001|3949400|0.9855673857|76.667282
2025-11-20|389|AMP|456.119995|460.000000|441.250000|441.630005|706600|0.9903313094|437.360016
2025-11-20|390|ICE|153.649994|154.679993|151.130005|151.660004|4304300|0.9901381914|150.164352
2025-11-20|391|PSKY|15.580000|16.299999|15.520000|15.680000|8946300|0.9863259572|15.465591
2025-11-20|392|LYV|130.580002|132.270004|128.389999|129.009995|3235600|1.0000000000|129.009995
2025-11-20|393|CMG|30.930000|31.790001|30.309999|30.350000|21402600|1.0000000000|30.350000
2025-11-20|394|UAL|93.250000|94.449997|89.820000|90.050003|5552700|1.0000000000|90.050003
2025-11-20|395|TDG|1352.900024|1364.160034|1321.329956|1327.869995|266000|1.0000000000|1327.869995
2025-11-20|396|MA|533.289978|538.460022|527.179993|527.880005|3240300|0.9951190330|525.303467
2025-11-20|397|LDOS|191.250000|193.000000|185.360001|185.660004|808600|0.9917626624|184.130661
2025-11-20|398|FSLR|258.040009|264.790009|244.220001|245.839996|2300700|1.0000000000|245.839996
2025-11-20|399|BR|227.270004|229.229996|225.550003|227.119995|999500|0.9836780236|223.412964
2025-11-20|400|SMCI|35.529999|35.540001|31.450001|31.559999|37801500|1.0000000000|31.559999
2025-11-20|401|TMUS|211.320007|212.320007|209.889999|210.509995|5259300|0.9849640725|206.154968
2025-11-20|402|DAL|57.720001|58.240002|55.689999|55.970001|6229000|0.9922015511|55.533524
2025-11-20|403|IBKR|66.250000|67.330002|61.270000|61.560001|5978600|0.9966884542|61.356140
2025-11-20|404|PODD|347.250000|354.880005|312.059998|312.890015|1801400|1.0000000000|312.890015
2025-11-20|405|TEL|238.500000|239.360001|213.880005|214.490005|4106700|0.9892434805|212.182831
2025-11-20|406|BX|141.000000|142.059998|137.660004|138.419998|5503400|0.9695455041|134.204483
2025-11-20|407|LULU|166.130005|170.500000|164.509995|164.690002|2911400|1.0000000000|164.690002
2025-11-20|408|ULTA|499.940002|507.000000|496.079987|496.440002|510400|1.0000000000|496.440002
2025-11-20|409|MSCI|564.960022|568.630005|558.700012|560.080017|572300|0.9889531620|553.892883
2025-11-20|410|ECHO|70.589996|70.800003|66.720001|67.230003|2548300|1.0000000000|67.230003
2025-11-20|411|PM|155.570007|156.289993|154.130005|155.649994|4021200|0.9741176592|151.621399
2025-11-20|412|V|324.119995|328.399994|323.140015|323.769989|6510300|0.9940309283|321.837372
2025-11-20|413|AWK|127.309998|128.320007|125.910004|128.130005|2059300|0.9796942856|125.528236
2025-11-20|414|KDP|26.860001|27.309999|26.840000|27.209999|14598000|0.9761522236|26.561102
2025-11-20|415|SW|33.840000|34.020000|32.729000|32.790001|5284800|0.9711821711|31.845064
2025-11-20|416|AVGO|366.000000|376.079987|345.179993|346.820007|28867000|0.9944270811|344.887177
2025-11-20|417|VRSK|224.800003|225.919998|220.970001|221.880005|1628300|0.9927002374|220.260330
2025-11-20|418|DG|100.190002|101.419998|99.720001|100.290001|2458200|0.9860246787|98.888420
2025-11-20|419|FTNT|80.500000|81.209999|77.790001|78.040001|5994200|1.0000000000|78.040001
2025-11-20|420|CHTR|195.729996|198.990005|193.000000|194.710007|1669700|1.0000000000|194.710007
2025-11-20|421|FERG|239.300003|241.009995|231.380005|231.690002|1601200|0.9848254111|228.174194
2025-11-20|422|GNRC|152.199997|155.000000|139.800003|140.220001|1327700|1.0000000000|140.220001
2025-11-20|423|LYB|42.889999|43.799999|42.490002|42.549999|5506400|0.9407211657|40.027679
2025-11-20|424|CBOE|254.289993|255.830002|252.330002|255.320007|736300|0.9954503651|254.158386
2025-11-20|425|TSLA|414.630005|428.940002|394.739990|395.230011|113548800|1.0000000000|395.230011
2025-11-20|426|KKR|119.860001|121.639999|114.300003|114.410004|5748000|0.9943370554|113.762100
2025-11-20|427|NXPI|192.169998|194.169998|183.000000|184.190002|3426800|0.9870653625|181.807571
2025-11-20|428|GM|68.940002|69.889999|67.779999|68.040001|9385200|0.9934966717|67.597519
2025-11-20|429|TRGP|171.800003|174.860001|168.470001|170.199997|2246800|0.9854533185|167.724152
2025-11-20|430|CPAY|279.329987|284.899994|276.820007|277.299988|632600|1.0000000000|277.299988
2025-11-20|431|KMI|26.980000|27.370001|26.700001|26.719999|19024600|0.9722301462|25.977989
2025-11-20|432|HCA|482.000000|485.739990|476.000000|476.279999|1149700|0.9950375716|473.916473
2025-11-20|433|HII|315.440002|319.899994|301.320007|301.829987|533300|0.9882397967|296.895782
2025-11-20|434|APO|131.820007|132.679993|126.690002|126.760002|3965700|0.9875780044|125.185387
2025-11-20|435|MPC|195.619995|197.960007|187.419998|187.869995|2983600|0.9885237030|185.713928
2025-11-20|436|XYL|140.490005|140.949997|137.899994|138.039993|1520800|0.9861759388|136.131714
2025-11-20|437|APTV|73.050003|74.180000|69.629997|70.279999|3310600|1.0000000000|70.279999
2025-11-20|438|PSX|134.820007|137.009995|131.949997|131.990005|2155100|0.9794981865|129.283966
2025-11-20|439|AMCR|8.430000|8.510000|8.360000|8.360000|19932600|4.8543684849|40.582520
2025-11-20|440|META|603.500000|606.719971|583.349976|589.150024|20603000|0.9974059053|587.621704
2025-11-20|441|NOW|830.500031|831.689987|797.279968|800.459976|1619100|0.2000000000|160.091995
2025-11-20|442|PANW|198.130005|199.690002|183.199997|185.070007|16079000|1.0000000000|185.070007
2025-11-20|443|FANG|149.410004|154.490005|146.110001|146.250000|1963100|0.9832059760|143.793884
2025-11-20|444|WDAY|225.139999|227.940002|216.570007|216.809998|3297200|1.0000000000|216.809998
2025-11-20|445|ABBV|233.259995|234.949997|228.000000|229.449997|4283600|0.9769027438|224.150345
2025-11-20|446|NCLH|18.000000|18.360001|17.469999|17.500000|15223000|1.0000000000|17.500000
2025-11-20|447|ZTS|117.400002|118.430000|115.709999|115.889999|3961000|0.9845723480|114.102089
2025-11-20|448|IQV|219.270004|222.000000|216.050003|217.110001|980600|1.0000000000|217.110001
2025-11-20|449|NWS|28.610001|28.780001|27.920000|27.980000|755900|0.9963262306|27.877207
2025-11-20|450|NWSA|25.200001|25.459999|24.780001|24.799999|4204400|0.9958385353|24.696795
2025-11-20|451|CDW|141.660004|142.149994|135.919998|136.639999|1427300|0.9800438553|133.913193
2025-11-20|452|VEEV|275.000000|277.609985|269.299988|270.500000|1779600|1.0000000000|270.500000
2025-11-20|453|ALLE|162.029999|163.580002|158.740005|159.449997|923300|0.9921390873|158.196579
2025-11-20|454|HLT|268.010010|269.989990|263.950012|264.320007|1108400|0.9980421657|263.802521
2025-11-20|455|ARES|147.740005|150.098999|143.320007|144.309998|1079100|0.9704279397|140.042450
2025-11-20|456|ANET|129.889999|131.789993|118.900002|119.589996|12642000|1.0000000000|119.589996
2025-11-20|457|SYF|73.970001|75.279999|72.169998|72.250000|5452200|0.9876561264|71.358154
2025-11-20|458|CFG|51.799999|52.660000|50.610001|50.700001|4184100|0.9795741096|49.664410
2025-11-20|459|KEYS|178.210007|179.570007|168.970001|169.669998|1199600|1.0000000000|169.669998
2025-11-20|460|GDDY|125.839996|126.620003|123.389999|124.230003|1327000|1.0000000000|124.230003
2025-11-20|461|KHC|24.940001|25.219999|24.860001|24.980000|14973300|0.9508904028|23.753241
2025-11-20|462|PYPL|60.575001|60.715000|58.000000|58.105000|21059300|0.9937057617|57.739273
2025-11-20|463|LITE|280.000000|282.660004|229.585007|233.240005|7680900|1.0000000000|233.240005
2025-11-20|464|HPE|21.120001|21.309999|19.924999|20.020000|24343600|0.9847720717|19.715137
2025-11-20|465|XYZ|64.309998|65.620003|61.830002|61.950001|17531000|1.0000000000|61.950001
2025-11-20|466|FTV|50.910000|51.660000|50.369999|50.840000|3644500|0.9968000114|50.677315
2025-11-20|467|DELL|123.650002|125.680000|116.750000|117.400002|8855000|0.9909355870|116.335838
2025-11-20|468|TTD|40.735001|41.146000|38.279999|38.349998|14808900|1.0000000000|38.349998
2025-11-20|469|VST|184.820007|189.289993|173.130005|173.789993|4271500|0.9958526400|173.069229
2025-11-20|470|HWM|206.720001|207.850006|197.570007|197.919998|2487100|0.9985047767|197.624069
2025-11-20|471|INVH|27.600000|28.059999|27.549999|27.950001|6194700|0.9672165501|27.033705
2025-11-20|472|CVNA|335.805016|340.789986|309.300003|313.250008|3267400|0.2000000000|62.650002
2025-11-20|473|IR|73.309998|75.554001|73.309998|74.540001|4222900|0.9992655835|74.485260
2025-11-20|474|VICI|29.290001|29.410999|28.750000|28.799999|17181400|0.9523421134|27.427454
2025-11-20|475|VRT|176.919998|180.875000|158.080002|159.610001|10076100|0.9991812568|159.479324
2025-11-20|476|MRNA|24.450001|24.910000|22.320000|22.360001|18620800|1.0000000000|22.360001
2025-11-20|477|FOXA|65.379997|65.790001|64.730003|65.139999|2670700|0.9951185496|64.822021
2025-11-20|478|FOX|58.619999|59.389999|58.349998|58.650002|1013400|0.9946544484|58.336487
2025-11-20|479|DOW|21.445000|21.754999|20.930000|20.950001|12657200|0.9640247460|20.196320
2025-11-20|480|UBER|90.199997|90.540001|82.940002|83.360001|41734000|1.0000000000|83.360001
2025-11-20|481|CTVA|65.019997|65.959999|64.195000|64.379997|5939400|0.9928033602|63.916676
2025-11-20|482|CRWD|532.559998|539.320007|500.130005|501.309998|2483100|0.2500000000|125.327499
2025-11-20|483|DDOG|174.410004|175.460007|158.850006|159.570007|8715500|1.0000000000|159.570007
2025-11-20|484|CARR|51.500000|51.990002|50.299999|50.360001|6400900|0.9886394999|49.787888
2025-11-20|485|OTIS|87.035004|87.510002|86.400002|86.860001|2159900|0.9834662418|85.423882
2025-11-20|486|PLTR|172.070007|174.570007|154.395004|155.744995|78443900|1.0000000000|155.744995
2025-11-20|487|DASH|203.250000|203.610001|186.830002|187.729996|14574500|1.0000000000|187.729996
2025-11-20|488|ABNB|114.510002|115.139999|110.809998|111.540001|7206700|1.0000000000|111.540001
2025-11-20|489|EXE|117.680000|121.190002|114.364998|114.500000|3671900|0.9826864450|112.517601
2025-11-20|490|COIN|259.980011|263.630005|236.000000|238.160004|15524200|1.0000000000|238.160004
2025-11-20|491|APP|554.250000|562.559998|519.200012|520.820007|4432600|1.0000000000|520.820007
2025-11-20|492|HOOD|121.629997|122.629997|105.235001|106.209999|42907300|1.0000000000|106.209999
2025-11-20|493|CEG|368.250000|379.200012|345.000000|345.779999|4415000|0.9955820742|344.252350
2025-11-20|494|GEHC|73.129997|75.349998|73.040001|74.750000|8322400|0.9985528329|74.641823
2025-11-20|495|KVUE|16.120001|16.445999|16.070000|16.150000|27266900|0.9661066365|15.602621
2025-11-20|496|VLTO|98.830002|99.309998|97.070000|97.290001|1565200|0.9957401186|96.875557
2025-11-20|497|RDDT|192.955002|195.479996|178.244995|181.880005|5161300|1.0000000000|181.880005
2025-11-20|498|SOLV|78.150002|81.635002|78.000000|79.510002|1879600|1.0000000000|79.510002
2025-11-20|499|GEV|607.200012|628.010010|557.690002|558.030029|4874600|0.9981503345|556.997925
2025-11-20|500|SNDK|252.169998|254.600006|192.619995|195.960007|26590900|1.0000000000|195.960007
2025-11-20|501|Q|82.010002|83.500000|74.500000|74.900002|3072500|0.9980995006|74.757660
