date|security_id|ticker|open|high|low|close|volume|adj_factor|adj_close_vendor
2025-11-26|1|AEP|121.800003|122.800003|121.800003|122.720001|2681100|0.9775591772|119.966057
2025-11-26|2|BA|184.000000|188.179993|183.029999|186.919998|7644500|1.0000000000|186.919998
2025-11-26|3|CAT|566.609985|574.880005|566.020020|573.729980|1995100|0.9939261318|570.245239
2025-11-26|4|CNP|39.480000|39.990002|39.480000|39.950001|2629600|0.9832236217|39.279781
2025-11-26|5|CVX|148.259995|150.460007|148.199997|149.509995|7578900|0.9728341284|145.448425
2025-11-26|6|DIS|103.320000|104.250000|102.879997|103.430000|10130200|0.9857264957|101.953697
2025-11-26|7|DTE|136.330002|137.210007|135.910004|136.779999|1048600|0.9755422782|133.434662
2025-11-26|8|ED|99.220001|100.290001|98.849998|100.139999|1305700|0.9759585897|97.732506
2025-11-26|9|GD|341.140015|342.299988|338.790009|340.040009|693400|0.9869830633|335.613739
2025-11-26|10|GE|295.209991|298.609985|293.459991|296.619995|4113700|0.9961629631|295.481842
2025-11-26|11|HON|192.290001|192.290001|189.950000|189.989996|3120900|1.0347776740|196.597412
2025-11-26|12|HPQ|24.100000|24.580000|23.500000|23.980000|22163300|0.9607551428|23.038906
2025-11-26|13|IBM|305.179993|306.600006|301.640015|303.209991|2196400|0.9800357773|297.156616
2025-11-26|14|IP|39.029999|39.450001|38.669998|39.360001|3301200|0.9645837619|37.966019
2025-11-26|15|JNJ|206.490005|207.809998|205.940002|207.559998|6729000|0.9841702191|204.274368
2025-11-26|16|KO|72.599998|73.089996|72.389999|72.879997|11795100|0.9799171123|71.416367
2025-11-26|17|KR|66.220001|67.470001|66.150002|67.029999|5379700|0.9830507535|65.893890
2025-11-26|18|LMT|453.299988|457.260010|452.980011|454.160004|1299800|0.9808408602|445.458679
2025-11-26|19|MMM|171.110001|172.369995|170.679993|170.800003|2031600|0.9860940463|168.424881
2025-11-26|20|MO|58.500000|58.900002|58.400002|58.689999|5909700|0.9516126626|55.850147
2025-11-26|21|MRK|104.599998|105.750000|104.199997|104.629997|12624000|0.9772081263|102.245277
2025-11-26|22|MSI|372.399994|373.420013|368.730011|369.500000|1670200|0.9910852927|366.206024
2025-11-26|23|PG|147.919998|148.970001|147.610001|148.250000|9238500|0.9782265339|145.022079
2025-11-26|24|XOM|114.410004|115.739998|114.309998|114.769997|11650600|0.9803338832|112.512917
2025-11-26|25|RTX|172.559998|174.029999|172.020004|173.190002|3564400|0.9892687733|171.331467
2025-11-26|26|MCD|311.570007|312.869995|309.720001|312.399994|2786600|0.9818538696|306.731140
2025-11-26|27|AXP|362.709991|366.730011|362.709991|363.970001|1679900|0.9919237847|361.030518
2025-11-26|28|BMY|49.020000|49.500000|48.799999|49.250000|11373500|0.9673144843|47.640240
2025-11-26|29|DD|38.820000|39.560000|38.779999|39.440000|4048500|2.9611069891|116.786064
2025-11-26|30|DE|477.130005|487.820007|469.410004|469.869995|5473600|0.9910776808|465.677704
2025-11-26|31|EMR|131.520004|132.380005|130.820007|131.440002|1484500|0.9888087280|129.969009
2025-11-26|32|ETN|338.549988|344.600006|337.179993|341.690002|2474500|0.9917042798|338.855438
2025-11-26|33|ETR|95.930000|96.860001|95.540001|96.550003|1902100|0.9822109154|94.832466
2025-11-26|34|F|13.170000|13.260000|13.120000|13.190000|44942200|0.9665034086|12.748178
2025-11-26|35|HAL|25.790001|26.120001|25.590000|25.790001|7935700|0.9847026012|25.395481
2025-11-26|36|LLY|1102.000000|1111.989990|1098.099976|1104.339966|3093700|0.9951920486|1099.030396
2025-11-26|37|PCG|15.890000|16.100000|15.770000|16.010000|24983100|0.9911560857|15.868408
2025-11-26|38|PEP|146.320007|148.470001|146.229996|147.979996|5180600|0.9713251717|143.736694
2025-11-26|39|PFE|25.700001|25.809999|25.580000|25.709999|33461000|0.9509184966|24.448112
2025-11-26|40|TXN|162.320007|167.039993|162.050003|165.350006|7346300|0.9834571490|162.614639
2025-11-26|41|WFC|85.419998|86.389999|85.129997|85.559998|9304300|0.9838041369|84.174278
2025-11-26|42|HUBB|429.910004|433.459991|428.320007|428.470001|325525|0.9910077151|424.617096
2025-11-26|43|WMT|107.199997|109.589996|107.169998|109.099998|17783300|0.9916508097|108.189095
2025-11-26|44|AIG|75.440002|76.459999|75.290001|76.040001|3134100|0.9824236525|74.703491
2025-11-26|45|AVY|169.860001|172.979996|169.860001|172.220001|635900|0.9833361967|169.350174
2025-11-26|46|BAC|52.700001|53.250000|52.549999|52.990002|32045600|0.9841245494|52.148766
2025-11-26|47|BALL|49.160000|49.759998|48.950001|49.630001|1501700|0.9893620930|49.102043
2025-11-26|48|BDX|195.079996|195.780007|193.330006|193.899995|1243800|0.7715067098|149.595154
2025-11-26|49|CLX|106.379997|108.180000|106.379997|107.750000|1633000|0.9654541242|104.027679
2025-11-26|50|CMI|493.709991|499.869995|492.220001|497.109985|595900|0.9898444823|492.061554
2025-11-26|51|CMS|74.959999|75.309998|74.720001|75.269997|1726600|0.9770377822|73.541626
2025-11-26|52|CVS|78.790001|80.599998|78.290001|79.860001|7976100|0.9771601786|78.036011
2025-11-26|53|ECL|273.179993|276.119995|272.420013|274.989990|1281400|0.9918356453|272.744873
2025-11-26|54|ES|66.169998|66.779999|65.980003|66.699997|1544000|0.9670826030|64.504410
2025-11-26|55|EVRG|76.739998|77.379997|76.699997|77.110001|1399700|0.9752573788|75.202103
2025-11-26|56|GWW|938.109985|949.609985|933.530029|945.099976|221200|0.9941570385|939.577698
2025-11-26|57|LNT|68.680000|69.309998|68.599998|69.180000|1578700|0.9771332386|67.598076
2025-11-26|58|MKC|66.930000|67.610001|66.800003|67.300003|1605900|0.9754240070|65.646042
2025-11-26|59|MRSH|182.039993|183.050003|181.059998|182.699997|2275600|0.9842873682|179.829315
2025-11-26|60|NEE|85.250000|85.690002|84.690002|85.540001|6550600|0.9860055271|83.713402
2025-11-26|61|NI|43.279999|43.810001|43.189999|43.759998|2770700|0.9804324438|42.903725
2025-11-26|62|PNW|89.739998|90.720001|89.739998|90.589996|707000|0.9727255046|88.119194
2025-11-26|63|RVTY|104.500000|105.889999|103.720001|104.660004|1433600|0.9979858512|104.449203
2025-11-26|64|SNA|339.299988|342.519989|339.299988|340.559998|231400|0.9808470667|334.037262
2025-11-26|65|SPGI|491.659995|498.460014|490.000014|495.610004|1041700|0.9395781501|465.664307
2025-11-26|66|TER|169.619995|180.889999|168.809998|179.380005|3744500|0.9992046578|179.237350
2025-11-26|67|TGT|86.680000|90.230003|86.610001|89.800003|7927600|0.9731968404|87.393082
2025-11-26|68|TXT|83.129997|83.699997|82.949997|83.040001|905400|0.9993380469|82.985031
2025-11-26|69|VMC|292.179993|296.609985|292.059998|295.079987|718600|0.9942812010|293.392487
2025-11-26|70|XEL|80.699997|81.370003|80.660004|81.250000|2850700|0.9776860259|79.436989
2025-11-26|71|ITW|247.119995|250.520004|246.020004|248.990005|725700|0.9813941046|244.357315
2025-11-26|72|CL|79.480003|80.300003|79.309998|80.040001|4049300|0.9821445459|78.610847
2025-11-26|73|EXC|45.930000|46.619999|45.930000|46.570000|5576200|0.9822723358|45.744423
2025-11-26|74|MDT|105.059998|106.330002|104.699997|105.019997|5249600|0.9758565703|102.484459
2025-11-26|75|BNY|109.599998|112.019997|109.269997|111.389999|3075100|0.9877222173|110.022385
2025-11-26|76|EIX|59.090000|59.810001|58.799999|59.110001|2506500|0.9623086217|56.882069
2025-11-26|77|FRT|98.050003|99.180000|98.050003|98.570000|548700|0.9693143333|95.545311
2025-11-26|78|PNR|105.529999|106.910004|104.910004|106.080002|1080400|0.9901423720|105.034309
2025-11-26|79|USB|48.919998|49.299999|48.740002|48.950001|4452700|0.9719845662|47.578648
2025-11-26|80|WY|22.010000|22.520000|22.010000|22.260000|5439500|0.9737086273|21.674753
2025-11-26|81|SYY|75.849998|76.480003|75.699997|75.900002|3219600|0.9787571978|74.287674
2025-11-26|82|WRB|78.150002|78.400002|77.639999|77.639999|1191800|0.9742469050|75.640533
2025-11-26|83|IFF|68.739998|70.010002|68.650002|69.779999|1351800|0.9828526607|68.583466
2025-11-26|84|TAP|46.290001|47.099998|46.200001|46.610001|2860000|0.9680101781|44.599102
2025-11-26|85|PNC|192.339996|194.089996|191.820007|191.880005|1516900|0.9770281499|187.472153
2025-11-26|86|TRV|294.070007|296.070007|293.769989|294.519989|1094700|0.9883140678|291.078278
2025-11-26|87|C|101.720001|103.300003|101.459999|102.500000|11384100|0.9851223482|100.975037
2025-11-26|88|FDX|274.300008|276.599994|272.599996|275.829993|1024400|0.7954691757|219.414276
2025-11-26|89|WDC|156.979996|161.309998|156.360001|157.740005|4853800|0.9984583045|157.496811
2025-11-26|90|DHR|229.570007|230.949997|227.470001|228.460007|4135300|0.9944303518|227.187546
2025-11-26|91|APA|24.170000|25.049999|24.120001|24.670000|5179300|0.9771167223|24.105469
2025-11-26|92|LUV|34.360001|35.389999|34.230000|35.060001|4766200|0.9870678085|34.606598
2025-11-26|93|PEG|82.269997|83.669998|82.239998|83.250000|1529200|0.9756675447|81.224319
2025-11-26|94|UNP|229.000000|231.830002|228.429993|230.660004|3233700|0.9839040791|226.947311
2025-11-26|95|ABT|128.080002|129.020004|127.019997|128.539993|5473800|0.9817546722|126.194748
2025-11-26|96|ADI|255.220001|260.739990|252.919998|257.920013|5253100|0.9906566026|255.510178
2025-11-26|97|ADM|59.549999|61.049999|59.549999|60.549999|2159200|0.9797994474|59.326859
2025-11-26|98|ADP|256.980011|257.399994|254.059998|254.330002|1711800|0.9780151607|248.738602
2025-11-26|99|AFL|111.459999|111.620003|110.540001|110.550003|1825300|0.9846316611|108.851036
2025-11-26|100|AMAT|242.830002|252.660004|242.830002|249.970001|8791100|0.9964487658|249.082306
2025-11-26|101|AMD|210.050003|215.589996|207.000000|214.240005|43270200|1.0000000000|214.240005
2025-11-26|102|APD|258.299988|260.829987|257.570007|258.959991|725700|0.9804771664|253.904388
2025-11-26|103|BF-B|28.690001|29.090000|28.639999|28.639999|3232900|0.9746521115|27.914036
2025-11-26|104|CHD|83.720001|84.860001|83.570000|84.550003|1906600|0.9906552793|83.759895
2025-11-26|105|CINF|168.259995|169.860001|167.960007|168.479996|718000|0.9835715596|165.712143
2025-11-26|106|CMCSA|26.770000|26.800000|26.500000|26.569999|24225500|0.9033911576|24.003101
2025-11-26|107|D|61.849998|62.630001|61.650002|62.540001|3669800|0.9687101350|60.583130
2025-11-26|108|DOV|185.720001|187.350006|185.089996|186.190002|768000|0.9924896872|184.791656
2025-11-26|109|DUK|122.410004|123.599998|121.949997|123.430000|3374400|0.9744921325|120.281570
2025-11-26|110|EFX|213.410004|215.869995|212.679993|212.699997|1542400|0.9938812654|211.398544
2025-11-26|111|EQT|57.369999|59.340000|57.250000|59.000000|5671300|0.9912778241|58.485390
2025-11-26|112|FITB|43.180000|43.689999|43.110001|43.330002|4115900|0.9757841433|42.280727
2025-11-26|113|GIS|47.029999|47.389999|46.810001|47.169998|3880600|0.9532424984|44.964447
2025-11-26|114|GPC|128.539993|130.250000|128.399994|129.860001|1103600|0.9724963604|126.288368
2025-11-26|115|HAS|81.559998|83.400002|81.000000|82.669998|1711100|0.9777483232|80.830452
2025-11-26|116|HBAN|16.129999|16.370001|16.129999|16.270000|33297800|0.9725023795|15.822615
2025-11-26|117|HRL|23.040001|23.260000|23.010000|23.230000|3109900|0.9619905057|22.347040
2025-11-26|118|HST|17.799999|17.920000|17.709999|17.740000|4808300|0.9346875076|16.581356
2025-11-26|119|HSY|188.389999|189.050003|187.039993|188.199997|1061900|0.9782056212|184.098297
2025-11-26|120|INTC|36.200001|37.240002|36.130001|36.810001|54563400|1.0000000000|36.810001
2025-11-26|121|J|134.949997|136.699997|134.800003|135.860001|1238100|0.9894584622|134.427841
2025-11-26|122|JPM|305.000000|308.529999|303.200012|307.640015|7910900|0.9859988977|303.332703
2025-11-26|123|KMB|106.400002|109.800003|106.129997|108.290001|7267300|0.9627154389|104.252457
2025-11-26|124|L|107.750000|109.059998|107.750000|108.260002|689700|0.9982870407|108.074562
2025-11-26|125|LEN|131.199997|132.929993|130.570007|131.279999|14129600|0.9844362452|129.236786
2025-11-26|126|LOW|237.500000|243.050003|236.649994|241.610001|2303300|0.9846876283|237.910370
2025-11-26|127|MAS|62.970001|64.889999|62.880001|64.419998|2880400|0.9866652888|63.560974
2025-11-26|128|MTB|190.869995|192.330002|190.169998|190.240005|649900|0.9784172563|186.134094
2025-11-26|129|NEM|87.199997|90.900002|87.169998|90.519997|7259100|0.9956554334|90.126732
2025-11-26|130|NTRS|130.110001|132.169998|129.779999|131.369995|626300|0.9838837164|129.252808
2025-11-26|131|NUE|156.250000|159.419998|155.979996|159.130005|1077900|0.9907811186|157.662994
2025-11-26|132|OMC|72.599998|73.680000|71.209999|71.500000|11208700|0.9700503706|69.358597
2025-11-26|133|PCAR|104.650002|105.690002|104.139999|104.949997|2205500|0.9792369323|102.770912
2025-11-26|134|PGR|226.559998|229.839996|225.889999|229.149994|2824200|0.9393741219|215.257568
2025-11-26|135|PH|852.419983|866.570007|847.020020|861.489990|642000|0.9958887879|857.948181
2025-11-26|136|PHM|125.290001|127.940002|125.269997|127.589996|1429100|0.9937132889|126.787872
2025-11-26|137|PPG|99.370003|100.750000|99.250000|99.889999|1400100|0.9817392581|98.065933
2025-11-26|138|PPL|36.549999|36.790001|36.450001|36.709999|5127100|0.9766950417|35.854477
2025-11-26|139|RF|25.370001|25.680000|25.309999|25.450001|10417500|0.9708879210|24.709101
2025-11-26|140|ROL|61.480000|61.700001|61.189999|61.500000|1927000|0.9887685295|60.809265
2025-11-26|141|SHW|341.260010|344.839996|339.970001|343.390015|1174300|0.9929181711|340.958191
2025-11-26|142|STT|116.300003|118.440002|116.139999|117.660004|1051700|0.9820070009|115.542946
2025-11-26|143|SWK|69.930000|72.199997|69.580002|71.830002|1706900|0.9672078260|69.474533
2025-11-26|144|SYK|376.450012|376.450012|370.399994|372.290009|2021100|0.9921744259|369.376648
2025-11-26|145|TMO|593.429993|596.549988|587.190002|593.250000|2059900|0.9972620730|591.625671
2025-11-26|146|TPL|865.999969|876.549957|859.999969|862.909973|89200|0.3318281124|286.337799
2025-11-26|147|TSN|57.189999|58.230000|57.150002|57.910000|2527800|0.9750492370|56.465099
2025-11-26|148|TT|417.829987|422.859985|417.239990|419.640015|930600|0.9953350758|417.682404
2025-11-26|149|TYL|467.880005|473.309998|465.149994|465.959991|257400|1.0000000000|465.959991
2025-11-26|150|UDR|35.889999|36.310001|35.880001|36.090000|2253300|0.9688744575|34.966675
2025-11-26|151|VTRS|10.600000|10.710000|10.490000|10.640000|6559600|0.9769695342|10.394957
2025-11-26|152|WEC|111.620003|112.410004|111.489998|112.239998|1324900|0.9747231440|109.402916
2025-11-26|153|WST|278.390015|281.799988|274.880005|277.140015|441100|0.9976812219|276.497406
2025-11-26|154|NDSN|237.550003|240.179993|235.759995|238.000000|296700|0.9906696357|235.779373
2025-11-26|155|TFC|46.220001|46.660000|46.220001|46.240002|5988200|0.9700498779|44.855106
2025-11-26|156|WELL|204.500000|207.009995|202.720001|206.250000|2292100|0.9893392873|204.051239
2025-11-26|157|AON|351.489990|353.450012|349.769989|352.609985|654700|0.9951005240|350.882385
2025-11-26|158|GL|135.940002|136.449997|134.800003|134.869995|557800|0.9938835716|134.045074
2025-11-26|159|OKE|70.959999|72.110001|70.940002|71.510002|4007000|0.9633206765|68.887062
2025-11-26|160|KLAC|1157.750015|1167.269974|1144.869995|1159.069977|1125700|0.0996303139|115.478500
2025-11-26|161|CSX|34.889999|35.549999|34.810001|35.299999|10105700|0.9900119853|34.947418
2025-11-26|162|PSA|271.190002|275.670013|271.019989|274.209991|922800|0.9701110817|266.014160
2025-11-26|163|NKE|63.500000|64.870003|62.970001|64.330002|13791000|0.9783499344|62.937252
2025-11-26|164|AAPL|276.959991|279.529999|276.630005|277.549988|33431400|0.9972854026|276.796600
2025-11-26|165|BRO|80.580002|81.320000|80.050003|80.449997|1365300|0.9924932219|79.846077
2025-11-26|166|UHS|243.029999|246.330002|243.029999|244.179993|425300|0.9968342486|243.406967
2025-11-26|167|HD|350.260010|357.329987|349.000000|355.470001|4517300|0.9796274407|348.228180
2025-11-26|168|BAX|18.590000|18.950001|18.530001|18.910000|7170000|0.9984613291|18.873623
2025-11-26|169|COP|86.449997|87.639999|86.400002|87.089996|5066000|0.9784321345|85.211655
2025-11-26|170|GLW|83.620003|84.349998|82.820000|83.599998|3515900|0.9966096046|83.316566
2025-11-26|171|HUM|237.639999|246.169998|235.559998|245.990005|1993500|0.9892166205|243.337402
2025-11-26|172|LHX|276.959991|277.929993|275.559998|276.140015|856900|0.9925076273|274.071075
2025-11-26|173|NOC|569.609985|582.599976|567.080017|567.109985|445800|0.9884333448|560.550354
2025-11-26|174|OXY|41.389999|42.009998|41.330002|41.419998|7116400|0.9849760250|40.797703
2025-11-26|175|ROK|391.880005|397.559998|390.980011|393.989990|895800|0.9904239689|390.217133
2025-11-26|176|SLB|35.750000|36.049999|35.290001|35.660000|9754200|0.9812007073|34.989616
2025-11-26|177|SO|89.739998|90.400002|89.540001|90.239998|3490300|0.9759995454|88.074196
2025-11-26|178|WMB|59.689999|60.669998|59.419998|60.220001|5095600|0.9774919343|58.864563
2025-11-26|179|VLO|174.000000|176.449997|174.000000|174.470001|1759900|0.9854130966|171.925018
2025-11-26|180|CI|278.200012|280.589996|276.000000|278.350006|1103100|0.9832673314|273.692474
2025-11-26|181|NSC|289.059998|291.570007|288.769989|290.029999|951200|0.9874047136|286.376984
2025-11-26|182|COO|77.919998|78.690002|77.489998|77.940002|3789600|1.0000000000|77.940002
2025-11-26|183|AMGN|341.529999|345.029999|340.000000|344.570007|2333100|0.9799483831|337.660828
2025-11-26|184|RJF|154.910004|156.809998|154.539993|155.750000|769600|0.9893936166|154.098053
2025-11-26|185|WSM|179.580002|184.020004|179.580002|181.119995|968900|0.9895967846|179.235779
2025-11-26|186|CAH|213.699997|214.929993|212.539993|213.139999|1808700|0.9929397050|211.635162
2025-11-26|187|CTAS|183.119995|185.679993|182.850006|184.600006|1779800|0.9924218382|183.201096
2025-11-26|188|PAYX|111.809998|112.029999|111.019997|111.410004|2203500|0.9670710940|107.741402
2025-11-26|189|BEN|22.309999|22.610001|22.299999|22.520000|3698100|0.9625940231|21.677618
2025-11-26|190|AOS|65.180000|66.489998|65.180000|66.330002|2339100|0.9834989125|65.235481
2025-11-26|191|CASY|565.630005|572.750000|563.510010|571.179993|245500|0.9976268719|569.824524
2025-11-26|192|T|25.830000|26.070000|25.799999|25.820000|27713000|0.9652496452|24.922747
2025-11-26|193|VZ|40.590000|40.970001|40.560001|40.880001|15186100|0.9521495225|38.923874
2025-11-26|194|JBHT|171.600006|175.580002|171.210007|173.399994|852100|0.9944705560|172.441193
2025-11-26|195|ATO|173.309998|176.020004|173.210007|175.740005|715200|0.9829545502|172.744431
2025-11-26|196|LRCX|152.970001|156.970001|152.500000|155.139999|8398100|0.9964597456|154.590775
2025-11-26|197|MU|229.619995|233.830002|226.000000|230.259995|17817600|0.9990228227|230.034973
2025-11-26|198|AJG|250.570007|252.000000|247.800003|248.520004|1011000|0.9910126646|246.286469
2025-11-26|199|AME|196.949997|197.899994|196.250000|196.279999|1677900|0.9953689352|195.371033
2025-11-26|200|SWKS|63.599998|66.360001|63.599998|65.339996|2966600|0.9796110161|64.007774
2025-11-26|201|EXPD|146.729996|147.940002|146.500000|147.360001|1318500|0.9896583057|145.836060
2025-11-26|202|UNH|326.589996|335.190002|325.890015|329.709991|5504200|0.9800610506|323.135925
2025-11-26|203|BBY|80.660004|83.669998|80.589996|80.980003|5607900|0.9593973356|77.692001
2025-11-26|204|DOC|18.049999|18.350000|18.020000|18.219999|4694400|0.9513422733|17.333456
2025-11-26|205|ADSK|313.970001|320.000000|299.130005|301.380005|4686400|1.0000000000|301.380005
2025-11-26|206|DVN|35.849998|36.720001|35.779999|36.400002|7695300|0.9814598964|35.725140
2025-11-26|207|NVR|7435.939941|7593.799805|7435.939941|7566.669922|15000|1.0000000000|7566.669922
2025-11-26|208|ROST|176.229996|178.089996|175.470001|177.690002|2193800|0.9936631572|176.564011
2025-11-26|209|JKHY|173.630005|174.550003|173.089996|173.919998|540300|0.9886171552|171.940308
2025-11-26|210|MNST|74.870003|75.269997|74.599998|75.040001|3353600|0.5000000000|75.040001
2025-11-26|211|ORCL|209.500000|210.000000|202.240005|204.960007|26544100|0.9904465499|203.001938
2025-11-26|212|MSFT|486.309998|488.309998|481.200012|485.500000|25709100|0.9936958009|482.439301
2025-11-26|213|TROW|101.129997|102.349998|101.129997|102.089996|1401000|0.9618549978|98.195778
2025-11-26|214|COST|896.020020|912.000000|895.619995|908.260010|1936200|0.9956058515|904.268921
2025-11-26|215|ADBE|319.200012|321.670013|316.100006|317.519989|3025000|1.0000000000|317.519989
2025-11-26|216|FISV|60.840000|61.580002|60.599998|60.799999|7883200|1.0000000000|60.799999
2025-11-26|217|BKR|49.720001|50.349998|49.480000|49.529999|5567500|0.9892821118|48.999142
2025-11-26|218|CDNS|307.049988|308.179993|304.029999|306.350006|1396700|1.0000000000|306.350006
2025-11-26|219|TJX|152.990005|154.660004|151.949997|153.130005|4373600|0.9907991610|151.721054
2025-11-26|220|FICO|1817.930054|1835.000000|1793.790039|1797.270020|112500|1.0000000000|1797.270020
2025-11-26|221|CCL|25.930000|25.950001|25.430000|25.430000|30084200|0.9841845235|25.027811
2025-11-26|222|FAST|40.090000|40.450001|39.919998|40.299999|6343500|0.9838279433|39.648266
2025-11-26|223|SCHW|91.000000|92.370003|90.949997|91.800003|6697200|0.9901836685|90.898865
2025-11-26|224|JCI|114.690002|117.180000|114.550003|116.290001|3488400|0.9941759575|115.612724
2025-11-26|225|COHR|148.470001|156.169998|147.000000|154.000000|3664300|1.0000000000|154.000000
2025-11-26|226|KEY|18.370001|18.590000|18.320000|18.400000|10410100|0.9696888308|17.842272
2025-11-26|227|MOS|24.209999|24.410000|24.020000|24.260000|6621900|0.9727377902|23.598619
2025-11-26|228|MGM|34.119999|34.970001|34.049999|34.779999|4340700|1.0000000000|34.779999
2025-11-26|229|WM|216.809998|218.130005|215.830002|217.350006|1811300|0.9879218676|214.724823
2025-11-26|230|TECH|65.440002|65.739998|64.089996|64.629997|1472200|0.9957086055|64.352646
2025-11-26|231|IEX|173.020004|175.630005|172.570007|173.759995|406200|0.9895889092|171.950974
2025-11-26|232|GEN|26.700001|26.700001|26.190001|26.240000|2932500|0.9850474704|25.847645
2025-11-26|233|CRH|117.089996|120.089996|116.750000|119.660004|5111300|0.9889154582|118.333633
2025-11-26|234|EOG|105.599998|106.930000|105.470001|106.199997|2650300|0.9756845809|103.617706
2025-11-26|235|PTC|174.250000|174.380005|172.850006|173.460007|739200|1.0000000000|173.460007
2025-11-26|236|CSCO|76.459999|76.599998|75.339996|76.070000|15972600|0.9856294108|74.976830
2025-11-26|237|LH|268.010010|270.100006|266.500000|268.269989|605100|0.9947633093|266.294220
2025-11-26|238|TRMB|80.870003|82.070000|80.620003|81.269997|1024100|1.0000000000|81.269997
2025-11-26|239|AZO|3932.159912|3975.000000|3932.159912|3967.949951|67900|1.0000000000|3967.949951
2025-11-26|240|REGN|785.719971|790.979980|777.000000|784.609985|871700|0.9961457605|781.585876
2025-11-26|241|IDXX|767.809998|769.979980|753.609985|755.960022|426200|1.0000000000|755.960022
2025-11-26|242|AES|13.860000|14.020000|13.830000|13.910000|4373200|0.9646899783|13.418838
2025-11-26|243|VRTX|432.429993|433.320007|428.070007|432.170013|1152100|1.0000000000|432.170013
2025-11-26|244|ZBRA|248.509995|252.320007|248.210007|250.500000|507700|1.0000000000|250.500000
2025-11-26|245|BIIB|181.960007|183.929993|180.759995|181.940002|1482900|1.0000000000|181.940002
2025-11-26|246|ODFL|133.449997|136.139999|133.440002|134.910004|1460200|0.9953671039|134.284973
2025-11-26|247|APH|138.919998|139.440002|137.759995|138.720001|6443400|0.9946061744|137.971771
2025-11-26|248|KIM|20.629999|20.830000|20.600000|20.620001|3475700|0.9657396580|19.913553
2025-11-26|249|QCOM|164.119995|166.250000|163.149994|165.139999|7967700|0.9849314898|162.651566
2025-11-26|250|GILD|126.940002|128.160004|126.360001|127.510002|5825300|0.9813788839|125.135620
2025-11-26|251|ROP|445.739990|448.179993|443.730011|446.079987|532500|0.9929279129|442.925262
2025-11-26|252|SNPS|403.119995|411.640015|401.269989|409.679993|1603000|1.0000000000|409.679993
2025-11-26|253|STZ|131.869995|136.250000|131.740005|134.889999|2145300|0.9792322433|132.088654
2025-11-26|254|BSX|100.919998|101.690002|100.900002|100.959999|5310100|1.0000000000|100.959999
2025-11-26|255|STE|266.480011|268.600006|264.299988|266.850006|431600|0.9945039836|265.383423
2025-11-26|256|DHI|153.929993|157.470001|153.690002|156.759995|2571100|0.9911938574|155.379532
2025-11-26|257|LIN|407.500000|410.489990|407.029999|407.899994|2591500|0.9898650243|403.765930
2025-11-26|258|SBUX|85.500000|87.290001|85.500000|86.699997|7602600|0.9821606772|85.153328
2025-11-26|259|MS|166.979996|168.960007|165.869995|167.940002|4844200|0.9837860335|165.217041
2025-11-26|260|INTU|647.429993|651.880005|619.820007|629.130005|2283300|0.9906980199|623.277832
2025-11-26|261|MCHP|51.869999|53.360001|51.549999|52.570000|6266100|0.9832658267|51.690285
2025-11-26|262|CB|297.880005|299.480011|297.000000|297.899994|946500|0.9939554166|296.099304
2025-11-26|263|ORLY|101.500000|101.889999|101.010002|101.510002|4032700|1.0000000000|101.510002
2025-11-26|264|RCL|266.459991|268.859985|264.709991|265.709991|1517900|0.9862054091|262.044647
2025-11-26|265|JBL|203.779999|209.919998|203.500000|207.229996|877300|0.9992441666|207.073364
2025-11-26|266|ALL|212.600006|215.029999|212.550003|213.869995|1373500|0.9851043015|210.684235
2025-11-26|267|CPT|105.760002|106.980003|105.760002|106.029999|830400|0.9704206326|102.893700
2025-11-26|268|VMRK|60.889999|61.950001|60.840000|61.580002|2186600|0.9671264641|59.555653
2025-11-26|269|IT|234.880005|236.039993|230.880005|231.250000|637900|1.0000000000|231.250000
2025-11-26|270|DECK|85.029999|87.889999|84.599998|87.190002|3074400|1.0000000000|87.190002
2025-11-26|271|REG|70.830002|71.570000|70.639999|71.260002|1488000|0.9701425273|69.132362
2025-11-26|272|INCY|105.610001|107.000000|105.080002|105.650002|1403500|1.0000000000|105.650002
2025-11-26|273|SPG|184.580002|186.910004|184.580002|185.559998|1180100|0.9659807077|179.247375
2025-11-26|274|MAA|134.399994|136.160004|133.899994|135.509995|707600|0.9656183896|130.850937
2025-11-26|275|MLM|615.750000|626.820007|615.750000|622.500000|445300|0.9960197565|620.022278
2025-11-26|276|TSCO|54.270000|55.029999|54.200001|54.630001|3594900|0.9807531624|53.578545
2025-11-26|277|ALB|124.080002|127.699997|122.129997|126.910004|3060200|0.9919948535|125.894073
2025-11-26|278|CPRT|39.049999|39.220001|38.669998|38.750000|7994800|1.0000000000|38.750000
2025-11-26|279|FLEX|57.400002|59.570000|57.349998|58.400002|3331800|1.0000000000|58.400002
2025-11-26|280|ESS|259.649994|263.769989|259.649994|262.119995|264300|0.9710345219|254.527573
2025-11-26|281|O|56.740002|57.400002|56.680000|57.139999|5129900|0.9611211279|54.918461
2025-11-26|282|MCO|484.950012|490.829987|480.929993|487.130005|548200|0.9933686768|483.899719
2025-11-26|283|SJM|101.250000|103.940002|100.699997|103.180000|1997000|0.9701300487|100.098015
2025-11-26|284|MCK|892.539978|895.580017|883.710022|883.710022|617000|0.9971371280|881.180115
2025-11-26|285|COF|214.600006|219.149994|214.500000|217.470001|2431500|0.9884398390|214.956009
2025-11-26|286|EME|609.450012|617.989990|609.450012|610.719971|237600|0.9983902989|609.736877
2025-11-26|287|DLTR|106.099998|111.129997|105.830002|109.750000|4094700|1.0000000000|109.750000
2025-11-26|288|COR|375.010010|376.980011|368.420013|368.529999|1246900|0.9940692618|366.344360
2025-11-26|289|DRI|179.690002|181.630005|179.070007|180.000000|1311600|0.9771066651|175.879196
2025-11-26|290|RMD|255.820007|257.170013|254.979996|255.039993|606000|0.9918845144|252.970230
2025-11-26|291|WAB|205.630005|208.240005|205.020004|207.750000|680300|0.9965472933|207.032700
2025-11-26|292|FCX|41.779999|42.490002|41.560001|42.150002|13339400|0.9929128187|41.851276
2025-11-26|293|IVZ|24.299999|24.790001|24.240000|24.530001|3556100|0.9777629266|23.984526
2025-11-26|294|ACGL|93.650002|94.470001|93.370003|94.400002|1587800|1.0000000000|94.400002
2025-11-26|295|ERIE|294.679993|298.019989|294.239990|294.239990|88100|0.9834606060|289.373413
2025-11-26|296|EG|311.220001|315.109985|311.220001|312.029999|320300|0.9878843207|308.249573
2025-11-26|297|DVA|121.330002|122.160004|119.889999|120.099998|536800|1.0000000000|120.099998
2025-11-26|298|HSIC|75.309998|75.860001|75.230003|75.250000|943600|1.0000000000|75.250000
2025-11-26|299|EL|92.239998|94.989998|91.500000|93.699997|2640600|0.9893232983|92.699585
2025-11-26|300|WAT|409.329987|410.070007|400.450012|407.140015|628600|1.0000000000|407.140015
2025-11-26|301|NTAP|116.519997|116.519997|106.519997|109.250000|5036900|0.9870750252|107.837936
2025-11-26|302|HIG|137.899994|138.559998|137.389999|137.389999|1056000|0.9867007020|135.562805
2025-11-26|303|IRM|85.529999|86.930000|85.250000|86.220001|1494200|0.9749654551|84.061531
2025-11-26|304|BRK-B|509.250000|512.700012|507.649994|511.230011|3686700|1.0000000000|511.230011
2025-11-26|305|FDS|276.790009|280.209991|276.790009|277.410004|451300|0.9861098905|273.556763
2025-11-26|306|STLD|164.199997|167.070007|163.750000|166.619995|841600|0.9917509611|165.245544
2025-11-26|307|DGX|191.440002|192.259995|189.220001|189.690002|869600|0.9871163208|187.246109
2025-11-26|308|CIEN|197.360001|203.169998|195.820007|200.289993|2033300|1.0000000000|200.289993
2025-11-26|309|TTWO|242.500000|245.539993|241.860001|243.630005|1026800|1.0000000000|243.630005
2025-11-26|310|VTR|79.050003|80.279999|79.050003|80.080002|1985400|0.9818295408|78.624916
2025-11-26|311|AMZN|230.740005|231.750000|228.770004|229.160004|38497900|1.0000000000|229.160004
2025-11-26|312|ARE|52.290001|54.169998|52.270000|53.570000|2264100|0.9575530500|51.296120
2025-11-26|313|RL|364.859985|374.000000|364.380005|371.220001|643400|0.9923194237|368.368805
2025-11-26|314|BXP|72.339996|73.120003|72.089996|72.709999|1231300|0.9663309942|70.261925
2025-11-26|315|FIX|962.000000|982.919983|960.270020|970.950012|342400|0.9985721755|969.563660
2025-11-26|316|YUM|154.000000|155.229996|153.800003|153.800003|1833300|0.9858960568|151.630798
2025-11-26|317|CHRW|156.630005|160.270004|156.630005|159.539993|892900|0.9892308245|157.821884
2025-11-26|318|FE|47.049999|47.540001|47.009998|47.360001|3776900|0.9707938980|45.976799
2025-11-26|319|MTD|1492.250000|1504.849976|1473.670044|1486.550049|126200|1.0000000000|1486.550049
2025-11-26|320|PLD|127.510002|129.279999|125.980003|128.160004|2183000|0.9772581725|125.245415
2025-11-26|321|URI|814.419983|819.169983|806.590027|814.969971|787000|0.9939808437|810.064514
2025-11-26|322|AEE|105.410004|106.150002|105.010002|106.019997|1135300|0.9792499824|103.820084
2025-11-26|323|VRSN|255.300003|255.990005|251.789993|252.669998|680500|0.9907421953|250.330826
2025-11-26|324|PWR|452.690002|462.070007|452.040009|460.429993|1009000|0.9993903388|460.149261
2025-11-26|325|AMT|180.020004|182.300003|178.500000|181.240005|1941700|0.9712942756|176.037384
2025-11-26|326|MAR|303.510010|306.000000|301.940002|304.649994|1240900|0.9940852561|302.848053
2025-11-26|327|CTSH|76.669998|77.309998|76.480003|77.050003|4471200|0.9822114026|75.679398
2025-11-26|328|SRE|92.989998|94.000000|92.620003|93.790001|2725200|0.9788895267|91.810051
2025-11-26|329|CSGP|68.750000|69.120003|67.779999|67.820000|3287100|1.0000000000|67.820000
2025-11-26|330|RSG|217.500000|219.080002|216.940002|217.369995|1228600|0.9913326285|215.485977
2025-11-26|331|CCI|89.440002|91.000000|89.260002|90.550003|2768600|0.9648543647|87.367569
2025-11-26|332|EBAY|82.800003|83.510002|82.360001|82.489998|3016200|0.9904184858|81.451973
2025-11-26|333|NVDA|181.630005|182.910004|178.240005|180.259995|183852000|0.9987261828|180.030380
2025-11-26|334|BKNG|4899.629974|4950.000000|4889.360046|4911.849976|283700|0.0397328628|195.161865
2025-11-26|335|GS|805.840027|819.580017|805.000000|816.010010|1862500|0.9855142723|804.189453
2025-11-26|336|FFIV|240.759995|241.229996|237.619995|238.220001|908100|1.0000000000|238.220001
2025-11-26|337|SBAC|192.509995|195.949997|192.509995|194.789993|756200|0.9805017315|190.991913
2025-11-26|338|LII|481.720001|499.649994|481.720001|493.399994|591300|0.9920705337|489.487610
2025-11-26|339|BLK|1031.109985|1048.319946|1030.040039|1040.060059|561000|0.9841011192|1023.524231
2025-11-26|340|TKO|188.100006|194.089996|188.029999|193.369995|873700|0.9884090368|191.128647
2025-11-26|341|AKAM|90.610001|90.760002|89.370003|89.449997|2917900|1.0000000000|89.449997
2025-11-26|342|UPS|94.250000|95.800003|93.760002|95.669998|4685800|0.9546755018|91.333801
2025-11-26|343|A|155.740005|158.119995|154.020004|154.369995|3294300|0.9940314297|153.448624
2025-11-26|344|TDY|497.799988|500.570007|495.269989|497.679993|333500|1.0000000000|497.679993
2025-11-26|345|PKG|200.679993|204.369995|200.630005|203.490005|498900|0.9816059808|199.747009
2025-11-26|346|EW|86.800003|87.400002|86.550003|86.750000|2176000|1.0000000000|86.750000
2025-11-26|347|MET|76.050003|76.680000|75.910004|76.330002|2552700|0.9792675716|74.747490
2025-11-26|348|ON|48.299999|50.330002|48.200001|49.639999|8294200|1.0000000000|49.639999
2025-11-26|349|ISRG|579.849976|582.409973|573.750000|574.229980|1158900|1.0000000000|574.229980
2025-11-26|350|CRL|179.000000|179.190002|176.669998|178.940002|351000|1.0000000000|178.940002
2025-11-26|351|MRVL|84.589996|89.309998|84.029999|87.720001|15019100|0.9985347355|87.591461
2025-11-26|352|EQIX|747.469971|756.809998|745.520020|750.409973|476400|0.9849779860|739.137268
2025-11-26|353|TPR|108.279999|111.820000|108.000000|110.699997|2274400|0.9910289553|109.706902
2025-11-26|354|GRMN|192.839996|195.250000|192.600006|194.789993|818400|0.9875544034|192.365723
2025-11-26|355|GPN|73.820000|75.379997|73.769997|74.970001|2215700|0.9898898052|74.212036
2025-11-26|356|ALGN|147.350006|149.440002|146.460007|147.229996|1568000|1.0000000000|147.229996
2025-11-26|357|WTW|320.130005|322.200012|320.000000|321.230011|527800|0.9903328749|318.124634
2025-11-26|358|MDLZ|56.580002|57.419998|56.369999|57.209999|6893300|0.9742061707|55.734337
2025-11-26|359|AXON|533.590027|537.669983|527.219971|533.169983|444900|1.0000000000|533.169983
2025-11-26|360|FIS|65.139999|66.099998|64.910004|65.379997|2180100|0.9743297530|63.701675
2025-11-26|361|ACN|250.279999|251.940002|246.889999|247.850006|2389100|0.9798095806|242.845795
2025-11-26|362|ZBH|96.570000|97.769997|96.169998|97.550003|1734900|0.9920119396|96.770767
2025-11-26|363|BG|96.519997|97.309998|96.040001|96.480003|1115900|0.9821514316|94.757973
2025-11-26|364|PFG|84.820000|85.470001|84.410004|84.599998|1003600|0.9740293311|82.402870
2025-11-26|365|ELV|336.160004|341.890015|332.209991|338.519989|1691000|0.9847701459|333.364349
2025-11-26|366|CNC|39.320000|39.930000|39.169998|39.459999|6691200|1.0000000000|39.459999
2025-11-26|367|PRU|108.570000|109.000000|107.940002|107.970001|1419400|0.9622422893|103.893295
2025-11-26|368|NFLX|105.739998|106.949997|105.220001|106.139999|27951000|1.0000000000|106.139999
2025-11-26|369|NDAQ|89.300003|90.489998|89.199997|89.980003|1785400|0.9903103249|89.108124
2025-11-26|370|WYNN|127.239998|130.259995|126.989998|129.460007|1946600|0.9927789107|128.525177
2025-11-26|371|CME|278.010010|281.970001|277.140015|280.869995|1439700|0.9671562481|271.645172
2025-11-26|372|STX|264.660004|275.000000|262.720001|272.279999|3487500|0.9949371232|270.901489
2025-11-26|373|NRG|165.880005|169.910004|165.610001|168.539993|1340400|0.9903289609|166.910049
2025-11-26|374|AIZ|228.610001|230.440002|227.669998|228.520004|265700|0.9887198190|225.942261
2025-11-26|375|CBRE|161.490005|163.929993|161.470001|162.210007|1116100|1.0000000000|162.210007
2025-11-26|376|CRM|230.509995|232.820007|226.000000|228.149994|8506600|0.9933339931|226.629135
2025-11-26|377|DPZ|417.309998|422.230011|415.299988|415.589996|497000|0.9848757173|409.304504
2025-11-26|378|EXR|132.240005|134.100006|132.240005|133.289993|936600|0.9661267437|128.775024
2025-11-26|379|GOOG|320.779999|324.989990|317.200012|320.279999|29839600|0.9980438060|319.653473
2025-11-26|380|GOOGL|320.679993|324.500000|316.790009|319.950012|51373400|0.9980471771|319.325226
2025-11-26|381|DLR|157.320007|160.050003|156.710007|158.910004|1705100|0.9788235933|155.544861
2025-11-26|382|MPWR|920.190002|931.780029|914.340027|924.950012|603700|0.9948016730|920.141785
2025-11-26|383|LVS|67.660004|68.419998|67.400002|68.250000|3493500|0.9827791790|67.074677
2025-11-26|384|DXCM|61.360001|63.090000|61.080002|62.529999|3665300|1.0000000000|62.529999
2025-11-26|385|BLDR|108.099998|113.230003|108.099998|111.750000|1893700|1.0000000000|111.750000
2025-11-26|386|WBD|23.170000|23.910000|23.170000|23.879999|40581600|1.0000000000|23.879999
2025-11-26|387|EXPE|257.529999|259.869995|256.600006|257.619995|1246700|0.9942877675|256.148407
2025-11-26|388|CF|77.959999|79.059998|77.629997|78.410004|1816900|0.9855673857|77.278343
2025-11-26|389|AMP|451.959991|457.410004|450.779999|453.470001|387100|0.9903313094|449.085510
2025-11-26|390|ICE|155.839996|157.020004|155.429993|156.289993|2286800|0.9901381914|154.748703
2025-11-26|391|PSKY|15.680000|15.850000|15.450000|15.790000|6666200|0.9863259572|15.574088
2025-11-26|392|LYV|129.729996|132.130005|129.720001|131.050003|2763600|1.0000000000|131.050003
2025-11-26|393|CMG|33.480000|34.240002|33.279999|34.029999|23495600|1.0000000000|34.029999
2025-11-26|394|UAL|99.639999|103.199997|98.959999|101.589996|5216600|1.0000000000|101.589996
2025-11-26|395|TDG|1352.859985|1360.380005|1349.660034|1355.010010|239100|1.0000000000|1355.010010
2025-11-26|396|MA|548.479980|548.669983|544.169983|544.929993|2185300|0.9951190330|542.270264
2025-11-26|397|LDOS|191.800003|192.919998|190.190002|190.360001|760800|0.9917626624|188.791946
2025-11-26|398|FSLR|263.500000|274.619995|262.690002|272.209991|1903800|1.0000000000|272.209991
2025-11-26|399|BR|227.149994|229.580002|227.149994|227.589996|566100|0.9836780236|223.875275
2025-11-26|400|SMCI|33.189999|33.419998|32.450001|32.830002|21642400|1.0000000000|32.830002
2025-11-26|401|TMUS|205.770004|207.399994|205.330002|206.729996|4002900|0.9898439218|203.456192
2025-11-26|402|DAL|62.389999|64.809998|62.099998|64.269997|8122000|0.9922015511|63.768795
2025-11-26|403|IBKR|63.910000|64.690002|63.470001|64.190002|3547700|0.9966884542|63.977432
2025-11-26|404|PODD|327.540009|330.829987|324.000000|326.799988|662100|1.0000000000|326.799988
2025-11-26|405|TEL|222.259995|226.940002|222.259995|224.729996|1533000|0.9892434805|222.312683
2025-11-26|406|BX|143.440002|146.179993|143.110001|144.919998|3117000|0.9695455041|140.506531
2025-11-26|407|LULU|178.000000|183.690002|177.789993|181.940002|3840000|1.0000000000|181.940002
2025-11-26|408|ULTA|521.429993|540.260010|521.159973|535.159973|508100|1.0000000000|535.159973
2025-11-26|409|MSCI|560.679993|566.989990|556.599976|562.739990|575100|0.9889531620|556.523560
2025-11-26|410|ECHO|70.949997|71.980003|70.470001|70.879997|2125300|1.0000000000|70.879997
2025-11-26|411|PM|157.940002|158.220001|156.289993|156.490005|4172200|0.9741176592|152.439682
2025-11-26|412|V|334.529999|335.709991|333.059998|333.790009|4309900|0.9940309283|331.797607
2025-11-26|413|AWK|131.000000|131.690002|129.830002|129.850006|1515800|0.9796942856|127.213310
2025-11-26|414|KDP|27.030001|27.690001|26.950001|27.680000|11864200|0.9761522236|27.019894
2025-11-26|415|SW|34.869999|35.869999|34.825001|35.779999|3750400|0.9711821711|34.748894
2025-11-26|416|AVGO|385.549988|399.869995|383.260010|397.570007|28693000|0.9944270811|395.354370
2025-11-26|417|VRSK|222.610001|224.729996|221.630005|223.889999|967500|0.9927002374|222.255646
2025-11-26|418|DG|104.730003|109.250000|104.519997|108.769997|3118400|0.9860246787|107.249901
2025-11-26|419|FTNT|80.809998|80.860001|78.629997|80.550003|4527000|1.0000000000|80.550003
2025-11-26|420|CHTR|200.440002|200.759995|198.639999|199.809998|1416400|1.0000000000|199.809998
2025-11-26|421|FERG|247.940002|254.820007|247.940002|252.539993|1128600|0.9848254111|248.707794
2025-11-26|422|GNRC|148.130005|150.600006|148.130005|148.820007|559500|1.0000000000|148.820007
2025-11-26|423|LYB|47.090000|48.900002|47.060001|48.419998|6193000|0.9407211657|45.549717
2025-11-26|424|CBOE|258.190002|259.200012|255.979996|258.119995|529400|0.9954503651|256.945648
2025-11-26|425|TSLA|423.950012|426.940002|416.890015|426.579987|63463000|1.0000000000|426.579987
2025-11-26|426|KKR|121.110001|122.610001|120.300003|120.830002|3429500|0.9943370554|120.145744
2025-11-26|427|NXPI|191.789993|195.720001|191.240005|193.759995|2836000|0.9870653625|191.253769
2025-11-26|428|GM|72.440002|73.449997|72.220001|72.809998|7704300|0.9934966717|72.336487
2025-11-26|429|TRGP|171.889999|174.529999|171.529999|173.130005|674900|0.9854533185|170.611542
2025-11-26|430|CPAY|291.459991|295.940002|291.049988|293.339996|504700|1.0000000000|293.339996
2025-11-26|431|KMI|26.650000|27.080000|26.580000|26.950001|10980200|0.9722301462|26.201603
2025-11-26|432|HCA|515.219971|520.000000|514.330017|514.760010|1056200|0.9950375716|512.205505
2025-11-26|433|HII|315.390015|317.779999|313.000000|314.309998|229900|0.9882397967|309.171783
2025-11-26|434|APO|131.000000|132.320007|130.270004|130.270004|2637800|0.9875780044|128.651810
2025-11-26|435|MPC|189.990005|193.500000|189.750000|191.740005|1253600|0.9885237030|189.539551
2025-11-26|436|XYL|141.509995|142.369995|140.570007|141.119995|1442600|0.9889650951|139.562744
2025-11-26|437|APTV|76.000000|77.419998|75.639999|76.830002|1455900|1.0000000000|76.830002
2025-11-26|438|PSX|133.940002|136.380005|133.880005|134.960007|1128400|0.9794981865|132.193085
2025-11-26|439|AMCR|8.510000|8.650000|8.500000|8.620000|18501600|4.8543684849|41.844654
2025-11-26|440|META|637.690002|638.359985|631.630005|633.609985|15209500|0.9974059053|631.966370
2025-11-26|441|NOW|817.249985|822.020035|799.840012|802.720032|2007100|0.2000000000|160.544006
2025-11-26|442|PANW|187.149994|187.149994|183.830002|185.350006|5915200|1.0000000000|185.350006
2025-11-26|443|FANG|147.300003|150.679993|146.580002|149.309998|1379600|0.9832059760|146.802475
2025-11-26|444|WDAY|215.339996|218.490005|207.669998|215.339996|12125700|1.0000000000|215.339996
2025-11-26|445|ABBV|232.039993|232.479996|226.639999|227.660004|5920800|0.9769027438|222.401688
2025-11-26|446|NCLH|18.400000|18.639999|18.260000|18.330000|11092800|1.0000000000|18.330000
2025-11-26|447|ZTS|127.550003|129.059998|126.930000|127.690002|3199000|0.9845723480|125.720055
2025-11-26|448|IQV|230.440002|232.210007|228.690002|231.800003|1265200|1.0000000000|231.800003
2025-11-26|449|NWS|29.139999|29.379999|28.990000|29.320000|640000|0.9963262306|29.212284
2025-11-26|450|NWSA|25.370001|25.610001|25.290001|25.580000|3115100|0.9958385353|25.473549
2025-11-26|451|CDW|143.229996|145.389999|142.389999|144.399994|1143700|0.9844137869|142.149338
2025-11-26|452|VEEV|239.259995|244.880005|238.729996|240.669998|1876500|1.0000000000|240.669998
2025-11-26|453|ALLE|165.729996|167.259995|165.210007|165.669998|677700|0.9921390873|164.367676
2025-11-26|454|HLT|284.799988|287.309998|283.630005|285.769989|1870700|0.9986088702|285.372467
2025-11-26|455|ARES|153.100006|155.330002|152.130005|154.550003|1103400|0.9704279397|149.979645
2025-11-26|456|ANET|127.474998|128.475006|125.246002|127.650002|5995000|1.0000000000|127.650002
2025-11-26|457|SYF|76.440002|77.550003|76.264999|76.949997|1938800|0.9876561264|76.000137
2025-11-26|458|CFG|54.189999|54.639999|53.980000|53.980000|3514300|0.9795741096|52.877407
2025-11-26|459|KEYS|195.000000|196.940002|193.009995|196.190002|1641200|1.0000000000|196.190002
2025-11-26|460|GDDY|126.010002|127.650002|125.489998|127.050003|1185900|1.0000000000|127.050003
2025-11-26|461|KHC|25.350000|25.764999|25.330000|25.600000|9517900|0.9508904028|24.342794
2025-11-26|462|PYPL|61.400002|62.160000|61.169998|61.830002|8335300|0.9937057617|61.440830
2025-11-26|463|LITE|289.760010|312.989990|279.059998|308.279999|4184500|1.0000000000|308.279999
2025-11-26|464|HPE|21.600000|21.610001|21.100000|21.530001|19609800|0.9847720717|21.202143
2025-11-26|465|XYZ|63.860001|66.129997|63.549999|65.029999|6770500|1.0000000000|65.029999
2025-11-26|466|FTV|53.110001|53.544998|53.000000|53.230000|2171900|0.9968000114|53.059662
2025-11-26|467|DELL|133.580002|135.350006|128.080002|133.259995|16424900|0.9909355870|132.052063
2025-11-26|468|TTD|39.174999|39.540001|38.750000|39.110001|12017400|1.0000000000|39.110001
2025-11-26|469|VST|174.000000|177.750000|173.085007|176.800003|2937800|0.9958526400|176.066757
2025-11-26|470|HWM|204.199997|207.440002|204.199997|204.630005|1968200|0.9985047767|204.324036
2025-11-26|471|INVH|27.920000|28.285000|27.790001|27.930000|3963500|0.9672165501|27.014360
2025-11-26|472|CVNA|354.469986|364.199982|350.190010|357.330017|3836500|0.2000000000|71.466003
2025-11-26|473|IR|79.250000|80.430000|79.084999|79.870003|2230100|0.9992655835|79.811340
2025-11-26|474|VICI|28.799999|29.075001|28.725000|28.830000|10995800|0.9523421134|27.456024
2025-11-26|475|VRT|172.205002|174.869995|170.550003|172.020004|5264800|0.9995540701|171.943298
2025-11-26|476|MRNA|24.780001|25.320000|24.379999|25.010000|6495400|1.0000000000|25.010000
2025-11-26|477|FOXA|64.620003|65.529999|64.620003|65.050003|2159500|0.9951185496|64.732468
2025-11-26|478|FOX|57.849998|58.720001|57.849998|58.119999|1612500|0.9946544484|57.809319
2025-11-26|479|DOW|23.219999|24.100000|23.200001|23.910000|10506200|0.9640247460|23.049831
2025-11-26|480|UBER|84.110001|86.355003|83.650002|85.660004|20448700|1.0000000000|85.660004
2025-11-26|481|CTVA|65.910004|66.964996|65.709999|66.650002|2062300|0.9928033602|66.170349
2025-11-26|482|CRWD|513.000000|515.000000|497.000000|501.540009|2213800|0.2500000000|125.385002
2025-11-26|483|DDOG|159.929993|161.720001|157.059998|158.399994|3458300|1.0000000000|158.399994
2025-11-26|484|CARR|54.029999|54.862000|53.705002|54.360001|6536600|0.9886394999|53.742451
2025-11-26|485|OTIS|88.540001|89.059998|88.269997|88.570000|1682800|0.9834662418|87.105606
2025-11-26|486|PLTR|166.850006|168.339005|163.880005|165.770004|34610500|1.0000000000|165.770004
2025-11-26|487|DASH|196.949997|200.490005|195.324997|195.979996|3646200|1.0000000000|195.979996
2025-11-26|488|ABNB|117.989998|118.040001|116.400002|116.739998|5112200|1.0000000000|116.739998
2025-11-26|489|EXE|116.910004|119.705002|116.485001|118.769997|2268900|0.9826864450|116.713669
2025-11-26|490|COIN|256.200012|266.619995|253.839996|264.970001|9929300|1.0000000000|264.970001
2025-11-26|491|APP|565.760010|590.539978|563.500000|586.369995|3435900|1.0000000000|586.369995
2025-11-26|492|HOOD|121.330002|128.899994|120.860001|128.199997|47127600|1.0000000000|128.199997
2025-11-26|493|CEG|355.390015|361.140015|355.000000|359.089996|1396100|0.9955820742|357.503571
2025-11-26|494|GEHC|80.070000|81.269997|79.705002|80.629997|3091600|0.9985528329|80.513306
2025-11-26|495|KVUE|16.980000|17.469999|16.959999|17.219999|46265500|0.9661066365|16.636354
2025-11-26|496|VLTO|103.870003|103.870003|100.940002|101.269997|1708300|0.9957401186|100.838600
2025-11-26|497|RDDT|216.000000|220.764008|207.289993|207.559998|4680900|1.0000000000|207.559998
2025-11-26|498|SOLV|85.769997|86.809998|85.250999|85.269997|988100|1.0000000000|85.269997
2025-11-26|499|GEV|581.700012|596.979980|579.479980|589.719971|2223800|0.9981503345|588.629211
2025-11-26|500|SNDK|226.000000|228.000000|205.399994|215.039993|43000900|1.0000000000|215.039993
2025-11-26|501|Q|77.949997|80.739998|77.000000|79.230003|2234700|0.9980995006|79.079437
