date|security_id|ticker|open|high|low|close|volume|adj_factor|adj_close_vendor
2025-11-18|1|AEP|124.419998|124.800003|123.290001|123.510002|3121500|0.9775591772|120.738335
2025-11-18|2|BA|190.000000|191.160004|187.850006|189.630005|8195800|1.0000000000|189.630005
2025-11-18|3|CAT|543.349976|551.570007|538.049988|546.880005|1918600|0.9939261318|543.558350
2025-11-18|4|CNP|40.310001|40.389999|39.939999|39.990002|4924300|0.9777626474|39.100727
2025-11-18|5|CVX|152.500000|154.279999|151.759995|153.619995|10813400|0.9728341284|149.446777
2025-11-18|6|DIS|105.099998|107.080002|105.000000|106.279999|11796200|0.9857264957|104.763008
2025-11-18|7|DTE|137.740005|138.440002|137.000000|137.080002|1493700|0.9755422782|133.727325
2025-11-18|8|ED|103.540001|104.080002|102.809998|102.910004|2585400|0.9678975191|99.606339
2025-11-18|9|GD|343.570007|344.899994|340.540009|341.290009|1208700|0.9869830633|336.847473
2025-11-18|10|GE|295.829987|301.079987|293.750000|296.010010|4053600|0.9961629631|294.874237
2025-11-18|11|HON|191.829997|193.840006|190.570002|191.450000|6072500|1.0347776740|198.108185
2025-11-18|12|HPQ|22.709999|23.010000|22.400000|22.709999|11853500|0.9607551428|21.818748
2025-11-18|13|IBM|297.000000|297.000000|289.920013|289.950012|4861900|0.9800357773|284.161377
2025-11-18|14|IP|36.669998|37.560001|36.509998|36.849998|5337400|0.9645837619|35.544910
2025-11-18|15|JNJ|199.009995|200.300003|198.529999|200.000000|12468600|0.9779609434|195.592194
2025-11-18|16|KO|70.989998|71.339996|70.570000|71.220001|12838900|0.9799171123|69.789696
2025-11-18|17|KR|66.519997|67.779999|66.099998|67.379997|7926300|0.9830507535|66.237946
2025-11-18|18|LMT|475.220001|485.000000|471.200012|474.720001|1242100|0.9808408602|465.624786
2025-11-18|19|MMM|163.990005|166.589996|163.309998|165.789993|2325700|0.9860940463|163.484528
2025-11-18|20|MO|58.500000|59.270000|58.380001|58.939999|9548800|0.9516126626|56.088051
2025-11-18|21|MRK|94.110001|97.660004|92.110001|96.430000|28153500|0.9772081263|94.232178
2025-11-18|22|MSI|377.209991|379.420013|371.559998|372.359985|1599700|0.9910852927|369.040527
2025-11-18|23|PG|146.330002|147.389999|145.509995|146.990005|10735200|0.9782265339|143.789505
2025-11-18|24|XOM|117.260002|119.480003|116.480003|119.029999|15808500|0.9803338832|116.689140
2025-11-18|25|RTX|176.699997|177.929993|174.309998|174.720001|3742500|0.9853742397|172.164581
2025-11-18|26|MCD|305.679993|308.440002|304.160004|304.589996|2773800|0.9818538696|299.062866
2025-11-18|27|AXP|336.850006|343.730011|334.100006|340.660004|4216800|0.9919237847|337.908752
2025-11-18|28|BMY|46.810001|47.639999|46.759998|47.060001|14588800|0.9673144843|45.521820
2025-11-18|29|DD|38.440000|39.170001|38.139999|38.699999|5953401|2.9611069891|114.594849
2025-11-18|30|DE|471.470001|477.119995|470.000000|473.850006|1117500|0.9910776808|469.622192
2025-11-18|31|EMR|126.160004|127.839996|125.830002|126.750000|2235800|0.9888087280|125.331512
2025-11-18|32|ETN|340.329987|343.000000|335.100006|338.290009|3158100|0.9917042798|335.483643
2025-11-18|33|ETR|95.540001|96.199997|94.430000|94.440002|2481800|0.9822109154|92.759995
2025-11-18|34|F|12.870000|13.090000|12.760000|13.020000|70215400|0.9665034086|12.583874
2025-11-18|35|HAL|26.270000|26.980000|26.120001|26.790001|8400000|0.9847026012|26.380182
2025-11-18|36|LLY|1014.010010|1040.719971|1014.010010|1030.050049|3430500|0.9951920486|1025.097656
2025-11-18|37|PCG|16.350000|16.540001|16.150000|16.150000|28913300|0.9911560857|16.007168
2025-11-18|38|PEP|148.300003|149.830002|147.449997|148.770004|10821500|0.9713251717|144.504044
2025-11-18|39|PFE|25.049999|25.510000|24.980000|25.450001|66511800|0.9509184966|24.200876
2025-11-18|40|TXN|154.550003|158.089996|153.539993|157.320007|8164700|0.9834571490|154.717468
2025-11-18|41|WFC|83.419998|84.760002|82.930000|83.860001|14233900|0.9838041369|82.501816
2025-11-18|42|HUBB|415.899994|420.170013|412.250000|417.279999|578828|0.9910077151|413.527710
2025-11-18|43|WMT|102.980003|103.339996|101.379997|101.389999|17604500|0.9916508097|100.543465
2025-11-18|44|AIG|76.769997|77.790001|76.360001|77.070000|2422200|0.9824236525|75.715393
2025-11-18|45|AVY|170.679993|171.139999|168.699997|168.729996|617900|0.9833361967|165.918304
2025-11-18|46|BAC|51.279999|52.180000|51.150002|51.639999|35189500|0.9841245494|50.820194
2025-11-18|47|BALL|47.720001|47.910000|47.299999|47.529999|2377400|0.9893620930|47.024380
2025-11-18|48|BDX|191.210000|194.140009|189.759998|192.330006|2106300|0.7715067098|148.383896
2025-11-18|49|CLX|101.120003|101.250000|99.629997|100.139999|2860900|0.9654541242|96.680580
2025-11-18|50|CMI|452.500000|468.989990|450.100006|464.920013|1233700|0.9855888256|458.219971
2025-11-18|51|CMS|74.730003|75.089996|74.190002|74.269997|1875400|0.9770377822|72.564590
2025-11-18|52|CVS|78.349998|78.440002|77.339996|77.940002|6254100|0.9771601786|76.159859
2025-11-18|53|ECL|254.119995|257.440002|251.750000|255.669998|1071600|0.9918356453|253.582642
2025-11-18|54|ES|74.339996|74.669998|73.959999|74.540001|2710000|0.9670826030|72.086342
2025-11-18|55|EVRG|77.120003|77.510002|76.620003|76.730003|1401400|0.9663059278|74.144661
2025-11-18|56|GWW|921.950012|928.000000|912.739990|918.179993|271600|0.9941570385|912.815125
2025-11-18|57|LNT|68.430000|68.790001|67.839996|68.089996|1999300|0.9771332386|66.532997
2025-11-18|58|MKC|64.839996|65.220001|64.150002|65.099998|3397500|0.9754240070|63.500099
2025-11-18|59|MRSH|181.690002|181.839996|179.470001|180.250000|2729000|0.9842873682|177.417801
2025-11-18|60|NEE|86.120003|86.690002|84.620003|84.639999|11061200|0.9793736752|82.275490
2025-11-18|61|NI|43.200001|43.430000|42.950001|43.060001|2502600|0.9804324438|42.217422
2025-11-18|62|PNW|89.529999|90.199997|89.010002|89.379997|1160800|0.9727255046|86.942200
2025-11-18|63|RVTY|90.790001|93.419998|89.650002|93.059998|837500|0.9979858512|92.872566
2025-11-18|64|SNA|327.410004|331.660004|320.799988|329.899994|359200|0.9736214558|321.197723
2025-11-18|65|SPGI|487.729986|492.400005|486.249999|490.280005|1208400|0.9377344841|459.752441
2025-11-18|66|TER|165.509995|167.320007|163.000000|163.720001|2803700|0.9984501140|163.466263
2025-11-18|67|TGT|87.839996|90.019997|87.620003|88.529999|10063400|0.9731968404|86.157120
2025-11-18|68|TXT|80.050003|80.459999|79.320000|79.849998|952500|0.9993380469|79.797142
2025-11-18|69|VMC|278.859985|283.519989|277.940002|281.869995|921700|0.9942812010|280.258087
2025-11-18|70|XEL|81.750000|82.279999|80.949997|81.000000|3754000|0.9776860259|79.192566
2025-11-18|71|ITW|240.940002|243.490005|238.820007|241.929993|1365700|0.9813941046|237.428650
2025-11-18|72|CL|79.220001|79.650002|78.540001|79.330002|5844000|0.9821445459|77.913528
2025-11-18|73|EXC|46.590000|46.849998|46.209999|46.380001|7873000|0.9822723358|45.557796
2025-11-18|74|MDT|99.970001|102.480003|99.410004|100.800003|21965400|0.9758565703|98.366348
2025-11-18|75|BNY|106.500000|108.129997|105.849998|107.500000|3766500|0.9877222173|106.180145
2025-11-18|76|EIX|57.939999|58.980000|57.650002|58.419998|2230800|0.9623086217|56.218075
2025-11-18|77|FRT|95.599998|96.959999|95.139999|96.750000|457900|0.9693143333|93.781151
2025-11-18|78|PNR|101.320000|102.760002|100.870003|102.120003|1391900|0.9901423720|101.113342
2025-11-18|79|USB|45.270000|46.340000|45.020000|45.919998|8035200|0.9719845662|44.633533
2025-11-18|80|WY|21.480000|21.639999|21.240000|21.570000|6615800|0.9737086273|21.002895
2025-11-18|81|SYY|75.599998|76.120003|75.199997|75.900002|2619500|0.9787571978|74.287674
2025-11-18|82|WRB|76.959999|78.010002|76.860001|77.500000|2174800|0.9742469050|75.504135
2025-11-18|83|IFF|65.050003|66.089996|64.910004|66.000000|2272400|0.9828526607|64.868271
2025-11-18|84|TAP|45.930000|46.709999|45.500000|46.450001|2987600|0.9680101781|44.446007
2025-11-18|85|PNC|178.479996|181.729996|177.080002|180.080002|1929000|0.9770281499|175.943222
2025-11-18|86|TRV|284.260010|289.290009|283.589996|286.850006|1199900|0.9883140678|283.497894
2025-11-18|87|C|97.500000|99.570000|96.379997|98.320000|10463700|0.9851223482|96.857224
2025-11-18|88|FDX|262.429992|264.949997|259.790008|263.079994|1550000|0.7954691757|209.272034
2025-11-18|89|WDC|158.360001|161.320007|150.750000|152.860001|9321300|0.9984583045|152.624344
2025-11-18|90|DHR|219.139999|226.899994|217.860001|225.509995|5311300|0.9944303518|224.253967
2025-11-18|91|APA|24.350000|25.139999|23.950001|24.920000|6062200|0.9771167223|24.349747
2025-11-18|92|LUV|31.660000|32.259998|31.530001|31.959999|7093400|0.9870678085|31.546688
2025-11-18|93|PEG|82.290001|83.099998|82.150002|82.360001|1857400|0.9756675447|80.355980
2025-11-18|94|UNP|221.710007|221.970001|219.889999|220.820007|3863100|0.9839040791|217.265701
2025-11-18|95|ABT|130.740005|132.029999|129.289993|130.000000|6775000|0.9817546722|127.628113
2025-11-18|96|ADI|229.850006|232.350006|227.720001|230.130005|3953400|0.9906566026|227.979813
2025-11-18|97|ADM|58.980000|61.130001|58.250000|61.029999|3312200|0.9716117081|59.297466
2025-11-18|98|ADP|251.020004|251.460007|247.210007|249.690002|2031600|0.9780151607|244.200607
2025-11-18|99|AFL|111.860001|112.620003|111.559998|111.760002|2253600|0.9795217260|109.471359
2025-11-18|100|AMAT|226.479996|227.619995|219.419998|225.119995|12167400|0.9944993487|223.881699
2025-11-18|101|AMD|236.779999|238.000000|224.710007|230.289993|45619900|1.0000000000|230.289993
2025-11-18|102|APD|251.320007|254.000000|249.199997|252.160004|1008100|0.9804771664|247.237137
2025-11-18|103|BF-B|27.629999|28.049999|27.170000|27.690001|3795500|0.9746521115|26.988117
2025-11-18|104|CHD|83.370003|83.900002|82.480003|82.889999|2422500|0.9906552793|82.115410
2025-11-18|105|CINF|161.820007|164.149994|161.000000|162.369995|540500|0.9835715596|159.702499
2025-11-18|106|CMCSA|27.360000|27.550001|27.070001|27.360000|29241600|0.9033911576|24.716782
2025-11-18|107|D|61.689999|62.180000|61.270000|61.450001|7127400|0.9687101350|59.527237
2025-11-18|108|DOV|179.539993|180.880005|178.770004|179.779999|1603400|0.9924896872|178.429794
2025-11-18|109|DUK|125.650002|125.930000|123.790001|123.800003|3774300|0.9744921325|120.642128
2025-11-18|110|EFX|205.000000|208.110001|203.750000|204.520004|1117100|0.9915561793|202.793076
2025-11-18|111|EQT|58.480000|59.009998|57.680000|58.750000|6400900|0.9912778241|58.237576
2025-11-18|112|FITB|41.060001|41.650002|40.680000|41.340000|7155100|0.9757841433|40.338913
2025-11-18|113|GIS|47.090000|47.840000|46.820000|47.689999|6071400|0.9532424984|45.460136
2025-11-18|114|GPC|125.820000|127.120003|125.040001|126.209999|1222100|0.9724963604|122.738754
2025-11-18|115|HAS|76.610001|76.820000|75.370003|76.040001|1550100|0.9687474839|73.663567
2025-11-18|116|HBAN|15.210000|15.490000|15.140000|15.350000|26499900|0.9725023795|14.927913
2025-11-18|117|HRL|22.290001|22.410000|22.080000|22.320000|3513100|0.9619905057|21.471628
2025-11-18|118|HST|17.160000|17.350000|17.090000|17.200001|5016600|0.9346875076|16.076626
2025-11-18|119|HSY|179.110001|184.559998|178.860001|182.929993|2216000|0.9782056212|178.943146
2025-11-18|120|INTC|34.250000|34.759998|33.570000|34.330002|61504800|1.0000000000|34.330002
2025-11-18|121|J|150.000000|151.770004|149.169998|150.759995|601600|0.9894584622|149.170746
2025-11-18|122|JPM|299.500000|302.950012|297.019989|299.410004|8077300|0.9859988977|295.217926
2025-11-18|123|KMB|104.349998|104.610001|102.000000|103.250000|6676300|0.9627154389|99.400360
2025-11-18|124|L|104.160004|105.400002|103.690002|105.120003|801100|0.9977044368|104.878700
2025-11-18|125|LEN|113.400002|116.910004|112.110001|115.970001|7621500|0.9844362452|114.165077
2025-11-18|126|LOW|219.050003|223.720001|218.800003|219.570007|6260400|0.9846876283|216.207870
2025-11-18|127|MAS|58.990002|59.599998|58.290001|59.090000|2655600|0.9866652888|58.302052
2025-11-18|128|MTB|180.000000|183.240005|179.750000|182.100006|780100|0.9784172563|178.169785
2025-11-18|129|NEM|87.070000|88.339996|85.309998|86.599998|7778800|0.9927701446|85.973900
2025-11-18|130|NTRS|122.290001|125.830002|121.529999|124.779999|1050900|0.9838837164|122.769012
2025-11-18|131|NUE|147.610001|150.619995|146.520004|148.509995|1334300|0.9907811186|147.140900
2025-11-18|132|OMC|72.820000|73.690002|72.110001|73.540001|2813000|0.9700503706|71.337502
2025-11-18|133|PCAR|94.389999|98.349998|94.000000|97.000000|5004700|0.9792369323|94.985985
2025-11-18|134|PGR|226.619995|228.839996|224.750000|224.880005|3764900|0.9393741219|211.246445
2025-11-18|135|PH|815.200012|822.969971|806.219971|817.299988|682000|0.9958887879|813.939880
2025-11-18|136|PHM|113.000000|114.250000|111.650002|113.489998|2082400|0.9937132889|112.776520
2025-11-18|137|PPG|95.000000|95.279999|93.730003|94.820000|3052700|0.9817392581|93.088516
2025-11-18|138|PPL|36.919998|37.000000|36.470001|36.490002|6930100|0.9766950417|35.639603
2025-11-18|139|RF|24.000000|24.299999|23.590000|24.180000|23726800|0.9708879210|23.476070
2025-11-18|140|ROL|57.980000|59.029999|57.689999|58.610001|3351700|0.9887685295|57.951725
2025-11-18|141|SHW|322.920013|327.049988|318.220001|323.829987|2255300|0.9929181711|321.536682
2025-11-18|142|STT|112.330002|114.510002|111.629997|113.199997|1577800|0.9820070009|111.163185
2025-11-18|143|SWK|62.869999|63.459999|62.130001|62.830002|1404900|0.9672078260|60.769669
2025-11-18|144|SYK|360.130005|365.250000|357.459991|359.519989|1760800|0.9921744259|356.706512
2025-11-18|145|TMO|562.849976|578.219971|556.460022|576.030029|1916000|0.9972620730|574.452881
2025-11-18|146|TPL|936.049988|946.000031|892.000031|920.119995|135900|0.3318281124|305.321686
2025-11-18|147|TSN|53.340000|53.950001|52.919998|53.660000|2578200|0.9750492370|52.321140
2025-11-18|148|TT|412.160004|415.500000|406.940002|407.040009|975600|0.9953350758|405.141205
2025-11-18|149|TYL|463.239990|469.130005|461.769989|466.250000|437900|1.0000000000|466.250000
2025-11-18|150|UDR|34.590000|34.730000|34.360001|34.470001|2003200|0.9688744575|33.397102
2025-11-18|151|VTRS|10.640000|10.870000|10.570000|10.710000|7719800|0.9657614708|10.343305
2025-11-18|152|WEC|112.320000|112.610001|111.489998|111.599998|2139000|0.9747231440|108.779099
2025-11-18|153|WST|260.260010|262.510010|257.329987|260.140015|480100|0.9976812219|259.536804
2025-11-18|154|NDSN|227.619995|228.940002|225.809998|226.690002|334200|0.9906696357|224.574905
2025-11-18|155|TFC|43.700001|44.750000|43.580002|44.340000|6656200|0.9700498779|43.012012
2025-11-18|156|WELL|197.990005|200.639999|197.369995|198.289993|3990300|0.9893392873|196.176086
2025-11-18|157|AON|352.230011|352.640015|344.410004|348.540009|1428700|0.9951005240|346.832367
2025-11-18|158|GL|130.830002|133.000000|130.179993|131.850006|317500|0.9938835716|131.043549
2025-11-18|159|OKE|68.730003|70.459999|68.599998|69.430000|4401100|0.9633206765|66.883354
2025-11-18|160|KLAC|1114.440002|1140.439987|1097.890015|1123.089981|1151900|0.0996303139|111.893814
2025-11-18|161|CSX|34.009998|34.459999|33.919998|33.990002|21187100|0.9900119853|33.650513
2025-11-18|162|PSA|269.519989|271.630005|266.910004|271.500000|873500|0.9701110817|263.385162
2025-11-18|163|NKE|62.400002|62.759998|61.680000|62.490002|14614600|0.9783499344|61.137089
2025-11-18|164|AAPL|269.989990|270.709991|265.320007|267.440002|45677300|0.9972854026|266.713989
2025-11-18|165|BRO|81.139999|82.029999|79.610001|79.930000|2602200|0.9924932219|79.329987
2025-11-18|166|UHS|226.029999|229.350006|224.199997|228.839996|686000|0.9968342486|228.115524
2025-11-18|167|HD|339.980011|348.799988|336.010010|336.480011|10168500|0.9796274407|329.625061
2025-11-18|168|BAX|17.690001|18.219999|17.400000|18.150000|9780700|0.9984613291|18.115086
2025-11-18|169|COP|88.400002|90.349998|88.099998|89.680000|6876800|0.9784321345|87.745796
2025-11-18|170|GLW|80.459999|81.070000|78.870003|80.120003|6889700|0.9966096046|79.848366
2025-11-18|171|HUM|232.940002|238.919998|230.809998|234.100006|1423200|0.9892166205|231.575607
2025-11-18|172|LHX|287.989990|288.640015|284.470001|285.440002|908000|0.9925076273|283.301361
2025-11-18|173|NOC|565.000000|573.309998|564.179993|566.760010|1047000|0.9884333448|560.204529
2025-11-18|174|OXY|41.500000|42.660000|41.200001|42.520000|7963200|0.9849760250|41.881180
2025-11-18|175|ROK|366.670013|370.190002|363.920013|366.010010|1007300|0.9904239689|362.505096
2025-11-18|176|SLB|35.430000|36.230000|35.279999|36.040001|15306200|0.9812007073|35.362473
2025-11-18|177|SO|91.040001|91.410004|90.529999|90.690002|4992500|0.9759995454|88.513397
2025-11-18|178|WMB|59.830002|60.320000|59.130001|59.169998|7299400|0.9774919343|57.838196
2025-11-18|179|VLO|177.710007|185.619995|176.800003|185.429993|3387500|0.9792382128|181.580154
2025-11-18|180|CI|270.200012|274.209991|268.279999|272.609985|2048200|0.9832673314|268.048523
2025-11-18|181|NSC|281.369995|282.750000|280.140015|280.739990|2076600|0.9874047136|277.203979
2025-11-18|182|COO|71.680000|72.730003|71.199997|72.199997|2788500|1.0000000000|72.199997
2025-11-18|183|AMGN|343.730011|345.489990|339.299988|343.989990|2966600|0.9730085280|334.705170
2025-11-18|184|RJF|154.479996|157.000000|153.270004|155.779999|1247100|0.9893936166|154.127731
2025-11-18|185|WSM|177.699997|182.130005|176.139999|180.750000|1853800|0.9895967846|178.869629
2025-11-18|186|CAH|207.050003|207.759995|203.839996|206.970001|2079200|0.9929397050|205.508728
2025-11-18|187|CTAS|184.389999|185.830002|182.850006|183.910004|1839800|0.9924218382|182.516296
2025-11-18|188|PAYX|110.480003|111.339996|109.070000|109.959999|2552800|0.9670710940|106.339134
2025-11-18|189|BEN|21.330000|21.580000|21.190001|21.440001|6250600|0.9625940231|20.638018
2025-11-18|190|AOS|63.189999|63.810001|62.959999|63.380001|1257600|0.9834989125|62.334160
2025-11-18|191|CASY|536.340027|550.130005|535.059998|548.320007|344400|0.9976268719|547.018799
2025-11-18|192|T|25.540001|25.770000|25.340000|25.600000|41527600|0.9652496452|24.710390
2025-11-18|193|VZ|41.029999|41.500000|40.990002|41.480000|24067500|0.9521495225|39.495163
2025-11-18|194|JBHT|159.679993|162.860001|157.820007|162.029999|1364700|0.9944705560|161.134064
2025-11-18|195|ATO|175.949997|177.050003|174.960007|175.220001|926200|0.9773427979|171.250000
2025-11-18|196|LRCX|145.250000|147.440002|142.500000|143.240005|12706700|0.9964597456|142.732910
2025-11-18|197|MU|235.479996|238.929993|225.520004|228.500000|33843900|0.9990228227|228.276703
2025-11-18|198|AJG|259.540009|261.559998|256.000000|258.640015|1814900|0.9910126646|256.315491
2025-11-18|199|AME|191.009995|191.479996|188.820007|189.899994|1619700|0.9953689352|189.020569
2025-11-18|200|SWKS|62.060001|63.310001|61.709999|62.320000|3130800|0.9796110161|61.049358
2025-11-18|201|EXPD|141.589996|143.020004|138.740005|139.910004|1260900|0.9896583057|138.463104
2025-11-18|202|UNH|317.010010|317.500000|308.769989|313.579987|9182100|0.9800610506|307.327515
2025-11-18|203|BBY|73.930000|74.900002|73.010002|74.400002|3248200|0.9593973356|71.379158
2025-11-18|204|DOC|17.330000|17.709999|17.280001|17.690001|7814000|0.9513422733|16.829245
2025-11-18|205|ADSK|292.869995|294.350006|289.059998|292.230011|1526300|1.0000000000|292.230011
2025-11-18|206|DVN|34.750000|36.189999|34.590000|35.869999|9686500|0.9814598964|35.204964
2025-11-18|207|NVR|7105.490234|7157.930176|7030.000000|7147.129883|19900|1.0000000000|7147.129883
2025-11-18|208|ROST|159.000000|161.289993|158.490005|159.899994|2285700|0.9936631572|158.886734
2025-11-18|209|JKHY|163.149994|164.779999|162.399994|163.940002|937900|0.9886171552|162.073898
2025-11-18|210|MNST|71.980003|73.080002|71.709999|72.900002|4469200|0.5000000000|72.900002
2025-11-18|211|ORCL|216.210007|223.699997|214.500000|220.490005|21098300|0.9904465499|218.383575
2025-11-18|212|MSFT|495.369995|502.980011|486.779999|493.790009|33815100|0.9918394551|489.760406
2025-11-18|213|TROW|96.540001|98.489998|95.930000|97.480003|1586200|0.9618549978|93.761627
2025-11-18|214|COST|912.590027|918.909973|894.169983|895.080017|2984700|0.9956058515|891.146851
2025-11-18|215|ADBE|323.779999|326.640015|320.799988|324.470001|3286400|1.0000000000|324.470001
2025-11-18|216|FISV|62.160000|62.689999|61.130001|61.340000|7240100|1.0000000000|61.340000
2025-11-18|217|BKR|47.799999|48.990002|47.759998|48.060001|8977400|0.9892821118|47.544899
2025-11-18|218|CDNS|307.730011|310.339996|302.140015|303.209991|2025900|1.0000000000|303.209991
2025-11-18|219|TJX|144.250000|146.850006|143.820007|145.580002|10007700|0.9907991610|144.240524
2025-11-18|220|FICO|1760.250000|1761.689941|1719.989990|1724.969971|173400|1.0000000000|1724.969971
2025-11-18|221|CCL|25.379999|26.010000|25.299999|25.760000|17925300|0.9841845235|25.352592
2025-11-18|222|FAST|39.750000|40.099998|39.439999|39.959999|7184900|0.9838279433|39.313763
2025-11-18|223|SCHW|91.599998|93.349998|91.260002|92.279999|8505800|0.9901836685|91.374146
2025-11-18|224|JCI|115.800003|116.010002|114.070000|114.440002|4865400|0.9941759575|113.773499
2025-11-18|225|COHR|136.860001|139.750000|132.990005|138.149994|3108900|1.0000000000|138.149994
2025-11-18|226|KEY|17.049999|17.400000|16.910000|17.190001|18784100|0.9696888308|16.668951
2025-11-18|227|MOS|24.520000|24.750000|24.309999|24.680000|6248500|0.9727377902|24.007170
2025-11-18|228|MGM|30.650000|31.830000|30.549999|31.410000|4991000|1.0000000000|31.410000
2025-11-18|229|WM|208.759995|211.619995|207.500000|211.300003|2459600|0.9879218676|208.747894
2025-11-18|230|TECH|57.910000|58.889999|57.230000|58.150002|1726800|0.9957086055|57.900455
2025-11-18|231|IEX|162.000000|163.000000|160.720001|161.679993|627500|0.9895889092|159.996719
2025-11-18|232|GEN|26.100000|26.490000|25.920000|26.340000|5921700|0.9850474704|25.946150
2025-11-18|233|CRH|108.379997|109.400002|107.220001|108.870003|6343400|0.9889154582|107.663231
2025-11-18|234|EOG|108.650002|109.760002|107.870003|109.570000|2720900|0.9756845809|106.905762
2025-11-18|235|PTC|174.210007|175.660004|172.100006|173.070007|927600|1.0000000000|173.070007
2025-11-18|236|CSCO|77.550003|78.199997|76.449997|77.370003|26025500|0.9856294108|76.258156
2025-11-18|237|LH|261.859985|262.010010|257.880005|259.809998|607300|0.9921089357|257.208374
2025-11-18|238|TRMB|75.230003|76.080002|74.769997|75.419998|1232200|1.0000000000|75.419998
2025-11-18|239|AZO|3847.139893|3860.209961|3807.600098|3827.889893|102700|1.0000000000|3827.889893
2025-11-18|240|REGN|702.510010|727.969971|699.219971|725.340027|1368700|0.9948983635|721.639648
2025-11-18|241|IDXX|670.179993|681.630005|665.250000|670.210022|574400|1.0000000000|670.210022
2025-11-18|242|AES|14.050000|14.140000|13.610000|13.720000|7941600|0.9646899783|13.235547
2025-11-18|243|VRTX|434.000000|437.790009|430.149994|435.519989|1084300|1.0000000000|435.519989
2025-11-18|244|ZBRA|231.089996|234.000000|227.529999|230.899994|882900|1.0000000000|230.899994
2025-11-18|245|BIIB|164.399994|170.779999|163.000000|168.830002|2257400|1.0000000000|168.830002
2025-11-18|246|ODFL|129.199997|132.490005|128.509995|130.660004|2030700|0.9953671039|130.054672
2025-11-18|247|APH|132.320007|133.190002|129.759995|132.440002|8100300|0.9946061744|131.725632
2025-11-18|248|KIM|20.070000|20.320000|20.020000|20.230000|3973300|0.9657396580|19.536915
2025-11-18|249|QCOM|164.889999|166.789993|161.389999|165.059998|11073200|0.9849314898|162.572784
2025-11-18|250|GILD|124.540001|127.360001|123.320000|127.180000|8179000|0.9813788839|124.811768
2025-11-18|251|ROP|443.399994|448.640015|442.230011|444.410004|1071000|0.9929279129|441.267120
2025-11-18|252|SNPS|388.000000|389.600006|376.179993|383.820007|2248300|1.0000000000|383.820007
2025-11-18|253|STZ|130.839996|131.110001|129.369995|130.529999|1874900|0.9792322433|127.819191
2025-11-18|254|BSX|101.500000|101.900002|99.139999|99.220001|10109400|1.0000000000|99.220001
2025-11-18|255|STE|257.500000|258.589996|255.860001|257.000000|543800|0.9945039836|255.587509
2025-11-18|256|DHI|136.389999|139.630005|134.740005|138.449997|2707200|0.9911938574|137.230774
2025-11-18|257|LIN|418.730011|419.380005|413.649994|414.720001|2586700|0.9898650243|410.516815
2025-11-18|258|SBUX|83.610001|83.839996|82.339996|83.330002|7189400|0.9821606772|81.843445
2025-11-18|259|MS|158.639999|161.669998|157.789993|159.830002|4864900|0.9837860335|157.238525
2025-11-18|260|INTU|655.799988|662.000000|644.150024|649.729980|2437200|0.9906980199|643.686218
2025-11-18|261|MCHP|51.250000|51.570000|50.610001|50.869999|9779900|0.9744763190|49.571609
2025-11-18|262|CB|295.769989|299.399994|294.869995|296.570007|1443800|0.9939554166|294.777374
2025-11-18|263|ORLY|99.680000|100.040001|98.300003|98.330002|6109400|1.0000000000|98.330002
2025-11-18|264|RCL|249.130005|253.740005|247.490005|251.419998|1572400|0.9862054091|247.951782
2025-11-18|265|JBL|197.419998|201.050003|195.970001|198.880005|940800|0.9992441666|198.729675
2025-11-18|266|ALL|209.949997|212.110001|209.210007|209.960007|1507800|0.9851043015|206.832504
2025-11-18|267|CPT|102.199997|102.570000|101.470001|102.029999|1160700|0.9704206326|99.012009
2025-11-18|268|VMRK|59.080002|59.529999|58.799999|59.180000|1932600|0.9671264641|57.234547
2025-11-18|269|IT|225.000000|227.910004|223.020004|226.320007|993000|1.0000000000|226.320007
2025-11-18|270|DECK|81.830002|84.489998|80.930000|83.769997|3915500|1.0000000000|83.769997
2025-11-18|271|REG|69.489998|69.820000|69.089996|69.489998|799300|0.9701425273|67.415207
2025-11-18|272|INCY|104.199997|107.309998|103.790001|103.889999|2831200|1.0000000000|103.889999
2025-11-18|273|SPG|180.270004|182.160004|179.779999|181.929993|945400|0.9659807077|175.740860
2025-11-18|274|MAA|130.589996|130.970001|129.669998|130.429993|717700|0.9656183896|125.945602
2025-11-18|275|MLM|586.109985|596.090027|585.000000|593.179993|318200|0.9960197565|590.818970
2025-11-18|276|TSCO|52.849998|53.860001|52.020000|53.529999|7977400|0.9764906296|52.271538
2025-11-18|277|ALB|116.370003|122.419998|114.910004|121.389999|4524100|0.9919948535|120.418259
2025-11-18|278|CPRT|41.340000|41.750000|41.060001|41.320000|7615300|1.0000000000|41.320000
2025-11-18|279|FLEX|57.919998|58.750000|57.340000|57.570000|5946700|1.0000000000|57.570000
2025-11-18|280|ESS|253.050003|255.050003|251.139999|253.580002|311000|0.9710345219|246.234955
2025-11-18|281|O|57.000000|57.459999|56.680000|57.340000|5440700|0.9611211279|55.110687
2025-11-18|282|MCO|468.929993|473.350006|466.399994|470.160004|680700|0.9914008639|466.117035
2025-11-18|283|SJM|107.559998|107.720001|106.099998|106.690002|1641500|0.9701300487|103.503174
2025-11-18|284|MCK|859.270020|863.469971|842.330017|860.750000|927200|0.9971371280|858.285828
2025-11-18|285|COF|199.789993|204.500000|199.440002|200.039993|6180400|0.9884398390|197.727509
2025-11-18|286|EME|602.609985|624.070007|602.609985|614.590027|381900|0.9983902989|613.600708
2025-11-18|287|DLTR|102.360001|103.940002|99.220001|101.570000|4263100|1.0000000000|101.570000
2025-11-18|288|COR|366.640015|366.869995|360.540009|361.640015|2045800|0.9940692618|359.495239
2025-11-18|289|DRI|171.929993|172.880005|169.679993|171.039993|1552000|0.9771066651|167.124313
2025-11-18|290|RMD|245.190002|247.309998|243.789993|246.220001|1175600|0.9918845144|244.221802
2025-11-18|291|WAB|197.770004|201.059998|196.979996|197.610001|951700|0.9965472933|196.927719
2025-11-18|292|FCX|41.750000|41.810001|39.939999|40.000000|23695200|0.9929128187|39.716511
2025-11-18|293|IVZ|22.290001|22.969999|22.100000|22.660000|4089100|0.9777629266|22.156109
2025-11-18|294|ACGL|91.620003|92.760002|91.220001|91.790001|1467300|1.0000000000|91.790001
2025-11-18|295|ERIE|287.470001|293.200012|287.100006|290.170013|124800|0.9834606060|285.370758
2025-11-18|296|EG|320.709991|323.540009|318.450012|320.019989|341200|0.9878843207|316.142731
2025-11-18|297|DVA|116.750000|117.720001|115.690002|116.559998|788400|1.0000000000|116.559998
2025-11-18|298|HSIC|71.129997|71.459999|70.059998|71.199997|1416400|1.0000000000|71.199997
2025-11-18|299|EL|85.849998|88.269997|85.190002|88.059998|3142000|0.9893232983|87.119804
2025-11-18|300|WAT|379.950012|380.959991|372.269989|376.630005|446000|1.0000000000|376.630005
2025-11-18|301|NTAP|106.400002|107.739998|106.070000|106.400002|2195100|0.9870750252|105.024780
2025-11-18|302|HIG|131.550003|133.589996|131.080002|133.119995|928600|0.9867007020|131.349594
2025-11-18|303|IRM|88.660004|90.180000|86.970001|89.279999|3577200|0.9749654551|87.044914
2025-11-18|304|BRK-B|503.390015|506.640015|500.600006|504.369995|5457400|1.0000000000|504.369995
2025-11-18|305|FDS|274.260010|275.239990|269.200012|272.109985|828300|0.9861098905|268.330322
2025-11-18|306|STLD|153.479996|156.770004|153.050003|154.610001|1179000|0.9917509611|153.334625
2025-11-18|307|DGX|187.350006|188.160004|184.350006|185.320007|1368400|0.9871163208|182.932404
2025-11-18|308|CIEN|189.029999|191.839996|182.889999|187.000000|3498800|1.0000000000|187.000000
2025-11-18|309|TTWO|233.399994|239.919998|231.500000|239.089996|1867400|1.0000000000|239.089996
2025-11-18|310|VTR|79.389999|80.290001|79.029999|79.860001|3175400|0.9818295408|78.408913
2025-11-18|311|AMZN|228.100006|230.199997|222.419998|222.550003|60608400|1.0000000000|222.550003
2025-11-18|312|ARE|50.599998|51.119999|50.220001|50.799999|3171700|0.9575530500|48.643692
2025-11-18|313|RL|321.209991|329.269989|320.600006|328.260010|542900|0.9923194237|325.738800
2025-11-18|314|BXP|69.230003|69.480003|68.459999|69.129997|1117200|0.9663309942|66.802452
2025-11-18|315|FIX|901.440002|936.909973|895.780029|920.989990|353700|0.9985721755|919.674927
2025-11-18|316|YUM|148.229996|149.580002|147.940002|148.820007|1758300|0.9858960568|146.721054
2025-11-18|317|CHRW|152.309998|153.000000|150.759995|151.690002|1302700|0.9892308245|150.056427
2025-11-18|318|FE|46.799999|46.959999|46.439999|46.610001|6391400|0.9707938980|45.248707
2025-11-18|319|MTD|1382.589966|1403.589966|1359.569946|1396.449951|163200|1.0000000000|1396.449951
2025-11-18|320|PLD|123.300003|124.250000|122.309998|123.800003|6382500|0.9772581725|120.984558
2025-11-18|321|URI|806.039978|813.109985|798.900024|800.500000|781000|0.9939808437|795.681641
2025-11-18|322|AEE|105.620003|106.080002|104.849998|104.900002|1950400|0.9792499824|102.723320
2025-11-18|323|VRSN|249.399994|252.919998|247.929993|249.630005|896600|0.9907421953|247.318985
2025-11-18|324|PWR|422.000000|443.220001|420.000000|439.290009|1663400|0.9993903388|439.022156
2025-11-18|325|AMT|180.000000|182.360001|178.940002|181.550003|3436500|0.9712942756|176.338486
2025-11-18|326|MAR|283.220001|286.940002|281.299988|282.899994|1553500|0.9917417055|280.563721
2025-11-18|327|CTSH|70.940002|71.980003|70.449997|71.750000|4240700|0.9822114026|70.473671
2025-11-18|328|SRE|91.900002|92.349998|90.660004|91.599998|3882400|0.9788895267|89.666283
2025-11-18|329|CSGP|67.000000|67.419998|66.230003|66.809998|3961800|1.0000000000|66.809998
2025-11-18|330|RSG|210.720001|214.539993|209.580002|213.960007|1806000|0.9913326285|212.105545
2025-11-18|331|CCI|90.400002|91.800003|90.099998|91.040001|2443200|0.9648543647|87.840347
2025-11-18|332|EBAY|82.040001|82.860001|81.470001|81.830002|3305000|0.9904184858|80.800278
2025-11-18|333|NVDA|183.380005|184.800003|179.649994|181.360001|213598900|0.9987261828|181.128983
2025-11-18|334|BKNG|4798.189926|4862.419891|4755.120087|4783.010101|325600|0.0397328628|190.042679
2025-11-18|335|GS|772.059998|787.700012|766.539978|776.299988|1673500|0.9855142723|765.054688
2025-11-18|336|FFIV|227.440002|229.960007|226.000000|227.050003|745300|1.0000000000|227.050003
2025-11-18|337|SBAC|197.479996|198.539993|194.979996|197.699997|778500|0.9805017315|193.845184
2025-11-18|338|LII|457.309998|461.160004|452.410004|455.540009|334300|0.9920705337|451.927795
2025-11-18|339|BLK|1022.000000|1026.770020|1010.500000|1019.140015|749500|0.9841011192|1002.936768
2025-11-18|340|TKO|184.479996|186.970001|181.460007|186.559998|1787900|0.9884090368|184.397583
2025-11-18|341|AKAM|87.300003|88.760002|86.000000|87.739998|3681700|1.0000000000|87.739998
2025-11-18|342|UPS|93.599998|93.680000|92.070000|92.830002|6347800|0.9546755018|88.622528
2025-11-18|343|A|143.240005|145.289993|140.240005|143.839996|2330800|0.9940314297|142.981476
2025-11-18|344|TDY|499.549988|505.140015|494.549988|504.170013|575800|1.0000000000|504.170013
2025-11-18|345|PKG|196.220001|197.929993|194.490005|196.630005|608000|0.9816059808|193.013214
2025-11-18|346|EW|85.050003|85.660004|84.029999|84.040001|3334000|1.0000000000|84.040001
2025-11-18|347|MET|74.900002|75.940002|74.599998|75.370003|3583500|0.9792675716|73.807388
2025-11-18|348|ON|45.580002|46.040001|44.849998|45.560001|7133100|1.0000000000|45.560001
2025-11-18|349|ISRG|546.059998|549.210022|538.830017|546.770020|2297400|1.0000000000|546.770020
2025-11-18|350|CRL|162.750000|164.360001|160.490005|162.529999|1289500|1.0000000000|162.529999
2025-11-18|351|MRVL|80.470001|81.750000|78.440002|78.680000|23426900|0.9985347355|78.564713
2025-11-18|352|EQIX|777.580017|781.770020|769.609985|779.169983|397400|0.9790491812|762.845764
2025-11-18|353|TPR|100.930000|103.559998|100.400002|103.279999|2855700|0.9910289553|102.353462
2025-11-18|354|GRMN|189.419998|191.479996|187.529999|189.850006|1149300|0.9875544034|187.487213
2025-11-18|355|GPN|72.410004|73.330002|71.769997|72.029999|2053100|0.9898898052|71.301758
2025-11-18|356|ALGN|132.470001|132.869995|130.229996|132.279999|1593500|1.0000000000|132.279999
2025-11-18|357|WTW|319.519989|323.260010|317.359985|319.519989|473500|0.9903328749|316.431152
2025-11-18|358|MDLZ|55.830002|55.889999|55.230000|55.779999|9659700|0.9742061707|54.341221
2025-11-18|359|AXON|541.270020|549.219971|528.950012|533.770020|841200|1.0000000000|533.770020
2025-11-18|360|FIS|63.889999|64.190002|63.009998|63.150002|3144500|0.9743297530|61.528927
2025-11-18|361|ACN|241.059998|241.750000|237.429993|240.000000|3375300|0.9798095806|235.154282
2025-11-18|362|ZBH|88.889999|90.250000|88.489998|89.080002|1936800|0.9920119396|88.368431
2025-11-18|363|BG|93.980003|96.620003|93.440002|96.139999|1370400|0.9821514316|94.424049
2025-11-18|364|PFG|80.410004|82.830002|80.000000|82.190002|1041500|0.9740293311|80.055473
2025-11-18|365|ELV|329.489990|329.500000|323.010010|324.529999|1416100|0.9847701459|319.587463
2025-11-18|366|CNC|36.810001|37.000000|35.459999|36.930000|8029500|1.0000000000|36.930000
2025-11-18|367|PRU|101.550003|103.589996|101.220001|102.639999|1839200|0.9622422893|98.764542
2025-11-18|368|NFLX|110.290001|115.250000|109.199997|114.089996|43440600|1.0000000000|114.089996
2025-11-18|369|NDAQ|85.519997|85.910004|84.760002|85.540001|2248900|0.9903103249|84.711143
2025-11-18|370|WYNN|117.550003|121.430000|116.849998|120.290001|1401600|0.9927789107|119.421379
2025-11-18|371|CME|278.549988|282.339996|277.070007|279.279999|1749700|0.9671562481|270.107391
2025-11-18|372|STX|257.390015|261.359985|249.529999|253.860001|2479400|0.9949371232|252.574738
2025-11-18|373|NRG|161.360001|168.699997|161.139999|166.449997|2451600|0.9903289609|164.840256
2025-11-18|374|AIZ|224.770004|227.279999|224.320007|225.949997|213800|0.9887198190|223.401245
2025-11-18|375|CBRE|149.570007|151.490005|148.759995|150.080002|1358100|1.0000000000|150.080002
2025-11-18|376|CRM|236.240005|237.789993|230.270004|233.500000|8045100|0.9933339931|231.943481
2025-11-18|377|DPZ|403.410004|408.000000|400.000000|403.339996|312400|0.9848757173|397.239777
2025-11-18|378|EXR|130.130005|131.119995|129.009995|130.339996|878400|0.9661267437|125.924957
2025-11-18|379|GOOG|288.484985|289.434998|279.010010|284.959991|29702200|0.9980438060|284.402557
2025-11-18|380|GOOGL|287.920013|288.799988|278.200012|284.279999|49158700|0.9980471771|283.724854
2025-11-18|381|DLR|158.009995|160.619995|156.869995|159.619995|2058100|0.9788235933|156.239822
2025-11-18|382|MPWR|887.219971|894.510010|852.039978|856.960022|878600|0.9948016730|852.505249
2025-11-18|383|LVS|63.590000|65.169998|63.290001|64.779999|5274000|0.9827791790|63.664429
2025-11-18|384|DXCM|58.349998|60.480000|58.139999|60.169998|6688600|1.0000000000|60.169998
2025-11-18|385|BLDR|98.480003|99.879997|97.500000|98.599998|2726300|1.0000000000|98.599998
2025-11-18|386|WBD|22.740000|24.190001|22.580000|23.690001|60510100|1.0000000000|23.690001
2025-11-18|387|EXPE|242.020004|247.800003|239.779999|240.000000|3029300|0.9926306212|238.231354
2025-11-18|388|CF|81.000000|81.480003|80.500000|81.129997|1989400|0.9855673857|79.959076
2025-11-18|389|AMP|436.029999|445.890015|431.130005|442.809998|908600|0.9903313094|438.528564
2025-11-18|390|ICE|150.669998|154.009995|149.860001|152.779999|5191000|0.9901381914|151.273331
2025-11-18|391|PSKY|15.700000|16.309999|15.250000|16.090000|10117500|0.9863259572|15.869986
2025-11-18|392|LYV|131.770004|132.889999|130.169998|131.330002|3377500|1.0000000000|131.330002
2025-11-18|393|CMG|30.459999|31.020000|30.270000|30.760000|21086100|1.0000000000|30.760000
2025-11-18|394|UAL|89.000000|92.849998|88.959999|91.919998|3859300|1.0000000000|91.919998
2025-11-18|395|TDG|1345.060059|1365.689941|1338.209961|1351.060059|388200|1.0000000000|1351.060059
2025-11-18|396|MA|533.559998|536.000000|524.700012|527.580017|3594700|0.9951190330|525.004883
2025-11-18|397|LDOS|188.979996|190.940002|187.539993|189.110001|677700|0.9917626624|187.552231
2025-11-18|398|FSLR|247.000000|257.380005|244.419998|252.190002|1760300|1.0000000000|252.190002
2025-11-18|399|BR|224.889999|226.679993|224.460007|224.940002|726600|0.9836780236|221.268539
2025-11-18|400|SMCI|34.310001|35.779999|33.549999|34.900002|28024900|1.0000000000|34.900002
2025-11-18|401|TMUS|216.979996|216.979996|212.050003|213.080002|5857300|0.9849640725|208.671799
2025-11-18|402|DAL|55.419998|57.430000|55.270000|57.130001|6441800|0.9922015511|56.684479
2025-11-18|403|IBKR|62.720001|64.260002|62.090000|63.270000|4146700|0.9966884542|63.060474
2025-11-18|404|PODD|327.839996|335.869995|324.970001|333.470001|654900|1.0000000000|333.470001
2025-11-18|405|TEL|232.990005|233.699997|229.860001|231.539993|2217500|0.9892434805|229.049408
2025-11-18|406|BX|137.169998|138.869995|135.880005|136.529999|5751100|0.9695455041|132.372040
2025-11-18|407|LULU|162.580002|164.970001|160.970001|163.970001|2791900|1.0000000000|163.970001
2025-11-18|408|ULTA|504.309998|515.059998|501.769989|507.369995|504100|1.0000000000|507.369995
2025-11-18|409|MSCI|554.849976|562.280029|550.010010|556.830017|655700|0.9889531620|550.678772
2025-11-18|410|ECHO|67.389999|70.000000|66.089996|69.739998|2226300|1.0000000000|69.739998
2025-11-18|411|PM|154.119995|157.619995|152.809998|155.850006|5144000|0.9741176592|151.816254
2025-11-18|412|V|324.500000|325.000000|318.000000|321.179993|9170400|0.9940309283|319.262848
2025-11-18|413|AWK|132.899994|133.309998|129.509995|129.910004|1784100|0.9796942856|127.272079
2025-11-18|414|KDP|27.020000|27.480000|26.870001|27.420000|12137000|0.9761522236|26.766094
2025-11-18|415|SW|33.910000|34.509998|33.595001|33.820000|6321500|0.9711821711|32.845379
2025-11-18|416|AVGO|343.200012|347.970001|335.510010|340.500000|21726800|0.9944270811|338.602417
2025-11-18|417|VRSK|220.070007|223.929993|218.259995|222.960007|1885700|0.9927002374|221.332443
2025-11-18|418|DG|102.959999|104.790001|102.230003|103.330002|1897000|0.9860246787|101.885933
2025-11-18|419|FTNT|81.599998|82.260002|79.139999|80.150002|6448400|1.0000000000|80.150002
2025-11-18|420|CHTR|202.110001|203.800003|199.479996|200.690002|1319500|1.0000000000|200.690002
2025-11-18|421|FERG|234.429993|238.160004|233.000000|236.539993|1658800|0.9848254111|232.950577
2025-11-18|422|GNRC|139.110001|144.529999|137.600006|142.460007|1574100|1.0000000000|142.460007
2025-11-18|423|LYB|43.240002|44.049999|42.779999|43.740002|5130500|0.9407211657|41.147148
2025-11-18|424|CBOE|258.809998|261.119995|256.369995|259.109985|800500|0.9954503651|257.931122
2025-11-18|425|TSLA|405.380005|408.899994|393.709991|401.250000|80688600|1.0000000000|401.250000
2025-11-18|426|KKR|113.010002|116.120003|112.000000|114.180000|5746900|0.9943370554|113.533409
2025-11-18|427|NXPI|189.850006|190.850006|187.740005|188.589996|2776900|0.9870653625|186.150665
2025-11-18|428|GM|67.830002|68.419998|67.059998|67.930000|6092400|0.9934966717|67.488228
2025-11-18|429|TRGP|169.050003|171.529999|168.300003|169.580002|1298900|0.9854533185|167.113174
2025-11-18|430|CPAY|273.420013|276.769989|271.220001|272.779999|575700|1.0000000000|272.779999
2025-11-18|431|KMI|27.070000|27.320000|26.920000|27.090000|16210400|0.9722301462|26.337717
2025-11-18|432|HCA|476.279999|479.000000|471.049988|478.140015|1119800|0.9950375716|475.767303
2025-11-18|433|HII|310.320007|312.369995|305.369995|309.160004|308900|0.9882397967|304.105988
2025-11-18|434|APO|123.029999|126.010002|122.489998|124.320000|2859500|0.9875780044|122.775696
2025-11-18|435|MPC|195.619995|199.660004|195.000000|199.610001|1545300|0.9835714275|196.330688
2025-11-18|436|XYL|140.289993|140.740005|138.020004|140.160004|1611200|0.9861759388|138.222412
2025-11-18|437|APTV|76.010002|76.809998|75.110001|75.769997|3433900|1.0000000000|75.769997
2025-11-18|438|PSX|136.020004|139.039993|135.770004|138.410004|2387500|0.9794981865|135.572342
2025-11-18|439|AMCR|8.440000|8.480000|8.350000|8.460000|26984800|4.8543684849|41.067955
2025-11-18|440|META|591.599976|603.659973|583.780029|597.690002|25500600|0.9974059053|596.139587
2025-11-18|441|NOW|827.080002|835.000000|811.610031|817.969971|1528100|0.2000000000|163.593994
2025-11-18|442|PANW|202.500000|203.990005|199.809998|201.000000|5373200|1.0000000000|201.000000
2025-11-18|443|FANG|145.559998|151.350006|144.440002|149.580002|1853500|0.9832059760|147.067963
2025-11-18|444|WDAY|224.800003|227.250000|222.860001|225.639999|2930700|1.0000000000|225.639999
2025-11-18|445|ABBV|235.000000|237.190002|232.110001|233.869995|6232600|0.9769027438|228.468262
2025-11-18|446|NCLH|17.510000|18.040001|17.469999|17.840000|14192200|1.0000000000|17.840000
2025-11-18|447|ZTS|118.430000|119.129997|117.089996|118.139999|6740900|0.9845723480|116.317375
2025-11-18|448|IQV|214.259995|219.479996|213.899994|217.279999|1135200|1.0000000000|217.279999
2025-11-18|449|NWS|29.020000|29.020000|28.610001|28.790001|790300|0.9963262306|28.684233
2025-11-18|450|NWSA|25.370001|25.590000|25.139999|25.309999|4772200|0.9958385353|25.204672
2025-11-18|451|CDW|140.039993|141.759995|138.690002|139.809998|1225200|0.9800438553|137.019928
2025-11-18|452|VEEV|275.630005|279.149994|273.450012|273.720001|1916900|1.0000000000|273.720001
2025-11-18|453|ALLE|159.949997|161.440002|158.729996|161.070007|1043500|0.9921390873|159.803848
2025-11-18|454|HLT|264.910004|270.320007|264.910004|267.940002|1623100|0.9980421657|267.415375
2025-11-18|455|ARES|140.509995|143.750000|139.429993|142.690002|2298200|0.9704279397|138.470367
2025-11-18|456|ANET|125.750000|127.550003|122.080002|123.449997|12561100|1.0000000000|123.449997
2025-11-18|457|SYF|69.629997|72.129997|69.514999|71.220001|4652300|0.9876561264|70.340866
2025-11-18|458|CFG|49.279999|50.939999|49.000000|50.430000|4497700|0.9795741096|49.399921
2025-11-18|459|KEYS|174.259995|177.110001|172.375000|174.729996|812700|1.0000000000|174.729996
2025-11-18|460|GDDY|124.769997|126.400002|123.708000|125.279999|1648500|1.0000000000|125.279999
2025-11-18|461|KHC|24.530001|25.090000|24.370001|24.969999|15670600|0.9508904028|23.743732
2025-11-18|462|PYPL|61.389999|61.639999|60.470001|60.700001|18446600|0.9914138539|60.178825
2025-11-18|463|LITE|245.350006|252.830002|232.110001|247.429993|5416400|1.0000000000|247.429993
2025-11-18|464|HPE|21.010000|21.455000|20.719999|20.900000|43252800|0.9847720717|20.581736
2025-11-18|465|XYZ|58.380001|59.540001|57.290001|57.639999|7519700|1.0000000000|57.639999
2025-11-18|466|FTV|50.310001|50.810001|50.099998|50.380001|2638300|0.9968000114|50.218784
2025-11-18|467|DELL|120.500000|126.040001|119.389999|122.690002|10147100|0.9909355870|121.577888
2025-11-18|468|TTD|39.764999|41.191002|39.689999|40.470001|10171600|1.0000000000|40.470001
2025-11-18|469|VST|172.660004|177.419998|170.660004|174.419998|3279100|0.9958526400|173.696625
2025-11-18|470|HWM|200.809998|202.360001|196.639999|201.220001|2035200|0.9985047767|200.919144
2025-11-18|471|INVH|27.940001|28.020000|27.459999|27.540001|7156900|0.9672165501|26.637146
2025-11-18|472|CVNA|319.619999|326.489983|309.104996|317.220001|2586900|0.2000000000|63.444000
2025-11-18|473|IR|73.190002|74.230003|72.449997|73.559998|1928100|0.9992655835|73.505974
2025-11-18|474|VICI|29.715000|29.910000|29.325001|29.570000|11020300|0.9523421134|28.160757
2025-11-18|475|VRT|163.309998|169.126007|158.000000|164.860001|7586300|0.9991812568|164.725021
2025-11-18|476|MRNA|24.490000|24.990000|23.799999|24.920000|8360500|1.0000000000|24.920000
2025-11-18|477|FOXA|64.470001|65.809998|63.939999|64.959999|2736200|0.9951185496|64.642899
2025-11-18|478|FOX|57.889999|59.404999|57.570000|58.520000|1234300|0.9946544484|58.207180
2025-11-18|479|DOW|21.570000|22.004999|21.250000|21.850000|12329300|0.9640247460|21.063940
2025-11-18|480|UBER|92.099998|92.922997|89.330002|90.860001|17439400|1.0000000000|90.860001
2025-11-18|481|CTVA|63.750000|65.080002|63.560001|64.500000|3148300|0.9928033602|64.035820
2025-11-18|482|CRWD|524.820007|531.330017|513.000000|513.669983|2573000|0.2500000000|128.417496
2025-11-18|483|DDOG|177.440002|180.210007|175.000000|176.460007|3600200|1.0000000000|176.460007
2025-11-18|484|CARR|52.709999|53.250000|51.953999|52.009998|6507000|0.9886394999|51.419144
2025-11-18|485|OTIS|88.084999|88.449997|87.379997|87.699997|3360900|0.9834662418|86.249992
2025-11-18|486|PLTR|168.369995|172.830002|165.500000|167.330002|53710100|1.0000000000|167.330002
2025-11-18|487|DASH|210.800003|214.339996|207.199997|212.080002|7355000|1.0000000000|212.080002
2025-11-18|488|ABNB|116.589996|118.540001|115.389999|115.419998|5547200|1.0000000000|115.419998
2025-11-18|489|EXE|115.650002|117.709999|114.279999|117.160004|2879400|0.9826864450|115.131546
2025-11-18|490|COIN|261.750000|271.000000|261.000000|261.790009|10854500|1.0000000000|261.790009
2025-11-18|491|APP|533.354980|541.799988|522.000000|526.010010|3927300|1.0000000000|526.010010
2025-11-18|492|HOOD|113.910004|116.971001|112.349998|114.300003|28581100|1.0000000000|114.300003
2025-11-18|493|CEG|333.750000|344.549988|333.750000|339.350006|3209900|0.9955820742|337.850769
2025-11-18|494|GEHC|70.480003|71.510002|70.035004|71.019997|3371500|0.9985528329|70.917221
2025-11-18|495|KVUE|16.440001|16.605000|16.100000|16.230000|44935300|0.9661066365|15.679909
2025-11-18|496|VLTO|97.529999|98.364998|97.199997|97.800003|1652700|0.9957401186|97.383385
2025-11-18|497|RDDT|184.179993|189.500000|180.889999|185.690002|3722300|1.0000000000|185.690002
2025-11-18|498|SOLV|75.790001|77.250000|75.254997|76.889999|1355900|1.0000000000|76.889999
2025-11-18|499|GEV|569.059998|576.478027|552.840027|554.929993|2986000|0.9981503345|553.903564
2025-11-18|500|SNDK|257.149994|260.631989|229.110001|244.929993|16433900|1.0000000000|244.929993
2025-11-18|501|Q|79.500000|82.029999|78.010002|78.980003|3116500|0.9980995006|78.829910
