date|security_id|ticker|open|high|low|close|volume|adj_factor|adj_close_vendor
2026-01-26|1|AEP|117.110001|119.169998|117.010002|118.019997|3992200|0.9775591772|115.371536
2026-01-26|2|BA|251.490005|251.589996|247.410004|248.429993|8469200|1.0000000000|248.429993
2026-01-26|3|CAT|628.000000|639.000000|619.260010|635.919983|2532900|0.9962516275|633.536316
2026-01-26|4|CNP|39.000000|39.590000|39.000000|39.419998|5605600|0.9832236217|38.758671
2026-01-26|5|CVX|168.330002|168.410004|166.770004|167.500000|8912600|0.9728341284|162.949722
2026-01-26|6|DIS|111.680000|112.410004|111.129997|111.309998|8859800|0.9923958226|110.463577
2026-01-26|7|DTE|135.539993|136.949997|134.990005|135.529999|1332700|0.9843774065|133.412659
2026-01-26|8|ED|104.430000|105.610001|104.190002|104.589996|1208800|0.9759585897|102.075516
2026-01-26|9|GD|363.309998|364.670013|360.000000|363.540009|1485500|0.9910149667|360.273621
2026-01-26|10|GE|293.000000|298.730011|290.440002|295.059998|7844800|0.9973022307|294.264008
2026-01-26|11|HON|221.359995|221.829994|219.720003|221.160001|3703900|1.0347776740|228.851425
2026-01-26|12|HPQ|19.480000|19.600000|19.299999|19.459999|14451800|0.9721972446|18.918957
2026-01-26|13|IBM|293.160004|296.820007|293.140015|296.329987|3726900|0.9800357773|290.414001
2026-01-26|14|IP|43.400002|43.680000|42.560001|43.000000|7300500|0.9645837619|41.477104
2026-01-26|15|JNJ|220.210007|222.029999|220.000000|221.490005|6856700|0.9841702191|217.983856
2026-01-26|16|KO|72.860001|73.300003|72.540001|72.559998|14017400|0.9867998793|71.602196
2026-01-26|17|KR|64.790001|65.180000|63.389999|63.689999|6382000|0.9830507535|62.610500
2026-01-26|18|LMT|590.000000|590.400024|575.630005|581.659973|1460500|0.9882876617|574.847351
2026-01-26|19|MMM|162.000000|162.860001|159.490005|159.520004|3891000|0.9860940463|157.301727
2026-01-26|20|MO|62.099998|63.200001|62.000000|62.980000|11043900|0.9690282260|61.029400
2026-01-26|21|MRK|107.800003|108.419998|107.059998|107.400002|9903200|0.9855603323|105.849182
2026-01-26|22|MSI|404.190002|407.239990|398.929993|401.070007|1207300|0.9943844568|398.817780
2026-01-26|23|PG|150.119995|150.880005|148.520004|149.490005|12655700|0.9851719538|147.273346
2026-01-26|24|XOM|136.929993|136.940002|134.169998|134.839996|16056100|0.9803338832|132.188217
2026-01-26|25|RTX|195.250000|195.889999|193.500000|194.130005|6680600|0.9892687733|192.046753
2026-01-26|26|MCD|310.000000|314.359985|309.970001|312.950012|3385000|0.9877457529|309.115021
2026-01-26|27|AXP|362.190002|364.869995|360.660004|363.250000|2131200|0.9941272834|361.116730
2026-01-26|28|BMY|54.549999|55.209999|54.480000|54.599998|8565600|0.9787458882|53.439526
2026-01-26|29|DD|44.320002|44.620000|44.100001|44.200002|3172701|2.9761992776|131.548019
2026-01-26|30|DE|515.719971|518.659973|512.570007|516.539978|750600|0.9945059901|513.702148
2026-01-26|31|EMR|148.289993|149.589996|147.690002|149.130005|1912400|0.9888087280|147.461044
2026-01-26|32|ETN|331.220001|333.630005|327.500000|332.279999|2812600|0.9917042798|329.523468
2026-01-26|33|ETR|93.629997|95.160004|93.540001|94.970001|2728700|0.9822109154|93.280571
2026-01-26|34|F|13.560000|13.660000|13.340000|13.440000|59171000|0.9665034086|12.989805
2026-01-26|35|HAL|34.500000|34.500000|33.860001|34.160000|13985800|0.9909628646|33.851292
2026-01-26|36|LLY|1062.209961|1067.079956|1043.319946|1062.750000|2244900|0.9951920486|1057.640381
2026-01-26|37|PCG|14.980000|15.280000|14.930000|15.190000|18885600|0.9942476518|15.102621
2026-01-26|38|PEP|144.800003|145.919998|144.139999|145.869995|6589600|0.9808256472|143.073029
2026-01-26|39|PFE|25.629999|25.920000|25.600000|25.879999|41441900|0.9668473999|25.022009
2026-01-26|40|TXN|193.309998|196.839996|192.440002|196.589996|9169300|0.9834571490|193.337830
2026-01-26|41|WFC|87.099998|88.290001|87.099998|88.050003|13047400|0.9838041369|86.623955
2026-01-26|42|HUBB|486.339996|488.244995|482.399994|486.820007|332390|0.9943029521|484.046600
2026-01-26|43|WMT|117.809998|118.849998|117.389999|117.639999|19552200|0.9936722171|116.895599
2026-01-26|44|AIG|72.800003|74.400002|72.800003|73.790001|4053300|0.9875732230|72.873032
2026-01-26|45|AVY|188.350006|188.729996|186.199997|188.309998|425500|0.9887328339|186.188278
2026-01-26|46|BAC|51.799999|52.279999|51.669998|52.020000|27728400|0.9892387825|51.460201
2026-01-26|47|BALL|57.529999|57.599998|56.810001|57.209999|1814000|0.9933732915|56.830887
2026-01-26|48|BDX|202.730008|205.489993|202.249999|203.420004|1238000|0.7757059857|157.794128
2026-01-26|49|CLX|113.000000|113.339996|111.959999|112.870003|2168000|0.9654541242|108.970818
2026-01-26|50|CMI|569.599976|572.989990|564.010010|569.960022|1035000|0.9898444823|564.171814
2026-01-26|51|CMS|71.230003|71.779999|70.870003|71.529999|2352100|0.9770377822|69.887512
2026-01-26|52|CVS|83.250000|84.000000|82.500000|83.870003|9269600|0.9851999130|82.628716
2026-01-26|53|ECL|282.839996|284.779999|281.529999|283.670013|1223000|0.9946163507|282.142853
2026-01-26|54|ES|69.589996|71.070000|69.589996|70.330002|1587500|0.9779292778|68.777763
2026-01-26|55|EVRG|76.070000|76.830002|76.000000|76.589996|1383200|0.9752573788|74.694962
2026-01-26|56|GWW|1061.380005|1064.959961|1048.079956|1049.969971|206400|0.9941570385|1043.834961
2026-01-26|57|LNT|66.849998|67.570000|66.690002|67.010002|1842200|0.9771332386|65.477692
2026-01-26|58|MKC|61.250000|61.799999|60.790001|60.970001|4265300|0.9822640876|59.888645
2026-01-26|59|MRSH|182.899994|185.000000|182.279999|183.660004|3281400|0.9842873682|180.774231
2026-01-26|60|NEE|85.269997|86.279999|84.839996|85.470001|10990600|0.9860055271|83.644897
2026-01-26|61|NI|43.639999|44.080002|43.580002|43.910000|2934200|0.9804324438|43.050789
2026-01-26|62|PNW|92.650002|93.610001|92.169998|92.940002|1083300|0.9727255046|90.405106
2026-01-26|63|RVTY|117.080002|118.209999|114.550003|114.699997|1271800|0.9985919505|114.538490
2026-01-26|64|SNA|370.480011|372.190002|367.529999|370.130005|313000|0.9808470667|363.040924
2026-01-26|65|SPGI|532.999992|538.810008|530.190013|535.229988|1022100|0.9395781501|502.890381
2026-01-26|66|TER|229.179993|235.080002|227.020004|231.750000|2084300|0.9992046578|231.565674
2026-01-26|67|TGT|108.029999|108.489998|103.610001|103.959999|6709800|0.9731968404|101.173546
2026-01-26|68|TXT|95.160004|95.589996|94.440002|94.639999|1279600|0.9995682296|94.599129
2026-01-26|69|VMC|301.429993|302.450012|298.929993|300.399994|500300|0.9942812010|298.682068
2026-01-26|70|XEL|75.349998|76.139999|75.269997|75.730003|5215500|0.9852321471|74.611633
2026-01-26|71|ITW|259.019989|260.279999|257.410004|259.149994|1126800|0.9877340632|255.971283
2026-01-26|72|CL|86.669998|86.889999|85.180000|85.199997|7112400|0.9881586198|84.191109
2026-01-26|73|EXC|44.270000|44.810001|44.200001|44.549999|7223900|0.9822723358|43.760235
2026-01-26|74|MDT|100.949997|102.099998|100.580002|100.669998|8402000|0.9830319865|98.961830
2026-01-26|75|BNY|118.139999|119.180000|117.680000|119.019997|3103700|0.9920974180|118.079437
2026-01-26|76|EIX|61.320000|62.180000|61.270000|61.639999|2418700|0.9764773062|60.190063
2026-01-26|77|FRT|102.190002|102.260002|101.059998|101.570000|555400|0.9803038504|99.569458
2026-01-26|78|PNR|107.879997|108.389999|107.459999|108.019997|1156100|0.9926207111|107.222885
2026-01-26|79|USB|55.599998|56.090000|55.410000|55.830002|8542800|0.9813809589|54.790504
2026-01-26|80|WY|26.969999|27.020000|26.570000|26.600000|6527200|0.9829820427|26.147322
2026-01-26|81|SYY|77.029999|77.129997|75.610001|75.629997|4302100|0.9859824728|74.569855
2026-01-26|82|WRB|67.690002|68.199997|66.370003|66.879997|4333600|0.9898085858|66.198402
2026-01-26|83|IFF|73.589996|74.370003|73.320000|74.029999|1463600|0.9889000540|73.208267
2026-01-26|84|TAP|49.560001|49.740002|49.049999|49.139999|2576700|0.9780980891|47.509956
2026-01-26|85|PNC|219.589996|221.669998|219.229996|220.750000|2473600|0.9845274632|217.334427
2026-01-26|86|TRV|279.450012|284.149994|279.059998|281.709991|1433900|0.9922238191|279.519348
2026-01-26|87|C|113.900002|115.480003|113.860001|114.820000|11728700|0.9851223482|113.111748
2026-01-26|88|FDX|305.220007|306.079993|300.940000|304.470003|1513100|0.7995464875|243.437927
2026-01-26|89|WDC|236.100006|250.440002|234.320007|240.850006|7128300|0.9992611044|240.672043
2026-01-26|90|DHR|235.990005|238.679993|235.199997|236.710007|4471000|0.9958070237|235.717484
2026-01-26|91|APA|26.170000|26.170000|24.980000|25.400000|4973700|0.9864084367|25.054771
2026-01-26|92|LUV|41.869999|42.410000|41.709999|42.029999|6183500|0.9913697990|41.667271
2026-01-26|93|PEG|78.220001|79.339996|78.120003|79.050003|2325200|0.9834778438|77.743927
2026-01-26|94|UNP|229.850006|232.279999|229.389999|230.889999|4165200|0.9896596115|228.502502
2026-01-26|95|ABT|107.750000|110.389999|107.589996|108.769997|19094200|0.9867277802|107.326385
2026-01-26|96|ADI|305.149994|306.690002|303.760010|304.010010|2757700|0.9941555324|302.233215
2026-01-26|97|ADM|67.820000|67.889999|67.010002|67.370003|2752100|0.9797994474|66.009094
2026-01-26|98|ADP|258.429993|260.239990|256.220001|258.170013|2043400|0.9843371720|254.126343
2026-01-26|99|AFL|107.550003|109.019997|107.540001|108.940002|1533200|0.9846316611|107.265785
2026-01-26|100|AMAT|322.000000|322.000000|316.570007|319.459991|4777200|0.9964487658|318.325531
2026-01-26|101|AMD|256.750000|258.290009|250.300003|251.309998|30672500|1.0000000000|251.309998
2026-01-26|102|APD|263.000000|264.869995|261.950012|262.619995|1229800|0.9876339339|259.372406
2026-01-26|103|BF-B|27.730000|27.809999|27.219999|27.410000|4060100|0.9822921615|26.924627
2026-01-26|104|CHD|92.570000|93.050003|91.559998|91.930000|2586100|0.9906552793|91.070938
2026-01-26|105|CINF|157.919998|159.639999|157.419998|157.979996|725400|0.9887134133|156.196930
2026-01-26|106|CMCSA|29.290001|29.500000|29.160000|29.430000|43266700|0.9752182964|28.700674
2026-01-26|107|D|59.849998|60.709999|59.849998|60.240002|4454200|0.9796460230|59.013878
2026-01-26|108|DOV|207.479996|208.330002|206.119995|207.699997|864700|0.9952693212|206.717438
2026-01-26|109|DUK|118.160004|119.699997|118.010002|118.779999|3955600|0.9744921325|115.750175
2026-01-26|110|EFX|210.309998|215.190002|209.710007|214.490005|1386500|0.9938812654|213.177597
2026-01-26|111|EQT|56.310001|56.900002|54.880001|56.410000|10568700|0.9912778241|55.917980
2026-01-26|112|FITB|50.720001|51.099998|50.110001|50.490002|9551400|0.9840657827|49.685482
2026-01-26|113|GIS|44.669998|44.869999|44.290001|44.630001|6997000|0.9666684497|43.142414
2026-01-26|114|GPC|138.300003|140.100006|137.199997|139.179993|929600|0.9802432378|136.430237
2026-01-26|115|HAS|88.680000|89.470001|88.449997|89.410004|1258800|0.9777483232|87.420479
2026-01-26|116|HBAN|17.340000|17.530001|17.160000|17.340000|34643200|0.9810694650|17.011744
2026-01-26|117|HRL|24.799999|25.290001|24.719999|24.850000|4770100|0.9742790885|24.210836
2026-01-26|118|HST|18.700001|18.809999|18.540001|18.730000|7403000|0.9529227702|17.848244
2026-01-26|119|HSY|191.869995|192.009995|188.880005|189.970001|1491600|0.9782056212|185.829712
2026-01-26|120|INTC|44.279999|44.459999|42.279999|42.490002|149407800|1.0000000000|42.490002
2026-01-26|121|J|138.720001|139.100006|136.139999|136.979996|566400|0.9918477371|135.863297
2026-01-26|122|JPM|297.809998|301.779999|297.450012|301.040009|11752700|0.9904464778|298.164001
2026-01-26|123|KMB|102.300003|102.970001|100.220001|101.139999|8808700|0.9744151054|98.552338
2026-01-26|124|L|102.300003|103.489998|102.110001|102.680000|567400|0.9982870407|102.504112
2026-01-26|125|LEN|111.519997|112.430000|110.019997|110.580002|2069300|0.9844362452|108.858963
2026-01-26|126|LOW|278.829987|279.500000|275.619995|277.910004|2021900|0.9891098782|274.883545
2026-01-26|127|MAS|68.570000|68.830002|67.769997|68.589996|1830100|0.9866652888|67.675369
2026-01-26|128|MTB|213.820007|216.250000|213.360001|214.250000|1409100|0.9861939937|211.292068
2026-01-26|129|NEM|127.709999|129.250000|125.690002|125.919998|13305900|0.9956554334|125.372932
2026-01-26|130|NTRS|148.690002|150.380005|148.460007|149.649994|841200|0.9898281838|148.127777
2026-01-26|131|NUE|182.630005|183.320007|177.130005|177.660004|2577600|0.9941593298|176.622345
2026-01-26|132|OMC|80.230003|80.500000|79.500000|80.360001|2504200|0.9796477026|78.724487
2026-01-26|133|PCAR|121.690002|122.559998|120.279999|122.110001|3142700|0.9916886281|121.095108
2026-01-26|134|PGR|206.110001|208.009995|204.990005|208.000000|3480800|0.9990392069|207.800140
2026-01-26|135|PH|928.729980|938.679993|928.020020|933.049988|554900|0.9958887879|929.213989
2026-01-26|136|PHM|125.839996|126.129997|124.120003|125.070000|1642100|0.9957597479|124.539673
2026-01-26|137|PPG|112.480003|113.150002|111.849998|112.650002|1821300|0.9817392581|110.592926
2026-01-26|138|PPL|36.419998|36.840000|36.330002|36.500000|5119000|0.9846479678|35.939651
2026-01-26|139|RF|27.540001|27.870001|27.250000|27.740000|13484300|0.9811037357|27.215818
2026-01-26|140|ROL|63.000000|63.639999|62.919998|63.259998|1139700|0.9887685295|62.549500
2026-01-26|141|SHW|348.630005|349.579987|345.989990|348.329987|1475600|0.9929181711|345.863220
2026-01-26|142|STT|126.470001|127.959999|126.260002|127.589996|2236000|0.9884428745|126.115425
2026-01-26|143|SWK|82.279999|82.660004|81.220001|81.800003|1651900|0.9785642065|80.046555
2026-01-26|144|SYK|355.290009|358.690002|354.619995|356.980011|1715700|0.9946461548|355.068817
2026-01-26|145|TMO|625.340027|633.650024|623.229980|626.619995|1758300|0.9980119596|625.374207
2026-01-26|146|TPL|351.040009|352.690002|338.500000|341.739990|279900|0.9973306248|340.827759
2026-01-26|147|TSN|62.000000|63.750000|61.919998|63.730000|3996500|0.9836914879|62.690655
2026-01-26|148|TT|385.220001|395.720001|384.000000|394.160004|2041900|0.9953350758|392.321259
2026-01-26|149|TYL|434.989990|441.019989|433.660004|439.820007|270800|1.0000000000|439.820007
2026-01-26|150|UDR|37.799999|37.830002|36.790001|37.000000|6111300|0.9803230978|36.271954
2026-01-26|151|VTRS|13.200000|13.270000|13.110000|13.170000|6322200|0.9769695342|12.866688
2026-01-26|152|WEC|109.949997|110.660004|109.320000|109.699997|2614800|0.9747231440|106.927124
2026-01-26|153|WST|238.479996|241.399994|236.800003|241.399994|989100|0.9976812219|240.840240
2026-01-26|154|NDSN|271.010010|272.290009|269.989990|271.309998|355700|0.9941183690|269.714233
2026-01-26|155|TFC|49.590000|50.430000|49.590000|50.189999|10018200|0.9700498779|48.686802
2026-01-26|156|WELL|184.000000|184.600006|182.460007|183.630005|3661400|0.9893392873|181.672394
2026-01-26|157|AON|339.320007|342.000000|336.920013|338.869995|1156700|0.9951005240|337.209717
2026-01-26|158|GL|137.080002|139.690002|136.990005|138.080002|442700|0.9958260151|137.503662
2026-01-26|159|OKE|78.540001|79.000000|76.639999|77.500000|4764200|0.9633206765|74.657356
2026-01-26|160|KLAC|1512.440033|1556.719971|1490.549927|1543.029938|1259900|0.0996303139|153.732559
2026-01-26|161|CSX|36.660000|37.669998|36.560001|37.470001|17339900|0.9936713984|37.232868
2026-01-26|162|PSA|281.399994|283.200012|278.440002|278.750000|835000|0.9808120164|273.401367
2026-01-26|163|NKE|64.809998|65.639999|64.779999|64.989998|14765900|0.9845960180|63.988895
2026-01-26|164|AAPL|251.479996|256.559998|249.800003|255.410004|55969200|0.9972854026|254.716690
2026-01-26|165|BRO|79.349998|80.209999|78.779999|79.620003|2836000|0.9924932219|79.022308
2026-01-26|166|UHS|205.690002|208.679993|204.300003|206.100006|691200|0.9976532391|205.616333
2026-01-26|167|HD|385.000000|387.420013|381.950012|386.529999|3984800|0.9859634354|381.104462
2026-01-26|168|BAX|19.870001|19.930000|19.600000|19.650000|5744700|0.9989896155|19.622576
2026-01-26|169|COP|99.550003|99.690002|97.769997|98.449997|7278200|0.9784321345|96.326637
2026-01-26|170|GLW|93.120003|95.550003|92.300003|94.949997|5586200|0.9966096046|94.628082
2026-01-26|171|HUM|264.850006|269.089996|261.470001|263.630005|1707800|0.9926050698|261.680481
2026-01-26|172|LHX|354.200012|356.380005|351.480011|354.200012|1216900|0.9925076273|351.546234
2026-01-26|173|NOC|670.000000|671.450012|659.109985|660.969971|1024600|0.9924395226|655.972717
2026-01-26|174|OXY|44.650002|44.790001|43.610001|43.919998|10221700|0.9906984712|43.511475
2026-01-26|175|ROK|418.850006|421.200012|416.500000|420.399994|453700|0.9904239689|416.374237
2026-01-26|176|SLB|49.700001|50.070000|49.230000|49.700001|25377200|0.9889523968|49.150932
2026-01-26|177|SO|88.000000|89.040001|87.980003|88.160004|7611900|0.9759995454|86.044113
2026-01-26|178|WMB|65.430000|65.809998|63.830002|64.290001|7559700|0.9855810767|63.363007
2026-01-26|179|VLO|188.669998|189.869995|181.529999|183.279999|3370600|0.9854130966|180.606506
2026-01-26|180|CI|279.500000|281.489990|277.100006|280.410004|1324000|0.9887906885|277.266785
2026-01-26|181|NSC|288.109985|289.529999|287.100006|288.260010|973400|0.9874047136|284.629272
2026-01-26|182|COO|81.519997|81.610001|80.529999|80.900002|1331700|1.0000000000|80.900002
2026-01-26|183|AMGN|344.700012|350.429993|343.619995|349.690002|3116100|0.9799483831|342.678162
2026-01-26|184|RJF|169.139999|170.589996|168.500000|169.690002|918400|0.9927317770|168.456650
2026-01-26|185|WSM|204.250000|205.539993|201.279999|204.669998|633200|0.9927167515|203.179337
2026-01-26|186|CAH|208.860001|212.169998|208.860001|210.929993|1824100|0.9954149217|209.962860
2026-01-26|187|CTAS|192.740005|194.820007|192.529999|193.889999|1581600|0.9924218382|192.420685
2026-01-26|188|PAYX|107.120003|107.900002|105.290001|106.190002|2898500|0.9670710940|102.693275
2026-01-26|189|BEN|25.440001|25.840000|25.400000|25.549999|5799500|0.9758021744|24.931746
2026-01-26|190|AOS|72.470001|72.820000|70.809998|71.019997|1182000|0.9834989125|69.848083
2026-01-26|191|CASY|625.219971|628.000000|611.140015|617.119995|275100|0.9976268719|615.655518
2026-01-26|192|T|23.700001|23.799999|23.360001|23.450001|44376000|0.9765662530|22.900480
2026-01-26|193|VZ|39.680000|39.799999|39.529999|39.619999|21081800|0.9686690897|38.378670
2026-01-26|194|JBHT|206.110001|207.580002|203.649994|205.110001|769500|0.9944705560|203.975861
2026-01-26|195|ATO|166.610001|169.029999|166.250000|168.500000|2474900|0.9829545502|165.627838
2026-01-26|196|LRCX|218.979996|225.350006|215.929993|222.869995|10625600|0.9981002163|222.446594
2026-01-26|197|MU|395.500000|398.000000|384.299988|389.089996|29193900|0.9994263974|388.866791
2026-01-26|198|AJG|253.699997|255.949997|252.070007|255.410004|1592800|0.9936444599|253.786743
2026-01-26|199|AME|220.600006|221.229996|218.259995|219.800003|1103600|0.9969202115|219.123077
2026-01-26|200|SWKS|58.669998|60.090000|58.259998|59.759998|3482600|0.9796110161|58.541553
2026-01-26|201|EXPD|159.589996|160.210007|158.199997|158.839996|857500|0.9948730934|158.025635
2026-01-26|202|UNH|353.950012|354.790009|347.269989|351.640015|10399500|0.9866504480|346.945770
2026-01-26|203|BBY|67.080002|68.349998|66.660004|66.750000|2909100|0.9720666083|64.885445
2026-01-26|204|DOC|18.139999|18.190001|17.670000|17.760000|7475900|0.9628888149|17.100908
2026-01-26|205|ADSK|270.410004|274.250000|269.760010|272.339996|1804300|1.0000000000|272.339996
2026-01-26|206|DVN|39.270000|39.380001|38.110001|38.630001|6016000|0.9877783076|38.157879
2026-01-26|207|NVR|7670.520020|7723.600098|7558.089844|7664.479980|24700|1.0000000000|7664.479980
2026-01-26|208|ROST|187.610001|189.399994|186.720001|187.570007|2828700|0.9959267541|186.805969
2026-01-26|209|JKHY|186.070007|186.740005|179.449997|182.940002|666600|0.9919197584|181.461792
2026-01-26|210|MNST|82.699997|83.239998|81.080002|81.160004|5944000|0.5000000000|81.160004
2026-01-26|211|ORCL|179.100006|185.309998|178.529999|182.440002|21100400|0.9930647011|181.174744
2026-01-26|212|MSFT|465.309998|474.250000|462.000000|470.279999|29291200|0.9936958009|467.315277
2026-01-26|213|TROW|105.720001|106.269997|105.070000|106.089996|1087000|0.9736426638|103.293747
2026-01-26|214|COST|986.429993|993.000000|976.349976|977.669983|2458700|0.9956058515|973.373901
2026-01-26|215|ADBE|301.399994|306.299988|301.399994|304.720001|4115300|1.0000000000|304.720001
2026-01-26|216|FISV|67.500000|67.910004|66.290001|67.150002|13436300|1.0000000000|67.150002
2026-01-26|217|BKR|55.650002|56.889999|54.820000|56.290001|18022100|0.9892821118|55.686687
2026-01-26|218|CDNS|317.859985|323.630005|314.059998|322.019989|1321700|1.0000000000|322.019989
2026-01-26|219|TJX|152.729996|153.789993|148.889999|150.080002|8152500|0.9907991610|148.699127
2026-01-26|220|FICO|1545.000000|1555.250000|1522.949951|1550.739990|417600|1.0000000000|1550.739990
2026-01-26|221|CCL|28.410000|28.889999|28.320000|28.670000|15455200|0.9841845235|28.216568
2026-01-26|222|FAST|43.669998|44.060001|43.389999|43.730000|7541200|0.9838279433|43.022797
2026-01-26|223|SCHW|102.519997|103.690002|102.470001|102.940002|7357400|0.9901836685|101.929504
2026-01-26|224|JCI|113.660004|115.760002|112.949997|115.070000|4422500|0.9941759575|114.399818
2026-01-26|225|COHR|196.279999|205.000000|192.380005|197.759995|3097000|1.0000000000|197.759995
2026-01-26|226|KEY|21.180000|21.389999|21.059999|21.290001|15386700|0.9804836286|20.874498
2026-01-26|227|MOS|29.090000|29.120001|28.219999|28.330000|5731600|0.9816582705|27.810379
2026-01-26|228|MGM|33.970001|34.330002|33.869999|34.099998|3085400|1.0000000000|34.099998
2026-01-26|229|WM|229.449997|231.160004|228.149994|230.250000|2106000|0.9917417797|228.348526
2026-01-26|230|TECH|67.690002|68.180000|66.940002|67.629997|1730500|0.9957086055|67.339775
2026-01-26|231|IEX|194.949997|195.990005|194.139999|195.240005|619200|0.9931996195|193.912292
2026-01-26|232|GEN|25.510000|25.709999|25.430000|25.629999|4602600|0.9850474704|25.246765
2026-01-26|233|CRH|123.559998|124.150002|122.389999|122.750000|3087300|0.9889154582|121.389374
2026-01-26|234|EOG|109.680000|110.459999|106.459999|107.599998|4806400|0.9849854996|105.984436
2026-01-26|235|PTC|162.589996|165.940002|162.589996|165.770004|898300|1.0000000000|165.770004
2026-01-26|236|CSCO|76.470001|77.419998|75.639999|77.010002|24714400|0.9909035959|76.309486
2026-01-26|237|LH|266.109985|269.149994|265.410004|267.380005|592800|0.9947633093|265.410797
2026-01-26|238|TRMB|71.320000|71.919998|71.000000|71.379997|1719200|1.0000000000|71.379997
2026-01-26|239|AZO|3724.959961|3805.889893|3702.219971|3786.030029|190100|1.0000000000|3786.030029
2026-01-26|240|REGN|750.090027|767.299988|750.090027|762.650024|934200|0.9961457605|759.710571
2026-01-26|241|IDXX|691.039978|704.719971|690.450012|697.820007|379200|1.0000000000|697.820007
2026-01-26|242|AES|14.300000|14.880000|14.270000|14.620000|8526100|0.9646899783|14.103767
2026-01-26|243|VRTX|470.790009|479.100006|468.429993|476.839996|1668000|1.0000000000|476.839996
2026-01-26|244|ZBRA|240.389999|244.990005|240.009995|243.509995|434200|1.0000000000|243.509995
2026-01-26|245|BIIB|171.669998|174.309998|170.589996|173.119995|1049200|1.0000000000|173.119995
2026-01-26|246|ODFL|173.929993|174.490005|171.089996|173.990005|1416200|0.9973411992|173.527405
2026-01-26|247|APH|150.649994|156.690002|150.020004|155.559998|10563900|0.9965240421|155.019287
2026-01-26|248|KIM|20.959999|21.080000|20.840000|20.850000|4171300|0.9782318124|20.396133
2026-01-26|249|QCOM|154.800003|156.199997|154.300003|154.520004|8004200|0.9899641514|152.969254
2026-01-26|250|GILD|135.880005|138.029999|133.690002|137.779999|10012500|0.9878606941|136.107437
2026-01-26|251|ROP|409.489990|413.000000|407.320007|408.670013|1524400|0.9949619600|406.611115
2026-01-26|252|SNPS|499.940002|508.000000|493.269989|503.010010|1445700|1.0000000000|503.010010
2026-01-26|253|STZ|159.500000|162.330002|159.009995|161.550003|2868300|0.9792322433|158.194977
2026-01-26|254|BSX|92.150002|94.750000|91.919998|93.550003|14662500|1.0000000000|93.550003
2026-01-26|255|STE|260.940002|264.410004|260.570007|263.130005|501200|0.9945039836|261.683838
2026-01-26|256|DHI|150.500000|151.210007|148.600006|150.000000|2374200|0.9911938574|148.679077
2026-01-26|257|LIN|452.630005|455.579987|452.149994|455.029999|1945500|0.9935105778|452.077118
2026-01-26|258|SBUX|97.209999|97.970001|95.790001|96.330002|14106700|0.9821606772|94.611534
2026-01-26|259|MS|179.360001|182.440002|178.860001|181.880005|6389800|0.9837860335|178.931015
2026-01-26|260|INTU|564.150024|569.380005|561.679993|561.770020|2111600|0.9925226498|557.569458
2026-01-26|261|MCHP|74.709999|75.300003|73.949997|74.790001|7783900|0.9832658267|73.538452
2026-01-26|262|CB|302.679993|305.750000|302.000000|303.489990|1463700|0.9939554166|301.655518
2026-01-26|263|ORLY|99.760002|102.110001|99.639999|100.239998|6418500|1.0000000000|100.239998
2026-01-26|264|RCL|287.649994|293.880005|286.950012|293.149994|2283600|0.9895699200|290.092407
2026-01-26|265|JBL|243.229996|245.399994|239.940002|241.809998|957300|0.9992441666|241.627228
2026-01-26|266|ALL|194.630005|196.830002|194.449997|196.020004|1058300|0.9897514584|194.011078
2026-01-26|267|CPT|108.059998|108.320000|107.120003|108.019997|1044800|0.9801843508|105.879509
2026-01-26|268|VMRK|62.410000|62.500000|61.480000|62.119999|2585800|0.9778762777|60.745674
2026-01-26|269|IT|233.210007|237.089996|230.880005|236.580002|664000|1.0000000000|236.580002
2026-01-26|270|DECK|98.879997|102.010002|98.879997|101.300003|3468300|1.0000000000|101.300003
2026-01-26|271|REG|71.309998|71.669998|70.500000|71.279999|1537300|0.9810739142|69.930954
2026-01-26|272|INCY|101.570000|103.419998|101.099998|102.580002|1438800|1.0000000000|102.580002
2026-01-26|273|SPG|185.190002|185.990005|183.729996|185.330002|976900|0.9778630534|181.227371
2026-01-26|274|MAA|136.490005|136.490005|134.110001|134.960007|623900|0.9765831817|131.799683
2026-01-26|275|MLM|650.650024|655.440002|647.559998|651.799988|285300|0.9973479749|650.071411
2026-01-26|276|TSCO|55.250000|56.279999|55.090000|55.560001|10026200|0.9807531624|54.490639
2026-01-26|277|ALB|189.639999|192.460007|187.320007|189.750000|3002700|0.9949889134|188.799149
2026-01-26|278|CPRT|41.310001|41.599998|41.189999|41.540001|5536300|1.0000000000|41.540001
2026-01-26|279|FLEX|63.759998|64.779999|63.009998|63.750000|2751000|1.0000000000|63.750000
2026-01-26|280|ESS|255.440002|255.440002|251.660004|252.929993|448000|0.9806657936|248.039810
2026-01-26|281|O|61.040001|61.130001|60.259998|60.400002|6867100|0.9702778493|58.604778
2026-01-26|282|MCO|524.549988|528.729980|521.000000|525.419983|445600|0.9933686768|521.935730
2026-01-26|283|SJM|102.800003|104.129997|102.519997|103.699997|1211900|0.9701300487|100.602478
2026-01-26|284|MCK|822.679993|831.380005|822.000000|826.619995|567700|0.9980659618|825.021301
2026-01-26|285|COF|217.869995|222.110001|216.529999|220.179993|7280100|0.9884398390|217.634674
2026-01-26|286|EME|697.809998|709.000000|694.239990|706.869995|247300|0.9989862194|706.153381
2026-01-26|287|DLTR|129.259995|129.789993|125.099998|125.400002|3862700|1.0000000000|125.400002
2026-01-26|288|COR|355.000000|357.100006|353.600006|355.510010|904800|0.9940692618|353.401581
2026-01-26|289|DRI|205.000000|205.259995|194.520004|196.429993|1894300|0.9843985059|193.365402
2026-01-26|290|RMD|252.220001|256.220001|252.220001|255.470001|819100|0.9918845144|253.396729
2026-01-26|291|WAB|231.130005|233.130005|229.929993|231.699997|715300|0.9965472933|230.900009
2026-01-26|292|FCX|63.419998|63.580002|61.099998|61.169998|31620200|0.9953868541|60.887814
2026-01-26|293|IVZ|28.549999|28.790001|28.459999|28.629999|7044600|0.9777629266|27.993351
2026-01-26|294|ACGL|93.430000|94.449997|93.169998|93.699997|2531900|1.0000000000|93.699997
2026-01-26|295|ERIE|277.959991|280.670013|275.790009|280.549988|159000|0.9885906317|277.349091
2026-01-26|296|EG|325.209991|329.299988|325.010010|327.100006|199200|0.9878843207|323.136963
2026-01-26|297|DVA|108.400002|108.610001|106.699997|107.510002|583300|1.0000000000|107.510002
2026-01-26|298|HSIC|77.160004|77.980003|76.750000|77.589996|554900|1.0000000000|77.589996
2026-01-26|299|EL|117.620003|117.839996|116.290001|116.389999|2984000|0.9930325985|115.579063
2026-01-26|300|WAT|391.820007|396.579987|389.709991|390.899994|308500|1.0000000000|390.899994
2026-01-26|301|NTAP|97.849998|99.440002|97.330002|98.809998|2374800|0.9918913810|98.008781
2026-01-26|302|HIG|129.059998|131.119995|129.059998|130.740005|1153900|0.9910400733|129.568573
2026-01-26|303|IRM|93.769997|94.620003|93.349998|93.839996|1154800|0.9851777356|92.449074
2026-01-26|304|BRK-B|478.470001|484.890015|477.079987|483.470001|5077200|1.0000000000|483.470001
2026-01-26|305|FDS|287.089996|288.709991|283.750000|286.329987|293600|0.9900356292|283.476898
2026-01-26|306|STLD|184.399994|185.559998|173.080002|173.320007|2190800|0.9946588101|172.394272
2026-01-26|307|DGX|182.139999|183.789993|181.369995|182.529999|681900|0.9916252453|181.001358
2026-01-26|308|CIEN|230.000000|242.000000|225.710007|232.229996|1471500|1.0000000000|232.229996
2026-01-26|309|TTWO|245.570007|247.199997|244.059998|245.630005|1204700|1.0000000000|245.630005
2026-01-26|310|VTR|76.889999|77.320000|76.099998|76.279999|2402800|0.9878430433|75.352669
2026-01-26|311|AMZN|239.979996|240.949997|237.539993|238.419998|32825500|1.0000000000|238.419998
2026-01-26|312|ARE|59.500000|59.750000|57.130001|57.160000|4462200|0.9716953716|55.542107
2026-01-26|313|RL|367.420013|369.480011|356.119995|360.320007|427600|0.9948318200|358.457794
2026-01-26|314|BXP|65.339996|65.930000|64.480003|64.769997|1626400|0.9761958291|63.228199
2026-01-26|315|FIX|1126.510010|1148.239990|1117.829956|1127.550049|272000|0.9985721755|1125.940063
2026-01-26|316|YUM|153.169998|154.889999|151.600006|152.820007|2138800|0.9905648102|151.378113
2026-01-26|317|CHRW|176.899994|178.380005|175.750000|178.110001|1444500|0.9931897587|176.897034
2026-01-26|318|FE|46.860001|47.139999|46.470001|46.770000|4067300|0.9707938980|45.404030
2026-01-26|319|MTD|1405.229980|1434.349976|1399.800049|1425.670044|86700|1.0000000000|1425.670044
2026-01-26|320|PLD|128.369995|128.589996|126.339996|126.430000|3350900|0.9848712132|124.517273
2026-01-26|321|URI|922.000000|922.960022|909.739990|911.159973|445700|0.9939808437|905.675598
2026-01-26|322|AEE|103.180000|104.129997|102.720001|103.250000|1350100|0.9863006617|101.835548
2026-01-26|323|VRSN|251.130005|253.589996|250.160004|251.539993|442200|0.9907421953|249.211288
2026-01-26|324|PWR|470.549988|478.880005|467.299988|470.769989|548200|0.9996508742|470.605621
2026-01-26|325|AMT|179.820007|182.639999|178.990005|179.460007|4304100|0.9807453674|176.004562
2026-01-26|326|MAR|317.589996|319.470001|313.000000|316.700012|1247600|0.9940852561|314.826813
2026-01-26|327|CTSH|85.410004|85.930000|84.760002|85.610001|3011100|0.9822114026|84.087120
2026-01-26|328|SRE|86.220001|87.410004|86.150002|86.699997|5039700|0.9860298575|85.488785
2026-01-26|329|CSGP|65.949997|67.059998|65.750000|65.809998|4026500|1.0000000000|65.809998
2026-01-26|330|RSG|218.279999|220.000000|217.309998|219.080002|1176500|0.9942648020|217.823547
2026-01-26|331|CCI|87.169998|87.900002|86.910004|87.250000|2559700|0.9762634240|85.178986
2026-01-26|332|EBAY|94.139999|95.870003|93.910004|94.419998|3909500|0.9939126631|93.560768
2026-01-26|333|NVDA|187.160004|189.119995|185.990005|186.470001|124799600|0.9987817973|186.242844
2026-01-26|334|BKNG|5113.830185|5161.999893|5087.269974|5107.279968|180700|0.0398088823|203.315094
2026-01-26|335|GS|918.409973|933.739990|917.979980|931.859985|2655900|0.9903999491|922.914062
2026-01-26|336|FFIV|261.869995|268.279999|261.850006|267.450012|1295100|1.0000000000|267.450012
2026-01-26|337|SBAC|187.729996|190.460007|187.550003|187.669998|475700|0.9805017315|184.010742
2026-01-26|338|LII|509.500000|517.210022|506.179993|512.409973|416500|0.9946881341|509.688110
2026-01-26|339|BLK|1133.569946|1141.479980|1121.109985|1121.540039|739300|0.9888912077|1109.081055
2026-01-26|340|TKO|203.440002|204.759995|200.710007|203.500000|807000|0.9921219970|201.896835
2026-01-26|341|AKAM|96.309998|99.190002|95.949997|98.660004|4142100|1.0000000000|98.660004
2026-01-26|342|UPS|108.209999|108.620003|106.779999|106.970001|8194000|0.9546755018|102.121643
2026-01-26|343|A|134.720001|136.960007|134.100006|135.649994|1551900|0.9958080410|135.081345
2026-01-26|344|TDY|613.059998|614.989990|606.530029|607.530029|304200|1.0000000000|607.530029
2026-01-26|345|PKG|225.949997|226.339996|221.750000|221.830002|1708300|0.9876260349|219.085098
2026-01-26|346|EW|83.360001|84.559998|83.250000|84.269997|3027400|1.0000000000|84.269997
2026-01-26|347|MET|75.750000|77.250000|75.750000|77.169998|4647700|0.9792675716|75.570076
2026-01-26|348|ON|61.810001|61.820000|60.500000|61.130001|6086400|1.0000000000|61.130001
2026-01-26|349|ISRG|523.950012|533.969971|518.650024|528.809998|2565100|1.0000000000|528.809998
2026-01-26|350|CRL|219.130005|222.669998|218.029999|222.350006|505900|1.0000000000|222.350006
2026-01-26|351|MRVL|79.820000|83.440002|79.559998|81.769997|12464600|0.9992531920|81.708931
2026-01-26|352|EQIX|795.679993|810.020020|793.179993|806.349976|567200|0.9849779860|794.237000
2026-01-26|353|TPR|129.320007|130.399994|126.000000|126.180000|2207400|0.9944862341|125.484268
2026-01-26|354|GRMN|206.699997|208.490005|205.600006|206.919998|1093800|0.9917889977|205.220993
2026-01-26|355|GPN|75.410004|75.739998|74.120003|75.440002|2940700|0.9929199565|74.905884
2026-01-26|356|ALGN|168.800003|168.800003|166.660004|167.649994|505400|1.0000000000|167.649994
2026-01-26|357|WTW|324.019989|327.000000|321.079987|322.000000|326600|0.9930717262|319.769104
2026-01-26|358|MDLZ|58.290001|58.910000|57.990002|58.529999|9762400|0.9831751096|57.545242
2026-01-26|359|AXON|611.000000|616.080017|603.109985|605.070007|443100|1.0000000000|605.070007
2026-01-26|360|FIS|60.709999|60.810001|58.750000|59.099998|5228200|0.9802816760|57.934647
2026-01-26|361|ACN|283.250000|284.589996|276.140015|280.709991|3169300|0.9798095806|275.042328
2026-01-26|362|ZBH|86.760002|87.480003|86.260002|87.320000|1555200|0.9946488082|86.852730
2026-01-26|363|BG|114.000000|114.879997|112.870003|113.889999|1130800|0.9821514316|111.857231
2026-01-26|364|PFG|91.430000|93.089996|91.430000|93.000000|1390200|0.9832413887|91.441452
2026-01-26|365|ELV|371.339996|378.440002|367.880005|376.929993|1465300|0.9898456688|373.102509
2026-01-26|366|CNC|46.049999|46.529999|45.950001|46.279999|3881200|1.0000000000|46.279999
2026-01-26|367|PRU|108.430000|109.440002|108.059998|108.980003|1203800|0.9622422893|104.865166
2026-01-26|368|NFLX|86.919998|86.940002|85.349998|85.699997|40941900|1.0000000000|85.699997
2026-01-26|369|NDAQ|98.250000|99.379997|98.050003|98.889999|2723900|0.9932805958|98.225517
2026-01-26|370|WYNN|113.260002|116.000000|113.260002|114.080002|1129100|0.9927789107|113.256226
2026-01-26|371|CME|282.720001|285.929993|282.519989|284.049988|1751400|0.9716146686|275.987122
2026-01-26|372|STX|348.850006|370.470001|346.000000|358.290009|5039000|0.9975473958|357.411255
2026-01-26|373|NRG|150.210007|151.330002|148.990005|149.929993|1834100|0.9903289609|148.480011
2026-01-26|374|AIZ|234.660004|237.270004|233.449997|233.869995|282500|0.9925480196|232.127197
2026-01-26|375|CBRE|169.830002|171.360001|169.119995|170.309998|1414400|1.0000000000|170.309998
2026-01-26|376|CRM|229.429993|230.949997|227.589996|229.399994|7239600|0.9949373630|228.238617
2026-01-26|377|DPZ|412.750000|418.299988|409.510010|413.910004|783500|0.9888611209|409.299530
2026-01-26|378|EXR|141.600006|142.029999|139.869995|140.089996|968600|0.9779070040|136.994995
2026-01-26|379|GOOG|328.200012|336.350006|327.489990|333.589996|18502500|0.9986949468|333.154663
2026-01-26|380|GOOGL|327.809998|335.839996|327.000000|333.260010|26042100|0.9986999831|332.826782
2026-01-26|381|DLR|159.880005|163.410004|159.600006|161.570007|2288900|0.9866588059|159.414474
2026-01-26|382|MPWR|1062.260010|1077.250000|1051.959961|1068.140015|683700|0.9964842129|1064.384766
2026-01-26|383|LVS|60.000000|62.549999|59.970001|60.880001|6707900|0.9827791790|59.831600
2026-01-26|384|DXCM|72.949997|74.010002|72.650002|73.339996|7318700|1.0000000000|73.339996
2026-01-26|385|BLDR|122.570000|122.989998|118.120003|119.190002|2325800|1.0000000000|119.190002
2026-01-26|386|WBD|28.459999|28.520000|28.200001|28.240000|18891800|1.0000000000|28.240000
2026-01-26|387|EXPE|272.600006|274.160004|268.700012|269.489990|1873400|0.9942877675|267.950623
2026-01-26|388|CF|93.000000|93.209999|90.930000|91.650002|1755100|0.9855673857|90.327255
2026-01-26|389|AMP|498.760010|502.630005|496.720001|500.529999|506800|0.9903313094|495.690521
2026-01-26|390|ICE|173.190002|175.380005|172.960007|175.100006|2615800|0.9930916239|173.890350
2026-01-26|391|PSKY|11.750000|12.000000|11.580000|11.890000|6274200|0.9901049837|11.772348
2026-01-26|392|LYV|147.029999|149.910004|146.380005|147.800003|2656200|1.0000000000|147.800003
2026-01-26|393|CMG|40.799999|40.910000|39.480000|39.720001|16831500|1.0000000000|39.720001
2026-01-26|394|UAL|106.930000|108.120003|106.070000|107.760002|4455600|1.0000000000|107.760002
2026-01-26|395|TDG|1413.219971|1446.400024|1410.800049|1435.959961|372100|1.0000000000|1435.959961
2026-01-26|396|MA|526.710022|530.390015|522.650024|527.359985|4839700|0.9966137732|525.574219
2026-01-26|397|LDOS|193.000000|193.000000|185.899994|189.500000|844600|0.9940154778|188.365952
2026-01-26|398|FSLR|241.589996|249.500000|238.119995|242.970001|2218600|1.0000000000|242.970001
2026-01-26|399|BR|207.809998|209.229996|206.699997|208.869995|517900|0.9878384663|206.329819
2026-01-26|400|SMCI|31.480000|31.549999|30.660000|30.799999|19400400|1.0000000000|30.799999
2026-01-26|401|TMUS|186.979996|188.860001|186.649994|187.960007|4772100|0.9898439218|184.983444
2026-01-26|402|DAL|67.720001|68.120003|67.000000|67.500000|6981900|0.9922015511|66.973610
2026-01-26|403|IBKR|77.370003|78.800003|75.290001|75.349998|6292800|0.9979162811|75.192993
2026-01-26|404|PODD|271.559998|275.920013|269.910004|271.309998|923600|1.0000000000|271.309998
2026-01-26|405|TEL|224.960007|227.949997|223.089996|225.490005|2209900|0.9892434805|223.064529
2026-01-26|406|BX|150.500000|151.339996|147.960007|150.070007|4118800|0.9695455041|145.499710
2026-01-26|407|LULU|191.009995|195.740005|189.160004|192.789993|1885800|1.0000000000|192.789993
2026-01-26|408|ULTA|684.030029|684.539978|660.419983|661.340027|731600|1.0000000000|661.340027
2026-01-26|409|MSCI|590.369995|598.239990|589.390015|594.159973|282000|0.9889531620|587.596375
2026-01-26|410|ECHO|126.000000|128.289993|118.500000|119.720001|9165400|1.0000000000|119.720001
2026-01-26|411|PM|173.500000|176.080002|173.110001|175.759995|5300200|0.9830023955|172.772491
2026-01-26|412|V|328.000000|332.000000|325.029999|328.489990|7540200|0.9940309283|326.529205
2026-01-26|413|AWK|130.449997|132.130005|130.160004|130.740005|1292400|0.9796942856|128.085236
2026-01-26|414|KDP|27.740000|27.780001|27.480000|27.700001|7923300|0.9842341174|27.263287
2026-01-26|415|SW|44.130001|44.610001|43.369999|43.380001|5681800|0.9711821711|42.129887
2026-01-26|416|AVGO|319.799988|328.679993|317.600006|324.850006|25006400|0.9963298147|323.657745
2026-01-26|417|VRSK|218.229996|220.130005|217.470001|219.740005|882900|0.9947617775|218.588959
2026-01-26|418|DG|148.750000|152.740005|148.679993|150.330002|3367200|0.9902299309|148.861267
2026-01-26|419|FTNT|81.650002|83.129997|81.040001|83.070000|5708800|1.0000000000|83.070000
2026-01-26|420|CHTR|191.899994|194.729996|190.679993|193.789993|1609000|1.0000000000|193.789993
2026-01-26|421|FERG|253.229996|255.479996|252.500000|254.500000|1461100|0.9887782143|251.644043
2026-01-26|422|GNRC|173.089996|173.419998|161.399994|167.110001|1850500|1.0000000000|167.110001
2026-01-26|423|LYB|51.299999|51.599998|50.480000|50.860001|4607000|0.9677851714|49.221554
2026-01-26|424|CBOE|277.989990|279.329987|266.029999|270.140015|1120400|0.9954503651|268.910980
2026-01-26|425|TSLA|445.000000|445.040009|434.279999|435.200012|49397400|1.0000000000|435.200012
2026-01-26|426|KKR|121.239998|121.599998|117.040001|118.650002|8576300|0.9943370554|117.978096
2026-01-26|427|NXPI|232.339996|234.279999|229.889999|231.050003|2044900|0.9914738451|229.080032
2026-01-26|428|GM|79.250000|80.620003|79.169998|79.430000|10939200|0.9954799629|79.070976
2026-01-26|429|TRGP|193.860001|193.860001|188.899994|192.520004|1038000|0.9854533185|189.719467
2026-01-26|430|CPAY|328.619995|328.619995|322.970001|324.000000|461200|1.0000000000|324.000000
2026-01-26|431|KMI|29.799999|29.840000|28.990000|29.340000|15781500|0.9722301462|28.525234
2026-01-26|432|HCA|471.480011|478.859985|468.510010|472.380005|1309100|0.9965176399|470.735016
2026-01-26|433|HII|414.390015|414.959991|405.410004|413.559998|573400|0.9925978670|408.593231
2026-01-26|434|APO|135.839996|137.000000|130.440002|131.559998|5559900|0.9875780044|129.925766
2026-01-26|435|MPC|177.350006|177.500000|172.240005|172.539993|1610800|0.9885237030|170.559875
2026-01-26|436|XYL|142.300003|143.860001|142.110001|143.350006|1154400|0.9889650951|141.768158
2026-01-26|437|APTV|76.459999|77.120003|75.980003|77.040001|1275800|1.0000000000|77.040001
2026-01-26|438|PSX|143.089996|143.250000|139.949997|140.389999|1341700|0.9794981865|137.511749
2026-01-26|439|AMCR|44.599998|44.959999|44.130001|44.529999|6198300|0.9708736970|43.233006
2026-01-26|440|META|665.130005|675.280029|661.289978|672.359985|16327400|0.9982193806|671.162720
2026-01-26|441|NOW|134.550003|136.630005|133.270004|136.339996|17489700|1.0000000000|136.339996
2026-01-26|442|PANW|181.369995|185.619995|180.690002|184.220001|5356700|1.0000000000|184.220001
2026-01-26|443|FANG|155.520004|156.000000|151.070007|153.520004|1705900|0.9832059760|150.941788
2026-01-26|444|WDAY|190.419998|194.009995|190.000000|190.850006|2473500|1.0000000000|190.850006
2026-01-26|445|ABBV|219.110001|221.479996|218.500000|220.770004|6553400|0.9847626719|217.406067
2026-01-26|446|NCLH|20.809999|21.090000|20.709999|20.790001|12797100|1.0000000000|20.790001
2026-01-26|447|ZTS|123.910004|124.980003|122.970001|123.919998|4262100|0.9887765322|122.529190
2026-01-26|448|IQV|234.759995|239.509995|227.990005|239.429993|945800|1.0000000000|239.429993
2026-01-26|449|NWS|30.990000|31.209999|30.860001|31.010000|565900|0.9963262306|30.896076
2026-01-26|450|NWSA|26.920000|26.969999|26.690001|26.900000|2424100|0.9958385353|26.788055
2026-01-26|451|CDW|125.989998|128.460007|125.190002|127.400002|1537300|0.9844137869|125.414322
2026-01-26|452|VEEV|222.059998|225.559998|221.899994|224.179993|1164000|1.0000000000|224.179993
2026-01-26|453|ALLE|166.839996|167.839996|165.759995|166.940002|521900|0.9921390873|165.627701
2026-01-26|454|HLT|298.730011|300.320007|293.350006|297.119995|1775600|0.9986088702|296.706635
2026-01-26|455|ARES|154.589996|155.095001|149.559998|149.690002|3796900|0.9767290545|146.206573
2026-01-26|456|ANET|139.320007|146.404999|139.240005|143.720001|10658200|1.0000000000|143.720001
2026-01-26|457|SYF|77.029999|77.574997|76.095001|77.510002|8463300|0.9876561264|76.553230
2026-01-26|458|CFG|62.830002|63.340000|62.250999|62.520000|5114400|0.9795741096|61.242973
2026-01-26|459|KEYS|213.320007|215.990005|212.425003|214.360001|795300|1.0000000000|214.360001
2026-01-26|460|GDDY|103.849998|106.089996|103.849998|106.019997|1336100|1.0000000000|106.019997
2026-01-26|461|KHC|23.200001|23.730000|23.200001|23.580000|14882800|0.9659839010|22.777901
2026-01-26|462|PYPL|56.570000|57.119999|56.494999|56.599998|9971400|0.9937057617|56.243748
2026-01-26|463|LITE|337.750000|350.679993|327.290009|332.450012|2726800|1.0000000000|332.450012
2026-01-26|464|HPE|21.070000|21.415001|21.020000|21.370001|10641900|0.9906947030|21.171148
2026-01-26|465|XYZ|66.849998|67.330002|65.760002|65.900002|5137000|1.0000000000|65.900002
2026-01-26|466|FTV|54.779999|55.130001|54.470001|54.750000|2135300|0.9979248563|54.636387
2026-01-26|467|DELL|115.010002|117.290001|115.010002|115.930000|6309400|0.9952707496|115.381737
2026-01-26|468|TTD|36.360001|36.380001|33.430000|33.810001|24784700|1.0000000000|33.810001
2026-01-26|469|VST|160.589996|165.309998|157.899994|158.809998|3953100|0.9972411805|158.371872
2026-01-26|470|HWM|214.440002|218.020004|213.940002|215.389999|2798700|0.9985047767|215.067947
2026-01-26|471|INVH|27.340000|27.389999|26.809999|26.900000|5750700|0.9779475029|26.306787
2026-01-26|472|CVNA|474.589996|483.030014|469.249992|473.709984|1886500|0.2000000000|94.741997
2026-01-26|473|IR|87.250000|87.364998|86.220001|86.790001|2423800|0.9992655835|86.726257
2026-01-26|474|VICI|28.650000|28.719999|28.413000|28.510000|7061700|0.9677245240|27.589827
2026-01-26|475|VRT|181.020004|185.320007|180.080002|181.229996|3020100|0.9995540701|181.149185
2026-01-26|476|MRNA|49.474998|49.480000|46.590000|47.990002|11291500|1.0000000000|47.990002
2026-01-26|477|FOXA|73.080002|73.440002|72.589996|72.720001|2417000|0.9951185496|72.365021
2026-01-26|478|FOX|65.529999|65.989998|65.260002|65.339996|1803900|0.9946544484|64.990723
2026-01-26|479|DOW|28.370001|28.559999|27.969999|28.180000|8707100|0.9783459966|27.569790
2026-01-26|480|UBER|82.349998|83.330002|81.910004|81.980003|16556400|1.0000000000|81.980003
2026-01-26|481|CTVA|72.379997|72.650002|71.790001|72.629997|5351200|0.9954590981|72.300194
2026-01-26|482|CRWD|453.989990|469.959991|452.489990|468.329987|1957100|0.2500000000|117.082497
2026-01-26|483|DDOG|130.149994|137.080002|130.130005|136.639999|5395500|1.0000000000|136.639999
2026-01-26|484|CARR|57.270000|57.625000|56.820000|57.369999|6775200|0.9928803129|56.961548
2026-01-26|485|OTIS|91.199997|91.650002|89.915001|90.580002|4473600|0.9834662418|89.082375
2026-01-26|486|PLTR|168.210007|170.589996|167.324997|167.470001|22777200|1.0000000000|167.470001
2026-01-26|487|DASH|207.014999|211.779999|206.649994|209.410004|2874100|1.0000000000|209.410004
2026-01-26|488|ABNB|132.490005|134.509995|131.179993|133.389999|3648900|1.0000000000|133.389999
2026-01-26|489|EXE|111.510002|114.230003|109.000000|112.360001|3999800|0.9826864450|110.414650
2026-01-26|490|COIN|212.179993|215.639999|210.889999|213.479996|7077500|1.0000000000|213.479996
2026-01-26|491|APP|531.969971|558.369995|529.030029|535.440002|5657000|1.0000000000|535.440002
2026-01-26|492|HOOD|106.260002|108.489998|104.830002|107.000000|11501600|1.0000000000|107.000000
2026-01-26|493|CEG|286.549988|291.799988|284.410004|285.269989|3344100|0.9955820742|284.009705
2026-01-26|494|GEHC|79.769997|81.029999|79.519997|80.269997|2915000|0.9989494212|80.185661
2026-01-26|495|KVUE|17.790001|17.889000|17.415001|17.639999|60882400|0.9661066365|17.042120
2026-01-26|496|VLTO|101.269997|102.080002|100.389999|101.889999|1568500|0.9970188523|101.586250
2026-01-26|497|RDDT|216.639999|222.649994|212.628998|213.630005|2621500|1.0000000000|213.630005
2026-01-26|498|SOLV|80.129997|81.040001|78.930000|79.010002|868500|1.0000000000|79.010002
2026-01-26|499|GEV|656.000000|687.679993|656.000000|665.989990|2662100|0.9988852954|665.247620
2026-01-26|500|SNDK|476.484985|494.700012|454.329987|470.799988|13435200|1.0000000000|470.799988
2026-01-26|501|Q|96.320000|99.334000|95.239998|96.739998|1813900|0.9988559230|96.629326
