date|security_id|ticker|open|high|low|close|volume|adj_factor|adj_close_vendor
2026-01-14|1|AEP|116.989998|118.570000|116.680000|118.110001|3143800|0.9775591772|115.459518
2026-01-14|2|BA|244.440002|244.889999|239.600006|242.610001|7748600|1.0000000000|242.610001
2026-01-14|3|CAT|634.099976|639.729980|623.070007|638.750000|2105700|0.9939261318|634.870361
2026-01-14|4|CNP|38.750000|39.220001|38.680000|39.060001|4511200|0.9832236217|38.404713
2026-01-14|5|CVX|164.100006|169.369995|164.100006|167.240005|16414900|0.9728341284|162.696808
2026-01-14|6|DIS|112.809998|113.589996|112.260002|113.529999|8950900|0.9923958226|112.666695
2026-01-14|7|DTE|132.429993|134.259995|132.429993|133.949997|2428900|0.9843774065|131.857346
2026-01-14|8|ED|100.300003|102.019997|100.089996|101.470001|1963000|0.9759585897|99.030525
2026-01-14|9|GD|361.880005|366.010010|359.670013|366.000000|1167200|0.9869830633|361.235840
2026-01-14|10|GE|324.820007|326.299988|316.359985|318.880005|3923600|0.9973022307|318.019745
2026-01-14|11|HON|213.850004|214.570003|210.980003|213.040003|4421100|1.0347776740|220.449036
2026-01-14|12|HPQ|21.010000|21.590000|20.700001|20.770000|14343200|0.9721972446|20.192537
2026-01-14|13|IBM|303.500000|309.190002|301.500000|309.029999|3779000|0.9800357773|302.860443
2026-01-14|14|IP|43.020000|43.490002|42.320000|42.840000|5017100|0.9645837619|41.322769
2026-01-14|15|JNJ|214.729996|218.860001|214.149994|218.550003|11858800|0.9841702191|215.090393
2026-01-14|16|KO|71.169998|71.709999|70.809998|71.440002|16739100|0.9867998793|70.496994
2026-01-14|17|KR|61.180000|62.799999|61.180000|62.459999|6220300|0.9830507535|61.401352
2026-01-14|18|LMT|556.989990|578.039978|556.119995|572.700012|2643100|0.9882876617|565.992371
2026-01-14|19|MMM|169.399994|170.850006|168.130005|169.990005|3121900|0.9860940463|167.626144
2026-01-14|20|MO|60.150002|61.549999|60.099998|61.470001|10394200|0.9690282260|59.566166
2026-01-14|21|MRK|108.970001|111.230003|107.949997|111.010002|11964600|0.9855603323|109.407059
2026-01-14|22|MSI|389.989990|390.570007|385.200012|389.230011|1220600|0.9943844568|387.044281
2026-01-14|23|PG|144.679993|146.899994|144.369995|146.350006|13475000|0.9782265339|143.163437
2026-01-14|24|XOM|127.349998|131.720001|127.129997|130.199997|27593900|0.9803338832|127.639465
2026-01-14|25|RTX|194.839996|198.869995|193.380005|198.839996|5249700|0.9892687733|196.706192
2026-01-14|26|MCD|309.440002|311.179993|305.929993|308.130005|2949000|0.9877457529|304.354095
2026-01-14|27|AXP|356.440002|358.390015|350.720001|358.260010|3583400|0.9941272834|356.156067
2026-01-14|28|BMY|56.110001|57.040001|55.730000|57.020000|13352600|0.9787458882|55.808090
2026-01-14|29|DD|43.940002|44.169998|42.440000|42.889999|13224399|2.9761992776|127.649185
2026-01-14|30|DE|503.230011|516.090027|501.220001|512.099976|1890900|0.9945059901|509.286499
2026-01-14|31|EMR|145.929993|148.419998|145.880005|148.149994|4139900|0.9888087280|146.492004
2026-01-14|32|ETN|331.070007|334.470001|328.230011|331.140015|2148000|0.9917042798|328.392944
2026-01-14|33|ETR|94.320000|95.220001|93.959999|95.169998|2209700|0.9822109154|93.477005
2026-01-14|34|F|14.000000|14.120000|13.790000|13.840000|65318600|0.9665034086|13.376408
2026-01-14|35|HAL|32.790001|33.720001|32.700001|33.040001|15856100|0.9909628646|32.741413
2026-01-14|36|LLY|1081.750000|1084.000000|1061.119995|1073.290039|1912600|0.9951920486|1068.129761
2026-01-14|37|PCG|15.670000|15.970000|15.670000|15.710000|17818200|0.9942476518|15.619630
2026-01-14|38|PEP|143.139999|146.300003|143.139999|145.919998|8329500|0.9808256472|143.122070
2026-01-14|39|PFE|25.230000|25.709999|25.200001|25.580000|53738100|0.9509184966|24.324495
2026-01-14|40|TXN|187.500000|193.610001|187.440002|193.449997|7988800|0.9834571490|190.249786
2026-01-14|41|WFC|90.750000|90.800003|88.059998|89.250000|33803900|0.9838041369|87.804520
2026-01-14|42|HUBB|481.549988|481.549988|467.704987|476.059998|658341|0.9943029521|473.347870
2026-01-14|43|WMT|120.190002|121.239998|119.029999|120.040001|32764000|0.9936722171|119.280411
2026-01-14|44|AIG|72.559998|74.150002|72.250000|73.040001|11677200|0.9875732230|72.132347
2026-01-14|45|AVY|187.960007|190.000000|186.119995|188.380005|516000|0.9887328339|186.257507
2026-01-14|46|BAC|52.880001|53.480000|51.660000|52.480000|84750000|0.9892387825|51.915253
2026-01-14|47|BALL|55.580002|56.240002|55.070000|56.029999|1703200|0.9933732915|55.658707
2026-01-14|48|BDX|201.809993|207.640006|200.809993|207.420003|1442800|0.7757059857|160.896942
2026-01-14|49|CLX|108.910004|111.529999|108.900002|111.410004|2152200|0.9654541242|107.561241
2026-01-14|50|CMI|567.440002|569.549988|558.789978|565.179993|674900|0.9898444823|559.440247
2026-01-14|51|CMS|70.669998|71.279999|70.279999|70.919998|3498000|0.9770377822|69.291519
2026-01-14|52|CVS|80.860001|80.959999|79.209999|79.330002|4488100|0.9771601786|77.518112
2026-01-14|53|ECL|273.000000|276.720001|272.070007|275.649994|1276300|0.9946163507|274.166016
2026-01-14|54|ES|68.690002|70.540001|68.430000|69.949997|3043100|0.9779292778|68.406151
2026-01-14|55|EVRG|74.059998|75.540001|74.059998|75.260002|2091600|0.9752573788|73.397881
2026-01-14|56|GWW|1041.000000|1053.250000|1033.719971|1053.250000|190200|0.9941570385|1047.095825
2026-01-14|57|LNT|66.169998|67.019997|66.169998|66.860001|1962300|0.9771332386|65.331123
2026-01-14|58|MKC|67.430000|68.620003|67.300003|68.570000|4348800|0.9822640876|67.353844
2026-01-14|59|MRSH|182.809998|184.660004|182.029999|183.270004|1696600|0.9842873682|180.390366
2026-01-14|60|NEE|80.940002|82.629997|80.940002|81.980003|10282400|0.9860055271|80.229424
2026-01-14|61|NI|42.560001|43.349998|42.349998|43.310001|3098100|0.9804324438|42.462528
2026-01-14|62|PNW|91.160004|93.129997|91.019997|92.300003|1880300|0.9727255046|89.782570
2026-01-14|63|RVTY|110.120003|112.720001|108.269997|111.519997|2050900|0.9979858512|111.295380
2026-01-14|64|SNA|361.380005|364.459991|360.059998|362.420013|307300|0.9808470667|355.478577
2026-01-14|65|SPGI|540.020003|546.990016|539.700013|545.000013|1144100|0.9395781501|512.070068
2026-01-14|66|TER|227.500000|231.130005|224.610001|230.190002|2423500|0.9992046578|230.006927
2026-01-14|67|TGT|108.570000|110.639999|108.180000|109.820000|5886200|0.9731968404|106.876472
2026-01-14|68|TXT|93.570000|94.440002|93.099998|94.169998|1091800|0.9995682296|94.129333
2026-01-14|69|VMC|305.500000|309.950012|297.739990|298.480011|1592500|0.9942812010|296.773071
2026-01-14|70|XEL|74.760002|76.349998|74.750000|76.199997|5961000|0.9852321471|75.074684
2026-01-14|71|ITW|256.760010|260.970001|256.640015|258.890015|1676100|0.9877340632|255.714493
2026-01-14|72|CL|83.099998|85.089996|83.029999|84.550003|9949900|0.9821445459|83.040321
2026-01-14|73|EXC|43.490002|43.880001|43.410000|43.599998|10723100|0.9822723358|42.827076
2026-01-14|74|MDT|96.330002|98.769997|95.830002|98.739998|9909300|0.9830319865|97.064575
2026-01-14|75|BNY|122.889999|124.930000|122.669998|124.589996|6128400|0.9877222173|123.060310
2026-01-14|76|EIX|60.709999|62.160000|60.709999|61.619999|2970700|0.9764773062|60.170532
2026-01-14|77|FRT|102.019997|102.540001|101.389999|102.019997|433500|0.9803038504|100.010597
2026-01-14|78|PNR|102.930000|104.120003|102.669998|104.080002|2476500|0.9901423720|103.054016
2026-01-14|79|USB|53.779999|53.910000|53.230000|53.500000|15910200|0.9813809589|52.503883
2026-01-14|80|WY|25.580000|26.629999|25.450001|26.620001|9647100|0.9829820427|26.166983
2026-01-14|81|SYY|76.220001|77.709999|76.220001|77.110001|4909300|0.9859824728|76.029106
2026-01-14|82|WRB|68.330002|69.760002|68.250000|69.180000|1918700|0.9898085858|68.474960
2026-01-14|83|IFF|69.860001|70.720001|69.680000|70.180000|1667000|0.9889000540|69.401009
2026-01-14|84|TAP|49.310001|50.590000|49.299999|50.490002|2394200|0.9780980891|48.815178
2026-01-14|85|PNC|211.100006|213.089996|209.529999|212.320007|3026600|0.9770281499|207.442627
2026-01-14|86|TRV|271.739990|273.450012|268.839996|272.739990|1819200|0.9922238191|270.619110
2026-01-14|87|C|117.910004|118.750000|110.470001|112.410004|27984600|0.9851223482|110.737610
2026-01-14|88|FDX|309.120004|313.680001|308.489998|313.550004|1674200|0.7995464875|250.697815
2026-01-14|89|WDC|214.000000|218.520004|210.139999|215.000000|5611900|0.9992611044|214.841125
2026-01-14|90|DHR|236.130005|239.279999|235.389999|237.949997|3136000|0.9958070237|236.952271
2026-01-14|91|APA|26.120001|27.360001|26.020000|26.690001|7819600|0.9771167223|26.079245
2026-01-14|92|LUV|43.119999|43.720001|41.750000|42.549999|8868400|0.9913697990|42.182785
2026-01-14|93|PEG|78.690002|79.180000|78.300003|78.910004|3501100|0.9834778438|77.606239
2026-01-14|94|UNP|227.330002|230.380005|225.850006|227.139999|3015200|0.9896596115|224.791290
2026-01-14|95|ABT|123.680000|125.089996|122.989998|125.000000|7187800|0.9817546722|122.719345
2026-01-14|96|ADI|294.589996|298.859985|293.279999|297.989990|3597400|0.9941555324|296.248383
2026-01-14|97|ADM|63.639999|65.709999|63.639999|64.599998|5476100|0.9797994474|63.295048
2026-01-14|98|ADP|256.640015|259.040009|256.190002|258.500000|1894800|0.9843371720|254.451172
2026-01-14|99|AFL|108.110001|110.400002|108.110001|110.180000|2173600|0.9846316611|108.486725
2026-01-14|100|AMAT|301.470001|301.940002|297.000000|301.890015|6545200|0.9964487658|300.817902
2026-01-14|101|AMD|217.539993|224.089996|215.110001|223.600006|40466500|1.0000000000|223.600006
2026-01-14|102|APD|266.279999|270.880005|265.910004|267.250000|1417400|0.9876339339|263.945190
2026-01-14|103|BF-B|26.629999|27.459999|26.570000|27.200001|9236000|0.9822921615|26.718348
2026-01-14|104|CHD|88.080002|90.250000|87.930000|90.160004|2770500|0.9906552793|89.317482
2026-01-14|105|CINF|161.220001|163.820007|161.220001|163.679993|567100|0.9887134133|161.832596
2026-01-14|106|CMCSA|28.049999|28.540001|28.030001|28.420000|27336300|0.9752182964|27.715702
2026-01-14|107|D|59.119999|60.500000|59.110001|60.250000|6151200|0.9796460230|59.023674
2026-01-14|108|DOV|204.490005|205.380005|202.440002|204.339996|890500|0.9952693212|203.373322
2026-01-14|109|DUK|117.570000|119.290001|117.349998|118.680000|4554900|0.9744921325|115.652725
2026-01-14|110|EFX|217.419998|220.850006|217.250000|219.770004|1526900|0.9938812654|218.425293
2026-01-14|111|EQT|50.840000|51.000000|49.930000|50.259998|14541000|0.9912778241|49.821621
2026-01-14|112|FITB|48.009998|48.830002|47.779999|48.570000|7795200|0.9840657827|47.796074
2026-01-14|113|GIS|44.349998|45.790001|44.349998|45.619999|8687600|0.9666684497|44.099415
2026-01-14|114|GPC|132.089996|134.169998|131.919998|133.800003|889100|0.9802432378|131.156555
2026-01-14|115|HAS|86.650002|87.019997|84.379997|85.419998|1491300|0.9777483232|83.519257
2026-01-14|116|HBAN|17.430000|17.709999|17.309999|17.680000|26110500|0.9810694650|17.345308
2026-01-14|117|HRL|23.500000|24.500000|23.500000|24.490000|7629900|0.9742790885|23.860094
2026-01-14|118|HST|18.510000|18.580000|17.990000|18.219999|6081400|0.9529227702|17.362251
2026-01-14|119|HSY|195.710007|200.500000|193.169998|199.119995|1888400|0.9782056212|194.780304
2026-01-14|120|INTC|48.950001|49.000000|47.419998|48.720001|148225800|1.0000000000|48.720001
2026-01-14|121|J|139.690002|140.000000|137.490005|139.000000|679700|0.9918477371|137.866837
2026-01-14|122|JPM|308.200012|311.760010|306.119995|307.869995|25951500|0.9904464778|304.928741
2026-01-14|123|KMB|98.580002|99.529999|98.449997|99.150002|5552300|0.9744151054|96.613258
2026-01-14|124|L|102.830002|104.230003|102.830002|103.599998|942200|0.9982870407|103.422539
2026-01-14|125|LEN|120.750000|123.709999|120.699997|121.389999|4126700|0.9844362452|119.500717
2026-01-14|126|LOW|272.200012|278.100006|272.200012|274.950012|3207600|0.9846876283|270.739838
2026-01-14|127|MAS|69.730003|71.180000|69.089996|70.070000|1801500|0.9866652888|69.135635
2026-01-14|128|MTB|208.320007|211.000000|207.440002|209.789993|937200|0.9861939937|206.893631
2026-01-14|129|NEM|115.550003|115.699997|112.150002|114.150002|8441100|0.9956554334|113.654076
2026-01-14|130|NTRS|144.630005|145.830002|143.119995|145.350006|859100|0.9898281838|143.871521
2026-01-14|131|NUE|169.509995|173.589996|169.360001|172.289993|1892200|0.9941593298|171.283691
2026-01-14|132|OMC|78.000000|80.739998|77.769997|80.180000|4227300|0.9796477026|78.548149
2026-01-14|133|PCAR|119.449997|120.529999|118.580002|119.000000|3442400|0.9916886281|118.010948
2026-01-14|134|PGR|204.250000|208.750000|203.830002|205.500000|3933300|0.9990392069|205.302551
2026-01-14|135|PH|937.020020|937.020020|925.140015|936.210022|606000|0.9958887879|932.361023
2026-01-14|136|PHM|132.500000|134.169998|130.479996|130.729996|1727100|0.9957597479|130.175659
2026-01-14|137|PPG|107.720001|109.589996|107.510002|108.570000|1549100|0.9817392581|106.587433
2026-01-14|138|PPL|35.000000|35.630001|34.980000|35.529999|5692200|0.9846479678|34.984539
2026-01-14|139|RF|27.760000|28.330000|27.580000|28.139999|14757800|0.9811037357|27.608259
2026-01-14|140|ROL|61.540001|62.200001|61.430000|62.160000|1719200|0.9887685295|61.461849
2026-01-14|141|SHW|356.029999|358.820007|352.940002|354.350006|1921700|0.9929181711|351.840607
2026-01-14|142|STT|132.429993|134.789993|131.820007|134.720001|2565800|0.9884428745|133.163010
2026-01-14|143|SWK|82.839996|84.900002|81.809998|83.790001|1681300|0.9785642065|81.993889
2026-01-14|144|SYK|353.029999|359.390015|350.019989|359.390015|1795000|0.9946461548|357.465912
2026-01-14|145|TMO|608.630005|622.719971|607.099976|621.830017|2460400|0.9980119596|620.593811
2026-01-14|146|TPL|323.359985|332.799988|322.760010|326.929993|316300|0.9973306248|326.057312
2026-01-14|147|TSN|60.180000|60.779999|60.099998|60.439999|1831400|0.9836914879|59.454311
2026-01-14|148|TT|391.059998|393.649994|383.869995|385.839996|1843800|0.9953350758|384.040100
2026-01-14|149|TYL|441.989990|452.600006|439.179993|452.000000|373600|1.0000000000|452.000000
2026-01-14|150|UDR|36.080002|36.730000|36.020000|36.730000|3522300|0.9803230978|36.007267
2026-01-14|151|VTRS|13.370000|13.490000|13.080000|13.150000|10330400|0.9769695342|12.847149
2026-01-14|152|WEC|106.220001|107.470001|106.099998|107.070000|1468700|0.9747231440|104.363602
2026-01-14|153|WST|272.920013|278.579987|270.559998|274.980011|725700|0.9976812219|274.342407
2026-01-14|154|NDSN|265.000000|267.019989|261.609985|266.540009|505800|0.9941183690|264.972290
2026-01-14|155|TFC|49.360001|50.090000|49.279999|49.830002|10681800|0.9700498779|48.337585
2026-01-14|156|WELL|188.179993|189.240005|186.250000|188.710007|2388500|0.9893392873|186.698227
2026-01-14|157|AON|344.700012|347.829987|344.500000|346.000000|1019700|0.9951005240|344.304810
2026-01-14|158|GL|141.259995|144.259995|141.259995|142.410004|508100|0.9958260151|141.815582
2026-01-14|159|OKE|74.389999|76.730003|74.339996|75.849998|4926400|0.9633206765|73.067879
2026-01-14|160|KLAC|1430.870056|1434.790039|1396.100006|1434.499969|896500|0.0996303139|142.919678
2026-01-14|161|CSX|35.540001|36.240002|35.369999|36.180000|20338900|0.9936713984|35.951031
2026-01-14|162|PSA|279.140015|287.910004|278.989990|287.769989|939300|0.9808120164|282.248260
2026-01-14|163|NKE|66.290001|67.129997|65.040001|65.570000|15939100|0.9845960180|64.559967
2026-01-14|164|AAPL|259.489990|261.820007|256.709991|259.959991|40019400|0.9972854026|259.254303
2026-01-14|165|BRO|79.220001|80.419998|78.820000|79.430000|2838500|0.9924932219|78.833740
2026-01-14|166|UHS|202.179993|202.600006|197.449997|199.220001|790800|0.9976532391|198.752487
2026-01-14|167|HD|376.690002|380.089996|373.970001|375.950012|4959900|0.9859634354|370.672974
2026-01-14|168|BAX|19.610001|20.020000|19.360001|19.840000|8110600|0.9989896155|19.812311
2026-01-14|169|COP|96.599998|101.919998|96.599998|100.339996|13563700|0.9784321345|98.175873
2026-01-14|170|GLW|89.970001|90.800003|88.410004|90.209999|4446000|0.9966096046|89.904152
2026-01-14|171|HUM|273.170013|278.470001|272.779999|274.140015|941600|0.9926050698|272.112762
2026-01-14|172|LHX|339.510010|344.820007|334.410004|342.850006|2153300|0.9925076273|340.281250
2026-01-14|173|NOC|625.000000|654.520020|624.859985|653.140015|1480900|0.9924395226|648.201965
2026-01-14|174|OXY|43.500000|45.110001|43.450001|44.320000|14345700|0.9906984712|43.907753
2026-01-14|175|ROK|415.089996|418.410004|412.790009|417.209991|626700|0.9904239689|413.214783
2026-01-14|176|SLB|46.439999|47.730000|46.279999|46.970001|23910300|0.9889523968|46.451096
2026-01-14|177|SO|87.650002|88.680000|87.580002|88.419998|5134500|0.9759995454|86.297867
2026-01-14|178|WMB|60.400002|61.369999|60.259998|60.709999|8956600|0.9855810767|59.834625
2026-01-14|179|VLO|183.259995|189.949997|181.690002|186.509995|3963000|0.9854130966|183.789383
2026-01-14|180|CI|272.190002|276.670013|270.959991|271.000000|1822500|0.9887906885|267.962280
2026-01-14|181|NSC|286.750000|289.359985|285.450012|286.369995|619400|0.9874047136|282.763092
2026-01-14|182|COO|81.430000|81.959999|80.110001|81.690002|2695500|1.0000000000|81.690002
2026-01-14|183|AMGN|324.089996|329.200012|323.549988|328.970001|1897400|0.9799483831|322.373627
2026-01-14|184|RJF|167.050003|172.600006|166.130005|172.270004|1517800|0.9927317770|171.017914
2026-01-14|185|WSM|205.160004|208.899994|203.919998|206.649994|1086300|0.9895967846|204.500168
2026-01-14|186|CAH|208.529999|213.630005|207.850006|213.559998|1598800|0.9954149217|212.580795
2026-01-14|187|CTAS|194.539993|195.669998|192.020004|194.229996|1745500|0.9924218382|192.758102
2026-01-14|188|PAYX|109.500000|110.879997|109.169998|110.290001|2257700|0.9670710940|106.658272
2026-01-14|189|BEN|25.160000|25.750000|25.129999|25.629999|3911200|0.9758021744|25.009809
2026-01-14|190|AOS|70.500000|71.650002|70.500000|71.180000|996100|0.9834989125|70.005447
2026-01-14|191|CASY|609.599976|622.000000|604.510010|616.299988|324700|0.9976268719|614.837402
2026-01-14|192|T|23.330000|23.719999|23.330000|23.610001|51414800|0.9765662530|23.056730
2026-01-14|193|VZ|39.119999|39.849998|39.099998|39.830002|25714700|0.9686690897|38.582092
2026-01-14|194|JBHT|203.990005|206.449997|203.080002|205.809998|876100|0.9944705560|204.671997
2026-01-14|195|ATO|168.580002|170.130005|168.179993|168.720001|1450100|0.9829545502|165.844086
2026-01-14|196|LRCX|211.130005|211.309998|206.610001|208.789993|18187200|0.9981002163|208.393341
2026-01-14|197|MU|334.839996|339.100006|328.200012|333.350006|20277200|0.9994263974|333.158783
2026-01-14|198|AJG|256.790009|260.290009|255.830002|256.980011|2608000|0.9936444599|255.346771
2026-01-14|199|AME|211.429993|212.149994|209.270004|211.119995|916100|0.9969202115|210.469788
2026-01-14|200|SWKS|58.290001|59.889999|58.099998|59.860001|2708100|0.9796110161|58.639519
2026-01-14|201|EXPD|160.699997|162.449997|159.660004|162.220001|1184500|0.9948730934|161.388321
2026-01-14|202|UNH|335.369995|340.109985|334.100006|334.959991|5740900|0.9866504480|330.488434
2026-01-14|203|BBY|67.150002|68.709999|66.629997|66.680000|4461000|0.9720666083|64.817406
2026-01-14|204|DOC|16.950001|17.270000|16.750000|17.260000|8396400|0.9572925378|16.522869
2026-01-14|205|ADSK|268.950012|271.010010|259.269989|261.279999|2221200|1.0000000000|261.279999
2026-01-14|206|DVN|37.099998|38.720001|37.029999|37.919998|16721800|0.9877783076|37.456554
2026-01-14|207|NVR|7617.970215|7690.819824|7558.700195|7580.759766|23500|1.0000000000|7580.759766
2026-01-14|208|ROST|192.490005|193.789993|190.270004|191.830002|2262000|0.9959267541|191.048615
2026-01-14|209|JKHY|188.320007|192.910004|187.860001|192.600006|711000|0.9919197584|191.043762
2026-01-14|210|MNST|78.040001|78.690002|76.870003|77.730003|7562800|0.5000000000|77.730003
2026-01-14|211|ORCL|201.679993|201.679993|190.809998|193.610001|22473200|0.9930647011|192.267273
2026-01-14|212|MSFT|466.459991|468.200012|457.170013|459.380005|28184300|0.9936958009|456.484009
2026-01-14|213|TROW|103.120003|106.150002|103.089996|106.080002|2277500|0.9736426638|103.284012
2026-01-14|214|COST|938.330017|955.609985|938.289978|950.979980|2894900|0.9956058515|946.801208
2026-01-14|215|ADBE|308.570007|309.730011|302.470001|304.440002|5712600|1.0000000000|304.440002
2026-01-14|216|FISV|66.620003|67.510002|66.419998|67.500000|16416200|1.0000000000|67.500000
2026-01-14|217|BKR|49.250000|50.340000|49.150002|49.980000|8354800|0.9892821118|49.444317
2026-01-14|218|CDNS|319.500000|320.529999|309.920013|313.170013|2039700|1.0000000000|313.170013
2026-01-14|219|TJX|157.750000|158.110001|154.539993|155.130005|5371200|0.9907991610|153.702667
2026-01-14|220|FICO|1615.479980|1635.000000|1602.640015|1616.290039|314900|1.0000000000|1616.290039
2026-01-14|221|CCL|30.740000|30.760000|29.590000|30.180000|23791600|0.9841845235|29.702688
2026-01-14|222|FAST|42.529999|42.630001|41.830002|42.419998|9952400|0.9838279433|41.733982
2026-01-14|223|SCHW|100.860001|101.940002|99.599998|101.919998|6643000|0.9901836685|100.919510
2026-01-14|224|JCI|112.080002|112.800003|109.839996|112.129997|5771900|0.9941759575|111.476944
2026-01-14|225|COHR|190.740005|196.729996|182.559998|184.110001|2882800|1.0000000000|184.110001
2026-01-14|226|KEY|20.760000|21.080000|20.559999|20.950001|16471900|0.9804836286|20.541132
2026-01-14|227|MOS|27.049999|28.170000|27.030001|27.639999|12120900|0.9816582705|27.133034
2026-01-14|228|MGM|34.459999|34.759998|34.080002|34.410000|4283000|1.0000000000|34.410000
2026-01-14|229|WM|215.449997|218.800003|215.449997|218.789993|1839500|0.9917417797|216.983170
2026-01-14|230|TECH|66.790001|68.500000|65.809998|68.400002|2736500|0.9957086055|68.106476
2026-01-14|231|IEX|187.610001|190.889999|186.460007|190.539993|609300|0.9895889092|188.556259
2026-01-14|232|GEN|26.160000|26.510000|26.010000|26.240000|3095900|0.9850474704|25.847645
2026-01-14|233|CRH|127.320000|127.540001|121.320000|121.889999|7843600|0.9889154582|120.538902
2026-01-14|234|EOG|108.629997|112.449997|108.580002|110.739998|4405000|0.9756845809|108.047310
2026-01-14|235|PTC|169.110001|170.539993|165.600006|166.529999|1205300|1.0000000000|166.529999
2026-01-14|236|CSCO|74.930000|75.110001|73.820000|74.410004|17801300|0.9909035959|73.733139
2026-01-14|237|LH|254.649994|262.070007|253.559998|262.000000|1284800|0.9947633093|260.070435
2026-01-14|238|TRMB|80.110001|80.449997|78.889999|79.760002|1210700|1.0000000000|79.760002
2026-01-14|239|AZO|3508.780029|3529.760010|3457.780029|3472.659912|134800|1.0000000000|3472.659912
2026-01-14|240|REGN|760.580017|766.640015|753.010010|754.140015|668900|0.9961457605|751.233398
2026-01-14|241|IDXX|710.210022|712.200012|701.489990|710.479980|369600|1.0000000000|710.479980
2026-01-14|242|AES|13.900000|14.200000|13.890000|14.000000|9524200|0.9646899783|13.505660
2026-01-14|243|VRTX|454.579987|455.029999|446.010010|449.529999|1295400|1.0000000000|449.529999
2026-01-14|244|ZBRA|260.730011|264.790009|260.100006|262.510010|535300|1.0000000000|262.510010
2026-01-14|245|BIIB|177.729996|178.410004|165.580002|169.309998|3635800|1.0000000000|169.309998
2026-01-14|246|ODFL|170.740005|174.919998|169.380005|173.520004|1708200|0.9973411992|173.058655
2026-01-14|247|APH|148.169998|148.690002|144.380005|146.750000|9420500|0.9965240421|146.239899
2026-01-14|248|KIM|20.590000|20.670000|20.440001|20.639999|3114400|0.9782318124|20.190704
2026-01-14|249|QCOM|163.690002|164.740005|162.350006|164.539993|7959900|0.9899641514|162.888687
2026-01-14|250|GILD|121.379997|124.160004|121.379997|124.070000|4659300|0.9878606941|122.563866
2026-01-14|251|ROP|424.059998|428.929993|421.480011|424.200012|822900|0.9949619600|422.062897
2026-01-14|252|SNPS|505.220001|507.369995|498.579987|505.339996|1500100|1.0000000000|505.339996
2026-01-14|253|STZ|153.479996|158.220001|153.470001|156.360001|3532900|0.9792322433|153.112762
2026-01-14|254|BSX|93.919998|93.989998|92.790001|93.739998|7270300|1.0000000000|93.739998
2026-01-14|255|STE|258.890015|264.450012|256.510010|264.250000|460700|0.9945039836|262.797699
2026-01-14|256|DHI|158.550003|161.360001|157.479996|159.300003|3087000|0.9911938574|157.897186
2026-01-14|257|LIN|441.829987|444.359985|437.899994|439.980011|2542000|0.9935105778|437.124786
2026-01-14|258|SBUX|90.260002|91.519997|90.150002|91.150002|8373200|0.9821606772|89.523949
2026-01-14|259|MS|182.190002|182.350006|178.929993|180.779999|8434000|0.9837860335|177.848846
2026-01-14|260|INTU|590.989990|592.659973|556.659973|566.599976|4834000|0.9925226498|562.363342
2026-01-14|261|MCHP|73.989998|75.010002|73.510002|74.680000|5298500|0.9832658267|73.430283
2026-01-14|262|CB|301.859985|303.980011|299.260010|301.010010|2006600|0.9939554166|299.190521
2026-01-14|263|ORLY|94.489998|95.330002|94.070000|95.019997|4905900|1.0000000000|95.019997
2026-01-14|264|RCL|286.000000|287.220001|274.399994|279.329987|3102800|0.9895699200|276.416565
2026-01-14|265|JBL|240.000000|245.589996|237.240005|241.339996|1363800|0.9992441666|241.157578
2026-01-14|266|ALL|197.169998|200.199997|194.559998|196.020004|3071100|0.9897514584|194.011078
2026-01-14|267|CPT|107.660004|108.930000|107.230003|107.839996|1571800|0.9801843508|105.703072
2026-01-14|268|VMRK|60.150002|61.310001|60.150002|61.200001|2087500|0.9778762777|59.846031
2026-01-14|269|IT|236.330002|242.889999|235.860001|238.929993|651600|1.0000000000|238.929993
2026-01-14|270|DECK|101.500000|103.000000|99.879997|101.400002|2168400|1.0000000000|101.400002
2026-01-14|271|REG|69.900002|70.320000|69.339996|69.919998|959600|0.9810739142|68.596687
2026-01-14|272|INCY|103.660004|107.639999|103.199997|105.949997|2128300|1.0000000000|105.949997
2026-01-14|273|SPG|184.169998|186.080002|182.259995|185.720001|1886100|0.9778630534|181.608734
2026-01-14|274|MAA|134.770004|136.309998|134.410004|136.270004|798200|0.9656183896|131.584808
2026-01-14|275|MLM|656.000000|662.830017|635.299988|636.710022|724400|0.9973479749|635.021423
2026-01-14|276|TSCO|51.669998|51.980000|50.849998|51.160000|4816200|0.9807531624|50.175327
2026-01-14|277|ALB|175.380005|179.139999|171.679993|177.550003|2538500|0.9949889134|176.660294
2026-01-14|278|CPRT|39.820000|40.310001|39.790001|39.990002|8787600|1.0000000000|39.990002
2026-01-14|279|FLEX|65.650002|66.190002|63.119999|63.830002|3613200|1.0000000000|63.830002
2026-01-14|280|ESS|249.690002|254.399994|249.690002|253.179993|635000|0.9806657936|248.284958
2026-01-14|281|O|59.290001|60.320000|59.259998|60.310001|6755200|0.9702778493|58.517456
2026-01-14|282|MCO|531.900024|537.570007|529.000000|535.979980|671100|0.9933686768|532.425720
2026-01-14|283|SJM|101.879997|105.349998|101.690002|104.330002|1739600|0.9701300487|101.213669
2026-01-14|284|MCK|822.789978|838.460022|820.130005|834.159973|492900|0.9980659618|832.546692
2026-01-14|285|COF|230.309998|234.529999|224.259995|234.419998|7754500|0.9884398390|231.710068
2026-01-14|286|EME|667.200012|667.450012|640.650024|660.729980|320600|0.9989862194|660.060181
2026-01-14|287|DLTR|137.279999|140.600006|137.119995|140.289993|2945800|1.0000000000|140.289993
2026-01-14|288|COR|345.399994|349.980011|345.109985|349.929993|760000|0.9940692618|347.854645
2026-01-14|289|DRI|205.809998|208.490005|204.410004|207.869995|1258600|0.9843985059|204.626907
2026-01-14|290|RMD|253.649994|260.160004|252.490005|259.510010|970300|0.9918845144|257.403961
2026-01-14|291|WAB|226.229996|227.229996|224.020004|226.770004|522000|0.9965472933|225.987045
2026-01-14|292|FCX|60.209999|60.709999|59.119999|60.349998|19747500|0.9929128187|59.922287
2026-01-14|293|IVZ|28.320000|28.520000|27.950001|28.250000|9725000|0.9777629266|27.621803
2026-01-14|294|ACGL|90.750000|91.650002|90.610001|91.290001|2864500|1.0000000000|91.290001
2026-01-14|295|ERIE|282.209991|286.470001|282.209991|283.850006|148600|0.9885906317|280.611450
2026-01-14|296|EG|322.339996|326.470001|321.380005|325.910004|377800|0.9878843207|321.961395
2026-01-14|297|DVA|104.000000|104.860001|101.000000|103.870003|2113800|1.0000000000|103.870003
2026-01-14|298|HSIC|75.830002|76.830002|74.900002|76.260002|1481400|1.0000000000|76.260002
2026-01-14|299|EL|115.870003|118.139999|114.690002|116.910004|4071200|0.9930325985|116.095444
2026-01-14|300|WAT|394.029999|398.850006|391.640015|393.200012|518000|1.0000000000|393.200012
2026-01-14|301|NTAP|107.110001|109.250000|106.779999|107.669998|2171300|0.9918913810|106.796944
2026-01-14|302|HIG|132.169998|133.100006|131.440002|131.929993|1469300|0.9910400733|130.747910
2026-01-14|303|IRM|91.900002|92.250000|89.680000|91.540001|2115400|0.9851777356|90.183167
2026-01-14|304|BRK-B|494.170013|497.619995|492.000000|493.149994|5033700|1.0000000000|493.149994
2026-01-14|305|FDS|291.109985|296.040009|289.440002|295.269989|449500|0.9900356292|292.327820
2026-01-14|306|STLD|169.259995|173.050003|169.130005|170.800003|1511200|0.9946588101|169.887741
2026-01-14|307|DGX|180.500000|187.100006|179.830002|186.770004|1498900|0.9916252453|185.205841
2026-01-14|308|CIEN|244.910004|245.800003|233.169998|238.380005|1776700|1.0000000000|238.380005
2026-01-14|309|TTWO|246.679993|246.750000|241.509995|245.490005|1454700|1.0000000000|245.490005
2026-01-14|310|VTR|76.930000|77.279999|75.650002|76.919998|2470500|0.9878430433|75.984886
2026-01-14|311|AMZN|241.149994|241.279999|236.220001|236.649994|41410600|1.0000000000|236.649994
2026-01-14|312|ARE|54.720001|56.340000|54.639999|56.139999|2294400|0.9716953716|54.550980
2026-01-14|313|RL|367.809998|369.130005|358.760010|362.859985|445500|0.9948318200|360.984650
2026-01-14|314|BXP|65.900002|66.379997|65.160004|66.370003|1667800|0.9761958291|64.790115
2026-01-14|315|FIX|1065.040039|1079.270020|1024.119995|1053.099976|403700|0.9985721755|1051.596313
2026-01-14|316|YUM|156.839996|157.860001|155.740005|157.130005|1532300|0.9905648102|155.647446
2026-01-14|317|CHRW|172.839996|173.979996|171.500000|172.309998|1561600|0.9931897587|171.136520
2026-01-14|318|FE|45.310001|46.240002|45.290001|46.150002|6238500|0.9707938980|44.802143
2026-01-14|319|MTD|1480.000000|1498.500000|1469.380005|1485.560059|109800|1.0000000000|1485.560059
2026-01-14|320|PLD|130.559998|132.220001|129.809998|132.210007|2745900|0.9848712132|130.209839
2026-01-14|321|URI|937.000000|941.869995|914.039978|917.340027|564600|0.9939808437|911.818420
2026-01-14|322|AEE|101.690002|102.800003|100.900002|102.540001|1212300|0.9863006617|101.135269
2026-01-14|323|VRSN|246.360001|250.869995|246.190002|249.309998|496600|0.9907421953|247.001923
2026-01-14|324|PWR|443.089996|446.890015|426.589996|437.070007|925600|0.9996508742|436.917419
2026-01-14|325|AMT|174.479996|180.610001|174.259995|177.479996|3604700|0.9807453674|174.062683
2026-01-14|326|MAR|321.049988|322.049988|314.750000|319.679993|1442000|0.9940852561|317.789154
2026-01-14|327|CTSH|84.699997|87.029999|84.400002|86.699997|5301700|0.9822114026|85.157730
2026-01-14|328|SRE|90.269997|91.660004|90.050003|91.320000|3230600|0.9860298575|90.044250
2026-01-14|329|CSGP|61.419998|63.930000|61.139999|63.869999|8203200|1.0000000000|63.869999
2026-01-14|330|RSG|209.089996|211.509995|208.869995|210.979996|1616900|0.9942648020|209.769974
2026-01-14|331|CCI|87.000000|90.360001|86.790001|88.669998|3368700|0.9762634240|86.565277
2026-01-14|332|EBAY|94.330002|94.550003|93.309998|94.419998|3468000|0.9939126631|93.560768
2026-01-14|333|NVDA|184.320007|184.460007|180.800003|183.139999|159586100|0.9987817973|182.916885
2026-01-14|334|BKNG|5262.530136|5280.300140|5057.490158|5187.020111|248100|0.0398088823|206.489456
2026-01-14|335|GS|932.299988|938.150024|917.900024|932.669983|2513000|0.9903999491|923.716309
2026-01-14|336|FFIV|267.690002|269.510010|265.209991|267.450012|760600|1.0000000000|267.450012
2026-01-14|337|SBAC|188.300003|194.720001|188.070007|192.059998|762000|0.9805017315|188.315155
2026-01-14|338|LII|530.250000|532.380005|519.400024|525.250000|264900|0.9946881341|522.459900
2026-01-14|339|BLK|1070.530029|1094.010010|1070.410034|1091.849976|953900|0.9888912077|1079.720703
2026-01-14|340|TKO|206.770004|211.660004|206.309998|207.979996|846000|0.9921219970|206.341537
2026-01-14|341|AKAM|88.949997|91.489998|88.599998|90.650002|2418100|1.0000000000|90.650002
2026-01-14|342|UPS|106.489998|107.980003|106.320000|107.400002|4042200|0.9546755018|102.532158
2026-01-14|343|A|146.410004|148.369995|145.520004|145.919998|1684100|0.9958080410|145.308304
2026-01-14|344|TDY|555.010010|562.710022|552.000000|562.539978|356000|1.0000000000|562.539978
2026-01-14|345|PKG|219.190002|221.800003|217.509995|219.960007|753200|0.9876260349|217.238251
2026-01-14|346|EW|83.320000|83.599998|81.260002|83.099998|6290400|1.0000000000|83.099998
2026-01-14|347|MET|77.139999|78.820000|76.970001|78.650002|3240600|0.9792675716|77.019386
2026-01-14|348|ON|59.310001|61.200001|59.209999|60.580002|5829000|1.0000000000|60.580002
2026-01-14|349|ISRG|533.960022|551.000000|528.000000|546.760010|3602100|1.0000000000|546.760010
2026-01-14|350|CRL|219.149994|221.520004|215.229996|216.389999|936400|1.0000000000|216.389999
2026-01-14|351|MRVL|82.959999|83.000000|79.269997|81.209999|15295700|0.9992531920|81.149345
2026-01-14|352|EQIX|797.419983|800.919983|785.880005|799.020020|399700|0.9849779860|787.017151
2026-01-14|353|TPR|133.399994|134.369995|132.179993|133.169998|1791800|0.9944862341|132.435730
2026-01-14|354|GRMN|213.570007|213.570007|209.589996|211.520004|954100|0.9917889977|209.783218
2026-01-14|355|GPN|77.540001|77.989998|76.820000|77.480003|3467000|0.9929199565|76.931442
2026-01-14|356|ALGN|169.330002|171.589996|168.880005|169.229996|814900|1.0000000000|169.229996
2026-01-14|357|WTW|328.200012|331.010010|326.410004|328.190002|498500|0.9930717262|325.916229
2026-01-14|358|MDLZ|55.790001|57.320000|55.709999|57.230000|12569400|0.9831751096|56.267113
2026-01-14|359|AXON|636.359985|649.000000|617.590027|629.219971|752800|1.0000000000|629.219971
2026-01-14|360|FIS|64.059998|64.540001|63.480000|63.980000|2608500|0.9802816760|62.718422
2026-01-14|361|ACN|276.609985|291.089996|276.179993|288.540009|6421700|0.9798095806|282.714233
2026-01-14|362|ZBH|87.860001|89.750000|85.760002|89.239998|3977300|0.9946488082|88.762459
2026-01-14|363|BG|103.330002|106.620003|102.589996|105.459999|2347300|0.9821514316|103.577690
2026-01-14|364|PFG|88.870003|91.480003|88.870003|91.209999|1384600|0.9832413887|89.681450
2026-01-14|365|ELV|372.000000|376.480011|371.359985|372.839996|1143800|0.9898456688|369.054047
2026-01-14|366|CNC|45.730000|46.299999|45.590000|46.169998|4546800|1.0000000000|46.169998
2026-01-14|367|PRU|116.680000|118.099998|116.449997|117.709999|1797800|0.9622422893|113.265533
2026-01-14|368|NFLX|91.239998|91.580002|87.949997|88.550003|49737700|1.0000000000|88.550003
2026-01-14|369|NDAQ|98.089996|100.540001|98.089996|100.070000|2995400|0.9932805958|99.397583
2026-01-14|370|WYNN|116.309998|116.919998|114.000000|116.879997|1294700|0.9927789107|116.036003
2026-01-14|371|CME|270.260010|275.359985|270.019989|275.230011|1758900|0.9716146686|267.417511
2026-01-14|372|STX|319.829987|322.730011|309.149994|312.279999|1947500|0.9975473958|311.514099
2026-01-14|373|NRG|149.259995|150.619995|147.509995|149.830002|1775500|0.9903289609|148.380997
2026-01-14|374|AIZ|235.520004|239.130005|235.520004|238.000000|281700|0.9925480196|236.226440
2026-01-14|375|CBRE|163.770004|165.509995|161.119995|164.899994|1522600|1.0000000000|164.899994
2026-01-14|376|CRM|239.179993|242.240005|236.460007|239.570007|10149300|0.9949373630|238.357147
2026-01-14|377|DPZ|409.480011|411.040009|404.320007|407.380005|513600|0.9888611209|402.842285
2026-01-14|378|EXR|140.179993|145.160004|140.000000|144.720001|1729000|0.9779070040|141.522705
2026-01-14|379|GOOG|334.984985|337.029999|331.140015|336.309998|17839300|0.9986949468|335.871094
2026-01-14|380|GOOGL|335.059998|336.519989|330.480011|335.839996|28525600|0.9986999831|335.403412
2026-01-14|381|DLR|159.779999|160.300003|157.259995|159.259995|1991900|0.9866588059|157.135284
2026-01-14|382|MPWR|980.549988|998.650024|964.109985|983.599976|420900|0.9964842129|980.141846
2026-01-14|383|LVS|59.990002|60.410000|59.259998|59.900002|5367800|0.9827791790|58.868477
2026-01-14|384|DXCM|70.050003|71.279999|68.709999|69.699997|5836400|1.0000000000|69.699997
2026-01-14|385|BLDR|125.000000|128.839996|123.099998|126.379997|1939400|1.0000000000|126.379997
2026-01-14|386|WBD|29.010000|29.200001|28.580000|28.629999|29096000|1.0000000000|28.629999
2026-01-14|387|EXPE|299.059998|299.519989|281.450012|290.760010|1824500|0.9942877675|289.099152
2026-01-14|388|CF|84.839996|88.160004|84.000000|85.050003|4248800|0.9855673857|83.822502
2026-01-14|389|AMP|494.239990|507.760010|490.679993|507.459991|504900|0.9903313094|502.553497
2026-01-14|390|ICE|166.440002|173.050003|165.910004|172.940002|5261800|0.9930916239|171.745270
2026-01-14|391|PSKY|12.130000|12.200000|12.000000|12.080000|4829700|0.9901049837|11.960468
2026-01-14|392|LYV|145.360001|147.039993|144.649994|146.779999|2892500|1.0000000000|146.779999
2026-01-14|393|CMG|39.230000|40.660000|39.040001|40.590000|16011600|1.0000000000|40.590000
2026-01-14|394|UAL|113.000000|114.900002|109.720001|110.750000|5083900|1.0000000000|110.750000
2026-01-14|395|TDG|1385.560059|1423.839966|1374.479980|1423.839966|285900|1.0000000000|1423.839966
2026-01-14|396|MA|544.500000|548.590027|538.150024|546.820007|3943700|0.9966137732|544.968384
2026-01-14|397|LDOS|196.039993|197.149994|188.259995|190.820007|1319100|0.9940154778|189.678055
2026-01-14|398|FSLR|239.610001|244.869995|235.250000|236.449997|1906200|1.0000000000|236.449997
2026-01-14|399|BR|220.660004|222.199997|219.020004|220.960007|746000|0.9878384663|218.272797
2026-01-14|400|SMCI|28.260000|28.760000|27.750000|28.270000|25019200|1.0000000000|28.270000
2026-01-14|401|TMUS|189.149994|192.139999|189.000000|192.020004|5292400|0.9898439218|188.979141
2026-01-14|402|DAL|69.389999|70.760002|67.550003|68.489998|9529700|0.9922015511|67.955887
2026-01-14|403|IBKR|70.379997|71.400002|69.330002|71.349998|5180500|0.9979162811|71.201324
2026-01-14|404|PODD|277.040009|284.250000|275.100006|282.890015|794200|1.0000000000|282.890015
2026-01-14|405|TEL|237.220001|238.250000|235.669998|237.300003|1612300|0.9892434805|234.747467
2026-01-14|406|BX|154.199997|158.729996|153.419998|158.710007|2944300|0.9695455041|153.876572
2026-01-14|407|LULU|211.330002|215.000000|202.179993|203.139999|2628600|1.0000000000|203.139999
2026-01-14|408|ULTA|660.090027|666.679993|657.000000|663.849976|540200|1.0000000000|663.849976
2026-01-14|409|MSCI|586.799988|595.979980|583.020020|594.789978|365100|0.9889531620|588.219482
2026-01-14|410|ECHO|125.000000|132.169998|122.669998|131.089996|13015800|1.0000000000|131.089996
2026-01-14|411|PM|166.649994|171.330002|166.570007|171.080002|6383000|0.9830023955|168.172058
2026-01-14|412|V|328.660004|329.899994|323.940002|329.170013|9388400|0.9940309283|327.205170
2026-01-14|413|AWK|131.470001|132.869995|130.850006|132.449997|1515600|0.9796942856|129.760498
2026-01-14|414|KDP|27.750000|28.360001|27.680000|28.120001|11545800|0.9842341174|27.676664
2026-01-14|415|SW|42.950001|43.244999|42.400002|42.740002|3774900|0.9711821711|41.508327
2026-01-14|416|AVGO|348.970001|350.690002|334.420013|339.890015|30094700|0.9963298147|338.642578
2026-01-14|417|VRSK|220.960007|224.639999|220.309998|224.160004|1141800|0.9947617775|222.985794
2026-01-14|418|DG|152.029999|154.750000|150.869995|150.949997|2862700|0.9902299309|149.475204
2026-01-14|419|FTNT|76.449997|78.309998|75.809998|76.389999|10181100|1.0000000000|76.389999
2026-01-14|420|CHTR|197.669998|204.630005|196.240005|202.339996|1242500|1.0000000000|202.339996
2026-01-14|421|FERG|243.619995|246.339996|242.009995|246.100006|1319000|0.9887782143|243.338333
2026-01-14|422|GNRC|157.210007|160.660004|153.000000|160.259995|1387400|1.0000000000|160.259995
2026-01-14|423|LYB|49.299999|52.430000|49.299999|52.000000|10408300|0.9677851714|50.324825
2026-01-14|424|CBOE|266.769989|268.859985|261.750000|268.809998|688400|0.9954503651|267.587006
2026-01-14|425|TSLA|442.809998|443.910004|434.220001|439.200012|57259500|1.0000000000|439.200012
2026-01-14|426|KKR|128.740005|132.169998|126.230003|132.080002|6821200|0.9943370554|131.332031
2026-01-14|427|NXPI|236.619995|240.910004|235.330002|240.809998|1986700|0.9914738451|238.756821
2026-01-14|428|GM|83.000000|83.690002|80.949997|81.230003|7550000|0.9954799629|80.862839
2026-01-14|429|TRGP|180.490005|187.229996|180.300003|182.779999|1341100|0.9854533185|180.121155
2026-01-14|430|CPAY|328.070007|331.359985|325.359985|327.769989|542300|1.0000000000|327.769989
2026-01-14|431|KMI|27.309999|27.799999|27.309999|27.530001|13634500|0.9722301462|26.765497
2026-01-14|432|HCA|481.279999|481.989990|473.600006|478.839996|869500|0.9965176399|477.172516
2026-01-14|433|HII|413.450012|425.119995|409.040009|415.390015|1032400|0.9925978670|410.401276
2026-01-14|434|APO|143.000000|144.449997|140.259995|144.059998|2234500|0.9875780044|142.270493
2026-01-14|435|MPC|176.190002|183.429993|176.000000|181.089996|2825700|0.9885237030|179.011765
2026-01-14|436|XYL|140.179993|140.860001|138.669998|140.089996|1358400|0.9889650951|138.544113
2026-01-14|437|APTV|88.500000|88.839996|82.900002|82.930000|4331900|1.0000000000|82.930000
2026-01-14|438|PSX|139.339996|143.270004|138.660004|141.389999|2309100|0.9794981865|138.491257
2026-01-14|439|AMCR|8.820000|8.940000|8.800000|8.820000|20398500|4.8543684849|42.815529
2026-01-14|440|META|626.500000|628.450012|614.820007|615.520020|15527900|0.9982193806|614.424011
2026-01-14|441|NOW|137.389999|138.190002|132.610001|134.610001|15646900|1.0000000000|134.610001
2026-01-14|442|PANW|190.710007|192.589996|187.949997|190.929993|5658100|1.0000000000|190.929993
2026-01-14|443|FANG|151.240005|156.850006|151.199997|153.729996|2496800|0.9832059760|151.148254
2026-01-14|444|WDAY|198.300003|198.300003|192.270004|193.990005|4115200|1.0000000000|193.990005
2026-01-14|445|ABBV|221.000000|223.339996|217.000000|221.889999|8426400|0.9769027438|216.764954
2026-01-14|446|NCLH|23.650000|23.690001|22.650000|23.090000|17634600|1.0000000000|23.090000
2026-01-14|447|ZTS|124.940002|126.500000|124.610001|125.839996|3357300|0.9845723480|123.898582
2026-01-14|448|IQV|241.270004|242.520004|239.690002|241.350006|882200|1.0000000000|241.350006
2026-01-14|449|NWS|30.750000|30.799999|30.469999|30.690001|968200|0.9963262306|30.577251
2026-01-14|450|NWSA|26.549999|26.790001|26.549999|26.790001|2424300|0.9958385353|26.678514
2026-01-14|451|CDW|134.600006|136.029999|131.910004|132.160004|958600|0.9844137869|130.100113
2026-01-14|452|VEEV|228.179993|229.320007|216.429993|218.860001|2177300|1.0000000000|218.860001
2026-01-14|453|ALLE|161.770004|164.380005|160.610001|161.619995|676200|0.9921390873|160.349518
2026-01-14|454|HLT|299.839996|301.049988|295.019989|300.130005|1527600|0.9986088702|299.712524
2026-01-14|455|ARES|168.460007|170.259995|166.429993|169.919998|1968700|0.9767290545|165.965805
2026-01-14|456|ANET|128.759995|129.759995|123.339996|125.089996|7414600|1.0000000000|125.089996
2026-01-14|457|SYF|77.410004|78.330002|74.949997|77.820000|6002700|0.9876561264|76.859390
2026-01-14|458|CFG|59.570000|60.169998|58.910000|59.930000|5675200|0.9795741096|58.705879
2026-01-14|459|KEYS|209.100006|212.154999|208.470001|209.399994|1005200|1.0000000000|209.399994
2026-01-14|460|GDDY|108.709999|109.910004|106.769997|108.139999|1560000|1.0000000000|108.139999
2026-01-14|461|KHC|23.500000|24.480000|23.490000|24.320000|16922600|0.9659839010|23.492727
2026-01-14|462|PYPL|56.400002|57.790001|56.270000|57.660000|16039900|0.9937057617|57.297077
2026-01-14|463|LITE|354.149994|357.000000|327.380005|331.619995|3665000|1.0000000000|331.619995
2026-01-14|464|HPE|22.180000|22.584999|21.885000|22.090000|14093700|0.9906947030|21.884447
2026-01-14|465|XYZ|66.714996|66.790001|64.440002|65.610001|7194800|1.0000000000|65.610001
2026-01-14|466|FTV|54.700001|55.770000|54.700001|55.759998|2828300|0.9979248563|55.644287
2026-01-14|467|DELL|119.150002|122.070000|117.930000|118.690002|4788300|0.9909355870|117.614143
2026-01-14|468|TTD|37.130001|37.250000|36.320000|37.130001|9994500|1.0000000000|37.130001
2026-01-14|469|VST|169.389999|171.179993|166.050003|168.970001|3888200|0.9972411805|168.503845
2026-01-14|470|HWM|219.300003|221.759995|215.880005|220.250000|2143100|0.9985047767|219.920685
2026-01-14|471|INVH|26.230000|26.775000|26.129999|26.750000|6298100|0.9779475029|26.160095
2026-01-14|472|CVNA|467.490005|474.500008|450.760002|458.610001|3132200|0.2000000000|91.722000
2026-01-14|473|IR|85.529999|86.080002|84.260002|85.989998|2764100|0.9992655835|85.926849
2026-01-14|474|VICI|27.830000|28.165001|27.830000|28.150000|8145200|0.9677245240|27.241447
2026-01-14|475|VRT|172.199997|175.559998|167.600006|170.860001|3780800|0.9995540701|170.783813
2026-01-14|476|MRNA|39.730000|41.980000|39.299999|40.580002|19502300|1.0000000000|40.580002
2026-01-14|477|FOXA|73.269997|74.019997|72.760002|73.089996|2458000|0.9951185496|72.733215
2026-01-14|478|FOX|66.440002|67.040001|65.820000|66.209999|1485200|0.9946544484|65.856071
2026-01-14|479|DOW|26.900000|28.525000|26.834999|28.260000|21174700|0.9783459966|27.648058
2026-01-14|480|UBER|85.370003|85.989998|83.500000|84.650002|15510800|1.0000000000|84.650002
2026-01-14|481|CTVA|69.510002|70.730003|69.305000|69.940002|5006500|0.9954590981|69.622414
2026-01-14|482|CRWD|465.799988|477.000000|451.760010|460.700012|3754900|0.2500000000|115.175003
2026-01-14|483|DDOG|124.680000|125.669998|120.599998|122.410004|4841300|1.0000000000|122.410004
2026-01-14|484|CARR|55.529999|55.805000|54.695000|55.599998|4810700|0.9886394999|54.968357
2026-01-14|485|OTIS|89.629997|90.495003|89.220001|89.949997|2710900|0.9834662418|88.462791
2026-01-14|486|PLTR|178.125000|181.598007|173.949997|178.399994|33651400|1.0000000000|178.399994
2026-01-14|487|DASH|215.139999|215.505005|207.809998|213.130005|4339700|1.0000000000|213.130005
2026-01-14|488|ABNB|139.500000|139.649994|130.149994|132.789993|7681600|1.0000000000|132.789993
2026-01-14|489|EXE|102.019997|102.440002|100.470001|101.459999|4200000|0.9826864450|99.703369
2026-01-14|490|COIN|256.920013|263.070007|253.000000|255.860001|10804500|1.0000000000|255.860001
2026-01-14|491|APP|673.000000|675.000000|596.760010|617.760010|8443400|1.0000000000|617.760010
2026-01-14|492|HOOD|120.290001|120.879997|116.610001|119.669998|17838700|1.0000000000|119.669998
2026-01-14|493|CEG|330.000000|336.589996|325.799988|330.380005|2448400|0.9955820742|328.920410
2026-01-14|494|GEHC|84.160004|85.410004|83.559998|85.300003|3776200|0.9989494212|85.210381
2026-01-14|495|KVUE|17.030001|17.180000|17.020000|17.120001|47245500|0.9661066365|16.539745
2026-01-14|496|VLTO|101.449997|102.360001|100.959999|102.300003|1572700|0.9970188523|101.995026
2026-01-14|497|RDDT|258.799988|258.799988|246.850006|252.380005|4829900|1.0000000000|252.380005
2026-01-14|498|SOLV|79.430000|80.680000|79.430000|80.050003|1035100|1.0000000000|80.050003
2026-01-14|499|GEV|647.919983|654.000000|637.200012|644.179993|2396200|0.9988852954|643.461914
2026-01-14|500|SNDK|390.000000|401.200012|377.000000|387.809998|10862500|1.0000000000|387.809998
2026-01-14|501|Q|88.449997|89.940002|85.669998|89.879997|1266400|0.9988559230|89.777168
