date|security_id|ticker|open|high|low|close|volume|adj_factor|adj_close_vendor
2026-01-29|1|AEP|119.570000|120.820000|118.550003|119.209999|3537800|0.9775591772|116.534821
2026-01-29|2|BA|242.080002|243.770004|233.350006|234.039993|9142500|1.0000000000|234.039993
2026-01-29|3|CAT|655.169983|679.989990|642.729980|665.239990|4441900|0.9962516275|662.746399
2026-01-29|4|CNP|39.840000|39.970001|39.340000|39.590000|5471800|0.9832236217|38.925823
2026-01-29|5|CVX|172.649994|174.919998|171.039993|171.190002|16786600|0.9728341284|166.539490
2026-01-29|6|DIS|109.629997|111.669998|108.760002|111.580002|11079000|0.9923958226|110.731529
2026-01-29|7|DTE|137.110001|138.470001|134.020004|134.440002|2344200|0.9843774065|132.339691
2026-01-29|8|ED|105.529999|106.739998|105.019997|105.959999|1788400|0.9759585897|103.412582
2026-01-29|9|GD|353.959991|359.079987|346.559998|349.950012|1766900|0.9910149667|346.805725
2026-01-29|10|GE|293.299988|299.190002|290.329987|298.859985|6149900|0.9973022307|298.053741
2026-01-29|11|HON|221.239993|227.860006|220.780004|227.240004|6945200|1.0347776740|235.142883
2026-01-29|12|HPQ|19.070000|19.629999|18.940001|19.389999|18153500|0.9721972446|18.850904
2026-01-29|13|IBM|317.859985|319.899994|303.470001|309.239990|10124900|0.9800357773|303.066254
2026-01-29|14|IP|41.860001|42.549999|37.450001|39.000000|19153200|0.9645837619|37.618767
2026-01-29|15|JNJ|228.809998|230.000000|227.080002|227.289993|9645300|0.9841702191|223.692032
2026-01-29|16|KO|73.180000|74.089996|73.139999|73.430000|20862100|0.9867998793|72.460716
2026-01-29|17|KR|62.009998|62.980000|61.669998|61.750000|4911600|0.9830507535|60.703381
2026-01-29|18|LMT|609.239990|645.669983|607.559998|622.510010|3931900|0.9882876617|615.218933
2026-01-29|19|MMM|157.479996|158.750000|154.630005|156.380005|4137000|0.9860940463|154.205383
2026-01-29|20|MO|61.090000|62.520000|59.410000|59.759998|27882900|0.9690282260|57.909126
2026-01-29|21|MRK|107.330002|109.930000|107.099998|108.339996|13572800|0.9855603323|106.775604
2026-01-29|22|MSI|405.079987|405.739990|396.029999|403.149994|1089100|0.9943844568|400.886078
2026-01-29|23|PG|147.289993|150.130005|147.110001|149.899994|11035600|0.9851719538|147.677261
2026-01-29|24|XOM|140.320007|142.339996|139.110001|140.509995|35760600|0.9803338832|137.746704
2026-01-29|25|RTX|200.929993|203.240005|198.009995|199.880005|8870800|0.9892687733|197.735031
2026-01-29|26|MCD|312.910004|317.399994|312.260010|315.510010|3211300|0.9877457529|311.643677
2026-01-29|27|AXP|360.269989|362.290009|355.649994|358.500000|4217500|0.9941272834|356.394623
2026-01-29|28|BMY|54.639999|55.169998|54.209999|54.279999|16530100|0.9787458882|53.126328
2026-01-29|29|DD|44.710002|45.070002|43.830002|44.600001|2680200|2.9761992776|132.738495
2026-01-29|30|DE|530.000000|537.260010|521.539978|530.070007|1493500|0.9945059901|527.157837
2026-01-29|31|EMR|149.899994|152.500000|148.539993|150.720001|3544800|0.9888087280|149.033264
2026-01-29|32|ETN|355.179993|360.630005|350.359985|354.369995|4065400|0.9917042798|351.430237
2026-01-29|33|ETR|95.889999|98.000000|95.400002|96.029999|3422100|0.9822109154|94.321709
2026-01-29|34|F|13.890000|14.090000|13.800000|14.000000|84803900|0.9665034086|13.531048
2026-01-29|35|HAL|34.250000|35.040001|33.360001|33.389999|18945000|0.9909628646|33.088249
2026-01-29|36|LLY|1025.359985|1040.000000|1018.000000|1024.140015|2293000|0.9951920486|1019.216003
2026-01-29|37|PCG|15.010000|15.170000|14.900000|15.160000|29697500|0.9942476518|15.072794
2026-01-29|38|PEP|148.839996|150.860001|148.440002|148.690002|9062300|0.9808256472|145.838974
2026-01-29|39|PFE|25.900000|26.230000|25.879999|26.100000|44373800|0.9668473999|25.234718
2026-01-29|40|TXN|216.399994|222.000000|214.820007|218.970001|14120000|0.9834571490|215.347610
2026-01-29|41|WFC|88.690002|90.639999|88.540001|90.639999|21497000|0.9838041369|89.172012
2026-01-29|42|HUBB|489.660004|498.890015|486.475006|497.970001|466244|0.9943029521|495.133057
2026-01-29|43|WMT|116.449997|117.660004|116.070000|117.410004|16381100|0.9936722171|116.667053
2026-01-29|44|AIG|74.019997|74.639999|73.290001|74.360001|3470200|0.9875732230|73.435951
2026-01-29|45|AVY|185.610001|186.460007|183.899994|185.380005|398200|0.9887328339|183.291306
2026-01-29|46|BAC|51.980000|53.090000|51.950001|53.080002|35200500|0.9892387825|52.508797
2026-01-29|47|BALL|56.689999|57.029999|56.009998|56.570000|1882800|0.9933732915|56.195126
2026-01-29|48|BDX|200.460007|202.060003|199.000010|201.090010|1456500|0.7757059857|155.986740
2026-01-29|49|CLX|109.110001|110.190002|108.300003|109.699997|1702400|0.9761478543|107.083420
2026-01-29|50|CMI|582.929993|592.530029|574.580017|583.940002|960500|0.9898444823|578.009827
2026-01-29|51|CMS|71.959999|72.699997|70.309998|70.900002|6988100|0.9770377822|69.271980
2026-01-29|52|CVS|73.889999|74.919998|73.650002|74.440002|10592200|0.9851999130|73.338280
2026-01-29|53|ECL|281.420013|284.429993|278.380005|282.829987|1199100|0.9946163507|281.307312
2026-01-29|54|ES|70.160004|70.839996|68.699997|68.919998|2967500|0.9779292778|67.398880
2026-01-29|55|EVRG|77.000000|77.519997|76.230003|76.370003|2173600|0.9752573788|74.480415
2026-01-29|56|GWW|1075.000000|1086.780029|1064.469971|1082.209961|448700|0.9941570385|1075.886597
2026-01-29|57|LNT|66.260002|66.940002|65.730003|66.330002|4587000|0.9771332386|64.813240
2026-01-29|58|MKC|61.860001|62.310001|61.150002|61.320000|2741500|0.9822640876|60.232433
2026-01-29|59|MRSH|182.500000|188.839996|180.610001|187.919998|3610700|0.9892843147|185.906311
2026-01-29|60|NEE|88.580002|89.190002|87.639999|88.180000|11202400|0.9860055271|86.297035
2026-01-29|61|NI|44.669998|44.950001|44.160000|44.650002|4388700|0.9804324438|43.776314
2026-01-29|62|PNW|93.900002|94.599998|92.389999|93.040001|1029200|0.9727255046|90.502380
2026-01-29|63|RVTY|110.000000|110.889999|107.110001|108.489998|1372300|0.9985919505|108.337242
2026-01-29|64|SNA|372.619995|375.279999|365.040009|366.630005|514300|0.9808470667|359.607941
2026-01-29|65|SPGI|528.589997|532.300013|521.169998|528.629996|1615100|0.9395781501|496.689178
2026-01-29|66|TER|251.389999|253.610001|239.699997|251.869995|2695100|0.9992046578|251.669678
2026-01-29|67|TGT|102.410004|103.269997|101.320000|102.839996|6015200|0.9731968404|100.083557
2026-01-29|68|TXT|86.830002|88.580002|86.650002|87.820000|3411500|0.9995682296|87.782082
2026-01-29|69|VMC|302.119995|303.809998|296.260010|299.470001|698800|0.9942812010|297.757416
2026-01-29|70|XEL|76.220001|76.989998|75.489998|75.970001|3091200|0.9852321471|74.848091
2026-01-29|71|ITW|259.970001|263.779999|258.429993|262.859985|1269400|0.9877340632|259.635773
2026-01-29|72|CL|85.529999|85.970001|84.779999|85.239998|7946100|0.9881586198|84.230644
2026-01-29|73|EXC|44.990002|45.169998|44.340000|44.410000|8151600|0.9822723358|43.622715
2026-01-29|74|MDT|101.139999|101.589996|99.690002|101.000000|10126000|0.9830319865|99.286232
2026-01-29|75|BNY|119.739998|121.580002|118.839996|121.489998|3901800|0.9920974180|120.529915
2026-01-29|76|EIX|62.820000|63.000000|61.650002|62.169998|2426000|0.9764773062|60.707596
2026-01-29|77|FRT|100.419998|101.389999|99.290001|100.589996|959800|0.9803038504|98.608757
2026-01-29|78|PNR|106.080002|107.080002|104.269997|105.910004|2658200|0.9926207111|105.128464
2026-01-29|79|USB|56.139999|56.520000|55.660000|56.330002|8084200|0.9813809589|55.281193
2026-01-29|80|WY|26.240000|26.379999|25.750000|25.930000|7812400|0.9829820427|25.488726
2026-01-29|81|SYY|83.769997|84.169998|83.000000|84.110001|4081700|0.9859824728|82.930984
2026-01-29|82|WRB|68.169998|69.019997|67.419998|68.260002|2481200|0.9898085858|67.564339
2026-01-29|83|IFF|71.260002|71.620003|68.370003|69.599998|2581900|0.9889000540|68.827446
2026-01-29|84|TAP|47.900002|48.610001|47.360001|47.570000|4383100|0.9780980891|45.992039
2026-01-29|85|PNC|222.970001|224.630005|220.850006|224.460007|2495600|0.9845274632|220.987030
2026-01-29|86|TRV|284.100006|286.739990|282.420013|284.290009|1764100|0.9922238191|282.079315
2026-01-29|87|C|114.839996|116.360001|113.400002|115.199997|14443200|0.9851223482|113.486092
2026-01-29|88|FDX|317.239998|319.930012|314.450002|319.930012|1641400|0.7995464875|255.798935
2026-01-29|89|WDC|285.000000|285.420013|268.350006|278.410004|15770500|0.9992611044|278.204285
2026-01-29|90|DHR|223.320007|223.679993|218.440002|219.619995|7444900|0.9958070237|218.699112
2026-01-29|91|APA|27.030001|27.490000|26.230000|26.260000|11900200|0.9864084367|25.903084
2026-01-29|92|LUV|43.380001|49.119999|42.680000|48.500000|34535300|0.9913697990|48.081436
2026-01-29|93|PEG|81.809998|82.480003|80.889999|82.000000|4253900|0.9834778438|80.645180
2026-01-29|94|UNP|229.860001|233.770004|227.899994|233.580002|3539900|0.9896596115|231.164688
2026-01-29|95|ABT|106.440002|107.160004|105.339996|106.089996|15687900|0.9867277802|104.681946
2026-01-29|96|ADI|316.070007|319.260010|308.929993|318.700012|3131800|0.9941555324|316.837372
2026-01-29|97|ADM|67.970001|69.059998|66.849998|66.919998|5621200|0.9797994474|65.568176
2026-01-29|98|ADP|249.389999|252.429993|244.440002|245.970001|3533800|0.9843371720|242.117416
2026-01-29|99|AFL|109.400002|110.739998|109.230003|110.510002|2490300|0.9846316611|108.811653
2026-01-29|100|AMAT|340.739990|344.600006|328.880005|341.339996|7350500|0.9964487658|340.127808
2026-01-29|101|AMD|254.660004|260.529999|240.910004|252.179993|31685200|1.0000000000|252.179993
2026-01-29|102|APD|256.359985|258.350006|254.199997|256.019989|2621900|0.9876339339|252.854034
2026-01-29|103|BF-B|26.540001|26.990000|26.110001|26.900000|5480500|0.9822921615|26.423658
2026-01-29|104|CHD|91.620003|92.440002|91.180000|91.959999|3540400|0.9906552793|91.100655
2026-01-29|105|CINF|159.440002|161.089996|157.729996|158.190002|1361800|0.9887134133|156.404572
2026-01-29|106|CMCSA|27.629999|30.110001|27.580000|29.240000|65923400|0.9752182964|28.515381
2026-01-29|107|D|61.080002|61.369999|60.320000|60.830002|4288000|0.9796460230|59.591869
2026-01-29|108|DOV|208.539993|209.000000|197.970001|202.529999|3182600|0.9952693212|201.571884
2026-01-29|109|DUK|120.379997|121.739998|120.290001|120.889999|4298400|0.9744921325|117.806351
2026-01-29|110|EFX|205.520004|205.860001|200.259995|204.000000|1686800|0.9938812654|202.751785
2026-01-29|111|EQT|57.189999|57.200001|55.689999|56.330002|9028700|0.9912778241|55.838684
2026-01-29|112|FITB|50.080002|50.310001|49.299999|49.790001|12722700|0.9840657827|48.996635
2026-01-29|113|GIS|44.389999|45.099998|44.240002|44.430000|7543100|0.9666684497|42.949081
2026-01-29|114|GPC|140.979996|141.559998|137.720001|138.880005|986300|0.9802432378|136.136185
2026-01-29|115|HAS|90.129997|90.800003|89.400002|90.459999|1649000|0.9777483232|88.447105
2026-01-29|116|HBAN|17.200001|17.330000|16.950001|17.290001|35403500|0.9810694650|16.962692
2026-01-29|117|HRL|24.700001|25.070000|24.400000|24.440001|4090800|0.9742790885|23.811382
2026-01-29|118|HST|18.590000|18.709999|18.420000|18.660000|10867900|0.9529227702|17.781538
2026-01-29|119|HSY|193.259995|195.699997|189.850006|190.539993|1963400|0.9782056212|186.387283
2026-01-29|120|INTC|47.560001|48.770000|46.990002|48.660000|124256600|1.0000000000|48.660000
2026-01-29|121|J|137.949997|138.220001|134.500000|136.289993|1036600|0.9918477371|135.178925
2026-01-29|122|JPM|302.399994|306.829987|302.220001|306.420013|11580000|0.9904464778|303.492615
2026-01-29|123|KMB|99.699997|99.910004|98.029999|98.660004|8043900|0.9744151054|96.135796
2026-01-29|124|L|103.489998|104.680000|103.110001|104.680000|689300|0.9982870407|104.500687
2026-01-29|125|LEN|110.650002|113.940002|109.860001|111.230003|2462200|0.9844362452|109.498848
2026-01-29|126|LOW|268.709991|270.980011|265.709991|266.640015|3264700|0.9891098782|263.736267
2026-01-29|127|MAS|66.870003|67.059998|65.419998|66.279999|2791600|0.9866652888|65.396172
2026-01-29|128|MTB|218.289993|221.490005|217.649994|221.440002|1314000|0.9861939937|218.382812
2026-01-29|129|NEM|133.649994|134.880005|123.589996|126.930000|15085300|0.9956554334|126.378555
2026-01-29|130|NTRS|151.270004|153.059998|148.500000|150.660004|1584300|0.9898281838|149.127518
2026-01-29|131|NUE|176.139999|179.910004|174.000000|179.910004|2034900|0.9941593298|178.859207
2026-01-29|132|OMC|76.540001|76.930000|74.970001|75.769997|4118600|0.9796477026|74.227905
2026-01-29|133|PCAR|123.239998|124.160004|121.750000|123.320000|4478500|0.9916886281|122.295044
2026-01-29|134|PGR|212.089996|213.419998|204.440002|208.259995|6249900|0.9990392069|208.059891
2026-01-29|135|PH|936.539978|965.000000|933.049988|948.400024|1177600|0.9958887879|944.500916
2026-01-29|136|PHM|124.239998|129.360001|124.230003|127.260002|2860600|0.9957597479|126.720390
2026-01-29|137|PPG|114.860001|116.599998|114.120003|116.510002|2797400|0.9817392581|114.382446
2026-01-29|138|PPL|36.869999|37.070000|36.200001|36.310001|9384000|0.9846479678|35.752567
2026-01-29|139|RF|28.000000|28.580000|27.969999|28.459999|21691400|0.9811037357|27.922213
2026-01-29|140|ROL|62.660000|63.340000|62.090000|63.029999|2665900|0.9887685295|62.322079
2026-01-29|141|SHW|349.500000|355.670013|342.000000|354.579987|2645600|0.9929181711|352.068909
2026-01-29|142|STT|129.080002|131.460007|128.589996|131.429993|2287800|0.9884428745|129.911041
2026-01-29|143|SWK|79.800003|80.000000|77.790001|79.099998|2004200|0.9785642065|77.404427
2026-01-29|144|SYK|357.299988|359.959991|350.320007|354.299988|2224500|0.9946461548|352.403137
2026-01-29|145|TMO|585.799988|596.349976|572.210022|592.159973|3950400|0.9980119596|590.982727
2026-01-29|146|TPL|363.239990|372.809998|350.290009|353.209991|385400|0.9973306248|352.267151
2026-01-29|147|TSN|64.940002|65.889999|64.910004|65.220001|2767500|0.9836914879|64.156357
2026-01-29|148|TT|418.040009|429.869995|406.500000|426.070007|4408200|0.9953350758|424.082428
2026-01-29|149|TYL|416.429993|416.429993|377.299988|380.000000|842500|1.0000000000|380.000000
2026-01-29|150|UDR|36.639999|37.130001|36.419998|36.910000|4254200|0.9803230978|36.183727
2026-01-29|151|VTRS|12.970000|13.180000|12.920000|13.070000|5551000|0.9769695342|12.768991
2026-01-29|152|WEC|110.349998|111.449997|109.510002|110.410004|3225500|0.9747231440|107.619179
2026-01-29|153|WST|234.440002|234.490005|227.570007|232.649994|930200|0.9985945833|232.323013
2026-01-29|154|NDSN|273.160004|275.089996|268.519989|275.000000|678800|0.9941183690|273.382538
2026-01-29|155|TFC|50.720001|51.400002|50.450001|51.320000|12269500|0.9700498779|49.782955
2026-01-29|156|WELL|184.850006|187.279999|183.350006|185.690002|2617800|0.9893392873|183.710419
2026-01-29|157|AON|335.619995|343.279999|335.570007|342.950012|2149200|0.9951005240|341.269745
2026-01-29|158|GL|138.679993|140.110001|137.839996|139.979996|421300|0.9958260151|139.395721
2026-01-29|159|OKE|80.269997|81.430000|78.449997|78.559998|7729100|0.9633206765|75.678474
2026-01-29|160|KLAC|1642.929993|1693.350067|1608.209991|1684.709930|1506400|0.0996303139|167.848175
2026-01-29|161|CSX|37.500000|37.910000|37.230000|37.869999|12084300|0.9936713984|37.630333
2026-01-29|162|PSA|275.000000|279.049988|273.420013|277.450012|1053200|0.9808120164|272.126312
2026-01-29|163|NKE|61.930000|62.939999|61.459999|62.599998|12739400|0.9845960180|61.635708
2026-01-29|164|AAPL|258.000000|259.649994|254.410004|258.279999|67253000|0.9972854026|257.578888
2026-01-29|165|BRO|72.709999|74.050003|71.480003|72.099998|3512500|0.9924932219|71.558754
2026-01-29|166|UHS|204.320007|204.320007|199.580002|200.130005|441400|0.9976532391|199.660339
2026-01-29|167|HD|374.899994|377.089996|370.149994|371.809998|4744500|0.9859634354|366.591064
2026-01-29|168|BAX|19.730000|19.799999|19.230000|19.730000|6487700|0.9989896155|19.702465
2026-01-29|169|COP|104.300003|105.720001|102.690002|102.800003|14466900|0.9784321345|100.582825
2026-01-29|170|GLW|104.980003|105.480003|99.500000|103.000000|11681800|0.9966096046|102.650787
2026-01-29|171|HUM|195.970001|197.779999|193.220001|196.669998|3255300|0.9926050698|195.215637
2026-01-29|172|LHX|360.000000|369.589996|352.000000|356.019989|2109900|0.9925076273|353.352570
2026-01-29|173|NOC|695.450012|705.450012|686.049988|695.349976|1064200|0.9924395226|690.092834
2026-01-29|174|OXY|46.160000|46.950001|45.310001|45.419998|17850800|0.9906984712|44.997524
2026-01-29|175|ROK|419.649994|428.540009|417.750000|426.730011|720300|0.9904239689|422.643646
2026-01-29|176|SLB|49.880001|50.580002|48.349998|48.450001|32023100|0.9889523968|47.914742
2026-01-29|177|SO|88.790001|89.459999|88.419998|89.139999|5943600|0.9759995454|87.000595
2026-01-29|178|WMB|67.930000|68.269997|66.779999|67.239998|7018100|0.9855810767|66.270470
2026-01-29|179|VLO|191.770004|194.500000|182.000000|182.490005|6555800|0.9854130966|179.828049
2026-01-29|180|CI|273.519989|276.089996|270.170013|271.269989|1554600|0.9887906885|268.229218
2026-01-29|181|NSC|284.000000|290.640015|284.000000|290.160004|1125700|0.9874047136|286.505341
2026-01-29|182|COO|80.860001|81.010002|79.610001|80.370003|2040000|1.0000000000|80.370003
2026-01-29|183|AMGN|341.660004|347.269989|338.750000|342.940002|3153100|0.9799483831|336.063507
2026-01-29|184|RJF|168.000000|173.470001|165.559998|167.610001|2155300|0.9927317770|166.391785
2026-01-29|185|WSM|207.240005|209.830002|204.110001|205.660004|719900|0.9927167515|204.162140
2026-01-29|186|CAH|212.460007|216.509995|210.289993|211.229996|1306900|0.9954149217|210.261490
2026-01-29|187|CTAS|188.970001|191.050003|188.050003|189.649994|1414000|0.9924218382|188.212784
2026-01-29|188|PAYX|101.980003|103.580002|101.529999|102.230003|6082700|0.9771272923|99.891724
2026-01-29|189|BEN|26.000000|26.209999|25.379999|25.879999|8293400|0.9758021744|25.253761
2026-01-29|190|AOS|72.180000|74.419998|71.139999|73.169998|3734300|0.9834989125|71.962616
2026-01-29|191|CASY|615.299988|615.349976|601.690002|611.320007|287400|0.9976268719|609.869202
2026-01-29|192|T|24.450001|25.129999|24.430000|25.129999|73255300|0.9765662530|24.541109
2026-01-29|193|VZ|39.580002|40.299999|39.480000|39.810001|44347500|0.9686690897|38.562717
2026-01-29|194|JBHT|205.880005|207.309998|203.580002|205.210007|841600|0.9944705560|204.075317
2026-01-29|195|ATO|166.929993|168.820007|165.940002|166.000000|2091400|0.9829545502|163.170456
2026-01-29|196|LRCX|245.610001|251.380005|236.820007|248.169998|16801600|0.9981002163|247.698532
2026-01-29|197|MU|439.369995|444.709991|417.700012|435.790009|42675700|0.9994263974|435.540039
2026-01-29|198|AJG|244.419998|248.460007|241.710007|245.839996|2250600|0.9936444599|244.277557
2026-01-29|199|AME|223.949997|226.679993|223.419998|226.619995|1286500|0.9969202115|225.922058
2026-01-29|200|SWKS|55.259998|55.830002|54.279999|55.790001|4396500|0.9796110161|54.652496
2026-01-29|201|EXPD|161.399994|163.539993|160.610001|161.500000|1359600|0.9948730934|160.672012
2026-01-29|202|UNH|294.329987|295.600006|289.220001|292.290009|13456400|0.9866504480|288.388062
2026-01-29|203|BBY|65.720001|66.099998|64.849998|65.150002|3681800|0.9720666083|63.330139
2026-01-29|204|DOC|17.260000|17.379999|17.010000|17.139999|12287300|0.9628888149|16.503914
2026-01-29|205|ADSK|260.000000|260.470001|247.199997|255.679993|3641800|1.0000000000|255.679993
2026-01-29|206|DVN|40.590000|41.310001|39.830002|39.939999|14530500|0.9877783076|39.451866
2026-01-29|207|NVR|7685.959961|7793.700195|7544.399902|7623.759766|22500|1.0000000000|7623.759766
2026-01-29|208|ROST|185.279999|187.110001|184.690002|186.500000|2759800|0.9959267541|185.740326
2026-01-29|209|JKHY|179.809998|181.059998|177.000000|177.940002|914700|0.9919197584|176.502213
2026-01-29|210|MNST|80.919998|81.459999|79.959999|80.040001|3942000|0.5000000000|80.040001
2026-01-29|211|ORCL|170.149994|170.229996|161.520004|169.009995|37254500|0.9930647011|167.837860
2026-01-29|212|MSFT|439.989990|442.500000|421.019989|433.500000|128855300|0.9936958009|430.767151
2026-01-29|213|TROW|105.930000|106.849998|104.129997|104.820000|2268800|0.9736426638|102.057220
2026-01-29|214|COST|957.989990|960.299988|948.510010|952.890015|1825000|0.9956058515|948.702820
2026-01-29|215|ADBE|291.679993|293.640015|284.600006|291.649994|7410800|1.0000000000|291.649994
2026-01-29|216|FISV|65.400002|65.550003|63.209999|63.430000|8011900|1.0000000000|63.430000
2026-01-29|217|BKR|57.990002|58.500000|56.439999|56.730000|13650900|0.9892821118|56.121971
2026-01-29|218|CDNS|316.609985|317.000000|293.440002|302.670013|3701300|1.0000000000|302.670013
2026-01-29|219|TJX|147.740005|148.830002|145.830002|147.470001|5950400|0.9907991610|146.113144
2026-01-29|220|FICO|1538.839966|1585.000000|1493.390015|1501.750000|454000|1.0000000000|1501.750000
2026-01-29|221|CCL|29.290001|31.440001|29.230000|31.150000|40745500|0.9841845235|30.657347
2026-01-29|222|FAST|43.490002|44.130001|43.080002|43.320000|12440800|0.9892709750|42.855217
2026-01-29|223|SCHW|104.180000|104.980003|102.690002|103.470001|10033900|0.9901836685|102.454300
2026-01-29|224|JCI|118.250000|120.839996|118.250000|120.279999|5807000|0.9941759575|119.579483
2026-01-29|225|COHR|221.000000|222.270004|206.139999|215.860001|4535800|1.0000000000|215.860001
2026-01-29|226|KEY|21.430000|21.690001|21.340000|21.629999|16627300|0.9804836286|21.207859
2026-01-29|227|MOS|28.549999|29.040001|27.750000|28.040001|4743000|0.9816582705|27.525700
2026-01-29|228|MGM|32.840000|33.419998|32.139999|33.340000|4152800|1.0000000000|33.340000
2026-01-29|229|WM|228.619995|231.979996|220.839996|223.130005|4107000|0.9917417797|221.287338
2026-01-29|230|TECH|64.959999|65.000000|63.049999|63.980000|2457100|0.9957086055|63.705441
2026-01-29|231|IEX|198.139999|199.720001|194.949997|199.720001|835900|0.9931996195|198.361832
2026-01-29|232|GEN|24.620001|24.790001|23.600000|23.900000|12700800|0.9850474704|23.542633
2026-01-29|233|CRH|123.959999|124.610001|121.339996|123.680000|5504700|0.9889154582|122.309067
2026-01-29|234|EOG|113.830002|115.449997|111.989998|112.080002|8827700|0.9849854996|110.397179
2026-01-29|235|PTC|160.279999|160.690002|151.710007|153.479996|1697800|1.0000000000|153.479996
2026-01-29|236|CSCO|79.110001|79.480003|77.629997|78.430000|22642900|0.9909035959|77.716568
2026-01-29|237|LH|267.820007|270.100006|266.579987|269.809998|749900|0.9947633093|267.822876
2026-01-29|238|TRMB|69.839996|70.500000|67.260002|68.370003|3846900|1.0000000000|68.370003
2026-01-29|239|AZO|3780.520020|3837.500000|3685.000000|3703.760010|143500|1.0000000000|3703.760010
2026-01-29|240|REGN|755.729980|755.729980|742.799988|749.440002|925800|0.9961457605|746.551514
2026-01-29|241|IDXX|684.059998|687.909973|671.640015|676.710022|553400|1.0000000000|676.710022
2026-01-29|242|AES|15.200000|15.350000|14.610000|15.040000|10778100|0.9646899783|14.508938
2026-01-29|243|VRTX|479.029999|484.350006|473.859985|475.679993|1498100|1.0000000000|475.679993
2026-01-29|244|ZBRA|236.179993|240.169998|234.000000|237.960007|740700|1.0000000000|237.960007
2026-01-29|245|BIIB|174.880005|177.199997|173.509995|176.179993|1146700|1.0000000000|176.179993
2026-01-29|246|ODFL|173.360001|175.229996|170.610001|172.589996|1492500|0.9973411992|172.131119
2026-01-29|247|APH|148.259995|151.410004|145.750000|149.580002|16929400|0.9965240421|149.060059
2026-01-29|248|KIM|20.590000|20.770000|20.379999|20.709999|13084900|0.9782318124|20.259180
2026-01-29|249|QCOM|153.089996|153.229996|149.729996|152.220001|9142900|0.9899641514|150.692337
2026-01-29|250|GILD|139.750000|140.509995|138.229996|139.550003|7148000|0.9878606941|137.855957
2026-01-29|251|ROP|355.679993|365.660004|353.350006|365.000000|2487200|0.9949619600|363.161102
2026-01-29|252|SNPS|505.339996|510.709991|474.890015|480.000000|2512400|1.0000000000|480.000000
2026-01-29|253|STZ|156.389999|156.550003|152.979996|154.750000|2337600|0.9856055004|152.522461
2026-01-29|254|BSX|93.059998|93.320000|91.449997|92.330002|19051100|1.0000000000|92.330002
2026-01-29|255|STE|261.010010|262.839996|257.869995|261.640015|526700|0.9945039836|260.202057
2026-01-29|256|DHI|150.029999|153.910004|148.399994|150.419998|3248400|0.9911938574|149.095367
2026-01-29|257|LIN|452.910004|456.040009|448.160004|455.000000|2717200|0.9935105778|452.047333
2026-01-29|258|SBUX|96.760002|96.900002|92.610001|93.879997|16602900|0.9821606772|92.205238
2026-01-29|259|MS|183.179993|185.029999|179.460007|182.399994|7473400|0.9837860335|179.442581
2026-01-29|260|INTU|512.460022|513.719971|491.720001|502.980011|5915400|0.9925226498|499.219055
2026-01-29|261|MCHP|79.889999|80.879997|76.070000|79.360001|7821700|0.9832658267|78.031975
2026-01-29|262|CB|305.579987|308.540009|302.829987|306.170013|1318100|0.9939554166|304.319336
2026-01-29|263|ORLY|101.379997|102.000000|98.459999|98.849998|4789400|1.0000000000|98.849998
2026-01-29|264|RCL|316.149994|351.570007|314.040009|345.980011|7713700|0.9895699200|342.371399
2026-01-29|265|JBL|244.910004|246.279999|235.509995|243.919998|1100300|0.9992441666|243.735641
2026-01-29|266|ALL|198.809998|200.039993|196.100006|198.389999|1490200|0.9897514584|196.356781
2026-01-29|267|CPT|107.970001|109.019997|106.860001|109.000000|2103600|0.9801843508|106.840096
2026-01-29|268|VMRK|61.209999|62.020000|60.919998|61.860001|2621500|0.9778762777|60.491428
2026-01-29|269|IT|224.809998|226.630005|210.100006|212.699997|1628300|1.0000000000|212.699997
2026-01-29|270|DECK|98.019997|100.260002|97.000000|99.900002|5941600|1.0000000000|99.900002
2026-01-29|271|REG|70.870003|72.169998|70.150002|71.980003|1289700|0.9810739142|70.617699
2026-01-29|272|INCY|101.089996|101.889999|100.209999|101.080002|1439900|1.0000000000|101.080002
2026-01-29|273|SPG|185.330002|189.800003|183.740005|189.800003|1687300|0.9778630534|185.598419
2026-01-29|274|MAA|133.300003|134.750000|132.500000|133.679993|931700|0.9765831817|130.549637
2026-01-29|275|MLM|657.450012|659.539978|645.020020|653.330017|323900|0.9973479749|651.597351
2026-01-29|276|TSCO|52.900002|53.410000|50.290001|50.959999|20671900|0.9807531624|49.979179
2026-01-29|277|ALB|184.059998|187.100006|177.139999|180.699997|2694400|0.9949889134|179.794510
2026-01-29|278|CPRT|40.650002|40.650002|39.730000|40.279999|5287400|1.0000000000|40.279999
2026-01-29|279|FLEX|66.660004|67.430000|64.050003|65.470001|4077600|1.0000000000|65.470001
2026-01-29|280|ESS|247.750000|250.550003|246.050003|249.880005|565300|0.9806657936|245.048782
2026-01-29|281|O|60.330002|60.779999|60.099998|60.779999|5344200|0.9702778493|58.973488
2026-01-29|282|MCO|517.460022|521.289978|509.559998|515.450012|904600|0.9933686768|512.031921
2026-01-29|283|SJM|103.860001|104.820000|103.010002|103.480003|1155500|0.9701300487|100.389053
2026-01-29|284|MCK|830.000000|849.049988|820.849976|822.299988|677700|0.9980659618|820.709595
2026-01-29|285|COF|220.199997|223.119995|217.259995|219.309998|4856800|0.9884398390|216.774719
2026-01-29|286|EME|737.869995|747.780029|718.000000|730.400024|347800|0.9989862194|729.659546
2026-01-29|287|DLTR|119.730003|120.830002|116.650002|117.309998|3131400|1.0000000000|117.309998
2026-01-29|288|COR|354.779999|362.429993|350.970001|352.100006|1717600|0.9940692618|350.011810
2026-01-29|289|DRI|196.699997|200.750000|195.399994|199.330002|1519600|0.9843985059|196.220154
2026-01-29|290|RMD|257.019989|261.000000|254.550003|257.609985|1676600|0.9918845144|255.519379
2026-01-29|291|WAB|230.910004|233.669998|229.229996|232.630005|863200|0.9965472933|231.826797
2026-01-29|292|FCX|69.389999|69.440002|63.110001|65.129997|48277600|0.9953868541|64.829544
2026-01-29|293|IVZ|27.830000|28.200001|27.180000|27.719999|4984800|0.9777629266|27.103588
2026-01-29|294|ACGL|94.860001|95.910004|94.300003|95.720001|1965200|1.0000000000|95.720001
2026-01-29|295|ERIE|275.339996|284.660004|275.339996|282.100006|214300|0.9885906317|278.881409
2026-01-29|296|EG|328.829987|331.839996|325.429993|329.619995|357000|0.9878843207|325.626434
2026-01-29|297|DVA|106.000000|107.760002|105.510002|107.239998|1145200|1.0000000000|107.239998
2026-01-29|298|HSIC|75.209999|75.900002|74.099998|74.339996|991800|1.0000000000|74.339996
2026-01-29|299|EL|115.669998|116.339996|113.540001|115.209999|2294700|0.9930325985|114.407288
2026-01-29|300|WAT|382.200012|382.589996|371.359985|375.179993|673200|1.0000000000|375.179993
2026-01-29|301|NTAP|99.400002|99.769997|97.570000|98.330002|2603300|0.9918913810|97.532684
2026-01-29|302|HIG|131.500000|132.800003|130.800003|132.369995|1511300|0.9910400733|131.183960
2026-01-29|303|IRM|93.000000|93.639999|91.540001|93.029999|1186900|0.9851777356|91.651085
2026-01-29|304|BRK-B|473.730011|477.320007|473.079987|476.790009|5380500|1.0000000000|476.790009
2026-01-29|305|FDS|268.690002|272.269989|249.679993|252.789993|1258000|0.9900356292|250.271103
2026-01-29|306|STLD|177.029999|182.259995|175.809998|181.970001|1578900|0.9946588101|180.998062
2026-01-29|307|DGX|182.169998|183.970001|181.679993|182.350006|635700|0.9916252453|180.822861
2026-01-29|308|CIEN|257.000000|259.829987|241.679993|253.529999|2262400|1.0000000000|253.529999
2026-01-29|309|TTWO|241.039993|243.710007|236.130005|239.270004|1907100|1.0000000000|239.270004
2026-01-29|310|VTR|76.220001|77.300003|75.839996|76.870003|2346000|0.9878430433|75.935493
2026-01-29|311|AMZN|242.820007|243.000000|236.740005|241.729996|47229600|1.0000000000|241.729996
2026-01-29|312|ARE|55.009998|55.340000|53.139999|54.049999|3199300|0.9716953716|52.520130
2026-01-29|313|RL|352.619995|360.489990|349.579987|355.089996|429100|0.9948318200|353.254822
2026-01-29|314|BXP|64.449997|65.290001|63.430000|65.010002|2381100|0.9761958291|63.462494
2026-01-29|315|FIX|1180.189941|1200.329956|1145.000000|1171.459961|306100|0.9985721755|1169.787354
2026-01-29|316|YUM|154.720001|157.380005|153.419998|155.479996|2230800|0.9905648102|154.013000
2026-01-29|317|CHRW|192.850006|200.330002|186.240005|193.720001|5005800|0.9931897587|192.400711
2026-01-29|318|FE|47.570000|47.939999|46.980000|47.330002|4073200|0.9707938980|45.947678
2026-01-29|319|MTD|1392.020020|1401.989990|1363.000000|1392.800049|147100|1.0000000000|1392.800049
2026-01-29|320|PLD|128.449997|130.509995|127.269997|130.410004|4510700|0.9848712132|128.437057
2026-01-29|321|URI|845.059998|845.059998|757.299988|787.039978|2809500|0.9939808437|782.302673
2026-01-29|322|AEE|103.889999|104.750000|102.809998|103.769997|1199900|0.9863006617|102.348419
2026-01-29|323|VRSN|253.289993|253.759995|242.419998|244.210007|789400|0.9907421953|241.949158
2026-01-29|324|PWR|481.279999|489.059998|473.570007|483.429993|1035500|0.9996508742|483.261200
2026-01-29|325|AMT|177.509995|181.889999|176.809998|181.339996|3496100|0.9807453674|177.848358
2026-01-29|326|MAR|312.489990|320.750000|312.489990|319.769989|1698200|0.9940852561|317.878632
2026-01-29|327|CTSH|83.419998|84.000000|81.639999|82.449997|4801400|0.9822114026|80.983330
2026-01-29|328|SRE|87.470001|87.739998|86.010002|87.099998|5638800|0.9860298575|85.883202
2026-01-29|329|CSGP|65.309998|65.459999|61.610001|61.930000|4517200|1.0000000000|61.930000
2026-01-29|330|RSG|216.800003|219.179993|213.440002|214.750000|1884700|0.9942648020|213.518356
2026-01-29|331|CCI|84.879997|87.040001|84.809998|86.919998|3640500|0.9762634240|84.856819
2026-01-29|332|EBAY|95.519997|97.309998|93.930000|94.410004|3562400|0.9939126631|93.550858
2026-01-29|333|NVDA|191.339996|193.479996|186.059998|192.509995|171764400|0.9987817973|192.275482
2026-01-29|334|BKNG|5106.019974|5147.760010|5050.009918|5113.320160|244300|0.0398088823|203.555557
2026-01-29|335|GS|937.299988|955.380005|925.130005|940.119995|2335400|0.9903999491|931.094788
2026-01-29|336|FFIV|293.750000|293.750000|274.200012|282.529999|1262900|1.0000000000|282.529999
2026-01-29|337|SBAC|185.169998|188.160004|184.110001|187.770004|760400|0.9805017315|184.108810
2026-01-29|338|LII|489.100006|498.010010|480.809998|496.109985|735200|0.9946881341|493.474731
2026-01-29|339|BLK|1127.140015|1135.000000|1107.260010|1127.780029|701000|0.9888912077|1115.251709
2026-01-29|340|TKO|194.770004|201.910004|192.520004|201.100006|1132300|0.9921219970|199.515732
2026-01-29|341|AKAM|101.849998|102.000000|98.459999|99.349998|3862700|1.0000000000|99.349998
2026-01-29|342|UPS|104.379997|107.209999|104.209999|105.989998|10939800|0.9546755018|101.186058
2026-01-29|343|A|132.750000|133.309998|129.630005|133.270004|1919100|0.9958080410|132.711334
2026-01-29|344|TDY|621.000000|627.320007|617.000000|625.320007|478300|1.0000000000|625.320007
2026-01-29|345|PKG|218.860001|223.050003|217.720001|220.210007|1654100|0.9876260349|217.485138
2026-01-29|346|EW|82.459999|82.529999|80.440002|81.489998|4095900|1.0000000000|81.489998
2026-01-29|347|MET|77.000000|78.250000|76.769997|78.230003|3726300|0.9792675716|76.608101
2026-01-29|348|ON|63.750000|64.160004|61.310001|62.200001|9636700|1.0000000000|62.200001
2026-01-29|349|ISRG|521.169983|522.000000|502.480011|507.549988|2167100|1.0000000000|507.549988
2026-01-29|350|CRL|216.449997|217.729996|210.139999|211.679993|554500|1.0000000000|211.679993
2026-01-29|351|MRVL|81.940002|82.440002|78.300003|81.339996|13944900|0.9992531920|81.279251
2026-01-29|352|EQIX|818.250000|826.960022|813.320007|826.049988|685800|0.9849779860|813.641113
2026-01-29|353|TPR|126.250000|128.449997|125.510002|127.330002|1634200|0.9944862341|126.627930
2026-01-29|354|GRMN|204.779999|205.199997|200.500000|204.649994|990400|0.9917889977|202.969620
2026-01-29|355|GPN|71.900002|72.570000|70.589996|71.349998|2766700|0.9929199565|70.844841
2026-01-29|356|ALGN|166.139999|166.139999|160.660004|164.119995|737400|1.0000000000|164.119995
2026-01-29|357|WTW|316.619995|321.230011|314.540009|316.250000|875900|0.9930717262|314.058929
2026-01-29|358|MDLZ|57.919998|58.459999|57.130001|57.310001|11868700|0.9831751096|56.345768
2026-01-29|359|AXON|555.010010|556.500000|502.559998|509.579987|1539000|1.0000000000|509.579987
2026-01-29|360|FIS|56.450001|56.490002|54.650002|55.200001|8201900|0.9802816760|54.111549
2026-01-29|361|ACN|269.470001|271.200012|257.369995|261.220001|8227500|0.9798095806|255.945862
2026-01-29|362|ZBH|85.470001|86.129997|84.589996|86.019997|2137400|0.9946488082|85.559685
2026-01-29|363|BG|117.070000|119.580002|114.559998|115.150002|1190900|0.9821514316|113.094734
2026-01-29|364|PFG|94.650002|95.400002|93.870003|94.760002|2151000|0.9832413887|93.171951
2026-01-29|365|ELV|342.000000|350.720001|341.049988|346.980011|2732700|0.9898456688|343.456635
2026-01-29|366|CNC|42.090000|43.599998|41.910000|43.599998|8234700|1.0000000000|43.599998
2026-01-29|367|PRU|108.720001|109.910004|108.360001|109.870003|1510700|0.9622422893|105.721565
2026-01-29|368|NFLX|84.309998|84.379997|82.349998|83.160004|42278100|1.0000000000|83.160004
2026-01-29|369|NDAQ|99.750000|101.510002|96.540001|98.089996|6005900|0.9932805958|97.430893
2026-01-29|370|WYNN|108.940002|110.800003|107.150002|108.910004|2141700|0.9927789107|108.123566
2026-01-29|371|CME|286.859985|291.760010|286.549988|289.829987|1940300|0.9716146686|281.603088
2026-01-29|372|STX|450.269989|457.839996|434.000000|446.570007|9052800|0.9975473958|445.474731
2026-01-29|373|NRG|155.389999|157.199997|151.179993|153.720001|1625000|0.9903289609|152.233383
2026-01-29|374|AIZ|238.929993|240.449997|235.029999|238.539993|256000|0.9925480196|236.762405
2026-01-29|375|CBRE|170.220001|171.669998|169.050003|171.610001|1348600|1.0000000000|171.610001
2026-01-29|376|CRM|216.669998|217.279999|208.779999|214.080002|18555600|0.9949373630|212.996185
2026-01-29|377|DPZ|407.720001|413.630005|403.440002|407.079987|672100|0.9888611209|402.545593
2026-01-29|378|EXR|137.820007|139.500000|136.750000|138.869995|1660400|0.9779070040|135.801941
2026-01-29|379|GOOG|340.350006|342.290009|326.720001|338.660004|24548300|0.9986949468|338.218048
2026-01-29|380|GOOGL|340.299988|342.290009|326.540009|338.250000|39785600|0.9986999831|337.810272
2026-01-29|381|DLR|164.500000|168.399994|163.339996|167.440002|2287300|0.9866588059|165.206161
2026-01-29|382|MPWR|1165.930054|1185.050049|1120.989990|1183.150024|642900|0.9964842129|1178.990356
2026-01-29|383|LVS|55.500000|56.560001|51.919998|52.709999|18123300|0.9827791790|51.802288
2026-01-29|384|DXCM|73.320000|74.209999|72.339996|74.000000|5100900|1.0000000000|74.000000
2026-01-29|385|BLDR|117.680000|118.139999|113.040001|115.230003|2286100|1.0000000000|115.230003
2026-01-29|386|WBD|28.190001|28.250000|27.559999|27.600000|29227200|1.0000000000|27.600000
2026-01-29|387|EXPE|267.940002|276.540009|267.489990|272.769989|2166000|0.9942877675|271.211853
2026-01-29|388|CF|94.000000|95.209999|93.019997|94.029999|3110300|0.9855673857|92.672897
2026-01-29|389|AMP|537.789978|543.000000|515.900024|521.359985|1211600|0.9903313094|516.319031
2026-01-29|390|ICE|173.039993|176.050003|173.039993|175.100006|3193100|0.9930916239|173.890350
2026-01-29|391|PSKY|11.340000|11.340000|10.960000|11.260000|7729500|0.9901049837|11.148582
2026-01-29|392|LYV|148.669998|148.880005|145.809998|147.779999|1643200|1.0000000000|147.779999
2026-01-29|393|CMG|39.250000|39.520000|38.570000|39.099998|15767700|1.0000000000|39.099998
2026-01-29|394|UAL|104.800003|105.000000|101.309998|103.940002|7226800|1.0000000000|103.940002
2026-01-29|395|TDG|1412.589966|1435.790039|1412.589966|1422.000000|354100|1.0000000000|1422.000000
2026-01-29|396|MA|531.789978|544.239990|520.109985|543.729980|5488300|0.9966137732|541.888794
2026-01-29|397|LDOS|188.460007|190.410004|185.690002|187.190002|585600|0.9940154778|186.069763
2026-01-29|398|FSLR|230.220001|232.199997|214.000000|224.009995|5257300|1.0000000000|224.009995
2026-01-29|399|BR|203.580002|205.000000|193.059998|195.960007|1886900|0.9878384663|193.576828
2026-01-29|400|SMCI|30.719999|30.760000|29.139999|30.120001|28135500|1.0000000000|30.120001
2026-01-29|401|TMUS|186.559998|190.080002|186.250000|189.279999|5917000|0.9898439218|186.282516
2026-01-29|402|DAL|65.809998|66.570000|64.470001|66.540001|9613500|0.9922015511|66.021095
2026-01-29|403|IBKR|76.440002|77.550003|73.529999|75.660004|3984800|0.9979162811|75.502350
2026-01-29|404|PODD|257.850006|260.600006|254.080002|255.100006|1300500|1.0000000000|255.100006
2026-01-29|405|TEL|224.070007|227.119995|222.289993|226.270004|1936100|0.9892434805|223.836121
2026-01-29|406|BX|148.000000|149.649994|141.020004|142.940002|8265500|0.9695455041|138.586823
2026-01-29|407|LULU|179.619995|180.000000|171.300003|172.539993|3543700|1.0000000000|172.539993
2026-01-29|408|ULTA|636.650024|640.010010|629.010010|631.099976|618500|1.0000000000|631.099976
2026-01-29|409|MSCI|616.260010|618.000000|601.320007|608.239990|799800|0.9889531620|601.520874
2026-01-29|410|ECHO|128.009995|129.800003|112.660004|113.459999|11606900|1.0000000000|113.459999
2026-01-29|411|PM|178.710007|180.250000|177.029999|177.889999|7578900|0.9830023955|174.866302
2026-01-29|412|V|330.000000|333.359985|323.510010|331.799988|10214200|0.9940309283|329.819427
2026-01-29|413|AWK|127.050003|130.050003|127.050003|129.000000|1377400|0.9796942856|126.380562
2026-01-29|414|KDP|26.770000|27.020000|26.639999|26.820000|12411700|0.9842341174|26.397160
2026-01-29|415|SW|43.330002|43.509998|41.220001|42.119999|7174400|0.9711821711|40.906193
2026-01-29|416|AVGO|332.559998|335.950012|320.279999|330.730011|20447500|0.9963298147|329.516174
2026-01-29|417|VRSK|218.169998|219.229996|214.550003|216.589996|1218900|0.9947617775|215.455444
2026-01-29|418|DG|145.080002|145.660004|140.850006|141.779999|2622800|0.9902299309|140.394806
2026-01-29|419|FTNT|81.500000|82.110001|79.739998|81.510002|6266300|1.0000000000|81.510002
2026-01-29|420|CHTR|180.960007|192.190002|180.380005|191.520004|3762700|1.0000000000|191.520004
2026-01-29|421|FERG|253.419998|256.470001|250.289993|256.429993|874300|0.9887782143|253.552399
2026-01-29|422|GNRC|175.050003|175.479996|166.990005|170.009995|885200|1.0000000000|170.009995
2026-01-29|423|LYB|49.990002|50.860001|48.959999|49.950001|10277400|0.9677851714|48.340866
2026-01-29|424|CBOE|266.329987|270.309998|264.000000|265.519989|933100|0.9954503651|264.311981
2026-01-29|425|TSLA|437.799988|440.230011|414.619995|416.559998|81686100|1.0000000000|416.559998
2026-01-29|426|KKR|117.750000|119.940002|113.769997|114.980003|6625500|0.9943370554|114.328880
2026-01-29|427|NXPI|239.830002|240.000000|226.389999|233.500000|2872800|0.9914738451|231.509140
2026-01-29|428|GM|86.190002|86.620003|85.139999|86.260002|9696200|0.9954799629|85.870102
2026-01-29|429|TRGP|204.669998|207.470001|199.449997|201.520004|2069500|0.9854533185|198.588562
2026-01-29|430|CPAY|319.920013|322.450012|314.959991|322.339996|448200|1.0000000000|322.339996
2026-01-29|431|KMI|30.500000|30.570000|30.010000|30.240000|18864600|0.9722301462|29.400240
2026-01-29|432|HCA|492.079987|492.380005|479.739990|482.529999|1027300|0.9965176399|480.849640
2026-01-29|433|HII|429.149994|436.140015|423.510010|427.829987|446100|0.9925978670|422.691864
2026-01-29|434|APO|134.580002|135.570007|133.070007|134.490005|3348800|0.9875780044|132.819382
2026-01-29|435|MPC|175.410004|180.740005|175.240005|175.740005|2826200|0.9885237030|173.723175
2026-01-29|436|XYL|136.779999|137.949997|135.119995|137.919998|1785000|0.9889650951|136.398071
2026-01-29|437|APTV|78.220001|79.550003|77.290001|78.830002|2116800|1.0000000000|78.830002
2026-01-29|438|PSX|145.000000|147.960007|143.979996|144.080002|2290900|0.9794981865|141.126099
2026-01-29|439|AMCR|44.200001|44.480000|43.650002|43.889999|7816300|0.9708736970|42.611645
2026-01-29|440|META|737.429993|744.000000|712.549988|738.309998|59852900|0.9982193806|736.995361
2026-01-29|441|NOW|118.529999|118.959999|113.129997|116.730003|55125100|1.0000000000|116.730003
2026-01-29|442|PANW|181.080002|182.210007|171.250000|176.199997|12925300|1.0000000000|176.199997
2026-01-29|443|FANG|165.000000|168.479996|162.850006|163.070007|2504900|0.9832059760|160.331406
2026-01-29|444|WDAY|178.820007|179.990005|169.009995|174.660004|10129400|1.0000000000|174.660004
2026-01-29|445|ABBV|218.000000|224.139999|218.000000|220.429993|7834000|0.9847626719|217.071228
2026-01-29|446|NCLH|21.760000|23.100000|21.620001|22.920000|31960800|1.0000000000|22.920000
2026-01-29|447|ZTS|123.089996|123.339996|121.330002|121.720001|4729000|0.9887765322|120.353882
2026-01-29|448|IQV|240.330002|240.330002|233.649994|235.619995|1450200|1.0000000000|235.619995
2026-01-29|449|NWS|30.760000|30.820000|30.280001|30.610001|2107600|0.9963262306|30.497545
2026-01-29|450|NWSA|26.670000|26.809999|26.299999|26.770000|3061800|0.9958385353|26.658598
2026-01-29|451|CDW|124.669998|125.559998|123.129997|125.199997|1558800|0.9844137869|123.248604
2026-01-29|452|VEEV|213.210007|214.500000|206.000000|209.979996|1841900|1.0000000000|209.979996
2026-01-29|453|ALLE|166.139999|166.830002|162.940002|164.460007|995400|0.9921390873|163.167206
2026-01-29|454|HLT|298.820007|301.820007|297.529999|299.279999|2848100|0.9986088702|298.863678
2026-01-29|455|ARES|150.800003|152.563004|148.830002|151.690002|3197100|0.9767290545|148.160034
2026-01-29|456|ANET|150.149994|151.550003|145.330002|148.149994|8915300|1.0000000000|148.149994
2026-01-29|457|SYF|73.900002|74.150002|72.940002|73.370003|5886600|0.9876561264|72.464325
2026-01-29|458|CFG|63.380001|64.129997|62.639999|63.490002|4371000|0.9795741096|62.193161
2026-01-29|459|KEYS|223.669998|225.000000|217.854996|221.169998|1195800|1.0000000000|221.169998
2026-01-29|460|GDDY|102.059998|102.230003|98.279999|99.239998|1895300|1.0000000000|99.239998
2026-01-29|461|KHC|23.247999|23.469999|22.980000|23.139999|18069900|0.9659839010|22.352865
2026-01-29|462|PYPL|54.119999|54.169998|52.529999|53.110001|19463500|0.9937057617|52.775715
2026-01-29|463|LITE|388.000000|398.160004|364.190002|381.440002|4006600|1.0000000000|381.440002
2026-01-29|464|HPE|21.820000|22.010000|21.355000|22.010000|15125000|0.9906947030|21.805191
2026-01-29|465|XYZ|64.349998|64.730003|61.619999|62.209999|6381100|1.0000000000|62.209999
2026-01-29|466|FTV|53.349998|53.709999|52.529999|53.080002|2670600|0.9979248563|52.969852
2026-01-29|467|DELL|115.669998|119.099998|115.309998|118.489998|6246400|0.9952707496|117.929626
2026-01-29|468|TTD|31.549999|31.629999|30.820000|31.250000|13680700|1.0000000000|31.250000
2026-01-29|469|VST|165.960007|167.880005|158.755005|162.580002|4798800|0.9972411805|162.131470
2026-01-29|470|HWM|211.759995|213.589996|208.139999|208.929993|3235800|0.9985047767|208.617599
2026-01-29|471|INVH|26.430000|26.530001|26.200001|26.350000|10633400|0.9779475029|25.768917
2026-01-29|472|CVNA|431.269989|445.000000|413.300018|427.439995|6904600|0.2000000000|85.487999
2026-01-29|473|IR|86.320000|88.870003|85.410004|88.870003|8478000|0.9992655835|88.804733
2026-01-29|474|VICI|28.010000|28.340000|27.920000|28.110001|13547300|0.9677245240|27.202738
2026-01-29|475|VRT|196.979996|199.190994|186.179993|195.100006|5662000|0.9995540701|195.013016
2026-01-29|476|MRNA|45.880001|47.845001|45.720001|46.860001|10768700|1.0000000000|46.860001
2026-01-29|477|FOXA|71.339996|72.184998|70.980003|71.839996|4100300|0.9951185496|71.489311
2026-01-29|478|FOX|64.730003|65.129997|64.260002|64.699997|1390000|0.9946544484|64.354141
2026-01-29|479|DOW|26.600000|27.559999|25.820000|27.160000|23608400|0.9783459966|26.571877
2026-01-29|480|UBER|80.440002|82.080002|79.959999|81.699997|26857800|1.0000000000|81.699997
2026-01-29|481|CTVA|73.500000|74.000000|73.044998|73.839996|3613900|0.9954590981|73.504692
2026-01-29|482|CRWD|460.739990|461.549988|431.390015|444.619995|5230300|0.2500000000|111.154999
2026-01-29|483|DDOG|134.369995|136.639999|125.610001|128.179993|9773900|1.0000000000|128.179993
2026-01-29|484|CARR|58.930000|59.790001|58.379002|59.790001|9329200|0.9928803129|59.364315
2026-01-29|485|OTIS|88.139999|88.940002|86.099998|87.160004|5707400|0.9834662418|85.718925
2026-01-29|486|PLTR|157.630005|157.630005|147.119995|151.860001|59846800|1.0000000000|151.860001
2026-01-29|487|DASH|206.250000|209.429993|202.500000|207.679993|3308000|1.0000000000|207.679993
2026-01-29|488|ABNB|131.750000|132.580002|130.100006|131.770004|4251600|1.0000000000|131.770004
2026-01-29|489|EXE|111.309998|111.785004|109.050003|109.900002|2698400|0.9826864450|107.997238
2026-01-29|490|COIN|206.820007|207.000000|194.210007|199.179993|14604300|1.0000000000|199.179993
2026-01-29|491|APP|550.099976|569.919983|542.000000|569.239990|5289400|1.0000000000|569.239990
2026-01-29|492|HOOD|103.820000|103.820000|99.199997|101.239998|29463800|1.0000000000|101.239998
2026-01-29|493|CEG|288.204987|292.670013|283.109985|287.450012|3141900|0.9955820742|286.180054
2026-01-29|494|GEHC|79.589996|79.750000|77.669998|78.779999|3697100|0.9989494212|78.697227
2026-01-29|495|KVUE|17.379999|17.440001|17.174999|17.200001|42655000|0.9661066365|16.617033
2026-01-29|496|VLTO|99.209999|100.000000|97.080002|98.669998|1749800|0.9970188523|98.375847
2026-01-29|497|RDDT|200.000000|201.121002|188.649994|190.050003|3936200|1.0000000000|190.050003
2026-01-29|498|SOLV|76.470001|76.816002|75.610001|76.519997|1044900|1.0000000000|76.519997
2026-01-29|499|GEV|717.000000|722.719971|681.700012|717.390015|3491000|0.9988852954|716.590332
2026-01-29|500|SNDK|535.849976|546.750000|507.239990|539.299988|23010300|1.0000000000|539.299988
2026-01-29|501|Q|102.680000|103.000000|96.419998|99.910004|1573700|0.9988559230|99.795708
