date|security_id|ticker|open|high|low|close|volume|adj_factor|adj_close_vendor
2026-01-22|1|AEP|118.709999|119.360001|117.029999|117.180000|2880500|0.9775591772|114.550385
2026-01-22|2|BA|252.000000|254.139999|249.779999|251.410004|9742600|1.0000000000|251.410004
2026-01-22|3|CAT|649.109985|655.780029|640.900024|648.409973|1565700|0.9962516275|645.979492
2026-01-22|4|CNP|39.599998|39.630001|38.849998|38.869999|5453500|0.9832236217|38.217899
2026-01-22|5|CVX|166.259995|167.559998|165.729996|166.660004|8957400|0.9728341284|162.132538
2026-01-22|6|DIS|113.169998|114.290001|112.169998|113.209999|12437700|0.9923958226|112.349129
2026-01-22|7|DTE|137.240005|137.639999|135.089996|135.190002|1792700|0.9843774065|133.077988
2026-01-22|8|ED|103.599998|104.480003|101.250000|103.180000|3486400|0.9759585897|100.699417
2026-01-22|9|GD|364.809998|366.989990|362.630005|365.829987|869600|0.9910149667|362.543030
2026-01-22|10|GE|305.869995|310.000000|294.839996|295.000000|13939000|0.9973022307|294.204163
2026-01-22|11|HON|220.000003|223.440000|219.690002|222.539998|4353300|1.0347776740|230.279419
2026-01-22|12|HPQ|19.670000|20.200001|19.650000|19.830000|13934900|0.9721972446|19.278671
2026-01-22|13|IBM|299.420013|300.929993|293.529999|294.670013|3670200|0.9800357773|288.787140
2026-01-22|14|IP|43.009998|43.150002|41.759998|41.840000|9120300|0.9645837619|40.358185
2026-01-22|15|JNJ|218.770004|222.169998|218.100006|218.490005|13160000|0.9841702191|215.031357
2026-01-22|16|KO|71.830002|72.040001|71.440002|71.870003|13962800|0.9867998793|70.921310
2026-01-22|17|KR|64.040001|64.220001|61.860001|62.650002|6733300|0.9830507535|61.588131
2026-01-22|18|LMT|585.179993|595.950012|582.500000|593.909973|1493600|0.9882876617|586.953857
2026-01-22|19|MMM|156.559998|162.500000|156.199997|160.630005|5559600|0.9860940463|158.396301
2026-01-22|20|MO|60.820000|61.340000|60.400002|61.029999|6273800|0.9690282260|59.139793
2026-01-22|21|MRK|110.779999|111.320000|108.589996|109.180000|9362600|0.9855603323|107.603477
2026-01-22|22|MSI|396.559998|399.059998|394.839996|397.489990|713500|0.9943844568|395.257874
2026-01-22|23|PG|148.080002|150.910004|147.500000|149.929993|18501900|0.9782265339|146.665497
2026-01-22|24|XOM|133.050003|134.179993|131.850006|133.639999|16600100|0.9803338832|131.011826
2026-01-22|25|RTX|198.990005|198.990005|195.809998|196.339996|4075000|0.9892687733|194.233032
2026-01-22|26|MCD|306.149994|307.630005|304.950012|306.029999|2809400|0.9877457529|302.279846
2026-01-22|27|AXP|362.730011|370.100006|362.730011|368.019989|2628500|0.9941272834|365.858704
2026-01-22|28|BMY|54.610001|55.529999|54.360001|54.939999|12277500|0.9787458882|53.772297
2026-01-22|29|DD|43.700002|44.960002|43.600001|43.789998|8013900|2.9761992776|130.327774
2026-01-22|30|DE|529.260010|532.609985|521.159973|522.380005|1159300|0.9945059901|519.510071
2026-01-22|31|EMR|150.820007|151.740005|149.320007|150.259995|2061200|0.9888087280|148.578400
2026-01-22|32|ETN|342.119995|343.000000|331.609985|334.040009|2549000|0.9917042798|331.268921
2026-01-22|33|ETR|95.730003|95.769997|93.389999|93.540001|3095000|0.9822109154|91.876007
2026-01-22|34|F|13.780000|13.840000|13.700000|13.710000|38170300|0.9665034086|13.250762
2026-01-22|35|HAL|33.360001|33.919998|32.549999|33.720001|16173900|0.9909628646|33.415272
2026-01-22|36|LLY|1078.520020|1095.479980|1071.739990|1087.380005|2478200|0.9951920486|1082.151978
2026-01-22|37|PCG|15.240000|15.380000|15.000000|15.100000|35525700|0.9942476518|15.013140
2026-01-22|38|PEP|146.679993|147.130005|144.169998|144.399994|8167400|0.9808256472|141.631210
2026-01-22|39|PFE|25.900000|26.309999|25.750000|26.100000|49883900|0.9509184966|24.818974
2026-01-22|40|TXN|197.300003|199.429993|193.679993|194.990005|7264000|0.9834571490|191.764313
2026-01-22|41|WFC|86.430000|89.000000|86.430000|88.040001|19668900|0.9838041369|86.614120
2026-01-22|42|HUBB|487.750000|488.980011|478.640015|484.059998|333969|0.9943029521|481.302307
2026-01-22|43|WMT|119.290001|119.519997|117.650002|117.830002|24547300|0.9936722171|117.084396
2026-01-22|44|AIG|71.620003|72.389999|71.360001|72.309998|5589000|0.9875732230|71.411415
2026-01-22|45|AVY|185.460007|187.419998|184.550003|185.940002|398200|0.9887328339|183.844986
2026-01-22|46|BAC|52.470001|53.130001|52.330002|52.450001|31229200|0.9892387825|51.885574
2026-01-22|47|BALL|55.799999|56.849998|55.799999|56.290001|1568500|0.9933732915|55.916985
2026-01-22|48|BDX|206.050006|207.600004|204.280005|206.039991|2023100|0.7757059857|159.826462
2026-01-22|49|CLX|110.910004|113.629997|110.669998|112.199997|2049500|0.9654541242|108.323952
2026-01-22|50|CMI|585.090027|587.549988|579.359985|583.070007|630900|0.9898444823|577.148621
2026-01-22|51|CMS|71.550003|71.940002|70.820000|70.970001|2286500|0.9770377822|69.340363
2026-01-22|52|CVS|80.989998|82.680000|80.760002|82.680000|6423500|0.9851999130|81.456322
2026-01-22|53|ECL|280.920013|281.540009|278.700012|281.480011|976700|0.9946163507|279.964630
2026-01-22|54|ES|71.269997|71.570000|70.279999|70.449997|1475300|0.9779292778|68.895111
2026-01-22|55|EVRG|77.029999|77.139999|76.029999|76.230003|2023600|0.9752573788|74.343872
2026-01-22|56|GWW|1062.930054|1068.500000|1057.050049|1066.630005|172400|0.9941570385|1060.397705
2026-01-22|57|LNT|67.410004|67.660004|66.540001|66.870003|1869700|0.9771332386|65.340904
2026-01-22|58|MKC|63.290001|65.720001|60.590000|61.200001|17061000|0.9822640876|60.114567
2026-01-22|59|MRSH|178.789993|180.729996|178.309998|180.649994|2518300|0.9842873682|177.811508
2026-01-22|60|NEE|84.580002|85.510002|83.669998|85.070000|9802300|0.9860055271|83.253441
2026-01-22|61|NI|43.910000|44.029999|43.270000|43.520000|3740800|0.9804324438|42.668423
2026-01-22|62|PNW|93.400002|93.400002|92.070000|92.419998|1685400|0.9727255046|89.899284
2026-01-22|63|RVTY|116.849998|118.300003|116.570000|117.750000|1882400|0.9985919505|117.584206
2026-01-22|64|SNA|373.239990|375.170013|370.940002|372.269989|277300|0.9808470667|365.139954
2026-01-22|65|SPGI|532.849996|540.559987|531.220014|539.800010|1740500|0.9395781501|507.184265
2026-01-22|66|TER|237.800003|238.000000|226.300003|229.139999|2807300|0.9992046578|228.957764
2026-01-22|67|TGT|106.580002|106.809998|104.800003|106.500000|4904300|0.9731968404|103.645462
2026-01-22|68|TXT|96.980003|96.980003|95.820000|96.029999|1010200|0.9995682296|95.988533
2026-01-22|69|VMC|301.480011|306.589996|298.089996|303.269989|938600|0.9942812010|301.535675
2026-01-22|70|XEL|76.500000|76.930000|75.400002|75.860001|4388200|0.9852321471|74.739716
2026-01-22|71|ITW|261.070007|262.609985|259.369995|259.690002|1282100|0.9877340632|256.504669
2026-01-22|72|CL|84.839996|85.949997|84.500000|85.809998|9156600|0.9881586198|84.793892
2026-01-22|73|EXC|44.919998|44.980000|44.250000|44.599998|8509400|0.9822723358|43.809349
2026-01-22|74|MDT|100.419998|102.080002|100.120003|101.339996|9978700|0.9830319865|99.620453
2026-01-22|75|BNY|120.720001|121.470001|119.949997|120.180000|3436300|0.9877222173|118.704460
2026-01-22|76|EIX|60.950001|61.540001|60.150002|60.740002|2844200|0.9764773062|59.311237
2026-01-22|77|FRT|102.620003|103.589996|101.550003|101.660004|781300|0.9803038504|99.657692
2026-01-22|78|PNR|108.070000|109.089996|107.379997|108.139999|1602400|0.9901423720|107.073990
2026-01-22|79|USB|55.630001|56.700001|55.630001|56.180000|22469800|0.9813809589|55.133984
2026-01-22|80|WY|27.110001|27.600000|26.770000|26.790001|13419700|0.9829820427|26.334091
2026-01-22|81|SYY|76.910004|77.330002|76.430000|76.839996|2936000|0.9859824728|75.762886
2026-01-22|82|WRB|67.410004|67.639999|67.000000|67.519997|2639800|0.9898085858|66.831871
2026-01-22|83|IFF|71.510002|73.120003|71.300003|72.160004|1960200|0.9889000540|71.359032
2026-01-22|84|TAP|50.310001|50.700001|49.529999|49.759998|2312400|0.9780980891|48.109394
2026-01-22|85|PNC|225.619995|227.289993|221.520004|222.000000|5372700|0.9845274632|218.565079
2026-01-22|86|TRV|271.070007|278.690002|269.500000|278.480011|1663200|0.9922238191|276.314514
2026-01-22|87|C|114.570000|116.639999|114.050003|115.660004|11271500|0.9851223482|113.939255
2026-01-22|88|FDX|308.240003|311.470000|307.189993|309.809999|1414500|0.7995464875|247.707520
2026-01-22|89|WDC|246.710007|247.940002|228.350006|243.289993|8926900|0.9992611044|243.110214
2026-01-22|90|DHR|242.330002|242.800003|239.490005|240.080002|2955100|0.9958070237|239.073334
2026-01-22|91|APA|26.000000|26.090000|25.170000|25.549999|7281800|0.9864084367|25.202734
2026-01-22|92|LUV|43.119999|43.910000|42.240002|42.439999|10195500|0.9913697990|42.073734
2026-01-22|93|PEG|79.339996|79.879997|78.620003|79.400002|4448900|0.9834778438|78.088142
2026-01-22|94|UNP|229.470001|232.850006|229.289993|231.369995|3785800|0.9896596115|228.977539
2026-01-22|95|ABT|107.529999|114.000000|105.779999|108.610001|37099400|0.9867277802|107.168503
2026-01-22|96|ADI|309.470001|313.190002|306.869995|308.519989|2793700|0.9941555324|306.716827
2026-01-22|97|ADM|67.839996|68.050003|66.879997|67.120003|3993800|0.9797994474|65.764145
2026-01-22|98|ADP|257.200012|260.059998|256.529999|259.859985|2002100|0.9843371720|255.789841
2026-01-22|99|AFL|108.110001|108.779999|107.470001|108.300003|2068700|0.9846316611|106.635620
2026-01-22|100|AMAT|332.989990|333.029999|317.459991|318.790009|6036100|0.9964487658|317.657928
2026-01-22|101|AMD|251.750000|256.079987|246.630005|253.729996|37945000|1.0000000000|253.729996
2026-01-22|102|APD|263.799988|267.220001|262.739990|264.040009|1357200|0.9876339339|260.774872
2026-01-22|103|BF-B|28.200001|28.240000|27.730000|27.930000|5731500|0.9822921615|27.435421
2026-01-22|104|CHD|91.900002|93.930000|91.680000|92.949997|4897000|0.9906552793|92.081406
2026-01-22|105|CINF|161.570007|161.570007|157.559998|158.149994|794500|0.9887134133|156.365021
2026-01-22|106|CMCSA|28.879999|29.440001|28.870001|29.230000|35617700|0.9752182964|28.505629
2026-01-22|107|D|61.029999|61.160000|59.900002|59.930000|4707300|0.9796460230|58.710186
2026-01-22|108|DOV|209.889999|210.750000|207.770004|209.429993|1166700|0.9952693212|208.439240
2026-01-22|109|DUK|119.150002|119.510002|117.620003|117.709999|3807200|0.9744921325|114.707466
2026-01-22|110|EFX|213.419998|216.169998|212.899994|214.080002|2679700|0.9938812654|212.770111
2026-01-22|111|EQT|55.500000|55.700001|54.040001|54.730000|16383600|0.9912778241|54.252632
2026-01-22|112|FITB|53.000000|53.330002|50.619999|50.889999|12387800|0.9840657827|50.079109
2026-01-22|113|GIS|43.840000|44.779999|43.820000|44.490002|5662800|0.9666684497|43.007084
2026-01-22|114|GPC|136.960007|138.000000|136.029999|136.839996|801900|0.9802432378|134.136475
2026-01-22|115|HAS|88.260002|88.910004|87.989998|88.750000|1251000|0.9777483232|86.775169
2026-01-22|116|HBAN|18.299999|18.430000|17.620001|17.639999|87086500|0.9810694650|17.306065
2026-01-22|117|HRL|24.370001|24.809999|24.340000|24.360001|3380600|0.9742790885|23.733440
2026-01-22|118|HST|18.889999|19.299999|18.770000|18.809999|8982600|0.9529227702|17.924475
2026-01-22|119|HSY|195.539993|196.160004|190.539993|190.649994|1688400|0.9782056212|186.494904
2026-01-22|120|INTC|54.209999|54.599998|53.080002|54.320000|190066400|1.0000000000|54.320000
2026-01-22|121|J|139.330002|140.830002|139.100006|140.089996|701000|0.9918477371|138.947952
2026-01-22|122|JPM|304.859985|308.200012|302.899994|303.630005|10535800|0.9904464778|300.729248
2026-01-22|123|KMB|99.650002|102.459999|99.320000|102.190002|6491800|0.9744151054|99.575485
2026-01-22|124|L|102.139999|102.459999|101.489998|102.400002|734500|0.9982870407|102.224594
2026-01-22|125|LEN|118.000000|119.279999|114.180000|114.709999|3024200|0.9844362452|112.924683
2026-01-22|126|LOW|277.369995|281.359985|274.880005|274.950012|2883500|0.9891098782|271.955750
2026-01-22|127|MAS|70.570000|70.959999|69.309998|69.900002|2050900|0.9866652888|68.967903
2026-01-22|128|MTB|219.500000|222.179993|216.440002|217.460007|1356600|0.9861939937|214.457764
2026-01-22|129|NEM|118.300003|123.040001|118.099998|121.690002|8347000|0.9956554334|121.161316
2026-01-22|130|NTRS|150.000000|157.600006|150.000000|153.119995|2384600|0.9898281838|151.562469
2026-01-22|131|NUE|180.500000|183.000000|179.559998|180.270004|1476900|0.9941593298|179.217102
2026-01-22|132|OMC|78.410004|79.720001|78.410004|79.239998|2584400|0.9796477026|77.627281
2026-01-22|133|PCAR|123.620003|124.529999|122.839996|123.559998|2810300|0.9916886281|122.533043
2026-01-22|134|PGR|201.740005|207.169998|201.389999|206.919998|4316700|0.9990392069|206.721191
2026-01-22|135|PH|952.549988|954.299988|938.669983|939.270020|578300|0.9958887879|935.408386
2026-01-22|136|PHM|130.580002|131.800003|126.790001|127.769997|1619900|0.9957597479|127.228226
2026-01-22|137|PPG|113.160004|114.519997|112.540001|113.910004|2062900|0.9817392581|111.829918
2026-01-22|138|PPL|37.160000|37.209999|36.619999|36.630001|6211600|0.9846479678|36.067657
2026-01-22|139|RF|28.730000|28.990000|28.209999|28.290001|18186900|0.9811037357|27.755426
2026-01-22|140|ROL|63.380001|63.549999|62.950001|63.320000|1862500|0.9887685295|62.608822
2026-01-22|141|SHW|358.420013|362.320007|350.140015|350.630005|1772400|0.9929181711|348.146912
2026-01-22|142|STT|127.989998|130.300003|127.360001|128.460007|1984500|0.9884428745|126.975380
2026-01-22|143|SWK|83.930000|84.779999|82.940002|83.730003|1149300|0.9785642065|81.935188
2026-01-22|144|SYK|362.920013|364.980011|358.369995|358.670013|1731400|0.9946461548|356.749756
2026-01-22|145|TMO|637.390015|643.989990|634.809998|639.450012|2621700|0.9980119596|638.178772
2026-01-22|146|TPL|344.589996|351.959991|342.369995|345.779999|403400|0.9973306248|344.856995
2026-01-22|147|TSN|59.880001|61.130001|59.810001|61.119999|4426700|0.9836914879|60.123222
2026-01-22|148|TT|398.480011|399.950012|388.359985|390.130005|2081800|0.9953350758|388.310059
2026-01-22|149|TYL|435.760010|443.470001|435.029999|440.579987|400100|1.0000000000|440.579987
2026-01-22|150|UDR|37.669998|38.099998|37.270000|37.549999|10304100|0.9803230978|36.811127
2026-01-22|151|VTRS|13.050000|13.310000|13.030000|13.240000|6401600|0.9769695342|12.935077
2026-01-22|152|WEC|109.599998|110.110001|108.089996|109.349998|2264700|0.9747231440|106.585968
2026-01-22|153|WST|256.179993|258.739990|247.029999|247.779999|1044900|0.9976812219|247.205460
2026-01-22|154|NDSN|274.470001|275.429993|272.000000|273.940002|231300|0.9941183690|272.328766
2026-01-22|155|TFC|50.029999|51.139999|50.029999|50.299999|11630100|0.9700498779|48.793507
2026-01-22|156|WELL|186.080002|186.460007|181.559998|181.960007|3977600|0.9893392873|180.020187
2026-01-22|157|AON|331.989990|336.579987|330.299988|335.959991|1370700|0.9951005240|334.313965
2026-01-22|158|GL|138.660004|139.789993|137.059998|138.309998|437200|0.9958260151|137.732697
2026-01-22|159|OKE|76.260002|78.680000|75.940002|78.559998|7653300|0.9633206765|75.678474
2026-01-22|160|KLAC|1549.140015|1556.580048|1497.879944|1500.000000|1026000|0.0996303139|149.445480
2026-01-22|161|CSX|36.599998|36.770000|35.630001|35.779999|23645200|0.9936713984|35.553558
2026-01-22|162|PSA|289.049988|290.609985|285.309998|286.579987|988700|0.9808120164|281.081085
2026-01-22|163|NKE|65.410004|66.550003|65.250000|65.459999|11853700|0.9845960180|64.451660
2026-01-22|164|AAPL|249.199997|251.000000|248.149994|248.350006|39708300|0.9972854026|247.675842
2026-01-22|165|BRO|77.620003|78.699997|77.519997|78.620003|2747400|0.9924932219|78.029823
2026-01-22|166|UHS|203.440002|206.119995|203.419998|205.710007|723200|0.9976532391|205.227249
2026-01-22|167|HD|386.450012|390.600006|380.529999|381.029999|4828100|0.9859634354|375.681671
2026-01-22|168|BAX|19.969999|20.450001|19.799999|20.070000|9629100|0.9989896155|20.041990
2026-01-22|169|COP|97.010002|97.010002|95.970001|96.879997|7771200|0.9784321345|94.790504
2026-01-22|170|GLW|95.000000|95.650002|92.639999|94.279999|5764100|0.9966096046|93.960350
2026-01-22|171|HUM|270.850006|274.720001|265.000000|266.290009|1096100|0.9926050698|264.320831
2026-01-22|172|LHX|348.239990|356.339996|346.660004|355.750000|1356600|0.9925076273|353.084595
2026-01-22|173|NOC|661.179993|671.099976|660.000000|670.440002|601900|0.9924395226|665.371216
2026-01-22|174|OXY|43.139999|43.330002|42.349998|43.150002|8623200|0.9906984712|42.748642
2026-01-22|175|ROK|425.589996|429.579987|421.660004|425.320007|851900|0.9904239689|421.247131
2026-01-22|176|SLB|48.950001|49.580002|48.540001|49.320000|22767000|0.9889523968|48.775131
2026-01-22|177|SO|89.129997|89.449997|87.389999|87.510002|8025700|0.9759995454|85.409714
2026-01-22|178|WMB|63.419998|64.339996|62.880001|63.720001|5881100|0.9855810767|62.801224
2026-01-22|179|VLO|187.580002|189.309998|185.369995|186.889999|2951500|0.9854130966|184.163849
2026-01-22|180|CI|274.750000|280.730011|274.260010|280.390015|1427800|0.9887906885|277.247040
2026-01-22|181|NSC|289.309998|291.459991|288.209991|289.079987|958100|0.9874047136|285.438934
2026-01-22|182|COO|82.230003|83.790001|82.230003|82.800003|2792600|1.0000000000|82.800003
2026-01-22|183|AMGN|344.149994|349.980011|342.140015|347.070007|3025100|0.9799483831|340.110687
2026-01-22|184|RJF|171.679993|172.639999|170.369995|171.570007|924600|0.9927317770|170.322998
2026-01-22|185|WSM|216.479996|219.539993|209.520004|210.000000|1163400|0.9927167515|208.470520
2026-01-22|186|CAH|209.000000|209.839996|206.270004|206.889999|1742700|0.9954149217|205.941391
2026-01-22|187|CTAS|195.779999|196.470001|192.449997|193.070007|1810900|0.9924218382|191.606888
2026-01-22|188|PAYX|107.430000|108.519997|107.000000|107.190002|4866000|0.9670710940|103.660347
2026-01-22|189|BEN|25.660000|25.959999|25.600000|25.770000|5826100|0.9758021744|25.146423
2026-01-22|190|AOS|72.730003|73.389999|72.290001|73.089996|1125900|0.9834989125|71.883926
2026-01-22|191|CASY|625.950012|632.479980|614.119995|618.809998|409600|0.9976268719|617.341492
2026-01-22|192|T|23.570000|23.830000|23.500000|23.580000|30388300|0.9765662530|23.027431
2026-01-22|193|VZ|39.320000|39.689999|39.250000|39.480000|18880500|0.9686690897|38.243057
2026-01-22|194|JBHT|209.350006|212.000000|208.320007|210.729996|856000|0.9944705560|209.564789
2026-01-22|195|ATO|169.309998|169.309998|163.770004|165.399994|2000600|0.9829545502|162.580688
2026-01-22|196|LRCX|235.559998|236.100006|219.759995|220.699997|11958600|0.9981002163|220.280716
2026-01-22|197|MU|396.640015|397.779999|376.920013|397.579987|39607600|0.9994263974|397.351929
2026-01-22|198|AJG|249.190002|252.110001|247.100006|250.380005|2703800|0.9936444599|248.788712
2026-01-22|199|AME|222.139999|223.789993|220.729996|221.919998|1955500|0.9969202115|221.236526
2026-01-22|200|SWKS|59.130001|61.799999|58.849998|59.669998|4330100|0.9796110161|58.453384
2026-01-22|201|EXPD|163.250000|164.110001|160.649994|160.800003|875900|0.9948730934|159.975601
2026-01-22|202|UNH|347.179993|354.950012|346.769989|354.470001|7491400|0.9866504480|349.738007
2026-01-22|203|BBY|66.970001|67.620003|66.599998|67.059998|3249000|0.9720666083|65.186783
2026-01-22|204|DOC|17.930000|18.030001|17.680000|17.790001|10094000|0.9628888149|17.129795
2026-01-22|205|ADSK|268.709991|271.440002|263.049988|269.769989|3157400|1.0000000000|269.769989
2026-01-22|206|DVN|37.709999|37.990002|36.950001|37.980000|8722300|0.9877783076|37.515820
2026-01-22|207|NVR|7820.000000|7898.009766|7760.390137|7762.310059|33000|1.0000000000|7762.310059
2026-01-22|208|ROST|192.929993|193.960007|186.460007|187.009995|3219800|0.9959267541|186.248245
2026-01-22|209|JKHY|187.919998|190.169998|186.860001|188.699997|477700|0.9919197584|187.175247
2026-01-22|210|MNST|81.599998|81.809998|80.610001|80.889999|5713800|0.5000000000|80.889999
2026-01-22|211|ORCL|179.369995|180.160004|176.500000|178.179993|21141900|0.9930647011|176.944260
2026-01-22|212|MSFT|447.619995|452.839996|444.700012|451.140015|25349400|0.9936958009|448.295929
2026-01-22|213|TROW|106.519997|108.169998|106.419998|107.099998|1223900|0.9736426638|104.277130
2026-01-22|214|COST|977.890015|984.000000|971.559998|976.169983|2074400|0.9956058515|971.880554
2026-01-22|215|ADBE|296.000000|301.820007|295.200012|299.730011|4974500|1.0000000000|299.730011
2026-01-22|216|FISV|66.029999|67.550003|65.989998|67.400002|7179800|1.0000000000|67.400002
2026-01-22|217|BKR|53.500000|54.590000|52.900002|54.459999|9858800|0.9892821118|53.876301
2026-01-22|218|CDNS|317.000000|317.829987|310.799988|317.089996|1383500|1.0000000000|317.089996
2026-01-22|219|TJX|155.940002|156.690002|152.740005|153.419998|5808100|0.9907991610|152.008408
2026-01-22|220|FICO|1546.790039|1572.489990|1526.329956|1556.949951|270600|1.0000000000|1556.949951
2026-01-22|221|CCL|28.870001|28.969999|28.410000|28.490000|16454800|0.9841845235|28.039415
2026-01-22|222|FAST|44.830002|44.950001|44.169998|44.779999|9297000|0.9838279433|44.055817
2026-01-22|223|SCHW|103.070000|105.809998|103.010002|104.050003|13539500|0.9901836685|103.028610
2026-01-22|224|JCI|116.279999|116.610001|113.959999|114.510002|3726300|0.9941759575|113.843086
2026-01-22|225|COHR|208.199997|213.300003|198.800003|202.720001|4101300|1.0000000000|202.720001
2026-01-22|226|KEY|21.700001|22.070000|21.559999|21.570000|16150500|0.9804836286|21.149033
2026-01-22|227|MOS|27.820000|28.790001|27.700001|28.160000|10595700|0.9816582705|27.643497
2026-01-22|228|MGM|34.240002|34.840000|34.009998|34.419998|3243900|1.0000000000|34.419998
2026-01-22|229|WM|226.479996|229.610001|226.419998|229.000000|2766000|0.9917417797|227.108871
2026-01-22|230|TECH|71.800003|72.160004|69.300003|69.650002|2453600|0.9957086055|69.351112
2026-01-22|231|IEX|199.789993|200.320007|197.119995|197.839996|591700|0.9931996195|196.494614
2026-01-22|232|GEN|25.270000|25.549999|25.020000|25.219999|6185500|0.9850474704|24.842896
2026-01-22|233|CRH|122.849998|124.680000|122.080002|124.489998|4606300|0.9889154582|123.110085
2026-01-22|234|EOG|107.459999|107.809998|105.269997|106.320000|4561900|0.9849854996|104.723656
2026-01-22|235|PTC|162.699997|164.740005|162.270004|164.710007|686500|1.0000000000|164.710007
2026-01-22|236|CSCO|74.110001|74.779999|73.879997|74.330002|12879800|0.9909035959|73.653870
2026-01-22|237|LH|265.609985|271.859985|265.290009|269.970001|735300|0.9947633093|267.981689
2026-01-22|238|TRMB|70.699997|71.709999|70.510002|71.480003|2271500|1.0000000000|71.480003
2026-01-22|239|AZO|3657.989990|3707.959961|3640.760010|3698.629883|186300|1.0000000000|3698.629883
2026-01-22|240|REGN|750.340027|765.000000|747.369995|755.510010|765400|0.9961457605|752.598083
2026-01-22|241|IDXX|697.440002|703.539978|688.700012|691.049988|453700|1.0000000000|691.049988
2026-01-22|242|AES|14.420000|14.660000|14.130000|14.610000|8078500|0.9646899783|14.094121
2026-01-22|243|VRTX|463.739990|472.579987|458.309998|467.350006|1535100|1.0000000000|467.350006
2026-01-22|244|ZBRA|247.029999|248.779999|243.619995|246.830002|619800|1.0000000000|246.830002
2026-01-22|245|BIIB|171.779999|175.289993|171.649994|173.800003|996400|1.0000000000|173.800003
2026-01-22|246|ODFL|179.190002|181.250000|177.080002|178.250000|1650700|0.9973411992|177.776077
2026-01-22|247|APH|156.000000|157.539993|148.869995|152.500000|7799600|0.9965240421|151.969910
2026-01-22|248|KIM|20.930000|21.120001|20.650000|20.760000|7084400|0.9782318124|20.308094
2026-01-22|249|QCOM|158.470001|159.429993|156.809998|157.800003|7450300|0.9899641514|156.216339
2026-01-22|250|GILD|129.130005|133.100006|129.000000|131.139999|8550500|0.9878606941|129.548035
2026-01-22|251|ROP|404.019989|410.000000|402.970001|407.480011|1302900|0.9949619600|405.427124
2026-01-22|252|SNPS|522.739990|525.039978|500.000000|509.470001|1902200|1.0000000000|509.470001
2026-01-22|253|STZ|162.860001|163.490005|159.850006|160.720001|2292500|0.9792322433|157.382217
2026-01-22|254|BSX|91.919998|93.070000|90.919998|91.290001|11698700|1.0000000000|91.290001
2026-01-22|255|STE|260.209991|263.130005|259.019989|260.899994|335700|0.9945039836|259.466064
2026-01-22|256|DHI|160.869995|161.419998|155.500000|155.740005|3996200|0.9911938574|154.368530
2026-01-22|257|LIN|439.850006|447.290009|439.850006|445.640015|2214000|0.9935105778|442.748108
2026-01-22|258|SBUX|96.470001|97.800003|94.860001|95.830002|14150800|0.9821606772|94.120453
2026-01-22|259|MS|184.529999|186.039993|182.259995|183.050003|8966900|0.9837860335|180.082031
2026-01-22|260|INTU|526.840027|548.250000|526.840027|547.690002|3228300|0.9925226498|543.594727
2026-01-22|261|MCHP|79.010002|79.500000|75.160004|75.470001|12631100|0.9832658267|74.207069
2026-01-22|262|CB|298.269989|301.339996|297.049988|300.920013|2279200|0.9939554166|299.101074
2026-01-22|263|ORLY|98.269997|99.309998|97.709999|98.879997|4924800|1.0000000000|98.879997
2026-01-22|264|RCL|282.000000|287.190002|280.320007|285.549988|2349000|0.9895699200|282.571686
2026-01-22|265|JBL|256.829987|258.049988|242.119995|244.699997|1124600|0.9992441666|244.515045
2026-01-22|266|ALL|192.589996|195.490005|191.130005|195.279999|1572200|0.9897514584|193.278656
2026-01-22|267|CPT|107.309998|109.180000|106.320000|106.470001|1153100|0.9801843508|104.360229
2026-01-22|268|VMRK|61.310001|61.779999|60.630001|60.959999|2546400|0.9778762777|59.611340
2026-01-22|269|IT|233.610001|238.559998|233.610001|237.119995|831000|1.0000000000|237.119995
2026-01-22|270|DECK|102.330002|103.930000|100.860001|101.620003|2299400|1.0000000000|101.620003
2026-01-22|271|REG|71.029999|72.129997|70.639999|70.860001|1962200|0.9810739142|69.518898
2026-01-22|272|INCY|105.019997|106.059998|104.360001|105.059998|1307500|1.0000000000|105.059998
2026-01-22|273|SPG|184.910004|187.929993|183.869995|185.100006|1440400|0.9778630534|181.002472
2026-01-22|274|MAA|135.259995|137.130005|134.279999|134.660004|731700|0.9765831817|131.506699
2026-01-22|275|MLM|646.690002|657.229980|639.289978|652.070007|357500|0.9973479749|650.340698
2026-01-22|276|TSCO|53.529999|54.639999|53.169998|53.400002|9704500|0.9807531624|52.372215
2026-01-22|277|ALB|179.300003|189.179993|178.479996|188.320007|4220400|0.9949889134|187.376328
2026-01-22|278|CPRT|41.310001|41.790001|41.160000|41.270000|6949100|1.0000000000|41.270000
2026-01-22|279|FLEX|67.650002|67.930000|63.250000|64.720001|2975800|1.0000000000|64.720001
2026-01-22|280|ESS|257.029999|259.480011|252.789993|252.949997|547400|0.9806657936|248.059418
2026-01-22|281|O|61.759998|61.950001|60.790001|60.849998|7229800|0.9702778493|59.041405
2026-01-22|282|MCO|528.190002|533.840027|526.030029|530.239990|612400|0.9933686768|526.723816
2026-01-22|283|SJM|101.449997|102.790001|100.669998|102.080002|1146400|0.9701300487|99.030869
2026-01-22|284|MCK|823.830017|826.679993|814.989990|817.049988|583700|0.9980659618|815.469788
2026-01-22|285|COF|233.050003|237.979996|232.309998|235.070007|5522100|0.9884398390|232.352554
2026-01-22|286|EME|720.500000|724.739990|690.000000|702.890015|290200|0.9989862194|702.177429
2026-01-22|287|DLTR|131.949997|133.000000|125.309998|126.790001|5045500|1.0000000000|126.790001
2026-01-22|288|COR|356.140015|356.510010|351.019989|352.470001|1162600|0.9940692618|350.379608
2026-01-22|289|DRI|208.589996|209.220001|205.020004|205.160004|894800|0.9843985059|201.959198
2026-01-22|290|RMD|262.000000|264.089996|254.649994|255.350006|892800|0.9918845144|253.277710
2026-01-22|291|WAB|234.190002|235.050003|231.490005|233.699997|794100|0.9965472933|232.893097
2026-01-22|292|FCX|60.779999|61.750000|58.240002|58.849998|25597200|0.9953868541|58.578514
2026-01-22|293|IVZ|29.480000|29.610001|29.070000|29.240000|4253000|0.9777629266|28.589788
2026-01-22|294|ACGL|91.690002|92.580002|90.959999|92.510002|1848100|1.0000000000|92.510002
2026-01-22|295|ERIE|280.000000|286.369995|278.959991|285.350006|121800|0.9885906317|282.094330
2026-01-22|296|EG|322.359985|323.320007|319.000000|321.700012|349000|0.9878843207|317.802399
2026-01-22|297|DVA|107.330002|110.430000|107.199997|109.169998|904400|1.0000000000|109.169998
2026-01-22|298|HSIC|78.970001|79.440002|78.239998|78.470001|944500|1.0000000000|78.470001
2026-01-22|299|EL|118.540001|120.269997|117.169998|119.489998|3602700|0.9930325985|118.657463
2026-01-22|300|WAT|397.359985|400.970001|397.029999|400.420013|521300|1.0000000000|400.420013
2026-01-22|301|NTAP|97.949997|99.580002|97.000000|99.250000|2317200|0.9918913810|98.445221
2026-01-22|302|HIG|129.669998|129.970001|128.449997|129.949997|1532800|0.9910400733|128.785660
2026-01-22|303|IRM|94.250000|95.120003|93.169998|93.849998|1576300|0.9851777356|92.458931
2026-01-22|304|BRK-B|483.260010|485.880005|481.720001|484.489990|4054200|1.0000000000|484.489990
2026-01-22|305|FDS|285.549988|290.209991|285.549988|288.790009|362100|0.9900356292|285.912384
2026-01-22|306|STLD|181.820007|182.809998|177.809998|178.809998|1305400|0.9946588101|177.854950
2026-01-22|307|DGX|185.110001|185.470001|182.009995|182.160004|1754200|0.9916252453|180.634460
2026-01-22|308|CIEN|236.619995|239.119995|222.869995|230.029999|2095000|1.0000000000|230.029999
2026-01-22|309|TTWO|239.559998|241.550003|233.850006|241.100006|1625500|1.0000000000|241.100006
2026-01-22|310|VTR|78.070000|78.070000|76.470001|76.580002|3003900|0.9878430433|75.649025
2026-01-22|311|AMZN|234.050003|235.720001|230.899994|234.339996|31913300|1.0000000000|234.339996
2026-01-22|312|ARE|58.610001|59.380001|57.910000|58.090000|2833500|0.9716953716|56.445786
2026-01-22|313|RL|371.859985|377.070007|361.079987|363.799988|400200|0.9948318200|361.919800
2026-01-22|314|BXP|66.540001|67.510002|65.349998|65.400002|1674400|0.9761958291|63.843204
2026-01-22|315|FIX|1170.000000|1177.869995|1101.099976|1131.699951|368200|0.9985721755|1130.083984
2026-01-22|316|YUM|154.429993|155.250000|153.020004|153.529999|2048500|0.9905648102|152.081421
2026-01-22|317|CHRW|179.679993|179.910004|177.190002|177.899994|1551100|0.9931897587|176.688461
2026-01-22|318|FE|47.349998|47.400002|46.430000|47.049999|4977000|0.9707938980|45.675850
2026-01-22|319|MTD|1449.780029|1456.750000|1431.000000|1438.109985|91600|1.0000000000|1438.109985
2026-01-22|320|PLD|130.699997|131.039993|126.440002|126.669998|6072600|0.9848712132|124.753639
2026-01-22|321|URI|949.789978|961.190002|949.320007|956.010010|585900|0.9939808437|950.255615
2026-01-22|322|AEE|104.059998|104.320000|102.449997|102.900002|1500200|0.9863006617|101.490341
2026-01-22|323|VRSN|252.979996|254.820007|250.009995|251.500000|695600|0.9907421953|249.171646
2026-01-22|324|PWR|479.049988|483.290009|459.429993|468.779999|978800|0.9996508742|468.616333
2026-01-22|325|AMT|177.289993|181.080002|176.520004|176.949997|3741500|0.9807453674|173.542892
2026-01-22|326|MAR|322.989990|327.200012|320.709991|321.670013|1575600|0.9940852561|319.767426
2026-01-22|327|CTSH|84.470001|85.739998|84.150002|84.610001|4076100|0.9822114026|83.104912
2026-01-22|328|SRE|86.489998|87.120003|85.269997|85.750000|6330500|0.9860298575|84.552063
2026-01-22|329|CSGP|64.870003|67.790001|64.690002|66.260002|7257200|1.0000000000|66.260002
2026-01-22|330|RSG|214.369995|216.270004|213.979996|215.750000|1013900|0.9942648020|214.512634
2026-01-22|331|CCI|87.120003|87.970001|86.150002|86.190002|2493900|0.9762634240|84.144150
2026-01-22|332|EBAY|94.150002|94.230003|92.900002|93.879997|4137400|0.9939126631|93.025681
2026-01-22|333|NVDA|184.750000|186.169998|183.929993|184.839996|139636600|0.9987817973|184.614822
2026-01-22|334|BKNG|5207.910156|5248.609924|5119.070053|5150.899887|222600|0.0398088823|205.051559
2026-01-22|335|GS|960.059998|970.950012|950.809998|954.650024|2468300|0.9903999491|945.485352
2026-01-22|336|FFIV|263.570007|267.410004|261.059998|262.000000|701500|1.0000000000|262.000000
2026-01-22|337|SBAC|186.520004|188.740005|184.720001|185.289993|879300|0.9805017315|181.677155
2026-01-22|338|LII|518.030029|522.270020|501.160004|509.679993|535500|0.9946881341|506.972656
2026-01-22|339|BLK|1137.599976|1148.020020|1132.459961|1139.719971|683500|0.9888912077|1127.058960
2026-01-22|340|TKO|205.610001|205.899994|197.589996|200.130005|970000|0.9921219970|198.553375
2026-01-22|341|AKAM|94.410004|97.570000|94.019997|97.029999|4183600|1.0000000000|97.029999
2026-01-22|342|UPS|108.989998|110.040001|108.870003|109.300003|3487300|0.9546755018|104.346031
2026-01-22|343|A|139.300003|141.190002|138.429993|138.630005|1453200|0.9958080410|138.048874
2026-01-22|344|TDY|628.869995|630.760010|618.570007|621.619995|602500|1.0000000000|621.619995
2026-01-22|345|PKG|221.029999|222.690002|217.630005|218.759995|760300|0.9876260349|216.053070
2026-01-22|346|EW|85.239998|86.199997|84.320000|84.440002|3821500|1.0000000000|84.440002
2026-01-22|347|MET|76.620003|77.269997|76.199997|76.919998|2681200|0.9792675716|75.325264
2026-01-22|348|ON|64.980003|65.769997|62.669998|63.070000|8657300|1.0000000000|63.070000
2026-01-22|349|ISRG|525.409973|532.000000|522.719971|525.809998|2911800|1.0000000000|525.809998
2026-01-22|350|CRL|228.389999|228.389999|222.300003|224.029999|521200|1.0000000000|224.029999
2026-01-22|351|MRVL|84.470001|85.349998|82.739998|83.099998|12997600|0.9992531920|83.037933
2026-01-22|352|EQIX|796.599976|801.859985|788.369995|792.760010|347000|0.9849779860|780.851196
2026-01-22|353|TPR|132.639999|133.300003|128.690002|129.520004|2786900|0.9944862341|128.805847
2026-01-22|354|GRMN|206.000000|207.759995|204.479996|206.119995|1098600|0.9917889977|204.427551
2026-01-22|355|GPN|73.919998|76.470001|73.750000|75.940002|3680100|0.9929199565|75.402344
2026-01-22|356|ALGN|171.149994|172.360001|167.490005|168.919998|662000|1.0000000000|168.919998
2026-01-22|357|WTW|318.410004|322.500000|317.459991|322.470001|368800|0.9930717262|320.235840
2026-01-22|358|MDLZ|57.259998|58.209999|57.209999|57.580002|11525500|0.9831751096|56.611229
2026-01-22|359|AXON|613.010010|617.989990|598.280029|607.289978|509800|1.0000000000|607.289978
2026-01-22|360|FIS|60.599998|61.540001|60.369999|61.299999|3760000|0.9802816760|60.091267
2026-01-22|361|ACN|283.829987|289.000000|283.390015|285.089996|4379200|0.9798095806|279.333893
2026-01-22|362|ZBH|86.550003|88.599998|86.360001|87.540001|2160200|0.9946488082|87.071548
2026-01-22|363|BG|112.290001|112.900002|111.320000|112.660004|1824100|0.9821514316|110.649185
2026-01-22|364|PFG|91.089996|92.690002|91.089996|92.150002|2474400|0.9832413887|90.605690
2026-01-22|365|ELV|368.660004|372.950012|364.890015|372.239990|1482700|0.9898456688|368.460144
2026-01-22|366|CNC|45.150002|45.630001|44.709999|45.419998|5197000|1.0000000000|45.419998
2026-01-22|367|PRU|109.269997|110.220001|108.330002|108.769997|1749700|0.9622422893|104.663086
2026-01-22|368|NFLX|85.019997|85.099998|82.980003|83.540001|69113300|1.0000000000|83.540001
2026-01-22|369|NDAQ|99.000000|99.879997|98.400002|98.779999|3361700|0.9932805958|98.116257
2026-01-22|370|WYNN|115.730003|117.000000|114.349998|115.059998|837900|0.9927789107|114.229141
2026-01-22|371|CME|279.049988|282.760010|278.140015|281.390015|1941500|0.9716146686|273.402679
2026-01-22|372|STX|350.000000|350.049988|330.000000|346.529999|2796300|0.9975473958|345.680084
2026-01-22|373|NRG|152.820007|153.559998|149.559998|151.089996|1713400|0.9903289609|149.628799
2026-01-22|374|AIZ|236.839996|238.160004|232.979996|237.419998|266700|0.9925480196|235.650757
2026-01-22|375|CBRE|171.259995|172.100006|169.970001|170.169998|1199700|1.0000000000|170.169998
2026-01-22|376|CRM|222.240005|228.720001|221.110001|228.089996|9483000|0.9949373630|226.935257
2026-01-22|377|DPZ|399.519989|408.000000|397.000000|405.329987|647800|0.9888611209|400.815063
2026-01-22|378|EXR|145.270004|146.289993|143.529999|143.759995|1202100|0.9779070040|140.583908
2026-01-22|379|GOOG|334.265015|335.209991|328.880005|330.839996|19902100|0.9986949468|330.408234
2026-01-22|380|GOOGL|334.450012|335.149994|328.750000|330.540009|26253600|0.9986999831|330.110321
2026-01-22|381|DLR|159.649994|160.470001|158.190002|158.710007|1751300|0.9866588059|156.592636
2026-01-22|382|MPWR|1092.640015|1098.930054|1071.939941|1076.670044|409400|0.9964842129|1072.884644
2026-01-22|383|LVS|60.130001|60.750000|59.770000|59.939999|5236000|0.9827791790|58.907784
2026-01-22|384|DXCM|71.739998|75.980003|70.779999|73.919998|11335600|1.0000000000|73.919998
2026-01-22|385|BLDR|127.650002|129.850006|124.260002|125.250000|2028700|1.0000000000|125.250000
2026-01-22|386|WBD|28.500000|28.700001|28.330000|28.360001|11295200|1.0000000000|28.360001
2026-01-22|387|EXPE|273.989990|283.700012|273.920013|279.660004|1867400|0.9942877675|278.062531
2026-01-22|388|CF|91.580002|92.900002|88.779999|89.230003|2351000|0.9855673857|87.942177
2026-01-22|389|AMP|507.299988|511.790009|504.760010|508.070007|523500|0.9903313094|503.157593
2026-01-22|390|ICE|171.970001|174.820007|171.750000|174.350006|2967900|0.9930916239|173.145538
2026-01-22|391|PSKY|11.710000|11.940000|11.650000|11.780000|7224800|0.9901049837|11.663436
2026-01-22|392|LYV|140.429993|141.710007|137.509995|138.139999|2294500|1.0000000000|138.139999
2026-01-22|393|CMG|40.770000|41.200001|40.450001|40.540001|12910900|1.0000000000|40.540001
2026-01-22|394|UAL|113.000000|115.080002|110.050003|110.400002|6052100|1.0000000000|110.400002
2026-01-22|395|TDG|1447.750000|1451.000000|1419.349976|1420.520020|269000|1.0000000000|1420.520020
2026-01-22|396|MA|529.919983|533.190002|523.809998|532.859985|5114900|0.9966137732|531.055664
2026-01-22|397|LDOS|192.699997|196.059998|189.669998|193.449997|860900|0.9940154778|192.292297
2026-01-22|398|FSLR|244.350006|247.449997|239.490005|239.679993|1976200|1.0000000000|239.679993
2026-01-22|399|BR|207.679993|211.369995|207.300003|209.789993|1004800|0.9878384663|207.238632
2026-01-22|400|SMCI|33.000000|33.490002|32.369999|32.450001|29917800|1.0000000000|32.450001
2026-01-22|401|TMUS|183.750000|186.309998|183.750000|185.389999|6502700|0.9898439218|182.454132
2026-01-22|402|DAL|69.779999|71.330002|68.379997|68.949997|6874500|0.9922015511|68.412292
2026-01-22|403|IBKR|77.120003|77.769997|76.279999|77.209999|5989500|0.9979162811|77.049118
2026-01-22|404|PODD|284.959991|287.410004|275.119995|280.000000|1305800|1.0000000000|280.000000
2026-01-22|405|TEL|235.050003|239.539993|230.580002|231.350006|2776000|0.9892434805|228.861481
2026-01-22|406|BX|157.289993|157.830002|154.720001|154.910004|3269000|0.9695455041|150.192291
2026-01-22|407|LULU|190.910004|196.279999|190.869995|194.660004|2080600|1.0000000000|194.660004
2026-01-22|408|ULTA|682.809998|693.770020|677.000000|681.640015|498700|1.0000000000|681.640015
2026-01-22|409|MSCI|592.510010|597.609985|586.580017|591.250000|375100|0.9889531620|584.718506
2026-01-22|410|ECHO|124.339996|128.759995|122.139999|127.970001|7731900|1.0000000000|127.970001
2026-01-22|411|PM|169.080002|170.160004|167.000000|170.050003|4060500|0.9830023955|167.159561
2026-01-22|412|V|326.459991|328.390015|324.000000|326.359985|6938700|0.9940309283|324.411957
2026-01-22|413|AWK|131.080002|132.679993|129.830002|131.559998|1205000|0.9796942856|128.888580
2026-01-22|414|KDP|27.670000|27.719999|27.330000|27.549999|12133700|0.9842341174|27.115650
2026-01-22|415|SW|42.250000|42.455002|41.709999|41.779999|3602000|0.9711821711|40.575993
2026-01-22|416|AVGO|335.350006|336.989990|324.890015|325.489990|24275400|0.9963298147|324.295380
2026-01-22|417|VRSK|216.850006|219.440002|215.990005|218.500000|1125500|0.9947617775|217.355453
2026-01-22|418|DG|147.089996|149.259995|143.990005|144.600006|3926800|0.9902299309|143.187271
2026-01-22|419|FTNT|76.489998|77.809998|76.330002|77.620003|4853300|1.0000000000|77.620003
2026-01-22|420|CHTR|188.809998|194.529999|187.690002|192.669998|1801400|1.0000000000|192.669998
2026-01-22|421|FERG|252.029999|255.429993|250.350006|251.770004|2097300|0.9887782143|248.944687
2026-01-22|422|GNRC|177.940002|181.110001|172.850006|175.339996|1771300|1.0000000000|175.339996
2026-01-22|423|LYB|52.009998|52.910000|51.279999|51.540001|5592300|0.9677851714|49.879646
2026-01-22|424|CBOE|274.410004|278.500000|274.190002|277.119995|753800|0.9954503651|275.859192
2026-01-22|425|TSLA|435.160004|449.500000|432.630005|449.359985|71546700|1.0000000000|449.359985
2026-01-22|426|KKR|125.470001|127.000000|123.400002|123.480003|2728900|0.9943370554|122.780746
2026-01-22|427|NXPI|238.130005|241.100006|235.220001|236.750000|2012400|0.9914738451|234.731430
2026-01-22|428|GM|81.209999|82.279999|80.760002|81.139999|6789300|0.9954799629|80.773247
2026-01-22|429|TRGP|190.100006|192.720001|189.559998|191.460007|1325000|0.9854533185|188.674911
2026-01-22|430|CPAY|318.100006|327.540009|316.980011|327.140015|375500|1.0000000000|327.140015
2026-01-22|431|KMI|29.129999|30.180000|28.930000|29.690001|29210800|0.9722301462|28.865515
2026-01-22|432|HCA|464.910004|469.040009|461.850006|466.339996|954100|0.9965176399|464.716034
2026-01-22|433|HII|421.329987|426.619995|416.609985|424.140015|478400|0.9925978670|419.046204
2026-01-22|434|APO|140.559998|141.669998|139.419998|139.729996|2651100|0.9875780044|137.994278
2026-01-22|435|MPC|176.479996|177.949997|174.309998|175.759995|1877500|0.9885237030|173.742935
2026-01-22|436|XYL|142.600006|143.259995|141.309998|142.910004|868600|0.9889650951|141.333008
2026-01-22|437|APTV|80.510002|81.779999|77.370003|77.529999|1957600|1.0000000000|77.529999
2026-01-22|438|PSX|140.839996|143.130005|140.050003|141.929993|2545900|0.9794981865|139.020172
2026-01-22|439|AMCR|42.349998|43.139999|42.320000|42.770000|6423700|0.9708736970|41.524265
2026-01-22|440|META|629.349976|660.570007|626.549988|647.630005|21394700|0.9982193806|646.476807
2026-01-22|441|NOW|126.000000|128.729996|125.099998|128.559998|12944200|1.0000000000|128.559998
2026-01-22|442|PANW|182.479996|183.100006|180.779999|182.270004|7018000|1.0000000000|182.270004
2026-01-22|443|FANG|150.729996|152.570007|149.199997|151.850006|2170300|0.9832059760|149.299835
2026-01-22|444|WDAY|184.660004|189.039993|183.339996|188.179993|2252300|1.0000000000|188.179993
2026-01-22|445|ABBV|216.279999|219.050003|214.759995|218.110001|5650900|0.9847626719|214.786591
2026-01-22|446|NCLH|21.190001|21.330000|20.770000|20.820000|17769300|1.0000000000|20.820000
2026-01-22|447|ZTS|124.269997|126.470001|123.730003|124.400002|4715400|0.9887765322|123.003807
2026-01-22|448|IQV|242.000000|242.990005|238.210007|239.050003|1327100|1.0000000000|239.050003
2026-01-22|449|NWS|30.379999|30.990000|30.350000|30.950001|652200|0.9963262306|30.836296
2026-01-22|450|NWSA|26.209999|26.850000|26.170000|26.730000|3806200|0.9958385353|26.618763
2026-01-22|451|CDW|128.419998|130.399994|127.650002|129.309998|1353700|0.9844137869|127.294540
2026-01-22|452|VEEV|222.750000|226.169998|221.630005|225.279999|1475500|1.0000000000|225.279999
2026-01-22|453|ALLE|166.770004|167.690002|164.380005|166.919998|484200|0.9921390873|165.607849
2026-01-22|454|HLT|297.489990|301.089996|295.119995|295.920013|1625300|0.9986088702|295.508362
2026-01-22|455|ARES|163.940002|165.160004|160.440002|161.520004|1893200|0.9767290545|157.761292
2026-01-22|456|ANET|139.839996|146.399994|137.419998|138.410004|14906700|1.0000000000|138.410004
2026-01-22|457|SYF|77.860001|79.519997|77.430000|78.099998|4384000|0.9876561264|77.135948
2026-01-22|458|CFG|64.370003|65.879997|64.019997|64.250000|7203500|0.9795741096|62.937637
2026-01-22|459|KEYS|218.800003|220.115005|214.464996|215.720001|832300|1.0000000000|215.720001
2026-01-22|460|GDDY|105.300003|106.300003|105.110001|105.980003|1678300|1.0000000000|105.980003
2026-01-22|461|KHC|22.290001|22.780001|22.250000|22.719999|18640500|0.9659839010|21.947153
2026-01-22|462|PYPL|56.590000|57.549999|56.549999|57.150002|14540700|0.9937057617|56.790287
2026-01-22|463|LITE|375.864990|391.459991|350.000000|354.489990|4465600|1.0000000000|354.489990
2026-01-22|464|HPE|21.299999|21.934999|21.299999|21.360001|14748500|0.9906947030|21.161240
2026-01-22|465|XYZ|63.980000|65.677002|63.980000|65.050003|6016400|1.0000000000|65.050003
2026-01-22|466|FTV|54.930000|55.080002|54.360001|54.720001|2076600|0.9979248563|54.606449
2026-01-22|467|DELL|114.230003|119.589996|113.980003|117.169998|8372200|0.9952707496|116.615875
2026-01-22|468|TTD|35.744999|36.955002|35.630001|36.820000|8293100|1.0000000000|36.820000
2026-01-22|469|VST|161.929993|163.500000|159.149994|160.360001|4176200|0.9972411805|159.917587
2026-01-22|470|HWM|224.339996|226.000000|216.119995|217.699997|3862700|0.9985047767|217.374481
2026-01-22|471|INVH|27.570000|27.719999|26.950001|27.020000|4259600|0.9779475029|26.424143
2026-01-22|472|CVNA|458.530006|479.329987|457.719994|478.450012|2662300|0.2000000000|95.690002
2026-01-22|473|IR|90.349998|90.800003|87.209999|87.550003|5614600|0.9992655835|87.485695
2026-01-22|474|VICI|28.330000|28.600000|28.139999|28.190001|7437500|0.9677245240|27.280155
2026-01-22|475|VRT|186.919998|189.899994|179.199997|181.119995|5508700|0.9995540701|181.039230
2026-01-22|476|MRNA|50.240002|55.200001|50.049999|51.869999|34243500|1.0000000000|51.869999
2026-01-22|477|FOXA|73.000000|73.180000|72.250000|72.330002|2590500|0.9951185496|71.976929
2026-01-22|478|FOX|65.470001|65.779999|65.000000|65.029999|1181400|0.9946544484|64.682381
2026-01-22|479|DOW|28.610001|29.090000|28.270000|28.330000|11409000|0.9783459966|27.716541
2026-01-22|480|UBER|83.500000|85.430000|81.510002|82.559998|19457200|1.0000000000|82.559998
2026-01-22|481|CTVA|71.870003|72.300003|71.290001|71.559998|2756100|0.9954590981|71.235054
2026-01-22|482|CRWD|454.450012|454.470001|446.279999|453.769989|1514700|0.2500000000|113.442497
2026-01-22|483|DDOG|128.100006|133.500000|127.459999|131.250000|9645800|1.0000000000|131.250000
2026-01-22|484|CARR|58.330002|58.430000|57.064999|57.439999|9094200|0.9928803129|57.031048
2026-01-22|485|OTIS|89.849998|90.389999|89.160004|90.269997|3356800|0.9834662418|88.777496
2026-01-22|486|PLTR|168.925003|169.000000|164.949997|165.899994|28499500|1.0000000000|165.899994
2026-01-22|487|DASH|209.589996|214.210007|207.179993|207.649994|4314300|1.0000000000|207.649994
2026-01-22|488|ABNB|134.320007|137.210007|133.509995|133.800003|3577100|1.0000000000|133.800003
2026-01-22|489|EXE|110.000000|110.919998|107.910004|109.489998|2852600|0.9826864450|107.594337
2026-01-22|490|COIN|228.529999|230.750000|223.020004|223.139999|7088800|1.0000000000|223.139999
2026-01-22|491|APP|538.929993|539.859985|514.349976|521.940002|5650600|1.0000000000|521.940002
2026-01-22|492|HOOD|107.480003|108.080002|105.099998|106.250000|14834400|1.0000000000|106.250000
2026-01-22|493|CEG|300.489990|302.730011|286.899994|287.350006|4771600|0.9955820742|286.080505
2026-01-22|494|GEHC|81.470001|83.209999|81.214996|81.889999|5526300|0.9989494212|81.803963
2026-01-22|495|KVUE|17.320000|17.809999|17.309999|17.750000|67117300|0.9661066365|17.148392
2026-01-22|496|VLTO|102.120003|102.519997|101.190002|101.480003|1577100|0.9970188523|101.177475
2026-01-22|497|RDDT|214.000000|216.000000|209.779999|214.539993|2708200|1.0000000000|214.539993
2026-01-22|498|SOLV|80.440002|81.224998|80.044998|80.260002|520100|1.0000000000|80.260002
2026-01-22|499|GEV|671.909973|679.330017|645.260010|661.669983|2858800|0.9988852954|660.932434
2026-01-22|500|SNDK|501.290009|509.498993|467.559998|503.440002|20607500|1.0000000000|503.440002
2026-01-22|501|Q|106.000000|107.839996|97.900002|98.760002|3652300|0.9988559230|98.647018
