date|security_id|ticker|open|high|low|close|volume|adj_factor|adj_close_vendor
2026-01-21|1|AEP|119.750000|120.349998|117.849998|118.980003|3632500|0.9775591772|116.309990
2026-01-21|2|BA|248.889999|251.309998|244.679993|250.070007|8160700|1.0000000000|250.070007
2026-01-21|3|CAT|633.669983|647.200012|627.320007|645.380005|2490700|0.9962516275|642.960938
2026-01-21|4|CNP|39.689999|39.820000|39.369999|39.529999|6312900|0.9832236217|38.866825
2026-01-21|5|CVX|167.000000|168.479996|166.059998|166.729996|10918500|0.9728341284|162.200653
2026-01-21|6|DIS|110.570000|113.250000|110.500000|113.190002|10041400|0.9923958226|112.329285
2026-01-21|7|DTE|136.600006|137.500000|136.259995|137.070007|2782600|0.9843774065|134.928619
2026-01-21|8|ED|105.209999|105.620003|103.080002|103.839996|2386300|0.9759585897|101.343536
2026-01-21|9|GD|360.179993|367.010010|359.750000|364.779999|1076200|0.9910149667|361.502472
2026-01-21|10|GE|313.059998|320.329987|310.660004|318.500000|9783900|0.9973022307|317.640778
2026-01-21|11|HON|215.959995|220.410001|215.540002|219.169997|5655500|1.0347776740|226.792221
2026-01-21|12|HPQ|19.870001|19.990000|19.280001|19.530001|18332500|0.9721972446|18.987013
2026-01-21|13|IBM|292.760010|297.670013|292.510010|297.540009|5185000|0.9800357773|291.599823
2026-01-21|14|IP|42.090000|43.240002|41.869999|42.790001|7011800|0.9645837619|41.274544
2026-01-21|15|JNJ|211.000000|218.679993|210.500000|218.009995|14762900|0.9841702191|214.558945
2026-01-21|16|KO|71.980003|72.239998|70.830002|72.010002|21660600|0.9867998793|71.059464
2026-01-21|17|KR|63.380001|64.239998|63.259998|63.919998|6316300|0.9830507535|62.836601
2026-01-21|18|LMT|576.059998|588.969971|576.059998|586.229980|1817700|0.9882876617|579.363892
2026-01-21|19|MMM|157.119995|158.639999|154.339996|155.880005|6969100|0.9860940463|153.712341
2026-01-21|20|MO|61.310001|61.500000|60.259998|61.080002|9095400|0.9690282260|59.188248
2026-01-21|21|MRK|109.190002|111.970001|108.730003|111.110001|12844400|0.9855603323|109.505615
2026-01-21|22|MSI|393.420013|400.260010|392.869995|394.950012|1192200|0.9943844568|392.732147
2026-01-21|23|PG|147.059998|147.369995|144.970001|146.059998|14126800|0.9782265339|142.879745
2026-01-21|24|XOM|131.910004|133.729996|131.910004|133.610001|18879900|0.9803338832|130.982422
2026-01-21|25|RTX|197.600006|198.300003|195.580002|197.500000|5463400|0.9892687733|195.380585
2026-01-21|26|MCD|303.339996|305.709991|303.140015|305.690002|3630900|0.9877457529|301.944000
2026-01-21|27|AXP|352.299988|362.630005|352.269989|359.609985|2780300|0.9941272834|357.498108
2026-01-21|28|BMY|54.099998|54.619999|53.549999|54.500000|15834800|0.9787458882|53.341652
2026-01-21|29|DD|42.870000|43.600001|42.679998|43.380000|4422900|2.9761992776|129.107529
2026-01-21|30|DE|512.690002|530.200012|511.130005|529.510010|1620600|0.9945059901|526.600891
2026-01-21|31|EMR|146.850006|150.550003|145.869995|149.570007|2396500|0.9888087280|147.896133
2026-01-21|32|ETN|340.010010|342.589996|334.440002|337.959991|3426200|0.9917042798|335.156342
2026-01-21|33|ETR|95.599998|96.410004|94.610001|95.730003|2891100|0.9822109154|94.027054
2026-01-21|34|F|13.410000|13.770000|13.410000|13.770000|58160100|0.9665034086|13.308752
2026-01-21|35|HAL|32.500000|33.799999|32.500000|33.360001|26694700|0.9909628646|33.058525
2026-01-21|36|LLY|1043.859985|1081.329956|1042.020020|1078.520020|3685900|0.9951920486|1073.334473
2026-01-21|37|PCG|15.550000|15.550000|15.050000|15.170000|25331300|0.9942476518|15.082736
2026-01-21|38|PEP|147.050003|148.009995|144.940002|146.740005|7679600|0.9808256472|143.926361
2026-01-21|39|PFE|25.469999|25.920000|25.379999|25.889999|47264100|0.9509184966|24.619280
2026-01-21|40|TXN|191.449997|196.130005|191.259995|194.410004|7272000|0.9834571490|191.193893
2026-01-21|41|WFC|86.500000|87.559998|86.029999|86.120003|17606700|0.9838041369|84.725212
2026-01-21|42|HUBB|476.250000|487.299988|472.765015|482.500000|639163|0.9943029521|479.751221
2026-01-21|43|WMT|118.080002|120.489998|117.550003|119.360001|34811700|0.9936722171|118.604713
2026-01-21|44|AIG|72.650002|73.300003|71.709999|71.889999|3791200|0.9875732230|70.996635
2026-01-21|45|AVY|184.000000|186.210007|183.009995|185.869995|560400|0.9887328339|183.775772
2026-01-21|46|BAC|52.230000|52.860001|52.049999|52.070000|36340000|0.9892387825|51.509663
2026-01-21|47|BALL|55.709999|55.930000|54.939999|55.919998|1970100|0.9933732915|55.549435
2026-01-21|48|BDX|205.069998|207.539990|204.129992|206.180009|1742600|0.7757059857|159.935074
2026-01-21|49|CLX|109.849998|110.730003|108.129997|110.540001|1822000|0.9654541242|106.721298
2026-01-21|50|CMI|573.359985|584.700012|567.400024|582.039978|756100|0.9898444823|576.129028
2026-01-21|51|CMS|71.820000|72.120003|71.339996|71.690002|2785600|0.9770377822|70.043839
2026-01-21|52|CVS|80.449997|82.080002|80.239998|81.489998|9138500|0.9771601786|79.628777
2026-01-21|53|ECL|275.000000|282.470001|274.390015|279.859985|1320800|0.9946163507|278.353333
2026-01-21|54|ES|71.320000|71.599998|70.550003|71.379997|2016000|0.9779292778|69.804588
2026-01-21|55|EVRG|76.650002|77.059998|75.809998|76.910004|2981500|0.9752573788|75.007050
2026-01-21|56|GWW|1041.459961|1068.170044|1035.079956|1058.579956|168400|0.9941570385|1052.394653
2026-01-21|57|LNT|67.739998|67.800003|66.839996|67.440002|2837800|0.9771332386|65.897865
2026-01-21|58|MKC|67.580002|67.650002|65.730003|66.559998|6748700|0.9822640876|65.379494
2026-01-21|59|MRSH|181.449997|182.000000|178.259995|179.679993|3337700|0.9842873682|176.856750
2026-01-21|60|NEE|84.040001|84.389999|83.199997|83.849998|8296600|0.9860055271|82.059479
2026-01-21|61|NI|43.779999|43.900002|43.090000|43.790001|6957600|0.9804324438|42.933140
2026-01-21|62|PNW|93.699997|94.000000|92.629997|93.449997|940900|0.9727255046|90.901192
2026-01-21|63|RVTY|113.080002|117.120003|111.529999|116.529999|2252900|0.9985919505|116.365921
2026-01-21|64|SNA|367.950012|372.630005|366.989990|371.640015|316700|0.9808470667|364.522003
2026-01-21|65|SPGI|520.650014|532.769999|520.650014|531.160016|1487800|0.9395781501|499.066315
2026-01-21|66|TER|229.190002|234.839996|225.710007|231.889999|3005500|0.9992046578|231.705566
2026-01-21|67|TGT|108.610001|110.250000|104.889999|106.040001|6547300|0.9731968404|103.197792
2026-01-21|68|TXT|93.900002|96.349998|93.459999|96.320000|1956600|0.9995682296|96.278404
2026-01-21|69|VMC|298.820007|301.000000|294.989990|299.010010|972700|0.9942812010|297.300018
2026-01-21|70|XEL|76.459999|77.050003|76.059998|76.510002|13776400|0.9852321471|75.380112
2026-01-21|71|ITW|256.779999|262.079987|256.329987|259.940002|1259400|0.9877340632|256.751587
2026-01-21|72|CL|84.690002|85.150002|83.820000|84.730003|6621100|0.9881586198|83.726677
2026-01-21|73|EXC|45.060001|45.230000|44.430000|45.000000|9960200|0.9822723358|44.202255
2026-01-21|74|MDT|99.290001|101.029999|98.739998|100.290001|11294700|0.9830319865|98.588280
2026-01-21|75|BNY|121.000000|121.820000|119.180000|119.760002|4291600|0.9877222173|118.289619
2026-01-21|76|EIX|60.740002|60.900002|59.549999|60.419998|3446100|0.9764773062|58.998760
2026-01-21|77|FRT|103.199997|103.410004|101.480003|102.459999|813600|0.9803038504|100.441933
2026-01-21|78|PNR|105.419998|108.080002|104.650002|107.150002|1048800|0.9901423720|106.093758
2026-01-21|79|USB|55.000000|56.119999|54.750000|55.470001|14689700|0.9813809589|54.437206
2026-01-21|80|WY|27.270000|27.430000|26.910000|27.070000|7825900|0.9829820427|26.609324
2026-01-21|81|SYY|76.779999|77.349998|76.519997|76.930000|2773500|0.9859824728|75.851631
2026-01-21|82|WRB|67.790001|68.250000|66.500000|67.540001|2681100|0.9898085858|66.851677
2026-01-21|83|IFF|71.500000|72.570000|71.180000|71.300003|1806700|0.9889000540|70.508575
2026-01-21|84|TAP|50.000000|50.470001|49.560001|50.430000|2733800|0.9780980891|48.757172
2026-01-21|85|PNC|222.089996|227.779999|221.589996|225.490005|4066400|0.9845274632|222.001099
2026-01-21|86|TRV|274.450012|276.529999|268.140015|272.649994|2571700|0.9922238191|270.529816
2026-01-21|87|C|113.139999|115.589996|113.139999|113.860001|14199900|0.9851223482|112.166023
2026-01-21|88|FDX|301.849996|309.719996|299.250005|306.949996|1924200|0.7995464875|245.420792
2026-01-21|89|WDC|228.009995|244.899994|226.100006|241.899994|9447100|0.9992611044|241.721252
2026-01-21|90|DHR|235.339996|242.220001|234.289993|242.050003|5042900|0.9958070237|241.035095
2026-01-21|91|APA|25.590000|26.610001|25.590000|26.540001|6681900|0.9771167223|25.932676
2026-01-21|92|LUV|42.849998|43.470001|42.349998|42.849998|11975200|0.9913697990|42.480198
2026-01-21|93|PEG|79.970001|80.089996|78.360001|79.769997|4529100|0.9834778438|78.452019
2026-01-21|94|UNP|223.470001|229.929993|223.149994|229.389999|3477800|0.9896596115|227.018021
2026-01-21|95|ABT|121.709999|122.489998|120.330002|120.730003|12557300|0.9867277802|119.127655
2026-01-21|96|ADI|298.959991|308.149994|298.399994|304.970001|3753900|0.9941555324|303.187592
2026-01-21|97|ADM|66.070000|67.839996|65.419998|67.699997|3769800|0.9797994474|66.332413
2026-01-21|98|ADP|255.429993|259.290009|254.500000|256.989990|2540600|0.9843371720|252.964798
2026-01-21|99|AFL|109.050003|109.699997|107.279999|108.559998|2493200|0.9846316611|106.891617
2026-01-21|100|AMAT|319.480011|328.690002|316.910004|325.239990|7914000|0.9964487658|324.084991
2026-01-21|101|AMD|235.990005|252.899994|235.779999|249.800003|62385600|1.0000000000|249.800003
2026-01-21|102|APD|261.190002|264.369995|258.559998|263.109985|1233500|0.9876339339|259.856354
2026-01-21|103|BF-B|27.290001|28.160000|27.150000|28.010000|6829100|0.9822921615|27.514004
2026-01-21|104|CHD|92.000000|92.410004|90.790001|91.760002|3082200|0.9906552793|90.902527
2026-01-21|105|CINF|160.979996|162.750000|160.500000|161.779999|523400|0.9887134133|159.954056
2026-01-21|106|CMCSA|28.090000|29.010000|28.090000|28.889999|44865500|0.9752182964|28.174055
2026-01-21|107|D|61.500000|61.810001|60.490002|60.919998|6995200|0.9796460230|59.680035
2026-01-21|108|DOV|203.250000|209.750000|202.600006|208.550003|1544200|0.9952693212|207.563416
2026-01-21|109|DUK|120.190002|120.839996|118.459999|119.370003|4751700|0.9744921325|116.325127
2026-01-21|110|EFX|209.350006|214.240005|208.649994|212.009995|2184900|0.9938812654|210.712769
2026-01-21|111|EQT|53.049999|55.139999|52.799999|54.830002|19122600|0.9912778241|54.351765
2026-01-21|112|FITB|50.450001|52.959999|50.360001|52.860001|15663300|0.9840657827|52.017719
2026-01-21|113|GIS|44.230000|44.320000|43.430000|43.980000|8437600|0.9666684497|42.514080
2026-01-21|114|GPC|132.570007|136.300003|132.089996|136.240005|866700|0.9802432378|133.548340
2026-01-21|115|HAS|85.860001|87.919998|85.199997|87.900002|2098600|0.9777483232|85.944077
2026-01-21|116|HBAN|18.059999|18.910000|18.059999|18.770000|42494100|0.9810694650|18.414675
2026-01-21|117|HRL|24.500000|24.559999|24.209999|24.430000|3765700|0.9742790885|23.801638
2026-01-21|118|HST|18.330000|18.809999|18.330000|18.680000|8410300|0.9529227702|17.800598
2026-01-21|119|HSY|197.669998|198.330002|194.149994|196.070007|2099900|0.9782056212|191.796783
2026-01-21|120|INTC|50.320000|54.410000|50.150002|54.250000|220565300|1.0000000000|54.250000
2026-01-21|121|J|137.250000|139.500000|136.130005|138.470001|852500|0.9918477371|137.341156
2026-01-21|122|JPM|303.429993|305.399994|301.149994|302.040009|10270100|0.9904464778|299.154480
2026-01-21|123|KMB|101.430000|101.790001|99.440002|100.019997|6802300|0.9744151054|97.460999
2026-01-21|124|L|102.650002|103.400002|101.570000|102.379997|731700|0.9982870407|102.204628
2026-01-21|125|LEN|116.150002|119.760002|115.790001|118.000000|3592200|0.9844362452|116.163475
2026-01-21|126|LOW|267.440002|278.329987|267.010010|277.109985|4022100|0.9891098782|274.092224
2026-01-21|127|MAS|68.680000|71.059998|68.529999|70.180000|2249600|0.9866652888|69.244171
2026-01-21|128|MTB|212.860001|220.600006|212.679993|219.160004|1703600|0.9861939937|216.134293
2026-01-21|129|NEM|120.989998|121.449997|118.169998|118.910004|14088300|0.9956554334|118.393402
2026-01-21|130|NTRS|142.729996|145.740005|140.389999|144.419998|1318500|0.9898281838|142.950974
2026-01-21|131|NUE|177.000000|181.639999|176.610001|180.229996|1774700|0.9941593298|179.177338
2026-01-21|132|OMC|78.470001|79.849998|78.190002|78.580002|2605700|0.9796477026|76.980721
2026-01-21|133|PCAR|120.040001|123.989998|119.949997|123.260002|3005700|0.9916886281|122.235550
2026-01-21|134|PGR|204.350006|205.800003|200.059998|203.000000|4983300|0.9990392069|202.804947
2026-01-21|135|PH|937.039978|952.760010|930.960022|945.289978|687300|0.9958887879|941.403625
2026-01-21|136|PHM|127.570000|131.410004|126.860001|129.970001|1799500|0.9957597479|129.418900
2026-01-21|137|PPG|110.500000|112.860001|109.489998|112.540001|1923900|0.9817392581|110.484932
2026-01-21|138|PPL|37.000000|37.200001|36.619999|37.180000|6438900|0.9846479678|36.609215
2026-01-21|139|RF|27.760000|28.930000|27.700001|28.650000|18288000|0.9811037357|28.108622
2026-01-21|140|ROL|63.419998|63.560001|62.599998|63.299999|2932800|0.9887685295|62.589046
2026-01-21|141|SHW|350.679993|357.720001|348.140015|356.309998|1879400|0.9929181711|353.786713
2026-01-21|142|STT|125.989998|129.860001|125.989998|126.910004|3410700|0.9884428745|125.443283
2026-01-21|143|SWK|81.650002|84.540001|81.610001|83.540001|1392800|0.9785642065|81.749252
2026-01-21|144|SYK|361.630005|365.299988|360.079987|362.940002|1969600|0.9946461548|360.996887
2026-01-21|145|TMO|622.289978|637.979980|620.270020|636.299988|3182400|0.9980119596|635.034973
2026-01-21|146|TPL|331.299988|348.000000|331.299988|346.230011|474200|0.9973306248|345.305786
2026-01-21|147|TSN|61.130001|61.439999|59.849998|59.990002|2726400|0.9836914879|59.011654
2026-01-21|148|TT|389.329987|397.119995|387.010010|395.329987|1662600|0.9953350758|393.485809
2026-01-21|149|TYL|429.410004|438.329987|427.790009|434.329987|503000|1.0000000000|434.329987
2026-01-21|150|UDR|37.759998|37.849998|37.180000|37.669998|7786500|0.9803230978|36.928768
2026-01-21|151|VTRS|12.710000|13.180000|12.710000|13.050000|7794100|0.9769695342|12.749452
2026-01-21|152|WEC|109.900002|110.290001|108.400002|109.519997|1888000|0.9747231440|106.751671
2026-01-21|153|WST|251.679993|255.800003|244.699997|255.160004|1889400|0.9976812219|254.568344
2026-01-21|154|NDSN|267.959991|274.549988|267.959991|273.100006|358100|0.9941183690|271.493744
2026-01-21|155|TFC|47.830002|50.770000|47.830002|50.020000|16770100|0.9700498779|48.521893
2026-01-21|156|WELL|188.729996|189.500000|185.229996|186.000000|3758800|0.9893392873|184.017120
2026-01-21|157|AON|339.500000|341.829987|330.769989|332.760010|1592900|0.9951005240|331.129700
2026-01-21|158|GL|137.539993|139.910004|137.539993|138.729996|434000|0.9958260151|138.150940
2026-01-21|159|OKE|75.290001|76.309998|75.080002|75.820000|3305900|0.9633206765|73.038971
2026-01-21|160|KLAC|1507.250061|1541.250000|1480.440063|1520.000000|1499900|0.0996303139|151.438080
2026-01-21|161|CSX|35.639999|36.849998|35.509998|36.529999|13440900|0.9936713984|36.298813
2026-01-21|162|PSA|286.980011|291.760010|283.970001|288.700012|1789600|0.9808120164|283.160461
2026-01-21|163|NKE|63.880001|65.419998|63.610001|65.410004|17166400|0.9845960180|64.402428
2026-01-21|164|AAPL|248.699997|251.559998|245.179993|247.649994|54641700|0.9972854026|246.977737
2026-01-21|165|BRO|79.220001|79.980003|76.309998|78.070000|2914400|0.9924932219|77.483948
2026-01-21|166|UHS|201.139999|204.619995|200.029999|203.679993|567100|0.9976532391|203.201996
2026-01-21|167|HD|375.799988|385.920013|374.679993|384.640015|5169800|0.9859634354|379.240997
2026-01-21|168|BAX|19.570000|20.010000|19.520000|19.709999|10132600|0.9989896155|19.682493
2026-01-21|169|COP|97.040001|97.919998|96.379997|97.150002|10599100|0.9784321345|95.054680
2026-01-21|170|GLW|93.129997|94.459999|91.550003|93.519997|3861000|0.9966096046|93.202927
2026-01-21|171|HUM|270.170013|271.559998|265.170013|270.670013|1255500|0.9926050698|268.668427
2026-01-21|172|LHX|343.859985|349.200012|343.049988|347.809998|2255400|0.9925076273|345.204102
2026-01-21|173|NOC|658.969971|669.630005|654.659973|664.159973|1011100|0.9924395226|659.138611
2026-01-21|174|OXY|42.720001|43.939999|42.720001|43.509998|9276400|0.9906984712|43.105289
2026-01-21|175|ROK|407.760010|422.369995|407.359985|420.299988|974600|0.9904239689|416.275208
2026-01-21|176|SLB|47.099998|48.610001|47.000000|48.520000|22868200|0.9889523968|47.983971
2026-01-21|177|SO|89.330002|89.550003|88.120003|89.150002|8555900|0.9759995454|87.010353
2026-01-21|178|WMB|62.259998|63.180000|62.180000|63.180000|6993600|0.9855810767|62.269012
2026-01-21|179|VLO|187.979996|193.330002|187.330002|188.190002|3130300|0.9854130966|185.444885
2026-01-21|180|CI|271.540009|276.429993|270.619995|274.910004|1212800|0.9887906885|271.828461
2026-01-21|181|NSC|282.390015|289.540009|281.619995|289.100006|1239200|0.9874047136|285.458679
2026-01-21|182|COO|81.349998|83.099998|81.150002|82.540001|1591300|1.0000000000|82.540001
2026-01-21|183|AMGN|329.950012|343.980011|329.320007|343.600006|4148600|0.9799483831|336.710266
2026-01-21|184|RJF|168.320007|171.679993|168.050003|170.059998|1101000|0.9927317770|168.823959
2026-01-21|185|WSM|207.000000|217.160004|205.710007|215.539993|1062700|0.9927167515|213.970154
2026-01-21|186|CAH|209.220001|210.789993|206.320007|208.470001|1849900|0.9954149217|207.514145
2026-01-21|187|CTAS|193.699997|197.470001|192.889999|195.410004|2125100|0.9924218382|193.929169
2026-01-21|188|PAYX|107.070000|108.730003|106.800003|107.190002|3600800|0.9670710940|103.660347
2026-01-21|189|BEN|25.080000|25.500000|25.010000|25.469999|3588200|0.9758021744|24.853682
2026-01-21|190|AOS|71.279999|72.779999|70.989998|72.239998|910400|0.9834989125|71.047958
2026-01-21|191|CASY|632.059998|637.830017|621.109985|625.419983|442400|0.9976268719|623.935791
2026-01-21|192|T|23.469999|23.790001|23.469999|23.500000|40672100|0.9765662530|22.949308
2026-01-21|193|VZ|39.099998|39.320000|38.959999|39.240002|21158800|0.9686690897|38.010578
2026-01-21|194|JBHT|205.190002|211.259995|204.320007|209.699997|1034100|0.9944705560|208.540466
2026-01-21|195|ATO|169.699997|169.839996|166.679993|168.369995|2305100|0.9829545502|165.500046
2026-01-21|196|LRCX|223.050003|232.899994|220.660004|228.389999|12454800|0.9981002163|227.956116
2026-01-21|197|MU|372.850006|394.200012|366.730011|389.109985|56712800|0.9994263974|388.886780
2026-01-21|198|AJG|255.729996|257.670013|244.979996|250.080002|2710500|0.9936444599|248.490616
2026-01-21|199|AME|216.360001|221.350006|215.410004|220.419998|1969500|0.9969202115|219.741150
2026-01-21|200|SWKS|57.869999|59.040001|57.750000|58.549999|4624900|0.9796110161|57.356224
2026-01-21|201|EXPD|160.600006|163.190002|160.169998|162.509995|891200|0.9948730934|161.676819
2026-01-21|202|UNH|339.429993|348.079987|338.690002|347.750000|8933300|0.9866504480|343.107697
2026-01-21|203|BBY|65.599998|66.669998|65.050003|66.559998|4306500|0.9720666083|64.700745
2026-01-21|204|DOC|17.920000|17.980000|17.610001|17.910000|9130200|0.9628888149|17.245338
2026-01-21|205|ADSK|253.869995|257.489990|253.339996|257.440002|2342600|1.0000000000|257.440002
2026-01-21|206|DVN|37.169998|38.400002|37.099998|37.750000|8628100|0.9877783076|37.288635
2026-01-21|207|NVR|7556.979980|7835.569824|7553.990234|7796.750000|31600|1.0000000000|7796.750000
2026-01-21|208|ROST|190.940002|192.610001|189.869995|192.320007|1964000|0.9959267541|191.536636
2026-01-21|209|JKHY|187.139999|189.529999|186.020004|187.820007|693300|0.9919197584|186.302368
2026-01-21|210|MNST|81.320000|81.760002|79.889999|81.599998|8643400|0.5000000000|81.599998
2026-01-21|211|ORCL|179.679993|180.600006|170.600006|173.880005|38190000|0.9930647011|172.674103
2026-01-21|212|MSFT|452.600006|452.690002|438.679993|444.109985|37980500|0.9936958009|441.310211
2026-01-21|213|TROW|104.790001|106.720001|104.160004|106.129997|1357600|0.9736426638|103.332695
2026-01-21|214|COST|959.599976|989.640015|959.599976|982.859985|4073700|0.9956058515|978.541077
2026-01-21|215|ADBE|290.769989|294.510010|288.329987|294.230011|5645300|1.0000000000|294.230011
2026-01-21|216|FISV|64.709999|66.000000|64.500000|65.730003|8037000|1.0000000000|65.730003
2026-01-21|217|BKR|52.259998|53.799999|52.049999|53.590000|10701900|0.9892821118|53.015629
2026-01-21|218|CDNS|307.529999|316.160004|304.950012|313.839996|1721100|1.0000000000|313.839996
2026-01-21|219|TJX|156.339996|157.000000|155.009995|155.850006|5511800|0.9907991610|154.416046
2026-01-21|220|FICO|1504.000000|1556.349976|1503.459961|1535.540039|339300|1.0000000000|1535.540039
2026-01-21|221|CCL|28.330000|28.530001|28.030001|28.250000|15394100|0.9841845235|27.803211
2026-01-21|222|FAST|42.700001|44.820000|42.549999|44.610001|12914400|0.9838279433|43.888569
2026-01-21|223|SCHW|101.330002|104.830002|99.690002|101.790001|17879500|0.9901836685|100.790794
2026-01-21|224|JCI|115.180000|116.190002|114.669998|115.489998|3607200|0.9941759575|114.817375
2026-01-21|225|COHR|197.509995|208.100006|191.000000|201.460007|5978400|1.0000000000|201.460007
2026-01-21|226|KEY|21.170000|21.860001|21.150000|21.690001|19251000|0.9804836286|21.266689
2026-01-21|227|MOS|27.430000|27.879999|27.129999|27.650000|7147300|0.9816582705|27.142851
2026-01-21|228|MGM|33.860001|34.369999|33.560001|33.900002|4012200|1.0000000000|33.900002
2026-01-21|229|WM|221.500000|226.570007|221.059998|226.490005|3847400|0.9917417797|224.619598
2026-01-21|230|TECH|70.000000|71.629997|69.180000|71.379997|2698900|0.9957086055|71.073677
2026-01-21|231|IEX|195.220001|200.000000|193.460007|199.059998|693600|0.9931996195|197.706314
2026-01-21|232|GEN|25.209999|25.370001|24.900000|25.200001|4490400|0.9850474704|24.823196
2026-01-21|233|CRH|121.660004|121.739998|118.610001|121.000000|6193700|0.9889154582|119.658768
2026-01-21|234|EOG|108.440002|111.019997|106.620003|108.050003|5964700|0.9849854996|106.427681
2026-01-21|235|PTC|161.630005|163.139999|160.000000|161.320007|785800|1.0000000000|161.320007
2026-01-21|236|CSCO|73.949997|74.360001|73.010002|73.690002|18210200|0.9909035959|73.019691
2026-01-21|237|LH|272.890015|274.119995|267.709991|269.140015|826400|0.9947633093|267.157837
2026-01-21|238|TRMB|70.220001|71.199997|69.260002|70.239998|2970000|1.0000000000|70.239998
2026-01-21|239|AZO|3576.820068|3678.570068|3576.820068|3671.679932|254200|1.0000000000|3671.679932
2026-01-21|240|REGN|736.710022|750.000000|735.000000|749.330017|788400|0.9961457605|746.441895
2026-01-21|241|IDXX|689.150024|709.239990|681.000000|696.460022|556500|1.0000000000|696.460022
2026-01-21|242|AES|14.040000|14.410000|13.990000|14.240000|10919100|0.9646899783|13.737185
2026-01-21|243|VRTX|440.540009|465.149994|439.910004|461.140015|2289200|1.0000000000|461.140015
2026-01-21|244|ZBRA|242.309998|246.070007|239.179993|242.979996|712600|1.0000000000|242.979996
2026-01-21|245|BIIB|165.309998|172.869995|165.309998|172.619995|1447100|1.0000000000|172.619995
2026-01-21|246|ODFL|172.009995|180.270004|171.369995|178.399994|2266500|0.9973411992|177.925659
2026-01-21|247|APH|153.080002|155.839996|150.479996|154.600006|8664700|0.9965240421|154.062607
2026-01-21|248|KIM|21.080000|21.150000|20.730000|20.920000|4462200|0.9782318124|20.464611
2026-01-21|249|QCOM|156.330002|157.529999|154.619995|156.369995|9181900|0.9899641514|154.800690
2026-01-21|250|GILD|123.730003|129.389999|122.680000|129.110001|7285300|0.9878606941|127.542686
2026-01-21|251|ROP|403.760010|406.359985|399.089996|404.660004|1415100|0.9949619600|402.621338
2026-01-21|252|SNPS|509.769989|525.489990|503.549988|521.950012|2122000|1.0000000000|521.950012
2026-01-21|253|STZ|163.419998|164.490005|160.179993|163.380005|2914800|0.9792322433|159.986984
2026-01-21|254|BSX|91.699997|92.290001|90.440002|91.709999|14160900|1.0000000000|91.709999
2026-01-21|255|STE|259.769989|264.079987|258.619995|261.179993|432100|0.9945039836|259.744537
2026-01-21|256|DHI|153.529999|160.570007|153.210007|158.110001|5053300|0.9911938574|156.717651
2026-01-21|257|LIN|433.470001|440.950012|433.029999|439.350006|2633300|0.9935105778|436.498901
2026-01-21|258|SBUX|93.820000|96.519997|93.730003|96.430000|17118100|0.9821606772|94.709747
2026-01-21|259|MS|182.470001|186.419998|182.020004|183.320007|11715800|0.9837860335|180.347672
2026-01-21|260|INTU|532.000000|537.419983|520.690002|524.919983|2643600|0.9925226498|520.994934
2026-01-21|261|MCHP|74.169998|76.739998|73.769997|76.199997|11834300|0.9832658267|74.924850
2026-01-21|262|CB|300.630005|303.450012|296.059998|299.980011|2074400|0.9939554166|298.166748
2026-01-21|263|ORLY|95.160004|98.970001|94.949997|98.779999|7058800|1.0000000000|98.779999
2026-01-21|264|RCL|271.480011|279.000000|270.500000|277.769989|2275300|0.9895699200|274.872833
2026-01-21|265|JBL|247.910004|254.539993|243.979996|253.149994|843300|0.9992441666|252.958649
2026-01-21|266|ALL|194.399994|196.089996|191.559998|193.660004|1986900|0.9897514584|191.675278
2026-01-21|267|CPT|107.500000|108.699997|107.309998|108.430000|784500|0.9801843508|106.281387
2026-01-21|268|VMRK|61.130001|61.570000|60.779999|61.349998|2126500|0.9778762777|59.992710
2026-01-21|269|IT|221.979996|233.389999|221.979996|232.440002|1253600|1.0000000000|232.440002
2026-01-21|270|DECK|99.410004|103.150002|98.709999|101.940002|3786300|1.0000000000|101.940002
2026-01-21|271|REG|71.029999|71.180000|70.050003|71.019997|1612500|0.9810739142|69.675865
2026-01-21|272|INCY|102.500000|105.430000|101.000000|104.669998|1570400|1.0000000000|104.669998
2026-01-21|273|SPG|185.789993|186.460007|184.559998|185.169998|2352300|0.9778630534|181.070908
2026-01-21|274|MAA|134.970001|135.880005|133.949997|135.380005|1013400|0.9765831817|132.209839
2026-01-21|275|MLM|636.890015|646.289978|629.239990|641.140015|438500|0.9973479749|639.439697
2026-01-21|276|TSCO|51.680000|53.549999|51.660000|53.169998|10088600|0.9807531624|52.146641
2026-01-21|277|ALB|175.779999|181.059998|175.779999|180.059998|4493700|0.9949889134|179.157700
2026-01-21|278|CPRT|40.919998|41.790001|40.730000|41.310001|8820300|1.0000000000|41.310001
2026-01-21|279|FLEX|65.220001|67.489998|63.959999|66.599998|2877200|1.0000000000|66.599998
2026-01-21|280|ESS|257.549988|258.890015|254.270004|257.239990|597900|0.9806657936|252.266479
2026-01-21|281|O|61.799999|61.860001|60.950001|61.790001|6319000|0.9702778493|59.953468
2026-01-21|282|MCO|520.109985|530.539978|518.679993|524.820007|611100|0.9933686768|521.339783
2026-01-21|283|SJM|103.389999|103.910004|101.970001|102.190002|1623200|0.9701300487|99.137589
2026-01-21|284|MCK|819.409973|829.070007|807.000000|823.250000|665400|0.9980659618|821.657776
2026-01-21|285|COF|229.679993|233.630005|229.009995|231.009995|6394300|0.9884398390|228.339478
2026-01-21|286|EME|693.969971|711.049988|687.799988|708.710022|272200|0.9989862194|707.991516
2026-01-21|287|DLTR|131.800003|133.509995|128.889999|132.940002|4069300|1.0000000000|132.940002
2026-01-21|288|COR|349.869995|354.959991|342.720001|351.750000|1305800|0.9940692618|349.663879
2026-01-21|289|DRI|208.899994|209.360001|204.169998|207.339996|1590400|0.9843985059|204.105179
2026-01-21|290|RMD|254.860001|260.839996|252.839996|259.279999|853300|0.9918845144|257.175812
2026-01-21|291|WAB|230.000000|234.699997|228.020004|233.000000|737600|0.9965472933|232.195526
2026-01-21|292|FCX|61.549999|62.130001|59.750000|60.580002|25719800|0.9953868541|60.300537
2026-01-21|293|IVZ|28.660000|29.549999|28.340000|29.170000|5205000|0.9777629266|28.521345
2026-01-21|294|ACGL|91.779999|92.959999|90.550003|92.279999|2342000|1.0000000000|92.279999
2026-01-21|295|ERIE|286.450012|289.869995|275.000000|279.899994|181500|0.9885906317|276.706482
2026-01-21|296|EG|322.929993|324.670013|318.260010|322.940002|353000|0.9878843207|319.027374
2026-01-21|297|DVA|103.900002|106.690002|103.900002|106.300003|970500|1.0000000000|106.300003
2026-01-21|298|HSIC|78.139999|79.000000|77.730003|78.940002|924100|1.0000000000|78.940002
2026-01-21|299|EL|114.709999|118.070000|114.519997|117.870003|2899500|0.9930325985|117.048752
2026-01-21|300|WAT|385.769989|399.559998|383.010010|396.709991|519000|1.0000000000|396.709991
2026-01-21|301|NTAP|95.349998|97.739998|94.849998|97.089996|3325600|0.9918913810|96.302734
2026-01-21|302|HIG|129.320007|130.639999|127.879997|129.559998|1842500|0.9910400733|128.399155
2026-01-21|303|IRM|93.010002|93.889999|91.620003|93.809998|1888000|0.9851777356|92.419518
2026-01-21|304|BRK-B|484.000000|488.000000|481.570007|483.829987|5730200|1.0000000000|483.829987
2026-01-21|305|FDS|278.299988|285.649994|278.000000|284.130005|458600|0.9900356292|281.298859
2026-01-21|306|STLD|173.699997|180.570007|173.649994|179.830002|1134500|0.9946588101|178.869507
2026-01-21|307|DGX|189.020004|189.750000|184.429993|184.649994|1140300|0.9916252453|183.103607
2026-01-21|308|CIEN|241.520004|242.000000|226.820007|231.889999|2884900|1.0000000000|231.889999
2026-01-21|309|TTWO|240.610001|241.000000|236.009995|238.229996|1267600|1.0000000000|238.229996
2026-01-21|310|VTR|78.769997|78.769997|76.239998|77.779999|3578600|0.9878430433|76.834427
2026-01-21|311|AMZN|231.089996|232.300003|226.880005|231.309998|47276100|1.0000000000|231.309998
2026-01-21|312|ARE|57.860001|58.730000|57.590000|58.450001|3889700|0.9716953716|56.795597
2026-01-21|313|RL|363.019989|373.420013|362.480011|369.579987|709100|0.9948318200|367.669922
2026-01-21|314|BXP|66.089996|66.830002|65.599998|65.930000|1527500|0.9761958291|64.360588
2026-01-21|315|FIX|1141.119995|1158.349976|1115.000000|1148.000000|414800|0.9985721755|1146.360840
2026-01-21|316|YUM|153.979996|155.919998|153.330002|154.410004|2504100|0.9905648102|152.953110
2026-01-21|317|CHRW|175.770004|180.210007|175.500000|179.380005|1290800|0.9931897587|178.158386
2026-01-21|318|FE|47.580002|47.610001|46.770000|47.369999|4844200|0.9707938980|45.986507
2026-01-21|319|MTD|1410.270020|1448.260010|1400.150024|1442.930054|154800|1.0000000000|1442.930054
2026-01-21|320|PLD|134.520004|134.520004|128.720001|131.139999|6036200|0.9848712132|129.156006
2026-01-21|321|URI|920.000000|949.260010|914.169983|940.090027|572900|0.9939808437|934.431458
2026-01-21|322|AEE|104.430000|104.790001|103.269997|104.129997|1422700|0.9863006617|102.703484
2026-01-21|323|VRSN|247.869995|255.639999|247.869995|252.770004|965700|0.9907421953|250.429916
2026-01-21|324|PWR|468.350006|477.959991|460.019989|473.239990|1235300|0.9996508742|473.074768
2026-01-21|325|AMT|178.990005|179.679993|176.690002|178.169998|2755700|0.9807453674|174.739410
2026-01-21|326|MAR|314.829987|321.839996|312.589996|320.559998|1984600|0.9940852561|318.663971
2026-01-21|327|CTSH|82.889999|84.779999|82.839996|84.029999|4396800|0.9822114026|82.535225
2026-01-21|328|SRE|88.800003|88.989998|83.910004|85.980003|11182300|0.9860298575|84.778854
2026-01-21|329|CSGP|63.980000|64.959999|62.810001|64.769997|6367500|1.0000000000|64.769997
2026-01-21|330|RSG|211.270004|214.369995|210.410004|214.289993|1363600|0.9942648020|213.061005
2026-01-21|331|CCI|87.269997|88.000000|86.410004|87.169998|2320900|0.9762634240|85.100883
2026-01-21|332|EBAY|90.699997|93.010002|90.589996|92.820000|4366800|0.9939126631|91.975334
2026-01-21|333|NVDA|179.050003|185.380005|178.399994|183.320007|200381000|0.9987817973|183.096695
2026-01-21|334|BKNG|5009.730148|5178.879929|5001.710129|5163.610077|272800|0.0398088823|205.557541
2026-01-21|335|GS|944.000000|968.919983|943.450012|953.010010|2251300|0.9903999491|943.861084
2026-01-21|336|FFIV|260.269989|265.839996|260.179993|261.549988|887500|1.0000000000|261.549988
2026-01-21|337|SBAC|186.899994|188.690002|185.229996|186.130005|678700|0.9805017315|182.500778
2026-01-21|338|LII|509.660004|516.500000|500.750000|516.419983|1077500|0.9946881341|513.676819
2026-01-21|339|BLK|1120.000000|1135.349976|1114.599976|1127.849976|687700|0.9888912077|1115.320923
2026-01-21|340|TKO|203.270004|204.770004|196.910004|204.419998|1106700|0.9921219970|202.809570
2026-01-21|341|AKAM|90.050003|94.260002|89.860001|93.720001|3327000|1.0000000000|93.720001
2026-01-21|342|UPS|107.489998|109.320000|107.099998|108.480003|3950700|0.9546755018|103.563202
2026-01-21|343|A|136.220001|140.470001|136.020004|139.770004|1988100|0.9958080410|139.184082
2026-01-21|344|TDY|607.409973|627.599976|592.119995|621.789978|1003700|1.0000000000|621.789978
2026-01-21|345|PKG|219.850006|222.220001|217.610001|220.000000|965100|0.9876260349|217.277725
2026-01-21|346|EW|83.919998|85.690002|83.690002|85.139999|5043300|1.0000000000|85.139999
2026-01-21|347|MET|75.989998|77.419998|75.709999|76.599998|4010100|0.9792675716|75.011894
2026-01-21|348|ON|61.189999|63.840000|60.910000|63.130001|11094000|1.0000000000|63.130001
2026-01-21|349|ISRG|527.590027|530.049988|518.640015|523.690002|2033900|1.0000000000|523.690002
2026-01-21|350|CRL|219.520004|226.929993|219.520004|226.770004|521000|1.0000000000|226.770004
2026-01-21|351|MRVL|80.400002|84.290001|80.400002|82.550003|17134300|0.9992531920|82.488358
2026-01-21|352|EQIX|790.000000|809.539978|786.719971|795.479980|566300|0.9849779860|783.530273
2026-01-21|353|TPR|131.089996|133.009995|130.009995|132.240005|1974400|0.9944862341|131.510864
2026-01-21|354|GRMN|202.100006|206.300003|201.179993|204.570007|1288100|0.9917889977|202.890289
2026-01-21|355|GPN|72.360001|74.599998|72.250000|73.349998|3921700|0.9929199565|72.830673
2026-01-21|356|ALGN|167.679993|172.000000|167.320007|169.949997|1031000|1.0000000000|169.949997
2026-01-21|357|WTW|322.670013|328.839996|317.149994|319.019989|621500|0.9930717262|316.809723
2026-01-21|358|MDLZ|57.669998|58.000000|56.680000|57.349998|12515300|0.9831751096|56.385094
2026-01-21|359|AXON|619.250000|624.690002|595.539978|610.250000|670200|1.0000000000|610.250000
2026-01-21|360|FIS|60.799999|61.810001|60.560001|60.580002|3803900|0.9802816760|59.385464
2026-01-21|361|ACN|275.000000|285.540009|274.950012|280.720001|4232200|0.9798095806|275.052155
2026-01-21|362|ZBH|87.050003|89.000000|86.089996|86.550003|2688500|0.9946488082|86.086853
2026-01-21|363|BG|110.000000|112.589996|109.330002|112.070000|2321100|0.9821514316|110.069717
2026-01-21|364|PFG|88.910004|91.470001|88.760002|91.089996|2474800|0.9832413887|89.563454
2026-01-21|365|ELV|368.000000|370.000000|364.579987|369.880005|1422100|0.9898456688|366.124146
2026-01-21|366|CNC|44.990002|45.900002|43.279999|45.259998|7887300|1.0000000000|45.259998
2026-01-21|367|PRU|108.889999|110.349998|108.360001|109.489998|1635800|0.9622422893|105.355904
2026-01-21|368|NFLX|82.519997|86.000000|81.930000|85.360001|127940700|1.0000000000|85.360001
2026-01-21|369|NDAQ|97.660004|99.790001|97.410004|98.779999|3189600|0.9932805958|98.116257
2026-01-21|370|WYNN|112.070000|114.389999|111.419998|114.129997|1617400|0.9927789107|113.305862
2026-01-21|371|CME|280.190002|281.359985|276.589996|279.070007|2204900|0.9716146686|271.148499
2026-01-21|372|STX|334.410004|349.549988|323.609985|344.220001|4710600|0.9975473958|343.375763
2026-01-21|373|NRG|151.259995|151.919998|147.240005|150.679993|1702900|0.9903289609|149.222778
2026-01-21|374|AIZ|233.160004|238.929993|232.910004|238.229996|334600|0.9925480196|236.454712
2026-01-21|375|CBRE|167.300003|171.300003|166.960007|170.289993|1511200|1.0000000000|170.289993
2026-01-21|376|CRM|220.149994|223.389999|218.960007|221.580002|12616600|0.9949373630|220.458221
2026-01-21|377|DPZ|393.239990|403.890015|391.750000|398.920013|927500|0.9888611209|394.476501
2026-01-21|378|EXR|146.059998|146.630005|143.889999|145.419998|1681300|0.9779070040|142.207230
2026-01-21|379|GOOG|321.095001|332.725006|319.540009|328.380005|22791700|0.9986949468|327.951477
2026-01-21|380|GOOGL|320.920013|332.480011|319.350006|328.380005|35386600|0.9986999831|327.953125
2026-01-21|381|DLR|160.869995|161.500000|157.630005|159.000000|1808500|0.9866588059|156.878754
2026-01-21|382|MPWR|1046.839966|1087.810059|1043.890015|1074.930054|601200|0.9964842129|1071.150879
2026-01-21|383|LVS|58.950001|59.970001|58.849998|59.599998|9370100|0.9827791790|58.573639
2026-01-21|384|DXCM|71.290001|72.809998|70.750000|72.110001|5406000|1.0000000000|72.110001
2026-01-21|385|BLDR|123.830002|129.369995|123.349998|126.820000|1832200|1.0000000000|126.820000
2026-01-21|386|WBD|28.320000|28.719999|28.200001|28.530001|22104000|1.0000000000|28.530001
2026-01-21|387|EXPE|270.820007|274.549988|265.010010|271.559998|2396000|0.9942877675|270.008789
2026-01-21|388|CF|89.940002|91.889999|88.680000|91.860001|2572700|0.9855673857|90.534225
2026-01-21|389|AMP|495.679993|509.000000|494.290009|503.750000|554500|0.9903313094|498.879395
2026-01-21|390|ICE|171.460007|173.259995|171.320007|171.899994|2597700|0.9930916239|170.712448
2026-01-21|391|PSKY|11.510000|11.630000|11.420000|11.600000|5892500|0.9901049837|11.485218
2026-01-21|392|LYV|141.630005|141.690002|137.750000|139.710007|3088700|1.0000000000|139.710007
2026-01-21|393|CMG|39.250000|41.419998|39.099998|40.720001|27628100|1.0000000000|40.720001
2026-01-21|394|UAL|111.949997|114.550003|109.230003|110.959999|11485800|1.0000000000|110.959999
2026-01-21|395|TDG|1453.630005|1459.989990|1422.079956|1449.979980|436800|1.0000000000|1449.979980
2026-01-21|396|MA|533.520020|537.400024|524.770020|527.570007|4937700|0.9966137732|525.783569
2026-01-21|397|LDOS|191.360001|193.610001|189.240005|192.119995|920800|0.9940154778|190.970261
2026-01-21|398|FSLR|244.500000|247.649994|238.220001|243.720001|1463700|1.0000000000|243.720001
2026-01-21|399|BR|209.860001|211.800003|204.929993|206.850006|1267400|0.9878384663|204.334396
2026-01-21|400|SMCI|31.660000|32.680000|30.959999|32.240002|37885100|1.0000000000|32.240002
2026-01-21|401|TMUS|182.990005|184.869995|181.360001|183.600006|8188000|0.9898439218|180.692474
2026-01-21|402|DAL|68.449997|69.940002|68.160004|68.949997|9791200|0.9922015511|68.412292
2026-01-21|403|IBKR|72.000000|76.970001|70.889999|75.800003|10541600|0.9979162811|75.642059
2026-01-21|404|PODD|285.670013|288.980011|281.440002|284.959991|946800|1.0000000000|284.959991
2026-01-21|405|TEL|226.789993|238.339996|223.759995|231.000000|4090400|0.9892434805|228.515228
2026-01-21|406|BX|155.589996|157.889999|154.809998|155.970001|4156700|0.9695455041|151.220016
2026-01-21|407|LULU|188.910004|193.289993|186.899994|189.839996|2523200|1.0000000000|189.839996
2026-01-21|408|ULTA|684.390015|695.340027|679.989990|683.450012|653400|1.0000000000|683.450012
2026-01-21|409|MSCI|587.359985|595.650024|585.770020|588.969971|405400|0.9889531620|582.463745
2026-01-21|410|ECHO|122.720001|123.690002|119.790001|122.500000|4187600|1.0000000000|122.500000
2026-01-21|411|PM|167.500000|169.020004|163.130005|168.809998|5897800|0.9830023955|165.940628
2026-01-21|412|V|326.429993|328.670013|323.000000|325.279999|8974600|0.9940309283|323.338379
2026-01-21|413|AWK|132.229996|132.860001|130.529999|130.990005|1334600|0.9796942856|128.330170
2026-01-21|414|KDP|27.879999|28.080000|27.389999|27.700001|10055600|0.9842341174|27.263287
2026-01-21|415|SW|41.490002|42.230000|41.110001|41.930000|5181300|0.9711821711|40.721672
2026-01-21|416|AVGO|335.510010|335.799988|324.200012|328.799988|32006600|0.9963298147|327.593231
2026-01-21|417|VRSK|218.490005|220.399994|215.570007|216.589996|1069900|0.9947617775|215.455444
2026-01-21|418|DG|146.949997|147.869995|145.289993|147.160004|3588600|0.9902299309|145.722244
2026-01-21|419|FTNT|75.809998|76.019997|74.709999|75.750000|6368300|1.0000000000|75.750000
2026-01-21|420|CHTR|184.380005|189.039993|183.750000|187.369995|2395900|1.0000000000|187.369995
2026-01-21|421|FERG|243.589996|251.190002|242.830002|249.350006|1063000|0.9887782143|246.551849
2026-01-21|422|GNRC|166.929993|174.630005|166.000000|172.059998|1540800|1.0000000000|172.059998
2026-01-21|423|LYB|49.660000|52.349998|49.400002|51.820000|5967900|0.9677851714|50.150627
2026-01-21|424|CBOE|271.920013|274.609985|270.260010|273.070007|727800|0.9954503651|271.827637
2026-01-21|425|TSLA|421.660004|438.200012|419.619995|431.440002|68124000|1.0000000000|431.440002
2026-01-21|426|KKR|124.440002|125.989998|123.279999|124.330002|3833700|0.9943370554|123.625931
2026-01-21|427|NXPI|234.660004|237.000000|229.660004|233.720001|3497400|0.9914738451|231.727280
2026-01-21|428|GM|79.260002|81.260002|79.029999|80.930000|8215400|0.9954799629|80.564194
2026-01-21|429|TRGP|188.220001|192.490005|187.369995|190.059998|1346700|0.9854533185|187.295258
2026-01-21|430|CPAY|309.070007|321.670013|307.600006|316.450012|438700|1.0000000000|316.450012
2026-01-21|431|KMI|28.330000|28.660000|28.240000|28.580000|17547800|0.9722301462|27.786339
2026-01-21|432|HCA|465.980011|470.220001|462.910004|465.440002|1038800|0.9965176399|463.819183
2026-01-21|433|HII|419.989990|426.790009|410.609985|422.679993|578400|0.9925978670|417.603729
2026-01-21|434|APO|140.490005|141.369995|139.100006|139.529999|3553800|0.9875780044|137.796768
2026-01-21|435|MPC|178.399994|182.570007|177.220001|177.479996|2389100|0.9885237030|175.443176
2026-01-21|436|XYL|140.210007|142.600006|138.839996|141.759995|1309700|0.9889650951|140.195679
2026-01-21|437|APTV|77.980003|81.120003|77.669998|80.269997|3075700|1.0000000000|80.269997
2026-01-21|438|PSX|141.240005|143.830002|140.399994|141.639999|2549400|0.9794981865|138.736145
2026-01-21|439|AMCR|41.570000|42.410000|41.410000|42.400002|6211500|0.9708736970|41.165047
2026-01-21|440|META|606.739990|618.270020|600.080017|612.960022|14494700|0.9982193806|611.868591
2026-01-21|441|NOW|128.000000|128.009995|123.779999|125.300003|16119600|1.0000000000|125.300003
2026-01-21|442|PANW|184.460007|185.080002|178.779999|181.470001|6301000|1.0000000000|181.470001
2026-01-21|443|FANG|151.800003|156.339996|150.869995|153.000000|1955500|0.9832059760|150.430511
2026-01-21|444|WDAY|183.000000|185.089996|180.559998|183.410004|3821500|1.0000000000|183.410004
2026-01-21|445|ABBV|212.470001|218.000000|211.570007|216.149994|10727100|0.9847626719|212.856461
2026-01-21|446|NCLH|20.410000|21.170000|20.330000|20.870001|19668900|1.0000000000|20.870001
2026-01-21|447|ZTS|123.959999|127.120003|123.680000|125.080002|5201900|0.9887765322|123.676178
2026-01-21|448|IQV|235.919998|242.800003|233.130005|241.399994|1016700|1.0000000000|241.399994
2026-01-21|449|NWS|30.639999|30.639999|30.150000|30.250000|1284200|0.9963262306|30.138868
2026-01-21|450|NWSA|26.020000|26.320000|26.010000|26.129999|2521100|0.9958385353|26.021259
2026-01-21|451|CDW|125.620003|128.460007|124.000000|127.620003|1816000|0.9844137869|125.630890
2026-01-21|452|VEEV|217.360001|220.889999|216.270004|219.729996|2032000|1.0000000000|219.729996
2026-01-21|453|ALLE|164.070007|166.770004|163.210007|165.880005|681700|0.9921390873|164.576035
2026-01-21|454|HLT|292.079987|297.600006|291.049988|296.459991|1679800|0.9986088702|296.047577
2026-01-21|455|ARES|165.100006|166.438004|162.240005|162.339996|2469700|0.9767290545|158.562195
2026-01-21|456|ANET|127.860001|129.550003|125.040001|127.290001|5931000|1.0000000000|127.290001
2026-01-21|457|SYF|75.940002|77.820000|75.370003|77.129997|3280300|0.9876561264|76.177910
2026-01-21|458|CFG|60.750000|64.269997|60.330002|64.059998|11726800|0.9795741096|62.751514
2026-01-21|459|KEYS|212.809998|216.750000|211.529999|216.690002|987500|1.0000000000|216.690002
2026-01-21|460|GDDY|103.959999|106.629997|103.470001|104.139999|1947900|1.0000000000|104.139999
2026-01-21|461|KHC|22.230000|22.799999|21.985001|22.400000|40776200|0.9659839010|21.638039
2026-01-21|462|PYPL|55.520000|56.330002|55.095001|55.889999|15117000|0.9937057617|55.538216
2026-01-21|463|LITE|373.600006|376.540009|350.010010|362.440002|4969400|1.0000000000|362.440002
2026-01-21|464|HPE|20.535000|21.100000|20.370001|21.020000|20480300|0.9906947030|20.824404
2026-01-21|465|XYZ|62.895000|65.400002|62.849998|64.000000|8105400|1.0000000000|64.000000
2026-01-21|466|FTV|53.230000|54.939999|52.740002|54.439999|4564600|0.9979248563|54.327026
2026-01-21|467|DELL|112.330002|114.419998|110.220001|113.260002|9162300|0.9952707496|112.724365
2026-01-21|468|TTD|34.430000|35.535000|34.349998|35.330002|9366600|1.0000000000|35.330002
2026-01-21|469|VST|159.009995|161.979996|153.770004|160.020004|6651300|0.9972411805|159.578537
2026-01-21|470|HWM|221.949997|226.740005|220.509995|225.000000|2288700|0.9985047767|224.663589
2026-01-21|471|INVH|27.320000|27.780001|27.174999|27.500000|5179700|0.9779475029|26.893559
2026-01-21|472|CVNA|445.000000|457.879982|442.080002|455.019989|3503000|0.2000000000|91.003998
2026-01-21|473|IR|86.360001|90.849998|85.930000|89.820000|3672900|0.9992655835|89.754028
2026-01-21|474|VICI|28.870001|28.951000|28.254999|28.370001|12269300|0.9677245240|27.454346
2026-01-21|475|VRT|176.690002|182.496002|173.000000|181.470001|5587300|0.9995540701|181.389084
2026-01-21|476|MRNA|43.500000|50.000000|43.340000|49.810001|22612300|1.0000000000|49.810001
2026-01-21|477|FOXA|72.290001|72.769997|71.614998|72.699997|3168600|0.9951185496|72.345116
2026-01-21|478|FOX|65.089996|65.669998|64.639999|65.470001|1918100|0.9946544484|65.120033
2026-01-21|479|DOW|26.870001|28.545000|26.750000|28.410000|12572300|0.9783459966|27.794809
2026-01-21|480|UBER|84.389999|85.610001|82.949997|84.260002|21171900|1.0000000000|84.260002
2026-01-21|481|CTVA|70.339996|71.889999|69.535004|71.480003|6140200|0.9954590981|71.155418
2026-01-21|482|CRWD|445.000000|456.119995|439.170013|445.880005|2686800|0.2500000000|111.470001
2026-01-21|483|DDOG|118.849998|127.000000|118.750000|123.459999|9731800|1.0000000000|123.459999
2026-01-21|484|CARR|55.590000|57.860001|55.330002|57.740002|11325000|0.9928803129|57.328915
2026-01-21|485|OTIS|88.790001|89.900002|88.339996|89.480003|2851100|0.9834662418|88.000565
2026-01-21|486|PLTR|168.401993|169.490005|161.110001|165.330002|47851200|1.0000000000|165.330002
2026-01-21|487|DASH|203.651993|208.350006|201.229996|206.479996|5045600|1.0000000000|206.479996
2026-01-21|488|ABNB|130.729996|134.970001|129.699997|133.589996|4645900|1.0000000000|133.589996
2026-01-21|489|EXE|107.330002|111.690002|107.239998|109.500000|5994100|0.9826864450|107.604164
2026-01-21|490|COIN|228.759995|231.449997|222.399994|226.929993|8476500|1.0000000000|226.929993
2026-01-21|491|APP|555.010010|560.000000|530.150024|532.559998|6676800|1.0000000000|532.559998
2026-01-21|492|HOOD|105.724998|108.500000|104.949997|105.919998|20051300|1.0000000000|105.919998
2026-01-21|493|CEG|297.862000|300.154999|290.942993|294.369995|5711800|0.9955820742|293.069489
2026-01-21|494|GEHC|79.449997|81.320000|79.169998|81.099998|4418900|0.9989494212|81.014793
2026-01-21|495|KVUE|17.580000|17.594999|17.270000|17.379999|40624600|0.9661066365|16.790932
2026-01-21|496|VLTO|101.389999|102.250000|100.559998|101.910004|1494300|0.9970188523|101.606194
2026-01-21|497|RDDT|224.485001|224.925003|208.500000|210.130005|5204300|1.0000000000|210.130005
2026-01-21|498|SOLV|79.389999|81.028999|79.120003|80.370003|844500|1.0000000000|80.370003
2026-01-21|499|GEV|686.229980|690.049988|652.590027|667.890015|4022700|0.9988852954|667.145508
2026-01-21|500|SNDK|463.049988|501.950012|448.529999|501.290009|21365000|1.0000000000|501.290009
2026-01-21|501|Q|96.620003|103.870003|95.339996|102.699997|4158800|0.9988559230|102.582504
