date|security_id|ticker|open|high|low|close|volume|adj_factor|adj_close_vendor
2026-01-09|1|AEP|116.000000|117.410004|115.949997|116.910004|2867700|0.9775591772|114.286438
2026-01-09|2|BA|228.339996|235.139999|228.300003|234.529999|8621600|1.0000000000|234.529999
2026-01-09|3|CAT|609.969971|619.150024|608.200012|617.619995|1822000|0.9939261318|613.868713
2026-01-09|4|CNP|38.130001|38.459999|37.880001|37.889999|3082300|0.9832236217|37.254341
2026-01-09|5|CVX|160.559998|162.699997|159.940002|162.110001|12549600|0.9728341284|157.706146
2026-01-09|6|DIS|114.309998|115.980003|113.900002|115.879997|8935200|0.9923958226|114.998825
2026-01-09|7|DTE|130.440002|131.559998|129.600006|129.889999|1174300|0.9843774065|127.860771
2026-01-09|8|ED|100.169998|101.000000|99.199997|99.209999|1354200|0.9759585897|96.824852
2026-01-09|9|GD|352.940002|356.750000|351.649994|353.890015|2019700|0.9869830633|349.283478
2026-01-09|10|GE|317.109985|322.299988|315.190002|321.589996|3508000|0.9973022307|320.722443
2026-01-09|11|HON|204.650001|208.740000|203.509994|207.379994|5707700|1.0347776740|214.592194
2026-01-09|12|HPQ|21.610001|21.639999|20.920000|21.469999|19442900|0.9721972446|20.873074
2026-01-09|13|IBM|302.609985|307.000000|302.000000|304.220001|2718800|0.9800357773|298.146484
2026-01-09|14|IP|42.430000|43.410000|41.630001|43.340000|4422900|0.9645837619|41.805061
2026-01-09|15|JNJ|205.910004|206.699997|204.009995|204.389999|6154300|0.9841702191|201.154541
2026-01-09|16|KO|69.430000|70.660004|69.120003|70.510002|19638600|0.9867998793|69.579262
2026-01-09|17|KR|59.779999|60.080002|58.750000|59.509998|7337100|0.9830507535|58.501347
2026-01-09|18|LMT|525.880005|546.070007|525.880005|542.919983|2647700|0.9882876617|536.561096
2026-01-09|19|MMM|165.490005|166.250000|163.949997|165.240005|2306800|0.9860940463|162.942184
2026-01-09|20|MO|56.779999|57.560001|56.650002|57.529999|12679200|0.9690282260|55.748196
2026-01-09|21|MRK|110.870003|112.480003|110.220001|110.529999|11040800|0.9855603323|108.933983
2026-01-09|22|MSI|381.019989|384.529999|379.059998|383.140015|1085000|0.9943844568|380.988464
2026-01-09|23|PG|141.699997|142.330002|140.830002|141.869995|9528500|0.9782265339|138.780991
2026-01-09|24|XOM|123.230003|124.860001|123.099998|124.610001|16137700|0.9803338832|122.159409
2026-01-09|25|RTX|186.029999|189.089996|184.369995|188.500000|7593600|0.9892687733|186.477158
2026-01-09|26|MCD|309.040009|309.519989|304.600006|307.320007|2972000|0.9877457529|303.554016
2026-01-09|27|AXP|383.000000|384.890015|373.829987|375.609985|2767700|0.9941272834|373.404144
2026-01-09|28|BMY|55.720001|56.330002|55.619999|55.860001|9478900|0.9787458882|54.672749
2026-01-09|29|DD|43.679998|44.149999|43.460002|43.809998|2850999|2.9761992776|130.387283
2026-01-09|30|DE|500.700012|503.549988|484.859985|488.079987|1725600|0.9945059901|485.398499
2026-01-09|31|EMR|143.149994|144.720001|142.020004|144.199997|2509400|0.9888087280|142.586212
2026-01-09|32|ETN|322.149994|325.220001|320.790009|324.510010|2690000|0.9917042798|321.817932
2026-01-09|33|ETR|92.809998|94.120003|92.070000|93.519997|2848600|0.9822109154|91.856361
2026-01-09|34|F|14.350000|14.410000|14.090000|14.200000|68436200|0.9665034086|13.724347
2026-01-09|35|HAL|32.299999|32.759998|32.139999|32.630001|11457500|0.9909628646|32.335117
2026-01-09|36|LLY|1086.829956|1104.520020|1063.030029|1063.560059|2561900|0.9951920486|1058.446655
2026-01-09|37|PCG|15.780000|16.020000|15.720000|15.850000|10633800|0.9942476518|15.758825
2026-01-09|38|PEP|139.440002|140.789993|138.699997|139.910004|6767600|0.9808256472|137.227325
2026-01-09|39|PFE|25.340000|25.549999|25.230000|25.480000|34190200|0.9509184966|24.229401
2026-01-09|40|TXN|188.800003|191.399994|187.509995|190.309998|6018300|0.9834571490|187.161728
2026-01-09|41|WFC|95.809998|96.570000|95.260002|95.949997|10261300|0.9838041369|94.396004
2026-01-09|42|HUBB|463.480011|472.619995|462.230011|470.529999|422407|0.9943029521|467.849396
2026-01-09|43|WMT|112.260002|115.459999|112.260002|114.529999|21902900|0.9936722171|113.805275
2026-01-09|44|AIG|78.000000|78.349998|75.050003|75.430000|9380400|0.9875732230|74.492645
2026-01-09|45|AVY|185.860001|188.929993|184.979996|188.399994|794700|0.9887328339|186.277267
2026-01-09|46|BAC|56.169998|56.610001|55.790001|55.849998|30768800|0.9892387825|55.248981
2026-01-09|47|BALL|55.250000|55.720001|54.590000|55.619999|1711100|0.9933732915|55.251423
2026-01-09|48|BDX|205.970001|206.370005|201.399994|202.749999|1321300|0.7757059857|157.274399
2026-01-09|49|CLX|104.980003|106.370003|103.260002|106.190002|1901200|0.9654541242|102.521576
2026-01-09|50|CMI|545.000000|554.150024|543.000000|552.090027|768500|0.9898444823|546.483276
2026-01-09|51|CMS|69.790001|70.559998|69.739998|69.989998|3028100|0.9770377822|68.382874
2026-01-09|52|CVS|80.809998|81.160004|79.290001|80.300003|7968700|0.9771601786|78.465965
2026-01-09|53|ECL|271.459991|273.769989|270.029999|271.730011|750500|0.9946163507|270.267120
2026-01-09|54|ES|67.919998|69.029999|67.650002|67.790001|2003400|0.9779292778|66.293823
2026-01-09|55|EVRG|73.330002|73.949997|72.660004|72.820000|2219400|0.9752573788|71.018250
2026-01-09|56|GWW|1037.380005|1044.290039|1026.359985|1029.819946|194800|0.9941570385|1023.802734
2026-01-09|57|LNT|65.370003|66.089996|65.000000|65.019997|2049800|0.9771332386|63.533199
2026-01-09|58|MKC|67.279999|68.309998|66.739998|67.720001|2735500|0.9822640876|66.518929
2026-01-09|59|MRSH|186.669998|187.699997|185.589996|186.009995|1994400|0.9842873682|183.087296
2026-01-09|60|NEE|80.199997|80.919998|79.870003|79.889999|5842200|0.9860055271|78.184044
2026-01-09|61|NI|41.919998|42.439999|41.689999|42.029999|2500100|0.9804324438|41.207577
2026-01-09|62|PNW|89.660004|90.320000|89.010002|89.070000|1430700|0.9727255046|86.640656
2026-01-09|63|RVTY|102.570000|104.760002|100.980003|104.430000|1181400|0.9979858512|104.219666
2026-01-09|64|SNA|363.239990|366.170013|361.290009|362.170013|247400|0.9808470667|355.233398
2026-01-09|65|SPGI|543.819984|547.330006|541.629986|541.939977|1197100|0.9395781501|509.194916
2026-01-09|66|TER|215.740005|219.419998|215.660004|217.259995|2569900|0.9992046578|217.087204
2026-01-09|67|TGT|105.629997|107.300003|104.139999|105.519997|6490400|0.9731968404|102.691719
2026-01-09|68|TXT|91.949997|94.019997|91.720001|93.830002|1572300|0.9995682296|93.789490
2026-01-09|69|VMC|301.410004|311.920013|299.149994|311.619995|898600|0.9942812010|309.837921
2026-01-09|70|XEL|73.879997|75.040001|73.669998|74.260002|3504100|0.9852321471|73.163338
2026-01-09|71|ITW|254.770004|256.109985|252.070007|255.119995|1348500|0.9877340632|251.990707
2026-01-09|72|CL|80.860001|81.500000|79.849998|81.480003|6178100|0.9821445459|80.025139
2026-01-09|73|EXC|43.500000|43.840000|43.230000|43.299999|4825400|0.9822723358|42.532394
2026-01-09|74|MDT|98.949997|99.199997|97.099998|97.529999|5982800|0.9830319865|95.875114
2026-01-09|75|BNY|119.730003|120.779999|119.019997|119.040001|3002500|0.9877222173|117.578453
2026-01-09|76|EIX|59.970001|61.310001|59.919998|60.990002|2581000|0.9764773062|59.555355
2026-01-09|77|FRT|102.529999|103.269997|101.589996|101.639999|683700|0.9803038504|99.638077
2026-01-09|78|PNR|103.580002|103.750000|100.459999|103.059998|1915300|0.9901423720|102.044075
2026-01-09|79|USB|55.520000|55.860001|55.209999|55.209999|5986400|0.9813809589|54.182045
2026-01-09|80|WY|24.040001|25.820000|24.040001|25.730000|11410200|0.9829820427|25.292128
2026-01-09|81|SYY|74.239998|74.529999|73.519997|74.279999|2379000|0.9859824728|73.238777
2026-01-09|82|WRB|70.349998|70.500000|68.360001|68.440002|2476800|0.9898085858|67.742508
2026-01-09|83|IFF|68.980003|69.230003|68.019997|69.099998|1376400|0.9889000540|68.332993
2026-01-09|84|TAP|47.580002|48.250000|47.259998|48.130001|2562800|0.9780980891|46.533463
2026-01-09|85|PNC|218.740005|220.080002|217.429993|217.550003|2873600|0.9770281499|212.552490
2026-01-09|86|TRV|284.630005|286.200012|281.649994|281.959991|1438200|0.9922238191|279.767426
2026-01-09|87|C|120.940002|121.739998|120.150002|121.320000|7565700|0.9851223482|119.515038
2026-01-09|88|FDX|314.020000|318.830011|309.010004|312.359999|2241900|0.7995464875|249.746353
2026-01-09|89|WDC|187.850006|200.919998|186.000000|200.460007|9887700|0.9992611044|200.311890
2026-01-09|90|DHR|237.199997|238.500000|233.979996|238.369995|2536100|0.9958070237|237.370514
2026-01-09|91|APA|25.440001|25.719999|25.080000|25.200001|3948800|0.9771167223|24.623341
2026-01-09|92|LUV|44.200001|45.020000|43.869999|44.520000|12343400|0.9913697990|44.135788
2026-01-09|93|PEG|77.970001|79.830002|77.879997|78.680000|3737700|0.9834778438|77.380028
2026-01-09|94|UNP|230.610001|231.460007|226.860001|228.440002|2620800|0.9896596115|226.077835
2026-01-09|95|ABT|126.419998|127.139999|125.230003|125.919998|4317600|0.9817546722|123.622551
2026-01-09|96|ADI|299.769989|303.200012|297.119995|300.929993|3088100|0.9941555324|299.171234
2026-01-09|97|ADM|61.770000|62.419998|60.939999|61.939999|3568000|0.9797994474|60.688782
2026-01-09|98|ADP|265.549988|268.079987|264.660004|266.019989|1687600|0.9843371720|261.853363
2026-01-09|99|AFL|109.870003|110.750000|109.230003|109.239998|1721000|0.9846316611|107.561165
2026-01-09|100|AMAT|288.399994|302.779999|286.500000|301.179993|9427600|0.9964487658|300.110413
2026-01-09|101|AMD|205.720001|207.300003|203.070007|203.169998|24217300|1.0000000000|203.169998
2026-01-09|102|APD|260.269989|265.700012|260.059998|263.720001|1505500|0.9876339339|260.458832
2026-01-09|103|BF-B|25.799999|25.990000|25.580000|25.959999|3768200|0.9822921615|25.500303
2026-01-09|104|CHD|85.730003|85.989998|84.809998|85.779999|1538500|0.9906552793|84.978401
2026-01-09|105|CINF|165.190002|166.110001|162.699997|162.990005|596700|0.9887134133|161.150406
2026-01-09|106|CMCSA|28.129999|28.549999|27.780001|28.370001|22315300|0.9639183651|27.346363
2026-01-09|107|D|57.900002|58.520000|57.900002|57.980000|4880700|0.9796460230|56.799877
2026-01-09|108|DOV|202.889999|203.059998|200.770004|201.889999|992400|0.9952693212|200.934906
2026-01-09|109|DUK|117.389999|118.260002|116.760002|116.800003|2884800|0.9744921325|113.820686
2026-01-09|110|EFX|221.229996|228.669998|217.039993|226.960007|1510700|0.9938812654|225.571304
2026-01-09|111|EQT|52.110001|52.660000|50.450001|51.090000|11206800|0.9912778241|50.644386
2026-01-09|112|FITB|50.009998|50.130001|49.189999|49.270000|6979500|0.9840657827|48.484921
2026-01-09|113|GIS|43.400002|44.680000|43.380001|44.599998|8690900|0.9666684497|43.113411
2026-01-09|114|GPC|127.470001|128.500000|125.949997|128.339996|1518600|0.9802432378|125.804405
2026-01-09|115|HAS|88.930000|89.040001|86.180000|86.720001|2797700|0.9777483232|84.790337
2026-01-09|116|HBAN|18.450001|18.570000|18.209999|18.240000|29643600|0.9810694650|17.894705
2026-01-09|117|HRL|22.930000|23.260000|22.770000|23.230000|5035300|0.9619905057|22.347040
2026-01-09|118|HST|18.330000|18.650000|18.280001|18.440001|5632600|0.9529227702|17.571896
2026-01-09|119|HSY|184.869995|190.429993|184.000000|189.070007|1855600|0.9782056212|184.949356
2026-01-09|120|INTC|41.830002|45.730000|41.570000|45.549999|186691400|1.0000000000|45.549999
2026-01-09|121|J|138.490005|141.000000|138.490005|139.949997|720500|0.9918477371|138.809097
2026-01-09|122|JPM|329.339996|331.899994|328.170013|329.190002|6738100|0.9904464778|326.045074
2026-01-09|123|KMB|98.699997|99.089996|97.680000|97.919998|7054600|0.9744151054|95.414726
2026-01-09|124|L|105.190002|105.830002|104.580002|104.580002|590800|0.9982870407|104.400864
2026-01-09|125|LEN|113.000000|119.320000|112.970001|119.250000|7686000|0.9844362452|117.394020
2026-01-09|126|LOW|259.950012|268.049988|259.130005|267.209991|4092100|0.9846876283|263.118378
2026-01-09|127|MAS|67.970001|69.510002|66.620003|69.320000|3013100|0.9866652888|68.395638
2026-01-09|128|MTB|213.550003|214.789993|211.580002|211.679993|1148700|0.9861939937|208.757538
2026-01-09|129|NEM|107.430000|109.089996|106.269997|108.989998|7576400|0.9956554334|108.516487
2026-01-09|130|NTRS|144.289993|146.000000|143.539993|145.740005|803800|0.9898281838|144.257568
2026-01-09|131|NUE|166.740005|168.500000|161.440002|163.770004|1919100|0.9941593298|162.813477
2026-01-09|132|OMC|78.750000|79.540001|77.529999|79.080002|2919200|0.9796477026|77.470543
2026-01-09|133|PCAR|118.160004|119.019997|116.669998|118.800003|1995300|0.9916886281|117.812614
2026-01-09|134|PGR|212.720001|216.710007|212.250000|215.160004|3409800|0.9990392069|214.953262
2026-01-09|135|PH|912.789978|930.000000|912.789978|920.989990|627100|0.9958887879|917.203552
2026-01-09|136|PHM|125.449997|132.839996|125.449997|132.199997|4091200|0.9957597479|131.639435
2026-01-09|137|PPG|105.410004|107.599998|105.400002|107.410004|1679200|0.9817392581|105.448616
2026-01-09|138|PPL|34.860001|35.029999|34.580002|34.590000|5559000|0.9846479678|34.058975
2026-01-09|139|RF|28.920000|29.080000|28.510000|28.520000|10426200|0.9811037357|27.981079
2026-01-09|140|ROL|60.060001|61.340000|59.950001|60.680000|2049000|0.9887685295|59.998474
2026-01-09|141|SHW|343.500000|354.000000|342.739990|353.279999|2432600|0.9929181711|350.778168
2026-01-09|142|STT|132.839996|133.679993|132.279999|132.570007|1641900|0.9884428745|131.037888
2026-01-09|143|SWK|82.260002|83.129997|78.860001|82.349998|1846000|0.9785642065|80.584755
2026-01-09|144|SYK|367.970001|370.750000|365.920013|367.540009|2001900|0.9946461548|365.572266
2026-01-09|145|TMO|608.609985|622.400024|604.549988|618.859985|2286500|0.9980119596|617.629639
2026-01-09|146|TPL|307.000000|314.779999|305.980011|311.869995|468300|0.9973306248|311.037506
2026-01-09|147|TSN|57.459999|58.090000|57.029999|58.029999|2374300|0.9836914879|57.083618
2026-01-09|148|TT|380.500000|385.619995|380.329987|381.700012|1328900|0.9953350758|379.919403
2026-01-09|149|TYL|454.140015|456.510010|447.730011|448.369995|205100|1.0000000000|448.369995
2026-01-09|150|UDR|37.290001|37.430000|36.450001|36.820000|4994400|0.9688744575|35.673958
2026-01-09|151|VTRS|12.630000|12.790000|12.580000|12.760000|10167800|0.9769695342|12.466131
2026-01-09|152|WEC|105.339996|106.510002|104.559998|104.650002|1765000|0.9747231440|102.004768
2026-01-09|153|WST|275.619995|279.239990|274.790009|275.519989|490200|0.9976812219|274.881104
2026-01-09|154|NDSN|256.549988|261.640015|255.410004|261.220001|504400|0.9941183690|259.683594
2026-01-09|155|TFC|51.110001|51.299999|50.380001|50.619999|7521700|0.9700498779|49.103924
2026-01-09|156|WELL|186.910004|190.000000|185.729996|186.080002|2757900|0.9893392873|184.096268
2026-01-09|157|AON|351.410004|353.359985|350.119995|350.799988|678400|0.9951005240|349.081268
2026-01-09|158|GL|142.020004|142.970001|141.809998|141.949997|334100|0.9958260151|141.357498
2026-01-09|159|OKE|73.000000|73.330002|72.269997|72.699997|2561500|0.9633206765|70.033409
2026-01-09|160|KLAC|1357.420044|1404.459991|1336.000061|1400.000000|1102400|0.0996303139|139.482452
2026-01-09|161|CSX|35.160000|35.369999|34.970001|35.200001|14253700|0.9936713984|34.977230
2026-01-09|162|PSA|271.049988|279.359985|270.549988|278.149994|1148900|0.9808120164|272.812866
2026-01-09|163|NKE|65.110001|66.540001|64.400002|65.919998|18470400|0.9845960180|64.904564
2026-01-09|164|AAPL|259.079987|260.209991|256.220001|259.369995|39997000|0.9972854026|258.665924
2026-01-09|165|BRO|80.669998|80.900002|79.650002|80.639999|2231900|0.9924932219|80.034653
2026-01-09|166|UHS|212.300003|215.089996|206.080002|207.029999|740500|0.9976532391|206.544144
2026-01-09|167|HD|363.500000|375.489990|361.309998|374.640015|7093500|0.9859634354|369.381348
2026-01-09|168|BAX|20.900000|21.250000|20.610001|21.070000|11530000|0.9989896155|21.040594
2026-01-09|169|COP|99.139999|100.300003|97.279999|97.510002|8940700|0.9784321345|95.406921
2026-01-09|170|GLW|85.330002|86.650002|85.019997|85.230003|6113300|0.9966096046|84.941040
2026-01-09|171|HUM|279.489990|280.829987|276.739990|276.850006|610600|0.9926050698|274.802704
2026-01-09|172|LHX|327.500000|338.230011|327.250000|335.769989|1894900|0.9925076273|333.254303
2026-01-09|173|NOC|590.679993|619.789978|590.679993|618.820007|1449800|0.9924395226|614.141479
2026-01-09|174|OXY|43.599998|43.860001|42.680000|42.860001|10168000|0.9906984712|42.461334
2026-01-09|175|ROK|403.489990|412.429993|403.489990|410.529999|725400|0.9904239689|406.598724
2026-01-09|176|SLB|44.779999|45.240002|44.290001|45.200001|18306800|0.9889523968|44.700649
2026-01-09|177|SO|87.220001|87.820000|86.970001|87.010002|3152100|0.9759995454|84.921715
2026-01-09|178|WMB|61.189999|61.660000|59.570000|60.320000|7933900|0.9855810767|59.450249
2026-01-09|179|VLO|191.490005|191.850006|182.610001|185.279999|5472900|0.9854130966|182.577332
2026-01-09|180|CI|286.529999|286.880005|278.200012|278.950012|1696400|0.9887906885|275.823151
2026-01-09|181|NSC|290.529999|293.640015|286.529999|287.209991|786800|0.9874047136|283.592468
2026-01-09|182|COO|83.129997|83.879997|82.110001|83.449997|2514900|1.0000000000|83.449997
2026-01-09|183|AMGN|328.809998|332.079987|323.890015|326.100006|2118400|0.9799483831|319.561188
2026-01-09|184|RJF|168.990005|170.119995|167.250000|167.710007|839900|0.9927317770|166.491043
2026-01-09|185|WSM|200.009995|202.279999|193.490005|199.039993|1118800|0.9895967846|196.969360
2026-01-09|186|CAH|203.789993|204.339996|200.550003|201.110001|1285000|0.9954149217|200.187897
2026-01-09|187|CTAS|189.660004|194.470001|189.660004|193.119995|1814500|0.9924218382|191.656494
2026-01-09|188|PAYX|113.989998|115.070000|113.300003|113.769997|2410600|0.9670710940|110.023674
2026-01-09|189|BEN|25.440001|25.850000|25.420000|25.660000|5149200|0.9758021744|25.039083
2026-01-09|190|AOS|70.970001|71.680000|69.540001|70.519997|1478000|0.9834989125|69.356339
2026-01-09|191|CASY|590.099976|603.460022|588.020020|593.799988|389400|0.9976268719|592.390808
2026-01-09|192|T|24.150000|24.320000|23.980000|23.990000|30811000|0.9652496452|23.156340
2026-01-09|193|VZ|40.570000|40.759998|40.290001|40.459999|32108600|0.9521495225|38.523968
2026-01-09|194|JBHT|206.440002|208.000000|203.770004|206.850006|925100|0.9944705560|205.706238
2026-01-09|195|ATO|167.199997|168.619995|166.389999|166.779999|713000|0.9829545502|163.937164
2026-01-09|196|LRCX|204.660004|219.589996|202.720001|218.360001|16758600|0.9981002163|217.945160
2026-01-09|197|MU|332.750000|345.799988|326.190002|345.089996|33387500|0.9994263974|344.892029
2026-01-09|198|AJG|264.399994|266.670013|263.619995|264.589996|1012200|0.9936444599|262.908386
2026-01-09|199|AME|210.039993|211.850006|209.289993|210.639999|860900|0.9969202115|209.991272
2026-01-09|200|SWKS|61.070000|61.680000|59.970001|60.169998|4065800|0.9796110161|58.943195
2026-01-09|201|EXPD|159.479996|160.190002|157.110001|158.889999|1394900|0.9948730934|158.075394
2026-01-09|202|UNH|347.250000|349.059998|342.480011|343.980011|4129100|0.9866504480|339.388062
2026-01-09|203|BBY|72.459999|73.419998|69.769997|70.610001|5148000|0.9720666083|68.637627
2026-01-09|204|DOC|17.090000|17.129999|16.709999|16.709999|7963500|0.9572925378|15.996357
2026-01-09|205|ADSK|276.799988|278.450012|273.799988|276.019989|1820900|1.0000000000|276.019989
2026-01-09|206|DVN|36.189999|36.400002|35.660000|35.759998|5678200|0.9877783076|35.322952
2026-01-09|207|NVR|7499.990234|7625.149902|7340.000000|7581.669922|46500|1.0000000000|7581.669922
2026-01-09|208|ROST|189.270004|192.259995|188.919998|191.440002|2659400|0.9959267541|190.660217
2026-01-09|209|JKHY|187.750000|190.270004|187.259995|189.160004|468300|0.9919197584|187.631531
2026-01-09|210|MNST|76.489998|77.519997|76.180000|77.339996|3568500|0.5000000000|77.339996
2026-01-09|211|ORCL|191.660004|200.179993|188.779999|198.520004|26152700|0.9930647011|197.143219
2026-01-09|212|MSFT|474.059998|479.820007|472.200012|479.279999|18491000|0.9936958009|476.258545
2026-01-09|213|TROW|108.800003|109.459999|107.279999|107.309998|2065100|0.9736426638|104.481590
2026-01-09|214|COST|915.969971|929.849976|911.330017|924.880005|2895400|0.9956058515|920.815918
2026-01-09|215|ADBE|335.880005|335.880005|328.000000|333.950012|3250100|1.0000000000|333.950012
2026-01-09|216|FISV|69.690002|70.150002|68.769997|69.849998|5070800|1.0000000000|69.849998
2026-01-09|217|BKR|50.259998|50.720001|49.639999|49.970001|5725400|0.9892821118|49.434429
2026-01-09|218|CDNS|319.899994|328.589996|315.410004|327.309998|1661000|1.0000000000|327.309998
2026-01-09|219|TJX|157.919998|159.479996|157.300003|157.809998|4487900|0.9907991610|156.358017
2026-01-09|220|FICO|1600.270020|1671.550049|1597.500000|1665.530029|251700|1.0000000000|1665.530029
2026-01-09|221|CCL|31.770000|32.180000|31.350000|32.130001|14978600|0.9841845235|31.621849
2026-01-09|222|FAST|41.790001|42.380001|41.700001|41.980000|6328100|0.9838279433|41.301098
2026-01-09|223|SCHW|101.339996|101.620003|100.139999|100.169998|6839500|0.9901836685|99.186691
2026-01-09|224|JCI|111.339996|112.489998|110.769997|110.849998|6351800|0.9941759575|110.204399
2026-01-09|225|COHR|169.000000|181.550003|167.500000|178.059998|5456500|1.0000000000|178.059998
2026-01-09|226|KEY|21.510000|21.639999|21.190001|21.190001|13452800|0.9804836286|20.776449
2026-01-09|227|MOS|26.719999|27.250000|25.770000|25.980000|8657200|0.9816582705|25.503481
2026-01-09|228|MGM|35.680000|35.810001|34.310001|34.450001|5329900|1.0000000000|34.450001
2026-01-09|229|WM|219.600006|222.270004|218.929993|220.910004|1992300|0.9917417797|219.085678
2026-01-09|230|TECH|65.349998|66.949997|64.949997|65.699997|2466600|0.9957086055|65.418053
2026-01-09|231|IEX|185.619995|186.970001|183.149994|184.710007|399600|0.9895889092|182.786972
2026-01-09|232|GEN|26.490000|27.110001|26.350000|26.959999|3844500|0.9850474704|26.556877
2026-01-09|233|CRH|125.510002|131.550003|125.330002|131.380005|5649600|0.9889154582|129.923706
2026-01-09|234|EOG|105.930000|106.449997|104.709999|104.919998|2502200|0.9756845809|102.368828
2026-01-09|235|PTC|173.699997|174.320007|171.300003|171.520004|787200|1.0000000000|171.520004
2026-01-09|236|CSCO|73.449997|74.330002|73.339996|73.879997|19104100|0.9909035959|73.207954
2026-01-09|237|LH|256.709991|256.709991|251.699997|251.809998|507700|0.9947633093|249.955444
2026-01-09|238|TRMB|79.559998|80.820000|79.559998|80.610001|1163500|1.0000000000|80.610001
2026-01-09|239|AZO|3303.689941|3429.000000|3303.689941|3421.169922|243400|1.0000000000|3421.169922
2026-01-09|240|REGN|802.969971|821.109985|790.880005|796.549988|711500|0.9961457605|793.479919
2026-01-09|241|IDXX|707.330017|717.330017|706.729980|713.349976|511400|1.0000000000|713.349976
2026-01-09|242|AES|14.330000|14.730000|14.290000|14.320000|7743800|0.9646899783|13.814362
2026-01-09|243|VRTX|467.730011|475.329987|463.390015|463.859985|1700300|1.0000000000|463.859985
2026-01-09|244|ZBRA|254.660004|260.410004|252.029999|259.480011|667800|1.0000000000|259.480011
2026-01-09|245|BIIB|186.740005|190.199997|186.490005|187.619995|1416700|1.0000000000|187.619995
2026-01-09|246|ODFL|171.600006|173.679993|169.589996|173.130005|1787700|0.9973411992|172.669678
2026-01-09|247|APH|136.259995|140.490005|135.919998|140.160004|5192100|0.9965240421|139.672806
2026-01-09|248|KIM|20.549999|20.760000|20.350000|20.410000|5127600|0.9782318124|19.965714
2026-01-09|249|QCOM|178.119995|179.440002|174.800003|177.779999|9662200|0.9899641514|175.995819
2026-01-09|250|GILD|120.339996|122.760002|119.330002|121.099998|6629500|0.9878606941|119.629921
2026-01-09|251|ROP|433.420013|437.160004|431.809998|434.809998|612500|0.9949619600|432.619385
2026-01-09|252|SNPS|515.489990|528.919983|511.100006|525.179993|2095100|1.0000000000|525.179993
2026-01-09|253|STZ|149.050003|149.919998|145.750000|147.000000|2676800|0.9792322433|143.947144
2026-01-09|254|BSX|98.949997|99.089996|97.239998|97.639999|9795700|1.0000000000|97.639999
2026-01-09|255|STE|260.690002|262.369995|256.579987|256.820007|380100|0.9945039836|255.408508
2026-01-09|256|DHI|150.000000|157.630005|149.699997|157.279999|7314200|0.9911938574|155.894958
2026-01-09|257|LIN|437.820007|445.049988|437.170013|444.079987|1787900|0.9935105778|441.198181
2026-01-09|258|SBUX|88.349998|89.099998|86.790001|88.879997|7593200|0.9821606772|87.294441
2026-01-09|259|MS|185.699997|186.919998|185.039993|186.320007|4630900|0.9837860335|183.299026
2026-01-09|260|INTU|650.450012|652.710022|636.000000|646.900024|1304600|0.9925226498|642.062927
2026-01-09|261|MCHP|74.029999|76.059998|73.510002|75.220001|9124300|0.9832658267|73.961250
2026-01-09|262|CB|311.850006|313.000000|306.660004|306.809998|1280000|0.9939554166|304.955444
2026-01-09|263|ORLY|91.440002|94.010002|91.379997|93.800003|6722600|1.0000000000|93.800003
2026-01-09|264|RCL|305.769989|312.299988|303.640015|311.500000|1766600|0.9895699200|308.251038
2026-01-09|265|JBL|222.389999|228.850006|221.100006|226.149994|993800|0.9992441666|225.979065
2026-01-09|266|ALL|210.839996|215.000000|210.270004|212.210007|1891000|0.9897514584|210.035156
2026-01-09|267|CPT|111.220001|111.610001|108.410004|108.800003|2005000|0.9801843508|106.644066
2026-01-09|268|VMRK|62.360001|62.869999|60.110001|60.439999|2772000|0.9778762777|59.102840
2026-01-09|269|IT|249.380005|252.630005|247.779999|248.020004|608500|1.0000000000|248.020004
2026-01-09|270|DECK|107.589996|108.400002|102.169998|103.760002|2389300|1.0000000000|103.760002
2026-01-09|271|REG|69.910004|70.750000|69.510002|69.720001|1745700|0.9810739142|68.400475
2026-01-09|272|INCY|106.040001|107.690002|105.930000|106.870003|1520700|1.0000000000|106.870003
2026-01-09|273|SPG|184.720001|186.029999|184.130005|184.690002|1169300|0.9778630534|180.601532
2026-01-09|274|MAA|138.539993|139.149994|134.750000|135.899994|1915700|0.9656183896|131.227539
2026-01-09|275|MLM|643.119995|667.659973|642.409973|666.669983|396700|0.9973479749|664.901917
2026-01-09|276|TSCO|51.480000|52.139999|50.980000|51.509998|8855700|0.9807531624|50.518585
2026-01-09|277|ALB|158.070007|162.979996|157.000000|161.289993|2824400|0.9949889134|160.481766
2026-01-09|278|CPRT|39.139999|40.080002|38.770000|39.830002|8409200|1.0000000000|39.830002
2026-01-09|279|FLEX|60.450001|62.090000|60.349998|61.500000|2761200|1.0000000000|61.500000
2026-01-09|280|ESS|255.309998|257.260010|248.570007|251.020004|806800|0.9806657936|246.166733
2026-01-09|281|O|58.220001|58.669998|58.020000|58.169998|5188100|0.9702778493|56.441055
2026-01-09|282|MCO|531.299988|537.270020|530.880005|531.609985|654000|0.9933686768|528.084778
2026-01-09|283|SJM|97.889999|100.580002|97.820000|100.580002|1535900|0.9701300487|97.575684
2026-01-09|284|MCK|816.979980|824.700012|814.770020|816.059998|583300|0.9980659618|814.481689
2026-01-09|285|COF|256.000000|256.510010|249.089996|249.199997|3834300|0.9884398390|246.319214
2026-01-09|286|EME|631.219971|652.000000|630.900024|646.270020|319500|0.9983902989|645.229675
2026-01-09|287|DLTR|130.770004|132.750000|129.639999|132.380005|2547200|1.0000000000|132.380005
2026-01-09|288|COR|334.309998|339.470001|333.790009|335.690002|917000|0.9940692618|333.699127
2026-01-09|289|DRI|200.539993|203.679993|198.750000|202.360001|1971900|0.9843985059|199.202881
2026-01-09|290|RMD|252.919998|253.809998|250.179993|252.470001|598200|0.9918845144|250.421082
2026-01-09|291|WAB|223.380005|226.289993|222.699997|224.419998|842200|0.9965472933|223.645142
2026-01-09|292|FCX|55.450001|56.709999|54.570000|56.529999|19272700|0.9929128187|56.129356
2026-01-09|293|IVZ|28.299999|28.639999|27.969999|28.570000|5562800|0.9777629266|27.934687
2026-01-09|294|ACGL|95.889999|96.709999|95.089996|95.180000|1505500|1.0000000000|95.180000
2026-01-09|295|ERIE|285.170013|287.380005|280.239990|280.519989|86900|0.9885906317|277.319427
2026-01-09|296|EG|336.779999|339.019989|332.380005|333.179993|288100|0.9878843207|329.143280
2026-01-09|297|DVA|113.000000|113.510002|108.669998|111.449997|904700|1.0000000000|111.449997
2026-01-09|298|HSIC|78.919998|79.309998|76.190002|77.639999|1366700|1.0000000000|77.639999
2026-01-09|299|EL|111.220001|113.860001|111.000000|113.730003|3804600|0.9930325985|112.937599
2026-01-09|300|WAT|398.549988|400.540009|393.200012|396.750000|493600|1.0000000000|396.750000
2026-01-09|301|NTAP|105.779999|106.089996|104.160004|105.389999|1446700|0.9918913810|104.535431
2026-01-09|302|HIG|137.740005|138.619995|136.190002|136.259995|1125500|0.9910400733|135.039108
2026-01-09|303|IRM|87.720001|89.910004|87.620003|89.190002|1475900|0.9851777356|87.868004
2026-01-09|304|BRK-B|498.940002|500.279999|496.410004|499.100006|3432100|1.0000000000|499.100006
2026-01-09|305|FDS|296.459991|297.359985|290.220001|294.450012|459700|0.9900356292|291.516022
2026-01-09|306|STLD|170.339996|172.429993|168.000000|169.270004|1153200|0.9946588101|168.365906
2026-01-09|307|DGX|177.520004|178.300003|174.429993|174.440002|942400|0.9871163208|172.192566
2026-01-09|308|CIEN|219.279999|230.860001|216.070007|230.559998|2772100|1.0000000000|230.559998
2026-01-09|309|TTWO|252.710007|254.800003|249.339996|250.710007|1013600|1.0000000000|250.710007
2026-01-09|310|VTR|75.250000|76.540001|74.839996|74.900002|2684800|0.9878430433|73.989441
2026-01-09|311|AMZN|244.570007|247.860001|242.240005|247.380005|34560000|1.0000000000|247.380005
2026-01-09|312|ARE|53.500000|54.240002|52.939999|53.970001|3244600|0.9716953716|52.442402
2026-01-09|313|RL|369.010010|373.489990|362.890015|369.809998|442500|0.9948318200|367.898743
2026-01-09|314|BXP|67.139999|68.089996|66.709999|67.980003|1126600|0.9761958291|66.361794
2026-01-09|315|FIX|977.969971|1022.109985|977.669983|1010.409973|362900|0.9985721755|1008.967224
2026-01-09|316|YUM|153.860001|155.899994|152.529999|155.520004|1765900|0.9905648102|154.052643
2026-01-09|317|CHRW|166.130005|170.809998|166.130005|170.770004|2164000|0.9931897587|169.607025
2026-01-09|318|FE|44.919998|45.200001|44.529999|44.650002|4114100|0.9707938980|43.345951
2026-01-09|319|MTD|1467.869995|1500.000000|1467.510010|1485.119995|142400|1.0000000000|1485.119995
2026-01-09|320|PLD|128.320007|129.750000|128.229996|129.399994|2405600|0.9848712132|127.442337
2026-01-09|321|URI|934.229980|949.039978|928.000000|938.789978|753300|0.9939808437|933.139221
2026-01-09|322|AEE|100.139999|101.129997|99.769997|99.910004|1451100|0.9863006617|98.541306
2026-01-09|323|VRSN|247.020004|250.210007|246.449997|248.940002|373000|0.9907421953|246.635376
2026-01-09|324|PWR|422.450012|423.709991|417.100006|422.570007|1028600|0.9996508742|422.422485
2026-01-09|325|AMT|169.440002|170.070007|166.880005|168.509995|2359900|0.9807453674|165.265411
2026-01-09|326|MAR|326.959991|331.089996|326.529999|328.179993|1463800|0.9940852561|326.238892
2026-01-09|327|CTSH|85.760002|86.169998|84.919998|85.260002|3235900|0.9822114026|83.743347
2026-01-09|328|SRE|88.480003|89.129997|88.089996|88.820000|2809300|0.9860298575|87.579170
2026-01-09|329|CSGP|61.360001|61.830002|58.410000|58.490002|7690600|1.0000000000|58.490002
2026-01-09|330|RSG|211.960007|213.750000|211.720001|212.220001|988800|0.9942648020|211.002884
2026-01-09|331|CCI|84.239998|84.459999|83.209999|83.669998|2036600|0.9762634240|81.683960
2026-01-09|332|EBAY|90.750000|91.769997|90.120003|90.910004|3485900|0.9939126631|90.082710
2026-01-09|333|NVDA|185.080002|186.339996|183.669998|184.860001|131327500|0.9987817973|184.634796
2026-01-09|334|BKNG|5415.060043|5518.840027|5393.000031|5492.110062|204900|0.0398088823|218.634750
2026-01-09|335|GS|938.770020|946.140015|932.700012|938.979980|1334100|0.9903999491|929.965698
2026-01-09|336|FFIV|270.489990|272.130005|264.859985|269.309998|667400|1.0000000000|269.309998
2026-01-09|337|SBAC|181.369995|182.550003|179.889999|181.199997|938900|0.9805017315|177.666916
2026-01-09|338|LII|524.119995|536.520020|521.460022|530.229980|372500|0.9946881341|527.413452
2026-01-09|339|BLK|1090.229980|1092.770020|1080.000000|1085.099976|613800|0.9888912077|1073.045654
2026-01-09|340|TKO|203.020004|204.759995|198.139999|199.630005|866400|0.9921219970|198.057327
2026-01-09|341|AKAM|86.180000|88.510002|85.779999|88.120003|3052600|1.0000000000|88.120003
2026-01-09|342|UPS|108.500000|109.669998|106.739998|108.059998|5504400|0.9546755018|103.162239
2026-01-09|343|A|147.479996|150.029999|147.149994|148.520004|1818800|0.9958080410|147.897415
2026-01-09|344|TDY|548.909973|557.780029|544.309998|549.020020|422600|1.0000000000|549.020020
2026-01-09|345|PKG|215.259995|219.520004|214.100006|219.350006|637100|0.9876260349|216.635788
2026-01-09|346|EW|85.279999|86.050003|84.720001|85.129997|3383800|1.0000000000|85.129997
2026-01-09|347|MET|79.650002|80.070000|79.000000|79.410004|2532100|0.9792675716|77.763634
2026-01-09|348|ON|61.610001|62.770000|61.020000|62.160000|8930400|1.0000000000|62.160000
2026-01-09|349|ISRG|587.320007|589.580017|579.619995|586.239990|1490700|1.0000000000|586.239990
2026-01-09|350|CRL|217.820007|222.369995|216.880005|220.910004|1133500|1.0000000000|220.910004
2026-01-09|351|MRVL|84.029999|84.449997|82.190002|83.220001|13486300|0.9992531920|83.157852
2026-01-09|352|EQIX|785.440002|804.400024|785.440002|800.349976|321700|0.9849779860|788.327087
2026-01-09|353|TPR|134.039993|136.039993|133.110001|134.350006|1669300|0.9944862341|133.609222
2026-01-09|354|GRMN|214.190002|214.320007|210.880005|212.250000|626100|0.9917889977|210.507217
2026-01-09|355|GPN|78.809998|79.889999|78.120003|79.519997|2533300|0.9929199565|78.956993
2026-01-09|356|ALGN|171.309998|173.039993|168.020004|172.789993|770300|1.0000000000|172.789993
2026-01-09|357|WTW|332.420013|334.230011|328.529999|330.260010|359000|0.9930717262|327.971863
2026-01-09|358|MDLZ|53.990002|55.240002|53.549999|55.090000|9908600|0.9831751096|54.163120
2026-01-09|359|AXON|617.719971|636.010010|615.000000|631.690002|615600|1.0000000000|631.690002
2026-01-09|360|FIS|67.839996|68.220001|66.400002|66.839996|3015300|0.9802816760|65.522026
2026-01-09|361|ACN|281.959991|284.399994|277.329987|280.670013|3135900|0.9798095806|275.003143
2026-01-09|362|ZBH|92.989998|93.919998|92.379997|92.849998|2362100|0.9946488082|92.353134
2026-01-09|363|BG|98.910004|100.120003|97.900002|99.989998|1630700|0.9821514316|98.205322
2026-01-09|364|PFG|91.550003|92.010002|90.290001|90.290001|930200|0.9832413887|88.776863
2026-01-09|365|ELV|376.200012|378.279999|372.350006|372.829987|887200|0.9898456688|369.044159
2026-01-09|366|CNC|47.180000|47.470001|46.570000|46.610001|6089800|1.0000000000|46.610001
2026-01-09|367|PRU|118.790001|119.540001|117.919998|118.080002|1546500|0.9622422893|113.621567
2026-01-09|368|NFLX|90.029999|90.050003|88.320000|89.459999|55579500|1.0000000000|89.459999
2026-01-09|369|NDAQ|99.639999|99.809998|98.230003|98.239998|3502200|0.9932805958|97.579887
2026-01-09|370|WYNN|118.809998|119.599998|116.430000|117.830002|1495000|0.9927789107|116.979149
2026-01-09|371|CME|266.779999|267.359985|262.190002|262.450012|1853400|0.9716146686|255.000275
2026-01-09|372|STX|284.670013|305.440002|280.670013|304.010010|3187100|0.9975473958|303.264374
2026-01-09|373|NRG|150.639999|151.789993|147.619995|149.270004|2505600|0.9903289609|147.826416
2026-01-09|374|AIZ|237.169998|239.889999|236.679993|238.000000|209800|0.9925480196|236.226440
2026-01-09|375|CBRE|166.990005|168.320007|165.360001|165.460007|1174100|1.0000000000|165.460007
2026-01-09|376|CRM|260.000000|261.029999|256.510010|259.940002|5174400|0.9949373630|258.623993
2026-01-09|377|DPZ|405.829987|409.000000|402.380005|405.089996|448800|0.9888611209|400.577759
2026-01-09|378|EXR|136.410004|139.820007|136.410004|139.199997|1307900|0.9779070040|136.124649
2026-01-09|379|GOOG|327.489990|331.480011|326.250000|329.140015|17917700|0.9986949468|328.710480
2026-01-09|380|GOOGL|327.089996|330.829987|325.799988|328.570007|26214200|0.9986999831|328.142883
2026-01-09|381|DLR|153.770004|159.490005|153.479996|158.550003|1956800|0.9866588059|156.434769
2026-01-09|382|MPWR|965.000000|975.630005|950.409973|958.969971|529500|0.9964842129|955.598450
2026-01-09|383|LVS|62.110001|62.110001|58.869999|58.950001|9774800|0.9827791790|57.934834
2026-01-09|384|DXCM|68.610001|68.889999|65.599998|67.400002|7876500|1.0000000000|67.400002
2026-01-09|385|BLDR|113.750000|125.459999|113.750000|124.660004|4627300|1.0000000000|124.660004
2026-01-09|386|WBD|28.320000|29.040001|28.290001|28.889999|37766600|1.0000000000|28.889999
2026-01-09|387|EXPE|303.299988|303.799988|294.510010|296.329987|1144200|0.9942877675|294.637299
2026-01-09|388|CF|82.000000|84.169998|82.000000|82.599998|2848300|0.9855673857|81.407867
2026-01-09|389|AMP|504.320007|510.320007|501.089996|507.760010|430600|0.9903313094|502.850616
2026-01-09|390|ICE|162.539993|166.080002|162.100006|165.979996|3310500|0.9930916239|164.833344
2026-01-09|391|PSKY|12.290000|12.320000|12.020000|12.060000|7700100|0.9901049837|11.940666
2026-01-09|392|LYV|148.139999|148.960007|144.869995|146.070007|2856100|1.0000000000|146.070007
2026-01-09|393|CMG|39.740002|40.150002|39.049999|40.110001|18266200|1.0000000000|40.110001
2026-01-09|394|UAL|117.000000|118.650002|114.370003|117.320000|3757800|1.0000000000|117.320000
2026-01-09|395|TDG|1379.130005|1395.000000|1355.589966|1392.089966|409800|1.0000000000|1392.089966
2026-01-09|396|MA|578.109985|581.309998|575.340027|575.539978|2221100|0.9966137732|573.591064
2026-01-09|397|LDOS|193.679993|201.000000|193.649994|198.339996|994800|0.9940154778|197.153030
2026-01-09|398|FSLR|248.020004|248.039993|235.119995|238.660004|3712000|1.0000000000|238.660004
2026-01-09|399|BR|222.789993|224.339996|221.960007|223.360001|720200|0.9878384663|220.643600
2026-01-09|400|SMCI|30.030001|31.030001|29.549999|30.160000|27159800|1.0000000000|30.160000
2026-01-09|401|TMUS|196.479996|202.050003|196.399994|200.559998|3829900|0.9898439218|197.383896
2026-01-09|402|DAL|71.889999|72.949997|71.160004|72.309998|7971400|0.9922015511|71.746094
2026-01-09|403|IBKR|70.800003|71.260002|69.980003|70.470001|3796900|0.9979162811|70.323166
2026-01-09|404|PODD|293.079987|294.040009|280.519989|289.040009|902000|1.0000000000|289.040009
2026-01-09|405|TEL|227.130005|231.720001|225.690002|231.600006|944700|0.9892434805|229.108780
2026-01-09|406|BX|155.850006|158.289993|154.000000|157.619995|2846200|0.9695455041|152.819763
2026-01-09|407|LULU|213.000000|213.630005|200.449997|203.899994|5732800|1.0000000000|203.899994
2026-01-09|408|ULTA|657.299988|675.650024|657.000000|666.179993|659800|1.0000000000|666.179993
2026-01-09|409|MSCI|581.400024|585.270020|578.250000|581.159973|228700|0.9889531620|574.739990
2026-01-09|410|ECHO|117.690002|120.529999|117.510002|120.000000|7161400|1.0000000000|120.000000
2026-01-09|411|PM|159.179993|162.779999|159.179993|162.610001|4371100|0.9830023955|159.846024
2026-01-09|412|V|352.160004|354.700012|349.160004|349.769989|4902900|0.9940309283|347.682190
2026-01-09|413|AWK|128.570007|129.919998|127.570000|127.980003|1467500|0.9796942856|125.381279
2026-01-09|414|KDP|27.520000|28.010000|27.469999|27.790001|6849300|0.9842341174|27.351868
2026-01-09|415|SW|41.700001|43.099998|41.540001|42.980000|4526500|0.9711821711|41.741409
2026-01-09|416|AVGO|337.920013|347.390015|333.500000|344.970001|22482500|0.9963298147|343.703888
2026-01-09|417|VRSK|222.850006|226.389999|221.300003|224.869995|969800|0.9947617775|223.692078
2026-01-09|418|DG|144.179993|144.899994|141.550003|142.740005|3020100|0.9902299309|141.345428
2026-01-09|419|FTNT|78.150002|79.370003|77.970001|79.220001|5003200|1.0000000000|79.220001
2026-01-09|420|CHTR|210.149994|212.339996|202.559998|210.589996|1461300|1.0000000000|210.589996
2026-01-09|421|FERG|232.660004|239.600006|231.800003|238.860001|1695400|0.9887782143|236.179550
2026-01-09|422|GNRC|151.320007|153.300003|148.440002|152.779999|1015000|1.0000000000|152.779999
2026-01-09|423|LYB|47.810001|48.830002|46.619999|48.709999|5325900|0.9677851714|47.140816
2026-01-09|424|CBOE|260.769989|262.709991|259.630005|260.950012|807700|0.9954503651|259.762756
2026-01-09|425|TSLA|435.950012|449.049988|430.390015|445.010010|67331500|1.0000000000|445.010010
2026-01-09|426|KKR|134.520004|135.309998|132.309998|134.649994|2643900|0.9943370554|133.887482
2026-01-09|427|NXPI|237.360001|242.880005|236.399994|241.149994|2732500|0.9914738451|239.093918
2026-01-09|428|GM|83.510002|84.410004|81.000000|82.870003|12142900|0.9954799629|82.495430
2026-01-09|429|TRGP|179.020004|181.759995|176.750000|176.860001|1037500|0.9854533185|174.287277
2026-01-09|430|CPAY|330.809998|334.700012|329.579987|331.500000|661500|1.0000000000|331.500000
2026-01-09|431|KMI|27.400000|27.490000|26.930000|27.120001|13382600|0.9722301462|26.366882
2026-01-09|432|HCA|480.920013|483.980011|470.299988|472.070007|870100|0.9965176399|470.426086
2026-01-09|433|HII|380.980011|391.040009|380.940002|386.989990|507900|0.9925978670|382.342346
2026-01-09|434|APO|147.330002|148.080002|142.710007|145.820007|2348000|0.9875780044|144.008636
2026-01-09|435|MPC|178.020004|178.800003|174.380005|176.169998|2588900|0.9885237030|174.148209
2026-01-09|436|XYL|141.570007|141.779999|139.589996|139.690002|989300|0.9889650951|138.148529
2026-01-09|437|APTV|86.889999|88.809998|85.699997|88.669998|2515400|1.0000000000|88.669998
2026-01-09|438|PSX|144.880005|145.679993|141.699997|142.160004|2710200|0.9794981865|139.245468
2026-01-09|439|AMCR|8.660000|8.690000|8.570000|8.650000|15184300|4.8543684849|41.990288
2026-01-09|440|META|645.440002|654.950012|642.849976|653.059998|11634900|0.9982193806|651.897156
2026-01-09|441|NOW|147.350006|147.350006|141.429993|141.800003|11845400|1.0000000000|141.800003
2026-01-09|442|PANW|191.929993|192.419998|187.320007|189.020004|5306500|1.0000000000|189.020004
2026-01-09|443|FANG|147.380005|148.880005|145.690002|147.410004|1899100|0.9832059760|144.934402
2026-01-09|444|WDAY|210.190002|211.000000|207.000000|207.190002|1799700|1.0000000000|207.190002
2026-01-09|445|ABBV|223.750000|225.119995|219.000000|220.080002|6714200|0.9769027438|214.996765
2026-01-09|446|NCLH|24.730000|24.809999|24.190001|24.530001|19388100|1.0000000000|24.530001
2026-01-09|447|ZTS|127.680000|128.350006|126.080002|127.169998|3060900|0.9845723480|125.208076
2026-01-09|448|IQV|244.630005|247.050003|242.410004|242.410004|1291400|1.0000000000|242.410004
2026-01-09|449|NWS|30.250000|30.379999|30.040001|30.200001|561500|0.9963262306|30.089052
2026-01-09|450|NWSA|26.459999|26.600000|26.330000|26.469999|2226800|0.9958385353|26.359844
2026-01-09|451|CDW|132.729996|133.979996|130.729996|133.490005|882700|0.9844137869|131.409409
2026-01-09|452|VEEV|243.369995|245.490005|240.000000|240.119995|1589600|1.0000000000|240.119995
2026-01-09|453|ALLE|165.990005|166.789993|162.589996|162.690002|812800|0.9921390873|161.411102
2026-01-09|454|HLT|300.000000|303.399994|299.170013|300.359985|2016900|0.9986088702|299.942139
2026-01-09|455|ARES|176.740005|177.725006|175.149994|175.910004|1234700|0.9767290545|171.816422
2026-01-09|456|ANET|124.570000|124.830002|121.900002|122.889999|8989700|1.0000000000|122.889999
2026-01-09|457|SYF|88.209999|88.769997|86.559998|86.889999|2570200|0.9876561264|85.817436
2026-01-09|458|CFG|61.349998|61.770000|60.494999|60.529999|3718700|0.9795741096|59.293625
2026-01-09|459|KEYS|207.309998|210.580002|206.199997|207.300003|718300|1.0000000000|207.300003
2026-01-09|460|GDDY|115.110001|115.639999|113.220001|113.540001|1030900|1.0000000000|113.540001
2026-01-09|461|KHC|23.450001|23.639999|23.174999|23.420000|12199600|0.9659839010|22.623343
2026-01-09|462|PYPL|58.799999|58.860001|57.279999|57.660000|15061500|0.9937057617|57.297077
2026-01-09|463|LITE|334.302002|362.720001|333.010010|351.420013|5914400|1.0000000000|351.420013
2026-01-09|464|HPE|22.100000|22.389999|21.760000|22.170000|25301900|0.9906947030|21.963701
2026-01-09|465|XYZ|70.589996|70.879997|68.379997|69.550003|3996500|1.0000000000|69.550003
2026-01-09|466|FTV|55.240002|55.650002|54.270000|55.000000|2916800|0.9979248563|54.885868
2026-01-09|467|DELL|119.980003|121.010002|117.320000|120.620003|7001500|0.9909355870|119.526649
2026-01-09|468|TTD|37.540001|37.650002|36.630001|37.290001|10244800|1.0000000000|37.290001
2026-01-09|469|VST|174.330002|174.740005|165.880005|166.369995|14316000|0.9972411805|165.911011
2026-01-09|470|HWM|212.029999|219.389999|212.029999|218.270004|2343500|0.9985047767|217.943649
2026-01-09|471|INVH|26.600000|26.860001|26.340000|26.500000|8468000|0.9779475029|25.915609
2026-01-09|472|CVNA|447.989998|466.158981|447.649994|463.089981|3257000|0.2000000000|92.617996
2026-01-09|473|IR|84.720001|85.860001|84.389999|85.510002|2502300|0.9992655835|85.447205
2026-01-09|474|VICI|27.920000|28.070000|27.760000|27.760000|11313200|0.9677245240|26.864035
2026-01-09|475|VRT|162.399994|164.770004|161.190002|163.580002|5665300|0.9995540701|163.507050
2026-01-09|476|MRNA|34.298000|35.410000|33.939999|34.299999|7551300|1.0000000000|34.299999
2026-01-09|477|FOXA|75.949997|76.389999|73.635002|73.680000|2408700|0.9951185496|73.320335
2026-01-09|478|FOX|67.650002|68.070000|66.345001|66.419998|1333700|0.9946544484|66.064949
2026-01-09|479|DOW|26.320000|26.490000|25.740000|26.330000|8765100|0.9783459966|25.759850
2026-01-09|480|UBER|87.269997|87.279999|84.884003|85.440002|15881500|1.0000000000|85.440002
2026-01-09|481|CTVA|70.019997|70.570000|68.629997|68.650002|3341200|0.9954590981|68.338272
2026-01-09|482|CRWD|472.190002|475.980011|466.250000|470.609985|2397500|0.2500000000|117.652496
2026-01-09|483|DDOG|130.759995|131.470001|125.209999|125.489998|7057700|1.0000000000|125.489998
2026-01-09|484|CARR|54.549999|56.380001|54.174999|56.250000|8947300|0.9886394999|55.610973
2026-01-09|485|OTIS|90.400002|90.945000|90.010002|90.269997|2021400|0.9834662418|88.777496
2026-01-09|486|PLTR|177.020004|178.720001|174.750000|177.490005|31362900|1.0000000000|177.490005
2026-01-09|487|DASH|222.330002|222.449997|212.509995|215.559998|4887000|1.0000000000|215.559998
2026-01-09|488|ABNB|140.005005|141.399994|137.910004|139.270004|4577800|1.0000000000|139.270004
2026-01-09|489|EXE|103.779999|105.070000|101.040001|101.629997|4832700|0.9826864450|99.870422
2026-01-09|490|COIN|246.070007|246.899994|237.149994|240.779999|8104500|1.0000000000|240.779999
2026-01-09|491|APP|616.219971|649.770020|612.286987|647.719971|3553700|1.0000000000|647.719971
2026-01-09|492|HOOD|116.974998|118.230003|114.882004|115.269997|18094800|1.0000000000|115.269997
2026-01-09|493|CEG|339.494995|343.880005|333.670013|342.519989|5908000|0.9955820742|341.006744
2026-01-09|494|GEHC|87.599998|88.514999|85.404999|87.279999|2991300|0.9989494212|87.188301
2026-01-09|495|KVUE|17.049999|17.049999|16.750000|16.830000|57493100|0.9661066365|16.259573
2026-01-09|496|VLTO|101.730003|102.989998|101.230003|102.730003|1183700|0.9970188523|102.423744
2026-01-09|497|RDDT|257.670013|263.500000|235.009995|244.559998|5542500|1.0000000000|244.559998
2026-01-09|498|SOLV|85.830002|86.360001|84.849998|86.139999|741500|1.0000000000|86.139999
2026-01-09|499|GEV|632.320007|632.320007|621.109985|622.500000|3105800|0.9988852954|621.806091
2026-01-09|500|SNDK|341.600006|384.000000|334.540009|377.410004|19353200|1.0000000000|377.410004
2026-01-09|501|Q|90.169998|91.889999|88.839996|90.309998|2140500|0.9988559230|90.206680
