date|security_id|ticker|open|high|low|close|volume|adj_factor|adj_close_vendor
2026-01-05|1|AEP|115.570000|115.570000|112.540001|114.070000|3894400|0.9775591772|111.510170
2026-01-05|2|BA|228.789993|230.960007|227.500000|228.130005|8278800|1.0000000000|228.130005
2026-01-05|3|CAT|607.880005|621.750000|606.219971|616.099976|3444800|0.9939261318|612.357910
2026-01-05|4|CNP|38.570000|38.680000|37.490002|38.099998|5435500|0.9832236217|37.460815
2026-01-05|5|CVX|165.750000|165.750000|159.309998|163.850006|35094900|0.9728341284|159.398895
2026-01-05|6|DIS|111.419998|116.029999|111.379997|114.070000|12029000|0.9923958226|113.202591
2026-01-05|7|DTE|129.889999|130.039993|126.620003|128.800003|1276700|0.9843774065|126.787804
2026-01-05|8|ED|99.480003|99.480003|96.959999|98.500000|2112400|0.9759585897|96.131927
2026-01-05|9|GD|347.920013|356.320007|346.029999|355.559998|1912200|0.9869830633|350.931732
2026-01-05|10|GE|323.820007|329.429993|323.420013|324.320007|5628200|0.9973022307|323.445068
2026-01-05|11|HON|195.799994|201.780000|194.919997|201.090002|3846200|1.0347776740|208.083450
2026-01-05|12|HPQ|22.110001|22.299999|21.610001|21.660000|18710500|0.9721972446|21.057793
2026-01-05|13|IBM|295.769989|299.190002|294.250000|294.970001|4190000|0.9800357773|289.081146
2026-01-05|14|IP|40.230000|40.849998|39.919998|40.520000|5704200|0.9645837619|39.084934
2026-01-05|15|JNJ|205.869995|205.940002|200.910004|204.309998|9477000|0.9841702191|201.075821
2026-01-05|16|KO|68.919998|68.919998|67.919998|67.940002|21186600|0.9867998793|67.043182
2026-01-05|17|KR|62.410000|62.599998|60.700001|61.790001|8173300|0.9830507535|60.742702
2026-01-05|18|LMT|503.929993|515.880005|503.000000|511.570007|1982600|0.9882876617|505.578308
2026-01-05|19|MMM|160.979996|164.399994|160.800003|163.550003|2894500|0.9860940463|161.275681
2026-01-05|20|MO|57.070000|57.119999|55.500000|56.299999|14083500|0.9690282260|54.556290
2026-01-05|21|MRK|107.010002|108.440002|105.800003|107.440002|15863300|0.9855603323|105.888603
2026-01-05|22|MSI|383.869995|387.619995|381.290009|382.679993|1094900|0.9943844568|380.531036
2026-01-05|23|PG|141.100006|141.350006|139.600006|140.369995|12297300|0.9782265339|137.313644
2026-01-05|24|XOM|125.209999|125.930000|122.389999|125.360001|30112200|0.9803338832|122.894653
2026-01-05|25|RTX|187.300003|190.500000|186.429993|188.259995|6048800|0.9892687733|186.239731
2026-01-05|26|MCD|301.250000|302.329987|299.619995|299.859985|4573300|0.9877457529|296.185425
2026-01-05|27|AXP|372.299988|383.700012|372.250000|379.799988|2362000|0.9941272834|377.569550
2026-01-05|28|BMY|53.000000|53.360001|52.060001|53.060001|14090600|0.9787458882|51.932259
2026-01-05|29|DD|40.709999|42.170001|40.680000|42.010000|5223399|2.9761992776|125.030136
2026-01-05|30|DE|462.309998|467.890015|458.959991|466.100006|1320200|0.9945059901|463.539246
2026-01-05|31|EMR|138.080002|144.369995|138.000000|142.850006|5453300|0.9888087280|141.251343
2026-01-05|32|ETN|324.410004|330.940002|321.929993|322.260010|3381700|0.9917042798|319.586578
2026-01-05|33|ETR|93.709999|93.739998|90.989998|92.550003|2011300|0.9822109154|90.903618
2026-01-05|34|F|13.250000|13.480000|13.200000|13.470000|50135200|0.9665034086|13.018802
2026-01-05|35|HAL|32.000000|33.029999|31.190001|31.920000|47339000|0.9909628646|31.631536
2026-01-05|36|LLY|1069.229980|1085.380005|1033.380005|1041.510010|4084800|0.9951920486|1036.502441
2026-01-05|37|PCG|16.230000|16.270000|15.740000|16.129999|23071300|0.9942476518|16.037212
2026-01-05|38|PEP|141.660004|141.809998|139.399994|139.919998|9031400|0.9808256472|137.237122
2026-01-05|39|PFE|25.200001|25.400000|24.950001|25.170000|52620900|0.9509184966|23.934618
2026-01-05|40|TXN|178.020004|182.889999|176.889999|177.169998|6755000|0.9834571490|174.239105
2026-01-05|41|WFC|95.089996|97.760002|94.980003|96.379997|14384000|0.9838041369|94.819038
2026-01-05|42|HUBB|465.799988|471.529999|463.304993|465.480011|516251|0.9943029521|462.828156
2026-01-05|43|WMT|112.820000|113.730003|112.150002|112.709999|19557600|0.9936722171|111.996788
2026-01-05|44|AIG|83.559998|85.690002|83.480003|84.379997|2984700|0.9875732230|83.331421
2026-01-05|45|AVY|180.289993|182.509995|179.710007|180.539993|821300|0.9887328339|178.505814
2026-01-05|46|BAC|56.169998|57.549999|56.139999|56.889999|36096600|0.9892387825|56.277794
2026-01-05|47|BALL|52.820000|54.290001|52.709999|53.910000|2801800|0.9933732915|53.552753
2026-01-05|48|BDX|194.119998|200.790002|193.600007|198.960007|2313300|0.7757059857|154.334473
2026-01-05|49|CLX|100.260002|102.150002|98.750000|101.279999|3941200|0.9654541242|97.781197
2026-01-05|50|CMI|526.150024|533.039978|524.750000|531.700012|810800|0.9898444823|526.300354
2026-01-05|51|CMS|70.169998|70.199997|68.639999|69.470001|2794200|0.9770377822|67.874809
2026-01-05|52|CVS|80.000000|80.820000|78.220001|80.419998|8090600|0.9771601786|78.583214
2026-01-05|53|ECL|261.929993|264.600006|260.000000|263.179993|1754600|0.9946163507|261.763153
2026-01-05|54|ES|67.910004|67.980003|66.160004|67.050003|2447000|0.9779292778|65.570160
2026-01-05|55|EVRG|72.919998|72.919998|71.410004|72.309998|1831400|0.9752573788|70.520859
2026-01-05|56|GWW|996.280029|1031.739990|996.280029|1015.059998|294900|0.9941570385|1009.128967
2026-01-05|57|LNT|65.250000|65.470001|63.869999|64.900002|2571200|0.9771332386|63.415947
2026-01-05|58|MKC|66.760002|67.099998|65.349998|65.680000|3771900|0.9822640876|64.515106
2026-01-05|59|MRSH|181.070007|187.610001|180.610001|187.339996|3209200|0.9842873682|184.396393
2026-01-05|60|NEE|81.160004|81.339996|79.250000|81.320000|8301900|0.9860055271|79.583519
2026-01-05|61|NI|42.049999|42.049999|40.830002|41.570000|3635900|0.9804324438|40.756577
2026-01-05|62|PNW|87.620003|87.730003|86.330002|87.699997|1337200|0.9727255046|85.308022
2026-01-05|63|RVTY|97.480003|102.580002|97.480003|102.059998|1369900|0.9979858512|101.854439
2026-01-05|64|SNA|349.450012|356.170013|349.450012|354.200012|212900|0.9808470667|347.416016
2026-01-05|65|SPGI|511.979988|537.670010|511.500003|532.899995|1583500|0.9395781501|500.701141
2026-01-05|66|TER|211.850006|222.000000|211.800003|219.500000|4271600|0.9992046578|219.325424
2026-01-05|67|TGT|100.400002|103.260002|99.900002|102.099998|7421200|0.9731968404|99.363396
2026-01-05|68|TXT|87.620003|89.440002|87.510002|89.000000|2390000|0.9995682296|88.961571
2026-01-05|69|VMC|291.440002|297.279999|289.880005|296.670013|988300|0.9942812010|294.973419
2026-01-05|70|XEL|74.440002|74.669998|72.739998|74.070000|6584700|0.9852321471|72.976143
2026-01-05|71|ITW|248.559998|251.309998|247.610001|249.589996|2419000|0.9877340632|246.528549
2026-01-05|72|CL|76.919998|77.230003|75.959999|76.930000|7668600|0.9821445459|75.556381
2026-01-05|73|EXC|43.860001|43.880001|42.790001|43.540001|5944600|0.9822723358|42.768143
2026-01-05|74|MDT|95.629997|97.559998|95.169998|97.360001|6597700|0.9830319865|95.707993
2026-01-05|75|BNY|117.500000|122.360001|117.150002|121.040001|6010300|0.9877222173|119.553902
2026-01-05|76|EIX|60.830002|60.849998|59.020000|60.619999|4281400|0.9623086217|58.335152
2026-01-05|77|FRT|99.089996|100.080002|98.360001|99.559998|802300|0.9803038504|97.599045
2026-01-05|78|PNR|102.739998|104.050003|101.250000|102.669998|2133600|0.9901423720|101.657913
2026-01-05|79|USB|54.119999|56.099998|54.000000|55.490002|11699300|0.9813809589|54.456833
2026-01-05|80|WY|23.830000|24.719999|23.799999|24.260000|9207300|0.9829820427|23.847145
2026-01-05|81|SYY|71.970001|73.150002|71.230003|72.790001|4067600|0.9859824728|71.769661
2026-01-05|82|WRB|68.809998|71.080002|68.699997|70.709999|2961500|0.9898085858|69.989365
2026-01-05|83|IFF|67.290001|68.410004|66.839996|66.959999|1925600|0.9889000540|66.216751
2026-01-05|84|TAP|46.840000|47.110001|45.480000|46.310001|3294700|0.9780980891|44.773834
2026-01-05|85|PNC|211.750000|219.639999|211.750000|215.800003|3402600|0.9770281499|210.842682
2026-01-05|86|TRV|283.429993|291.489990|282.619995|287.760010|1554500|0.9922238191|285.522339
2026-01-05|87|C|119.309998|124.099998|119.300003|123.300003|19993400|0.9851223482|121.465584
2026-01-05|88|FDX|292.040007|297.999992|291.380006|297.460008|1682000|0.7995464875|237.833115
2026-01-05|89|WDC|193.169998|195.860001|182.800003|187.880005|9826700|0.9992611044|187.741180
2026-01-05|90|DHR|229.279999|235.630005|229.279999|235.360001|3191700|0.9958070237|234.373123
2026-01-05|91|APA|25.530001|25.799999|23.490000|24.469999|7138100|0.9771167223|23.910044
2026-01-05|92|LUV|41.130001|42.799999|41.119999|42.439999|7849900|0.9913697990|42.073734
2026-01-05|93|PEG|80.790001|80.930000|78.220001|79.339996|3698400|0.9834778438|78.029129
2026-01-05|94|UNP|231.020004|234.440002|230.059998|231.970001|2560800|0.9896596115|229.571350
2026-01-05|95|ABT|123.629997|126.559998|122.500000|126.449997|6548500|0.9817546722|124.142876
2026-01-05|96|ADI|275.220001|281.829987|273.769989|277.290009|3006700|0.9941555324|275.669403
2026-01-05|97|ADM|58.480000|59.660000|57.810001|59.580002|3684400|0.9797994474|58.376453
2026-01-05|98|ADP|252.690002|259.140015|251.960007|257.320007|2102600|0.9843371720|253.289658
2026-01-05|99|AFL|109.300003|112.930000|108.589996|112.190002|1961800|0.9846316611|110.465836
2026-01-05|100|AMAT|276.119995|287.739990|276.119995|284.320007|10398700|0.9964487658|283.310333
2026-01-05|101|AMD|230.250000|234.020004|220.479996|221.080002|31941100|1.0000000000|221.080002
2026-01-05|102|APD|247.800003|255.970001|247.449997|253.839996|1606300|0.9876339339|250.701004
2026-01-05|103|BF-B|25.879999|26.340000|25.750000|25.809999|6099000|0.9822921615|25.352961
2026-01-05|104|CHD|82.260002|84.239998|81.570000|84.110001|2876600|0.9906552793|83.324013
2026-01-05|105|CINF|160.240005|163.279999|159.300003|161.960007|637100|0.9887134133|160.132034
2026-01-05|106|CMCSA|27.730000|28.930000|27.709999|28.129999|47571600|0.9639183651|27.115021
2026-01-05|107|D|58.970001|59.240002|57.500000|58.689999|5283800|0.9796460230|57.495422
2026-01-05|108|DOV|198.179993|203.389999|197.929993|202.270004|1410100|0.9952693212|201.313126
2026-01-05|109|DUK|117.000000|117.000000|115.099998|116.809998|4310300|0.9744921325|113.830421
2026-01-05|110|EFX|214.869995|223.589996|213.910004|220.789993|1080400|0.9938812654|219.439041
2026-01-05|111|EQT|52.900002|53.520000|51.029999|53.349998|12428400|0.9912778241|52.884670
2026-01-05|112|FITB|47.610001|49.110001|47.520000|48.619999|6428800|0.9840657827|47.845280
2026-01-05|113|GIS|45.540001|45.570000|44.349998|44.369999|12009000|0.9532424984|42.295368
2026-01-05|114|GPC|122.989998|123.760002|122.559998|123.379997|1135800|0.9802432378|120.942406
2026-01-05|115|HAS|82.809998|86.510002|82.650002|85.580002|1751100|0.9777483232|83.675705
2026-01-05|116|HBAN|17.410000|18.100000|17.410000|17.879999|19140100|0.9810694650|17.541521
2026-01-05|117|HRL|23.270000|23.379999|22.820000|22.959999|5571900|0.9619905057|22.087301
2026-01-05|118|HST|18.139999|18.270000|17.930000|18.120001|9227400|0.9529227702|17.266962
2026-01-05|119|HSY|184.100006|185.000000|179.779999|179.990005|1689700|0.9782056212|176.067230
2026-01-05|120|INTC|41.590000|42.099998|39.270000|39.369999|96665400|1.0000000000|39.369999
2026-01-05|121|J|135.899994|139.380005|135.360001|138.860001|948800|0.9918477371|137.727982
2026-01-05|122|JPM|325.500000|337.250000|325.190002|334.040009|10752600|0.9859988977|329.363068
2026-01-05|123|KMB|101.220001|101.220001|97.650002|98.070000|9673200|0.9744151054|95.560890
2026-01-05|124|L|104.099998|106.160004|104.080002|105.669998|521000|0.9982870407|105.488983
2026-01-05|125|LEN|103.870003|106.970001|103.599998|105.400002|2936500|0.9844362452|103.759583
2026-01-05|126|LOW|245.080002|247.830002|243.949997|244.750000|2835800|0.9846876283|241.002304
2026-01-05|127|MAS|63.959999|65.650002|63.720001|63.790001|2346600|0.9866652888|62.939377
2026-01-05|128|MTB|203.970001|211.300003|203.820007|209.449997|981500|0.9861939937|206.558334
2026-01-05|129|NEM|102.650002|105.860001|102.589996|103.529999|8865100|0.9956554334|103.080215
2026-01-05|130|NTRS|139.279999|144.899994|138.929993|144.000000|1088100|0.9898281838|142.535248
2026-01-05|131|NUE|170.000000|171.940002|166.309998|168.130005|2145300|0.9941593298|167.148010
2026-01-05|132|OMC|79.260002|80.730003|78.110001|78.349998|6076400|0.9796477026|76.755402
2026-01-05|133|PCAR|111.529999|113.129997|111.300003|112.919998|3149700|0.9916886281|111.981476
2026-01-05|134|PGR|210.800003|214.490005|209.399994|212.919998|3942900|0.9990392069|212.715408
2026-01-05|135|PH|898.590027|917.669983|893.489990|906.890015|632300|0.9958887879|903.161499
2026-01-05|136|PHM|118.010002|121.209999|118.000000|119.860001|1429300|0.9957597479|119.351761
2026-01-05|137|PPG|103.010002|106.339996|103.010002|105.209999|1699600|0.9817392581|103.288788
2026-01-05|138|PPL|34.950001|35.040001|34.389999|34.779999|6375400|0.9846479678|34.246056
2026-01-05|139|RF|27.549999|28.430000|27.480000|28.270000|19793500|0.9811037357|27.735804
2026-01-05|140|ROL|58.349998|59.439999|58.340000|58.930000|2365400|0.9887685295|58.268131
2026-01-05|141|SHW|326.079987|333.190002|322.880005|332.200012|1661800|0.9929181711|329.847443
2026-01-05|142|STT|128.929993|134.669998|128.570007|133.009995|2335700|0.9884428745|131.472778
2026-01-05|143|SWK|75.750000|77.830002|75.320000|77.209999|1415600|0.9785642065|75.554939
2026-01-05|144|SYK|345.109985|351.570007|344.630005|348.790009|1938100|0.9946461548|346.922638
2026-01-05|145|TMO|593.770020|611.450012|592.510010|611.200012|2488100|0.9980119596|609.984924
2026-01-05|146|TPL|306.910004|307.440002|292.529999|297.540009|519900|0.9973306248|296.745758
2026-01-05|147|TSN|57.660000|57.759998|56.810001|57.130001|2586600|0.9836914879|56.198296
2026-01-05|148|TT|395.299988|403.690002|390.230011|390.970001|1276600|0.9953350758|389.146149
2026-01-05|149|TYL|431.929993|446.089996|430.000000|441.100006|353700|1.0000000000|441.100006
2026-01-05|150|UDR|36.520000|36.730000|36.049999|36.119999|3962000|0.9688744575|34.995747
2026-01-05|151|VTRS|12.420000|12.430000|12.190000|12.370000|10112300|0.9769695342|12.085113
2026-01-05|152|WEC|105.940002|106.089996|104.000000|105.410004|3238200|0.9747231440|102.745560
2026-01-05|153|WST|272.440002|280.140015|269.549988|279.029999|1048000|0.9976812219|278.382965
2026-01-05|154|NDSN|240.250000|247.279999|240.250000|245.889999|374100|0.9941183690|244.443771
2026-01-05|155|TFC|49.380001|51.009998|49.290001|50.480000|11054000|0.9700498779|48.968117
2026-01-05|156|WELL|187.020004|187.029999|181.910004|184.729996|3650900|0.9893392873|182.760635
2026-01-05|157|AON|340.910004|352.160004|339.390015|351.290009|992700|0.9951005240|349.568909
2026-01-05|158|GL|136.429993|142.000000|136.009995|140.630005|669500|0.9958260151|140.043015
2026-01-05|159|OKE|75.379997|75.449997|71.360001|73.650002|5280800|0.9633206765|70.948570
2026-01-05|160|KLAC|1309.969940|1371.889954|1303.999939|1352.449951|1319900|0.0996303139|134.745010
2026-01-05|161|CSX|36.090000|36.360001|35.610001|35.910000|18680200|0.9936713984|35.682735
2026-01-05|162|PSA|257.779999|261.369995|256.540009|260.899994|1299300|0.9808120164|255.893845
2026-01-05|163|NKE|63.740002|65.370003|63.389999|64.529999|23482500|0.9845960180|63.535976
2026-01-05|164|AAPL|270.640015|271.510010|266.140015|267.260010|45647200|0.9972854026|266.534546
2026-01-05|165|BRO|77.300003|80.470001|77.150002|79.919998|3968900|0.9924932219|79.320061
2026-01-05|166|UHS|219.000000|224.080002|217.020004|222.869995|909700|0.9976532391|222.346970
2026-01-05|167|HD|342.700012|347.350006|341.250000|344.089996|4725300|0.9859634354|339.260132
2026-01-05|168|BAX|19.590000|20.340000|19.540001|19.889999|12216100|0.9989896155|19.862242
2026-01-05|169|COP|101.199997|102.980003|97.110001|99.199997|15706500|0.9784321345|97.060463
2026-01-05|170|GLW|92.040001|93.580002|86.669998|88.690002|9762200|0.9966096046|88.389313
2026-01-05|171|HUM|264.600006|277.679993|263.290009|275.799988|1214900|0.9926050698|273.760468
2026-01-05|172|LHX|307.390015|315.059998|307.149994|311.380005|1294100|0.9925076273|309.047058
2026-01-05|173|NOC|593.960022|611.369995|591.200012|611.320007|941700|0.9924395226|606.698181
2026-01-05|174|OXY|43.040001|43.200001|40.389999|41.230000|20512300|0.9906984712|40.846497
2026-01-05|175|ROK|402.140015|413.000000|402.140015|404.730011|832200|0.9904239689|400.854309
2026-01-05|176|SLB|43.000000|45.160000|42.520000|43.799999|56362600|0.9889523968|43.316116
2026-01-05|177|SO|86.739998|86.970001|85.220001|86.870003|4947700|0.9759995454|84.785072
2026-01-05|178|WMB|61.400002|61.500000|59.029999|61.160000|7238100|0.9855810767|60.278137
2026-01-05|179|VLO|179.690002|184.979996|177.509995|180.570007|9056500|0.9854130966|177.936066
2026-01-05|180|CI|277.619995|285.170013|277.149994|283.970001|1498900|0.9887906885|280.786896
2026-01-05|181|NSC|286.920013|291.220001|285.940002|287.920013|1052800|0.9874047136|284.293549
2026-01-05|182|COO|81.099998|83.389999|80.230003|82.739998|1664700|1.0000000000|82.739998
2026-01-05|183|AMGN|324.920013|326.519989|318.209991|320.720001|2268700|0.9799483831|314.289032
2026-01-05|184|RJF|163.410004|169.639999|163.410004|167.330002|1488600|0.9927317770|166.113815
2026-01-05|185|WSM|187.520004|196.000000|185.529999|191.759995|1278600|0.9895967846|189.765076
2026-01-05|186|CAH|203.809998|206.389999|201.020004|205.449997|2743400|0.9954149217|204.507996
2026-01-05|187|CTAS|184.149994|187.250000|183.139999|185.460007|1393800|0.9924218382|184.054565
2026-01-05|188|PAYX|108.599998|110.540001|107.800003|109.480003|3286100|0.9670710940|105.874947
2026-01-05|189|BEN|23.700001|24.809999|23.690001|24.490000|3606300|0.9758021744|23.897396
2026-01-05|190|AOS|67.790001|69.000000|67.660004|68.510002|1493700|0.9834989125|67.379509
2026-01-05|191|CASY|552.840027|569.130005|552.840027|564.260010|292800|0.9976268719|562.920898
2026-01-05|192|T|24.410000|24.750000|24.370001|24.709999|48958100|0.9652496452|23.851320
2026-01-05|193|VZ|40.430000|40.520000|39.830002|40.230000|43091700|0.9521495225|38.304974
2026-01-05|194|JBHT|197.289993|203.360001|196.570007|202.020004|957100|0.9944705560|200.902939
2026-01-05|195|ATO|168.500000|169.169998|164.500000|166.880005|971300|0.9829545502|164.035461
2026-01-05|196|LRCX|190.119995|198.360001|190.119995|194.759995|16268200|0.9981002163|194.389999
2026-01-05|197|MU|325.130005|325.529999|309.549988|312.149994|34608600|0.9994263974|311.970947
2026-01-05|198|AJG|254.779999|265.750000|253.190002|263.239990|1543500|0.9936444599|261.566956
2026-01-05|199|AME|208.169998|212.639999|208.130005|211.309998|1075400|0.9969202115|210.659210
2026-01-05|200|SWKS|64.860001|66.360001|64.559998|65.160004|3268900|0.9796110161|63.831459
2026-01-05|201|EXPD|151.330002|154.699997|150.639999|154.399994|1325100|0.9948730934|153.608398
2026-01-05|202|UNH|335.450012|346.940002|333.850006|342.019989|7956600|0.9866504480|337.454193
2026-01-05|203|BBY|69.019997|70.940002|69.000000|70.050003|4641500|0.9720666083|68.093269
2026-01-05|204|DOC|16.200001|16.650000|16.070000|16.389999|12586900|0.9572925378|15.690024
2026-01-05|205|ADSK|288.040009|293.100006|286.630005|288.660004|1463800|1.0000000000|288.660004
2026-01-05|206|DVN|37.790001|38.080002|35.450001|36.549999|11876600|0.9877783076|36.103298
2026-01-05|207|NVR|7251.100098|7425.529785|7251.100098|7321.209961|22200|1.0000000000|7321.209961
2026-01-05|208|ROST|182.899994|186.779999|182.899994|186.679993|2343100|0.9959267541|185.919586
2026-01-05|209|JKHY|178.000000|182.490005|176.479996|181.460007|602500|0.9919197584|179.993759
2026-01-05|210|MNST|76.180000|76.239998|75.120003|75.669998|4740500|0.5000000000|75.669998
2026-01-05|211|ORCL|198.339996|201.690002|192.330002|192.589996|22635500|0.9904465499|190.750092
2026-01-05|212|MSFT|474.059998|476.070007|469.500000|472.850006|25250300|0.9936958009|469.869080
2026-01-05|213|TROW|104.260002|108.209999|104.000000|106.489998|2652400|0.9736426638|103.683205
2026-01-05|214|COST|863.950012|878.770020|860.849976|875.739990|2805600|0.9956058515|871.891846
2026-01-05|215|ADBE|330.109985|334.470001|327.440002|331.559998|5012100|1.0000000000|331.559998
2026-01-05|216|FISV|65.190002|68.029999|64.510002|66.989998|7127400|1.0000000000|66.989998
2026-01-05|217|BKR|49.439999|50.130001|48.270000|49.070000|14722600|0.9892821118|48.544071
2026-01-05|218|CDNS|311.459991|314.170013|300.399994|301.220001|4024700|1.0000000000|301.220001
2026-01-05|219|TJX|154.000000|155.020004|152.880005|153.839996|5027200|0.9907991610|152.424530
2026-01-05|220|FICO|1637.890015|1674.339966|1637.890015|1653.479980|289000|1.0000000000|1653.479980
2026-01-05|221|CCL|30.510000|31.790001|30.410000|31.490000|21182300|0.9841845235|30.991968
2026-01-05|222|FAST|40.439999|41.500000|40.330002|41.150002|9442200|0.9838279433|40.484524
2026-01-05|223|SCHW|101.739998|104.440002|101.739998|103.739998|9206500|0.9901836685|102.721649
2026-01-05|224|JCI|123.000000|124.070000|121.480003|121.529999|4007400|0.9941759575|120.822197
2026-01-05|225|COHR|197.660004|200.179993|179.750000|186.360001|5235400|1.0000000000|186.360001
2026-01-05|226|KEY|21.020000|21.740000|20.969999|21.370001|18853500|0.9804836286|20.952936
2026-01-05|227|MOS|25.209999|25.420000|24.480000|24.870001|6452600|0.9816582705|24.413841
2026-01-05|228|MGM|36.060001|37.290001|35.720001|35.959999|6406200|1.0000000000|35.959999
2026-01-05|229|WM|217.809998|219.690002|215.070007|219.440002|2180300|0.9917417797|217.627808
2026-01-05|230|TECH|59.049999|63.139999|59.049999|63.029999|2560200|0.9957086055|62.759514
2026-01-05|231|IEX|177.639999|182.740005|177.639999|180.800003|408000|0.9895889092|178.917679
2026-01-05|232|GEN|25.990000|26.450001|25.790001|26.139999|4007300|0.9850474704|25.749140
2026-01-05|233|CRH|125.750000|128.710007|125.639999|128.309998|4741600|0.9889154582|126.887741
2026-01-05|234|EOG|106.320000|107.480003|102.279999|106.199997|5158500|0.9756845809|103.617706
2026-01-05|235|PTC|170.110001|173.940002|169.699997|173.110001|746400|1.0000000000|173.110001
2026-01-05|236|CSCO|76.449997|76.769997|75.209999|75.580002|16328800|0.9909035959|74.892502
2026-01-05|237|LH|250.320007|254.279999|245.000000|253.179993|561500|0.9947633093|251.315353
2026-01-05|238|TRMB|78.339996|80.260002|78.339996|79.269997|1715200|1.0000000000|79.269997
2026-01-05|239|AZO|3259.949951|3288.000000|3232.479980|3268.300049|160300|1.0000000000|3268.300049
2026-01-05|240|REGN|769.719971|771.989990|753.200012|763.229980|835700|0.9961457605|760.288330
2026-01-05|241|IDXX|670.210022|684.960022|667.659973|682.229980|518800|1.0000000000|682.229980
2026-01-05|242|AES|14.970000|15.020000|14.460000|14.730000|7642300|0.9646899783|14.209884
2026-01-05|243|VRTX|448.829987|450.720001|443.119995|448.799988|931400|1.0000000000|448.799988
2026-01-05|244|ZBRA|249.149994|257.070007|249.149994|252.639999|810300|1.0000000000|252.639999
2026-01-05|245|BIIB|175.729996|180.559998|171.610001|174.630005|1663600|1.0000000000|174.630005
2026-01-05|246|ODFL|159.020004|165.949997|158.160004|163.729996|1824600|0.9973411992|163.294662
2026-01-05|247|APH|141.050003|143.300003|139.000000|139.880005|10179300|0.9965240421|139.393784
2026-01-05|248|KIM|20.059999|20.320000|19.990000|20.139999|5038900|0.9782318124|19.701590
2026-01-05|249|QCOM|175.460007|178.850006|174.009995|176.309998|8972200|0.9899641514|174.540573
2026-01-05|250|GILD|120.769997|121.000000|116.879997|118.300003|7039100|0.9878606941|116.863914
2026-01-05|251|ROP|429.940002|436.309998|427.890015|431.660004|1189300|0.9949619600|429.485291
2026-01-05|252|SNPS|485.029999|506.299988|478.950012|494.190002|2710800|1.0000000000|494.190002
2026-01-05|253|STZ|143.000000|145.479996|141.809998|142.509995|4964300|0.9792322433|139.550385
2026-01-05|254|BSX|94.279999|95.779999|93.860001|95.480003|7533300|1.0000000000|95.480003
2026-01-05|255|STE|249.979996|257.160004|248.839996|256.750000|644400|0.9945039836|255.338898
2026-01-05|256|DHI|144.449997|148.509995|143.929993|146.479996|2328800|0.9911938574|145.190063
2026-01-05|257|LIN|425.609985|433.989990|424.070007|433.100006|2617800|0.9935105778|430.289459
2026-01-05|258|SBUX|83.500000|87.250000|83.400002|86.559998|9894300|0.9821606772|85.015816
2026-01-05|259|MS|182.199997|188.509995|182.059998|186.539993|6787400|0.9837860335|183.515442
2026-01-05|260|INTU|629.460022|639.520020|619.700012|633.840027|2170700|0.9906980199|627.944092
2026-01-05|261|MCHP|65.349998|68.839996|65.300003|67.059998|9261200|0.9832658267|65.937805
2026-01-05|262|CB|308.000000|316.940002|307.000000|315.190002|1852800|0.9939554166|313.284821
2026-01-05|263|ORLY|89.419998|91.029999|89.120003|90.580002|5382800|1.0000000000|90.580002
2026-01-05|264|RCL|281.000000|286.339996|276.369995|280.160004|2289500|0.9895699200|277.237915
2026-01-05|265|JBL|243.899994|249.000000|222.009995|223.440002|2099300|0.9992441666|223.271133
2026-01-05|266|ALL|202.369995|206.490005|201.309998|205.570007|1516400|0.9897514584|203.463211
2026-01-05|267|CPT|109.989998|110.919998|109.000000|109.099998|1433900|0.9801843508|106.938110
2026-01-05|268|VMRK|61.560001|61.880001|60.889999|60.919998|2524500|0.9778762777|59.572224
2026-01-05|269|IT|235.610001|245.880005|235.000000|239.369995|984800|1.0000000000|239.369995
2026-01-05|270|DECK|107.379997|108.970001|107.300003|108.099998|3058900|1.0000000000|108.099998
2026-01-05|271|REG|67.580002|68.680000|67.349998|68.570000|1097800|0.9810739142|67.272240
2026-01-05|272|INCY|103.000000|103.010002|99.040001|101.790001|3051800|1.0000000000|101.790001
2026-01-05|273|SPG|183.059998|185.199997|183.059998|183.110001|1480600|0.9778630534|179.056519
2026-01-05|274|MAA|138.619995|139.559998|137.229996|137.350006|1043500|0.9656183896|132.627686
2026-01-05|275|MLM|628.700012|642.630005|628.700012|642.000000|458800|0.9973479749|640.297424
2026-01-05|276|TSCO|50.400002|50.849998|49.630001|49.830002|13699600|0.9807531624|48.870926
2026-01-05|277|ALB|146.279999|148.669998|145.059998|146.130005|3112900|0.9949889134|145.397736
2026-01-05|278|CPRT|37.599998|39.150002|37.410000|38.540001|8998500|1.0000000000|38.540001
2026-01-05|279|FLEX|64.589996|65.279999|61.349998|61.750000|3389900|1.0000000000|61.750000
2026-01-05|280|ESS|255.500000|256.450012|252.199997|253.059998|748400|0.9806657936|248.167282
2026-01-05|281|O|57.299999|58.090000|56.770000|57.849998|6824400|0.9702778493|56.130566
2026-01-05|282|MCO|502.500000|533.039978|500.000000|526.880005|1284400|0.9933686768|523.386108
2026-01-05|283|SJM|96.389999|96.750000|94.180000|94.559998|1810900|0.9701300487|91.735489
2026-01-05|284|MCK|816.179993|825.960022|794.590027|824.919983|786900|0.9980659618|823.324585
2026-01-05|285|COF|247.550003|253.350006|247.449997|250.509995|3348400|0.9884398390|247.614059
2026-01-05|286|EME|644.710022|662.650024|644.559998|653.570007|473000|0.9983902989|652.518005
2026-01-05|287|DLTR|128.000000|129.619995|125.889999|128.570007|2249500|1.0000000000|128.570007
2026-01-05|288|COR|337.309998|341.720001|329.100006|340.920013|1613400|0.9940692618|338.898102
2026-01-05|289|DRI|186.809998|193.009995|186.809998|192.660004|2074000|0.9771066651|188.249374
2026-01-05|290|RMD|243.270004|247.289993|242.539993|245.360001|773900|0.9918845144|243.368790
2026-01-05|291|WAB|215.899994|218.919998|215.889999|217.009995|698400|0.9965472933|216.260727
2026-01-05|292|FCX|53.630001|54.450001|53.290001|54.410000|26935100|0.9929128187|54.024387
2026-01-05|293|IVZ|26.940001|28.440001|26.940001|28.160000|8960200|0.9777629266|27.533804
2026-01-05|294|ACGL|92.809998|95.449997|92.510002|94.440002|2225200|1.0000000000|94.440002
2026-01-05|295|ERIE|275.869995|284.100006|275.820007|281.929993|146900|0.9834606060|277.267029
2026-01-05|296|EG|335.049988|343.320007|333.380005|341.279999|396800|0.9878843207|337.145172
2026-01-05|297|DVA|113.529999|115.820000|113.370003|113.940002|886400|1.0000000000|113.940002
2026-01-05|298|HSIC|76.730003|78.559998|76.730003|78.540001|1287200|1.0000000000|78.540001
2026-01-05|299|EL|108.949997|110.190002|107.120003|108.160004|2561400|0.9930325985|107.406410
2026-01-05|300|WAT|381.959991|395.440002|380.299988|394.970001|433400|1.0000000000|394.970001
2026-01-05|301|NTAP|107.500000|107.669998|104.650002|105.080002|1702200|0.9918913810|104.227951
2026-01-05|302|HIG|136.210007|138.610001|136.160004|137.750000|1554100|0.9910400733|136.515762
2026-01-05|303|IRM|83.150002|84.199997|81.739998|83.669998|2557700|0.9851777356|82.429817
2026-01-05|304|BRK-B|494.940002|503.429993|494.500000|498.519989|5145300|1.0000000000|498.519989
2026-01-05|305|FDS|280.570007|289.359985|280.010010|286.359985|615500|0.9900356292|283.506592
2026-01-05|306|STLD|176.330002|177.500000|170.130005|171.830002|1774900|0.9946588101|170.912231
2026-01-05|307|DGX|173.460007|174.490005|171.179993|173.490005|748800|0.9871163208|171.254822
2026-01-05|308|CIEN|250.339996|252.600006|223.270004|230.899994|3215900|1.0000000000|230.899994
2026-01-05|309|TTWO|252.429993|258.559998|251.350006|257.309998|1108700|1.0000000000|257.309998
2026-01-05|310|VTR|77.349998|77.349998|74.949997|76.440002|3799200|0.9878430433|75.510719
2026-01-05|311|AMZN|228.839996|234.000000|227.179993|233.059998|49733300|1.0000000000|233.059998
2026-01-05|312|ARE|48.720001|50.110001|48.660000|49.540001|2263900|0.9716953716|48.137791
2026-01-05|313|RL|362.690002|367.459991|357.239990|358.519989|677500|0.9948318200|356.667084
2026-01-05|314|BXP|67.059998|67.919998|66.900002|67.089996|2630000|0.9761958291|65.492973
2026-01-05|315|FIX|1020.510010|1050.449951|1020.510010|1032.310059|435100|0.9985721755|1030.836060
2026-01-05|316|YUM|149.509995|152.220001|148.240005|150.289993|2593800|0.9905648102|148.871979
2026-01-05|317|CHRW|163.880005|167.570007|163.289993|167.210007|1395700|0.9931897587|166.071274
2026-01-05|318|FE|45.169998|45.169998|44.349998|44.779999|4194900|0.9707938980|43.472149
2026-01-05|319|MTD|1408.239990|1452.709961|1408.239990|1446.630005|121500|1.0000000000|1446.630005
2026-01-05|320|PLD|128.699997|130.809998|127.760002|129.690002|3265300|0.9848712132|127.727959
2026-01-05|321|URI|860.000000|906.020020|858.500000|887.010010|1145300|0.9939808437|881.670898
2026-01-05|322|AEE|100.360001|100.360001|97.889999|99.599998|1703500|0.9863006617|98.235542
2026-01-05|323|VRSN|239.130005|240.970001|236.259995|239.250000|649900|0.9907421953|237.035065
2026-01-05|324|PWR|444.700012|452.239990|435.000000|435.820007|1184700|0.9996508742|435.667847
2026-01-05|325|AMT|174.259995|176.270004|171.039993|176.250000|3433400|0.9807453674|172.856384
2026-01-05|326|MAR|311.820007|316.320007|308.309998|311.029999|2174500|0.9940852561|309.190338
2026-01-05|327|CTSH|81.209999|82.730003|81.000000|81.629997|3569900|0.9822114026|80.177917
2026-01-05|328|SRE|89.449997|89.449997|86.500000|87.540001|2954100|0.9860298575|86.317055
2026-01-05|329|CSGP|65.599998|67.379997|65.220001|66.419998|4369100|1.0000000000|66.419998
2026-01-05|330|RSG|209.199997|213.630005|208.270004|212.839996|1368800|0.9942648020|211.619324
2026-01-05|331|CCI|87.910004|88.540001|86.160004|88.419998|3970900|0.9762634240|86.321213
2026-01-05|332|EBAY|86.750000|91.410004|86.639999|90.470001|5101500|0.9939126631|89.646721
2026-01-05|333|NVDA|191.759995|193.630005|186.149994|188.119995|183529700|0.9987817973|187.890839
2026-01-05|334|BKNG|5293.199921|5445.199966|5281.539917|5367.369843|178500|0.0398088823|213.668976
2026-01-05|335|GS|914.400024|961.690002|912.599976|948.440002|3742000|0.9903999491|939.334900
2026-01-05|336|FFIV|263.790009|275.149994|262.279999|272.059998|1449500|1.0000000000|272.059998
2026-01-05|337|SBAC|190.440002|190.940002|186.830002|190.059998|1037600|0.9805017315|186.354156
2026-01-05|338|LII|499.000000|511.209991|495.130005|503.899994|334200|0.9946881341|501.223328
2026-01-05|339|BLK|1085.880005|1131.650024|1083.250000|1119.760010|926200|0.9888912077|1107.320679
2026-01-05|340|TKO|205.050003|205.979996|202.320007|203.649994|1279500|0.9921219970|202.045654
2026-01-05|341|AKAM|85.059998|87.400002|85.050003|85.910004|1433800|1.0000000000|85.910004
2026-01-05|342|UPS|100.949997|102.320000|100.589996|102.000000|5733600|0.9546755018|97.376900
2026-01-05|343|A|137.669998|142.970001|137.660004|142.929993|2981500|0.9940314297|142.076904
2026-01-05|344|TDY|518.770020|538.940002|515.159973|524.090027|403800|1.0000000000|524.090027
2026-01-05|345|PKG|210.210007|211.809998|207.789993|211.130005|759500|0.9876260349|208.517502
2026-01-05|346|EW|85.000000|85.330002|83.660004|84.169998|4207200|1.0000000000|84.169998
2026-01-05|347|MET|79.769997|83.000000|79.470001|81.769997|3864900|0.9792675716|80.074699
2026-01-05|348|ON|57.520000|60.070000|57.330002|58.689999|10617100|1.0000000000|58.689999
2026-01-05|349|ISRG|561.150024|567.080017|558.000000|566.380005|1395000|1.0000000000|566.380005
2026-01-05|350|CRL|197.000000|208.690002|194.929993|208.320007|710800|1.0000000000|208.320007
2026-01-05|351|MRVL|93.019997|93.970001|88.120003|90.230003|21328400|0.9985347355|90.097794
2026-01-05|352|EQIX|761.080017|775.200012|755.400024|772.020020|580300|0.9849779860|760.422791
2026-01-05|353|TPR|129.649994|130.699997|128.070007|128.529999|2907100|0.9944862341|127.821312
2026-01-05|354|GRMN|201.470001|206.070007|201.470001|203.759995|946200|0.9917889977|202.086929
2026-01-05|355|GPN|75.070000|78.389999|74.849998|77.019997|3698800|0.9929199565|76.474693
2026-01-05|356|ALGN|155.080002|161.160004|154.789993|160.130005|1279200|1.0000000000|160.130005
2026-01-05|357|WTW|325.410004|335.880005|325.000000|334.600006|540000|0.9930717262|332.281799
2026-01-05|358|MDLZ|53.360001|53.869999|52.790001|53.740002|15822000|0.9831751096|52.835835
2026-01-05|359|AXON|569.650024|601.690002|568.359985|591.159973|777900|1.0000000000|591.159973
2026-01-05|360|FIS|65.110001|67.449997|65.089996|66.370003|3031700|0.9802816760|65.061295
2026-01-05|361|ACN|260.829987|266.750000|259.480011|263.980011|3538200|0.9798095806|258.650116
2026-01-05|362|ZBH|90.269997|93.080002|89.610001|92.650002|1990400|0.9946488082|92.154205
2026-01-05|363|BG|92.360001|93.400002|90.690002|93.400002|2515000|0.9821514316|91.732956
2026-01-05|364|PFG|88.540001|91.279999|88.160004|90.510002|1107000|0.9832413887|88.993179
2026-01-05|365|ELV|353.089996|366.929993|352.290009|363.510010|1310000|0.9898456688|359.818787
2026-01-05|366|CNC|42.990002|44.930000|42.619999|44.680000|9214600|1.0000000000|44.680000
2026-01-05|367|PRU|113.220001|118.300003|113.220001|117.360001|2087500|0.9622422893|112.928757
2026-01-05|368|NFLX|90.919998|92.629997|90.839996|91.459999|39183300|1.0000000000|91.459999
2026-01-05|369|NDAQ|96.239998|98.860001|96.239998|98.449997|3416200|0.9932805958|97.788467
2026-01-05|370|WYNN|121.720001|123.540001|119.559998|119.680000|1110500|0.9927789107|118.815788
2026-01-05|371|CME|267.769989|275.500000|267.670013|275.059998|1375600|0.9716146686|267.252350
2026-01-05|372|STX|294.970001|298.000000|277.690002|289.829987|3350300|0.9975473958|289.119141
2026-01-05|373|NRG|168.490005|170.240005|159.000000|161.589996|1700600|0.9903289609|160.027252
2026-01-05|374|AIZ|235.500000|241.779999|235.330002|240.419998|305700|0.9925480196|238.628403
2026-01-05|375|CBRE|159.610001|164.639999|159.229996|164.399994|1283000|1.0000000000|164.399994
2026-01-05|376|CRM|253.619995|259.589996|252.309998|256.260010|6421500|0.9949373630|254.962646
2026-01-05|377|DPZ|416.000000|420.000000|405.160004|411.440002|1038800|0.9888611209|406.857025
2026-01-05|378|EXR|130.570007|132.139999|130.190002|131.100006|1597300|0.9779070040|128.203613
2026-01-05|379|GOOG|317.695007|319.250000|315.248993|317.320007|19934000|0.9986949468|316.905884
2026-01-05|380|GOOGL|317.660004|319.019989|314.630005|316.540009|30195600|0.9986999831|316.128540
2026-01-05|381|DLR|155.199997|156.460007|151.860001|155.770004|2242800|0.9866588059|153.691849
2026-01-05|382|MPWR|946.159973|966.059998|938.239990|955.030029|649100|0.9964842129|951.672363
2026-01-05|383|LVS|65.019997|65.410004|64.150002|64.639999|3828300|0.9827791790|63.526848
2026-01-05|384|DXCM|66.639999|67.940002|65.190002|67.650002|5200800|1.0000000000|67.650002
2026-01-05|385|BLDR|106.680000|112.650002|106.019997|108.440002|2170300|1.0000000000|108.440002
2026-01-05|386|WBD|28.559999|28.920000|28.440001|28.530001|26514000|1.0000000000|28.530001
2026-01-05|387|EXPE|282.940002|289.510010|277.250000|287.470001|1127700|0.9942877675|285.827911
2026-01-05|388|CF|80.750000|81.000000|79.000000|80.260002|2452700|0.9855673857|79.101646
2026-01-05|389|AMP|492.630005|513.989990|492.470001|507.890015|482300|0.9903313094|502.979340
2026-01-05|390|ICE|159.479996|166.399994|159.210007|165.619995|3370200|0.9930916239|164.475830
2026-01-05|391|PSKY|13.130000|13.170000|12.890000|12.980000|7570600|0.9901049837|12.851562
2026-01-05|392|LYV|144.839996|147.889999|144.630005|145.309998|2080300|1.0000000000|145.309998
2026-01-05|393|CMG|37.430000|39.060001|37.430000|38.250000|16303000|1.0000000000|38.250000
2026-01-05|394|UAL|112.739998|116.339996|112.410004|114.889999|3779700|1.0000000000|114.889999
2026-01-05|395|TDG|1358.290039|1388.000000|1358.290039|1367.890015|296600|1.0000000000|1367.890015
2026-01-05|396|MA|559.619995|576.260010|558.450012|568.570007|2865000|0.9951190330|565.794861
2026-01-05|397|LDOS|185.229996|196.399994|184.000000|195.490005|1197400|0.9940154778|194.320099
2026-01-05|398|FSLR|278.390015|280.500000|263.230011|272.000000|2006800|1.0000000000|272.000000
2026-01-05|399|BR|219.460007|224.009995|218.639999|222.820007|676300|0.9878384663|220.110168
2026-01-05|400|SMCI|31.680000|32.040001|29.980000|30.070000|38591800|1.0000000000|30.070000
2026-01-05|401|TMUS|199.169998|202.440002|198.429993|200.860001|4021800|0.9898439218|197.679153
2026-01-05|402|DAL|69.419998|72.849998|69.330002|71.820000|9263200|0.9922015511|71.259918
2026-01-05|403|IBKR|67.949997|71.690002|67.849998|71.570000|5283100|0.9979162811|71.420868
2026-01-05|404|PODD|282.209991|285.399994|278.790009|283.510010|795100|1.0000000000|283.510010
2026-01-05|405|TEL|234.289993|237.169998|230.339996|231.399994|1735100|0.9892434805|228.910934
2026-01-05|406|BX|158.800003|163.889999|158.800003|162.350006|3508100|0.9695455041|157.405716
2026-01-05|407|LULU|211.440002|216.449997|211.070007|212.399994|3173100|1.0000000000|212.399994
2026-01-05|408|ULTA|620.039978|636.960022|619.590027|631.150024|892200|1.0000000000|631.150024
2026-01-05|409|MSCI|558.260010|584.200012|557.000000|577.599976|628300|0.9889531620|571.219299
2026-01-05|410|ECHO|113.019997|113.470001|109.610001|110.669998|3593900|1.0000000000|110.669998
2026-01-05|411|PM|159.000000|160.449997|155.300003|159.860001|8234300|0.9830023955|157.142761
2026-01-05|412|V|344.500000|357.540009|344.049988|353.799988|7592200|0.9940309283|351.688141
2026-01-05|413|AWK|129.580002|130.100006|125.559998|127.400002|2391600|0.9796942856|124.813065
2026-01-05|414|KDP|27.639999|27.700001|27.049999|27.320000|12995500|0.9842341174|26.889277
2026-01-05|415|SW|39.320000|40.520000|39.230000|40.070000|5567300|0.9711821711|38.915272
2026-01-05|416|AVGO|354.739990|355.029999|336.500000|343.420013|31136000|0.9963298147|342.159607
2026-01-05|417|VRSK|220.380005|224.889999|218.289993|220.699997|1355500|0.9947617775|219.543915
2026-01-05|418|DG|135.559998|138.979996|133.850006|138.929993|3707700|0.9860246787|136.988403
2026-01-05|419|FTNT|78.510002|79.900002|77.830002|77.940002|6068200|1.0000000000|77.940002
2026-01-05|420|CHTR|209.910004|215.100006|208.100006|210.009995|1667800|1.0000000000|210.009995
2026-01-05|421|FERG|223.919998|229.149994|223.919998|227.600006|978600|0.9887782143|225.045929
2026-01-05|422|GNRC|143.000000|148.740005|142.259995|148.679993|962900|1.0000000000|148.679993
2026-01-05|423|LYB|44.380001|46.340000|44.250000|45.590000|7859800|0.9677851714|44.121326
2026-01-05|424|CBOE|248.160004|254.800003|247.729996|252.110001|613800|0.9954503651|250.962982
2026-01-05|425|TSLA|447.989990|457.549988|444.570007|451.670013|67940800|1.0000000000|451.670013
2026-01-05|426|KKR|128.789993|135.779999|128.679993|134.570007|4368900|0.9943370554|133.807953
2026-01-05|427|NXPI|221.850006|230.419998|221.850006|223.880005|2856300|0.9914738451|221.971161
2026-01-05|428|GM|80.540001|83.379997|79.970001|83.150002|10468400|0.9954799629|82.774162
2026-01-05|429|TRGP|189.789993|190.000000|177.639999|183.470001|1685900|0.9854533185|180.801117
2026-01-05|430|CPAY|298.350006|312.920013|298.350006|308.609985|455500|1.0000000000|308.609985
2026-01-05|431|KMI|27.959999|27.959999|27.129999|27.900000|17778500|0.9722301462|27.125221
2026-01-05|432|HCA|468.010010|478.269989|465.010010|477.829987|1168500|0.9965176399|476.166016
2026-01-05|433|HII|358.140015|365.920013|358.140015|363.480011|547300|0.9925978670|359.114716
2026-01-05|434|APO|145.889999|151.979996|145.889999|149.759995|3019800|0.9875780044|147.899673
2026-01-05|435|MPC|173.149994|177.699997|171.500000|174.940002|5033200|0.9885237030|172.932327
2026-01-05|436|XYL|136.559998|139.830002|136.550003|139.000000|931600|0.9889650951|137.466141
2026-01-05|437|APTV|78.260002|80.800003|78.169998|80.519997|1691400|1.0000000000|80.519997
2026-01-05|438|PSX|136.000000|141.990005|135.800003|139.979996|4819500|0.9794981865|137.110168
2026-01-05|439|AMCR|8.360000|8.480000|8.310000|8.460000|18221400|4.8543684849|41.067955
2026-01-05|440|META|651.010010|664.539978|647.750000|658.789978|12213700|0.9982193806|657.616943
2026-01-05|441|NOW|146.509995|149.809998|145.789993|147.600006|9854900|1.0000000000|147.600006
2026-01-05|442|PANW|183.000000|185.839996|181.009995|182.119995|6582900|1.0000000000|182.119995
2026-01-05|443|FANG|153.729996|154.580002|143.550003|146.990005|2598000|0.9832059760|144.521469
2026-01-05|444|WDAY|205.800003|212.449997|205.139999|208.899994|4019100|1.0000000000|208.899994
2026-01-05|445|ABBV|227.000000|227.240005|217.860001|220.179993|9341300|0.9769027438|215.094452
2026-01-05|446|NCLH|22.500000|22.980000|21.959999|22.580000|15549800|1.0000000000|22.580000
2026-01-05|447|ZTS|125.639999|129.880005|125.440002|129.369995|5125900|0.9845723480|127.374130
2026-01-05|448|IQV|222.550003|234.949997|221.779999|234.589996|1508700|1.0000000000|234.589996
2026-01-05|449|NWS|29.700001|30.290001|29.570000|29.900000|800700|0.9963262306|29.790154
2026-01-05|450|NWSA|26.080000|26.620001|26.030001|26.190001|3563000|0.9958385353|26.081011
2026-01-05|451|CDW|133.160004|135.850006|133.000000|133.610001|1446600|0.9844137869|131.527542
2026-01-05|452|VEEV|219.500000|223.820007|217.880005|221.320007|1575700|1.0000000000|221.320007
2026-01-05|453|ALLE|159.929993|163.690002|159.699997|161.880005|628700|0.9921390873|160.607483
2026-01-05|454|HLT|291.230011|292.630005|285.609985|285.769989|2595800|0.9986088702|285.372467
2026-01-05|455|ARES|166.339996|173.440002|166.339996|172.050003|1761500|0.9767290545|168.046249
2026-01-05|456|ANET|138.339996|141.410004|134.509995|137.190002|9691900|1.0000000000|137.190002
2026-01-05|457|SYF|84.599998|87.504997|84.599998|86.739998|3230700|0.9876561264|85.669289
2026-01-05|458|CFG|59.880001|61.580002|59.480000|61.049999|5841800|0.9795741096|59.802998
2026-01-05|459|KEYS|207.570007|211.500000|207.570007|208.820007|847000|1.0000000000|208.820007
2026-01-05|460|GDDY|117.699997|121.470001|117.190002|118.589996|1937200|1.0000000000|118.589996
2026-01-05|461|KHC|24.309999|24.360001|23.730000|23.770000|18653000|0.9659839010|22.961439
2026-01-05|462|PYPL|58.009998|60.105000|57.900002|59.290001|17115900|0.9937057617|58.916817
2026-01-05|463|LITE|388.339996|393.000000|344.670013|357.049988|5787800|1.0000000000|357.049988
2026-01-05|464|HPE|24.219999|24.410000|23.730000|24.129999|18144700|0.9906947030|23.905464
2026-01-05|465|XYZ|65.095001|69.300003|64.900002|68.449997|8109900|1.0000000000|68.449997
2026-01-05|466|FTV|54.724998|55.049999|52.650002|53.810001|6408600|0.9979248563|53.698338
2026-01-05|467|DELL|129.559998|131.190002|122.089996|124.010002|8471000|0.9909355870|122.885925
2026-01-05|468|TTD|37.950001|40.200001|37.849998|40.110001|14290500|1.0000000000|40.110001
2026-01-05|469|VST|169.369995|171.654999|160.190002|162.929993|4385200|0.9972411805|162.480499
2026-01-05|470|HWM|212.110001|215.589996|209.139999|212.919998|2736900|0.9985047767|212.601639
2026-01-05|471|INVH|27.559999|27.795000|27.465000|27.469999|7314100|0.9779475029|26.864218
2026-01-05|472|CVNA|402.599983|434.389992|398.282013|430.060005|4181500|0.2000000000|86.012001
2026-01-05|473|IR|79.150002|82.760002|78.959999|82.209999|2348700|0.9992655835|82.149620
2026-01-05|474|VICI|28.100000|28.450001|27.735001|28.129999|20166300|0.9677245240|27.222092
2026-01-05|475|VRT|182.630005|183.250000|170.440002|173.949997|5860200|0.9995540701|173.872421
2026-01-05|476|MRNA|31.330000|32.533001|31.270000|32.169998|10030300|1.0000000000|32.169998
2026-01-05|477|FOXA|73.639999|76.309998|73.639999|75.669998|4409700|0.9951185496|75.300621
2026-01-05|478|FOX|65.849998|68.139999|65.754997|67.760002|1692300|0.9946544484|67.397789
2026-01-05|479|DOW|24.250000|25.145000|24.180000|24.900000|13203100|0.9783459966|24.360815
2026-01-05|480|UBER|81.610001|82.839996|79.574997|80.739998|24036800|1.0000000000|80.739998
2026-01-05|481|CTVA|67.529999|68.379997|66.709999|67.849998|2816600|0.9954590981|67.541901
2026-01-05|482|CRWD|458.630005|466.489990|455.005005|456.549988|2615700|0.2500000000|114.137497
2026-01-05|483|DDOG|132.919998|135.664993|132.369995|133.639999|3828000|1.0000000000|133.639999
2026-01-05|484|CARR|53.049999|54.470001|53.049999|53.790001|4295800|0.9886394999|53.178925
2026-01-05|485|OTIS|87.720001|89.309998|87.589996|89.180000|3263800|0.9834662418|87.705521
2026-01-05|486|PLTR|174.880005|175.820007|171.789993|174.039993|39511700|1.0000000000|174.039993
2026-01-05|487|DASH|220.500000|230.960007|218.220001|226.720001|4917000|1.0000000000|226.720001
2026-01-05|488|ABNB|133.100006|137.960007|132.634995|135.869995|4336100|1.0000000000|135.869995
2026-01-05|489|EXE|108.269997|108.290001|102.879997|106.820000|4489900|0.9826864450|104.970566
2026-01-05|490|COIN|247.110001|258.880005|246.529999|254.919998|13695300|1.0000000000|254.919998
2026-01-05|491|APP|617.700012|642.280029|603.770020|632.909973|3846900|1.0000000000|632.909973
2026-01-05|492|HOOD|117.919998|123.419998|117.550003|123.239998|26231000|1.0000000000|123.239998
2026-01-05|493|CEG|372.329987|378.500000|349.540009|354.940002|3097300|0.9955820742|353.371887
2026-01-05|494|GEHC|82.790001|85.480003|82.230003|85.040001|2857900|0.9985528329|84.916931
2026-01-05|495|KVUE|17.219999|17.245001|16.780001|16.820000|47367200|0.9661066365|16.249912
2026-01-05|496|VLTO|97.959999|99.949997|97.500000|99.190002|1210700|0.9970188523|98.894302
2026-01-05|497|RDDT|248.839996|250.000000|241.000000|244.050003|3365200|1.0000000000|244.050003
2026-01-05|498|SOLV|78.260002|81.339996|78.184998|80.800003|1036200|1.0000000000|80.800003
2026-01-05|499|GEV|690.619995|698.739990|669.500000|680.859985|2446600|0.9988852954|680.101074
2026-01-05|500|SNDK|284.220001|285.000000|266.329987|274.079987|9812600|1.0000000000|274.079987
2026-01-05|501|Q|85.000000|86.870003|84.980003|85.110001|1269500|0.9988559230|85.012634
