date|security_id|ticker|open|high|low|close|volume|adj_factor|adj_close_vendor
2026-05-19|1|AEP|127.000000|129.039993|126.269997|128.919998|4494500|0.9924441265|127.945892
2026-05-19|2|BA|218.839996|220.050003|214.000000|215.009995|5355300|1.0000000000|215.009995
2026-05-19|3|CAT|861.590027|869.859985|845.549988|860.150024|3239700|0.9981483165|858.557312
2026-05-19|4|CNP|41.639999|42.639999|41.570000|42.500000|5076000|0.9886466776|42.017483
2026-05-19|5|CVX|194.929993|198.869995|193.470001|197.250000|11819200|0.9913483039|195.543457
2026-05-19|6|DIS|103.709999|103.930000|101.970001|102.290001|7032600|0.9923958226|101.512169
2026-05-19|7|DTE|140.949997|143.839996|140.639999|143.149994|1553700|0.9921049063|142.019806
2026-05-19|8|ED|107.589996|108.809998|106.550003|108.139999|3361400|0.9918651523|107.260300
2026-05-19|9|GD|343.089996|343.220001|339.119995|340.140015|748100|0.9956181446|338.649567
2026-05-19|10|GE|284.790009|287.420013|282.619995|285.279999|5239400|0.9987550328|284.924835
2026-05-19|11|HON|217.010000|218.209994|215.170000|217.149993|5105500|1.0456302247|227.058609
2026-05-19|12|HPQ|20.900000|21.000000|20.440001|20.969999|10887400|0.9879711310|20.717754
2026-05-19|13|IBM|224.500000|227.350006|221.919998|222.330002|5937800|0.9928776129|220.746475
2026-05-19|14|IP|30.250000|30.350000|29.360001|29.379999|5017800|0.9742073595|28.622211
2026-05-19|15|JNJ|228.940002|230.850006|228.039993|230.000000|9677900|0.9894021702|227.562485
2026-05-19|16|KO|81.410004|82.660004|81.260002|81.919998|16595200|0.9935850886|81.394493
2026-05-19|17|KR|68.849998|71.709999|68.820000|70.599998|7840300|0.9931853922|70.118889
2026-05-19|18|LMT|527.510010|530.260010|523.479980|526.630005|1107600|0.9934960884|523.204834
2026-05-19|19|MMM|151.360001|151.360001|148.360001|149.360001|4629300|0.9905187908|147.943878
2026-05-19|20|MO|73.650002|74.410004|73.099998|74.000000|6180000|0.9852654995|72.909645
2026-05-19|21|MRK|112.559998|115.099998|112.129997|114.239998|7555400|0.9928601430|113.424339
2026-05-19|22|MSI|409.980011|411.690002|398.190002|398.730011|1091000|0.9970118292|397.538544
2026-05-19|23|PG|142.470001|143.710007|140.850006|141.300003|8355800|0.9925903246|140.253006
2026-05-19|24|XOM|161.500000|163.320007|159.639999|162.550003|20715600|0.9935665212|161.504242
2026-05-19|25|RTX|176.289993|177.000000|174.380005|174.490005|5578600|0.9925545778|173.190857
2026-05-19|26|MCD|283.399994|285.320007|280.290009|280.799988|4087500|0.9932635540|278.908386
2026-05-19|27|AXP|310.739990|312.989990|307.630005|309.309998|2918400|0.9972701149|308.465607
2026-05-19|28|BMY|57.320000|58.639999|57.080002|58.310001|7998900|0.9888377035|57.659130
2026-05-19|29|DD|48.090001|48.279999|46.250000|46.559998|4526601|3.0000000000|139.679993
2026-05-19|30|DE|562.570007|563.590027|554.049988|558.070007|1027900|0.9974147424|556.627258
2026-05-19|31|EMR|130.080002|133.009995|128.130005|130.649994|4044400|0.9966201816|130.208420
2026-05-19|32|ETN|372.410004|377.170013|367.640015|371.880005|2951900|0.9975456838|370.967285
2026-05-19|33|ETR|108.940002|110.730003|108.739998|110.550003|4564600|0.9940658321|109.893982
2026-05-19|34|F|12.890000|13.230000|12.720000|13.060000|41418200|0.9892857143|12.920072
2026-05-19|35|HAL|43.000000|43.369999|42.580002|42.980000|9072400|0.9957637679|42.797928
2026-05-19|36|LLY|989.510010|1021.799988|984.599976|1021.409973|3796000|0.9985690653|1019.948425
2026-05-19|37|PCG|16.000000|16.430000|15.850000|16.410000|21813300|0.9970997679|16.362408
2026-05-19|38|PEP|150.300003|152.570007|148.970001|150.369995|10093900|0.9895884624|148.804413
2026-05-19|39|PFE|25.299999|25.959999|25.240000|25.660000|41036700|0.9828068774|25.218824
2026-05-19|40|TXN|292.609985|305.500000|291.950012|302.309998|7296900|0.9949060125|300.770020
2026-05-19|41|WFC|74.480003|75.349998|73.849998|74.550003|18649800|0.9942915856|74.124443
2026-05-19|42|HUBB|465.609985|471.119995|457.989990|461.500000|554344|0.9970037769|460.117249
2026-05-19|43|WMT|132.940002|135.160004|132.059998|134.199997|16957100|0.9976117102|133.879486
2026-05-19|44|AIG|78.400002|78.750000|77.379997|77.529999|3255600|0.9933984683|77.018181
2026-05-19|45|AVY|156.429993|157.630005|154.080002|154.259995|571600|0.9936321953|153.277695
2026-05-19|46|BAC|50.730000|51.279999|50.380001|50.700001|44154600|0.9948310871|50.437935
2026-05-19|47|BALL|55.500000|55.689999|54.580002|55.110001|2435300|0.9963416864|54.908394
2026-05-19|48|BDX|142.000000|148.210007|141.820007|146.949997|4219500|0.9929995336|145.921280
2026-05-19|49|CLX|92.570000|93.949997|90.389999|92.570000|2536200|0.9884526559|91.501060
2026-05-19|50|CMI|667.609985|668.559998|647.780029|659.460022|878500|0.9931721942|654.957397
2026-05-19|51|CMS|72.300003|73.440002|71.970001|73.309998|2724100|0.9919943817|72.723106
2026-05-19|52|CVS|95.209999|95.459999|93.919998|94.180000|12935800|0.9938471504|93.600525
2026-05-19|53|ECL|246.000000|248.020004|243.149994|245.729996|2791700|0.9972820015|245.062103
2026-05-19|54|ES|67.849998|69.160004|67.489998|68.809998|2222500|1.0000000000|68.809998
2026-05-19|55|EVRG|81.709999|83.139999|81.550003|82.970001|1743600|0.9834796618|81.599312
2026-05-19|56|GWW|1256.689941|1259.260010|1231.010010|1244.420044|235100|0.9980509570|1241.994629
2026-05-19|57|LNT|72.000000|73.129997|71.709999|73.000000|2832300|0.9924530963|72.449074
2026-05-19|58|MKC|46.959999|47.779999|46.139999|47.250000|2929700|0.9910196447|46.825680
2026-05-19|59|MRSH|167.000000|169.169998|164.929993|166.070007|2706800|0.9943746806|165.135818
2026-05-19|60|NEE|88.949997|90.269997|87.360001|90.059998|25749400|0.9927287582|88.737854
2026-05-19|61|NI|46.459999|47.689999|46.200001|47.419998|4539600|0.9933436876|47.104359
2026-05-19|62|PNW|99.690002|102.110001|99.349998|101.500000|1400800|0.9909892067|100.585403
2026-05-19|63|RVTY|95.019997|97.260002|93.699997|95.870003|1049100|0.9993733214|95.809921
2026-05-19|64|SNA|360.549988|362.880005|355.519989|359.950012|281500|0.9870969475|355.305542
2026-05-19|65|SPGI|419.320009|422.500009|408.840007|410.399991|2882700|0.9417621693|386.499176
2026-05-19|66|TER|314.119995|325.209991|309.410004|321.519989|3489000|0.9996224662|321.398590
2026-05-19|67|TGT|122.779999|127.489998|120.250000|127.239998|10539800|0.9923829532|126.270805
2026-05-19|68|TXT|90.379997|90.599998|87.919998|88.180000|1012400|0.9997866667|88.161186
2026-05-19|69|VMC|265.480011|265.559998|252.419998|259.459991|1497600|0.9961649269|258.464966
2026-05-19|70|XEL|77.870003|80.019997|77.830002|79.730003|3642800|0.9925145167|79.133186
2026-05-19|71|ITW|248.149994|248.679993|244.369995|247.369995|1818400|0.9939806334|245.880981
2026-05-19|72|CL|89.690002|90.849998|89.209999|90.019997|5664400|0.9942998496|89.506866
2026-05-19|73|EXC|43.939999|44.689999|43.790001|44.619999|6265800|0.9906832302|44.204285
2026-05-19|74|MDT|77.349998|78.989998|76.739998|78.580002|11931700|0.9910581218|77.877350
2026-05-19|75|BNY|135.929993|137.809998|134.750000|136.320007|3373700|0.9960354919|135.779572
2026-05-19|76|EIX|68.239998|70.730003|67.739998|70.680000|3432000|0.9882683051|69.850807
2026-05-19|77|FRT|115.389999|115.389999|113.750000|114.839996|723200|0.9908457552|113.788719
2026-05-19|78|PNR|72.879997|73.239998|71.620003|71.989998|1370600|0.9956500725|71.676842
2026-05-19|79|USB|53.240002|53.669998|52.610001|53.299999|7519800|0.9915143601|52.847717
2026-05-19|80|WY|22.670000|23.110001|22.450001|22.889999|5812800|0.9914979760|22.695389
2026-05-19|81|SYY|73.580002|75.790001|72.959999|75.190002|3642700|0.9934155392|74.694916
2026-05-19|82|WRB|68.750000|69.099998|68.070000|68.519997|1766200|0.9910634494|67.907669
2026-05-19|83|IFF|71.860001|72.860001|71.519997|71.989998|2454100|0.9947403026|71.611351
2026-05-19|84|TAP|42.000000|42.669998|41.470001|41.950001|2784700|0.9881685974|40.976051
2026-05-19|85|PNC|213.130005|215.339996|211.350006|213.270004|1319000|0.9920904849|211.583130
2026-05-19|86|TRV|305.829987|308.920013|302.489990|305.519989|1845900|0.9958368027|304.248047
2026-05-19|87|C|121.449997|121.449997|119.760002|119.970001|11092200|0.9949414872|119.363129
2026-05-19|88|FDX|368.789994|376.290000|361.109981|374.969998|1572200|0.8027880446|301.021454
2026-05-19|89|WDC|441.700012|464.230011|434.000000|455.799988|5891600|0.9997393571|455.681183
2026-05-19|90|DHR|164.410004|171.500000|164.070007|167.039993|5744100|0.9979297139|166.694168
2026-05-19|91|APA|40.860001|41.200001|39.810001|40.910000|7610500|0.9930109031|40.624073
2026-05-19|92|LUV|37.880001|37.980000|37.230000|37.349998|4766800|0.9956521741|37.187607
2026-05-19|93|PEG|76.540001|77.809998|76.220001|77.330002|3288800|0.9913815279|76.663536
2026-05-19|94|UNP|273.500000|275.480011|271.170013|271.559998|2578700|0.9948314607|270.156433
2026-05-19|95|ABT|88.360001|89.339996|87.410004|88.820000|11693500|0.9929181654|88.190994
2026-05-19|96|ADI|409.160004|423.420013|407.190002|414.309998|6190400|0.9972683702|413.178253
2026-05-19|97|ADM|80.800003|80.900002|78.260002|79.389999|4489600|0.9871845133|78.372574
2026-05-19|98|ADP|222.940002|227.429993|220.330002|220.440002|3575800|0.9924702132|218.780136
2026-05-19|99|AFL|118.739998|119.809998|117.400002|118.410004|1795100|0.9898631333|117.209694
2026-05-19|100|AMAT|404.369995|415.459991|397.369995|406.910004|8418700|0.9976914901|405.970673
2026-05-19|101|AMD|412.600006|428.750000|393.359985|414.049988|38756900|1.0000000000|414.049988
2026-05-19|102|APD|293.029999|293.429993|289.630005|291.769989|843000|0.9938263181|289.968689
2026-05-19|103|BF-B|26.270000|26.490000|25.740000|25.920000|2525100|0.9913580245|25.696001
2026-05-19|104|CHD|96.940002|97.739998|95.529999|95.750000|1509900|0.9969601263|95.458931
2026-05-19|105|CINF|167.649994|168.509995|166.000000|167.850006|517900|0.9945494610|166.935135
2026-05-19|106|CMCSA|25.110001|25.260000|24.680000|24.799999|33394200|0.9865580444|24.466639
2026-05-19|107|D|67.199997|68.459999|66.300003|68.129997|18275300|0.9900860786|67.454559
2026-05-19|108|DOV|209.300003|209.770004|205.600006|207.550003|1112000|0.9975530563|207.042145
2026-05-19|109|DUK|122.809998|124.660004|122.510002|124.559998|4381600|0.9912844404|123.474388
2026-05-19|110|EFX|165.009995|166.630005|160.110001|160.830002|1463800|0.9965665237|160.277802
2026-05-19|111|EQT|57.810001|59.799999|57.340000|59.770000|8663900|0.9968732234|59.583111
2026-05-19|112|FITB|47.759998|47.939999|47.200001|47.599998|6998800|0.9929552658|47.264668
2026-05-19|113|GIS|33.590000|34.619999|33.099998|33.770000|10903400|0.9829846576|33.195393
2026-05-19|114|GPC|92.110001|93.279999|91.000000|92.470001|1379500|0.9892223458|91.473389
2026-05-19|115|HAS|93.720001|97.459999|92.110001|97.180000|3036800|0.9844894224|95.672684
2026-05-19|116|HBAN|15.540000|15.610000|15.350000|15.460000|11709800|0.9910508082|15.321645
2026-05-19|117|HRL|20.450001|20.750000|20.170000|20.400000|4849800|0.9881520418|20.158300
2026-05-19|118|HST|21.969999|21.990000|21.389999|21.790001|8766400|0.9630818621|20.985554
2026-05-19|119|HSY|192.240005|195.910004|189.800003|192.800003|2043500|0.9921985814|191.295883
2026-05-19|120|INTC|106.980003|113.070000|102.400002|110.800003|150234900|1.0000000000|110.800003
2026-05-19|121|J|114.510002|115.320000|112.500000|112.889999|1023000|0.9944174758|112.259789
2026-05-19|122|JPM|301.089996|301.790009|295.260010|295.700012|8066900|0.9955152929|294.373871
2026-05-19|123|KMB|96.790001|97.919998|95.500000|96.470001|4769100|0.9864507253|95.162903
2026-05-19|124|L|107.779999|108.519997|106.730003|107.860001|607100|0.9988625697|107.737320
2026-05-19|125|LEN|83.000000|83.339996|81.180000|83.000000|2627300|0.9940723176|82.508003
2026-05-19|126|LOW|216.009995|220.050003|213.500000|218.369995|3343900|0.9938577955|217.028717
2026-05-19|127|MAS|64.970001|65.080002|63.250000|64.470001|3046500|0.9908891403|63.882626
2026-05-19|128|MTB|205.720001|208.190002|203.000000|206.559998|882000|0.9930590903|205.126282
2026-05-19|129|NEM|107.199997|108.110001|104.129997|105.089996|9509000|0.9976704596|104.845184
2026-05-19|130|NTRS|165.000000|165.940002|162.419998|164.910004|1049500|0.9953773257|164.147675
2026-05-19|131|NUE|222.929993|223.779999|219.490005|221.729996|1332100|0.9975500919|221.186768
2026-05-19|132|OMC|73.250000|75.360001|71.730003|71.830002|3333300|0.9894221866|71.070198
2026-05-19|133|PCAR|110.970001|111.209999|108.730003|109.379997|2764900|0.9973590885|109.091133
2026-05-19|134|PGR|204.570007|206.839996|202.649994|202.869995|2577200|0.9995561474|202.779953
2026-05-19|135|PH|859.890015|860.359985|839.150024|852.559998|660000|1.0000000000|852.559998
2026-05-19|136|PHM|110.889999|111.250000|108.489998|111.050003|1668000|0.9978834255|110.814957
2026-05-19|137|PPG|101.459999|102.129997|100.000000|101.699997|1906400|0.9938189109|101.071381
2026-05-19|138|PPL|34.910000|35.459999|34.810001|35.250000|7750200|0.9920279720|34.968987
2026-05-19|139|RF|26.930000|27.150000|26.690001|26.840000|8572500|0.9905357143|26.585979
2026-05-19|140|ROL|54.520000|54.950001|53.680000|53.740002|3508200|0.9951510336|53.479420
2026-05-19|141|SHW|298.899994|301.230011|294.320007|299.049988|2147000|0.9951137391|297.588745
2026-05-19|142|STT|153.070007|153.270004|150.119995|150.880005|1896100|0.9950471700|150.132721
2026-05-19|143|SWK|74.330002|74.730003|72.889999|73.879997|1641400|0.9894240575|73.098648
2026-05-19|144|SYK|313.549988|318.730011|310.230011|317.750000|3575800|0.9973375287|316.903992
2026-05-19|145|TMO|442.000000|455.000000|440.010010|447.809998|3418500|0.9989985938|447.361542
2026-05-19|146|TPL|388.170013|396.100006|382.519989|394.570007|313800|0.9984732824|393.967621
2026-05-19|147|TSN|66.739998|66.870003|65.540001|66.160004|2487100|0.9916420846|65.607040
2026-05-19|148|TT|457.529999|457.529999|446.459991|448.010010|1293300|0.9977358979|446.995667
2026-05-19|149|TYL|328.420013|330.920013|318.429993|322.739990|1005200|1.0000000000|322.739990
2026-05-19|150|UDR|37.369999|37.680000|37.200001|37.400002|3217300|0.9926177659|37.123905
2026-05-19|151|VTRS|16.389999|16.450001|16.020000|16.170000|14097000|0.9853197013|15.932621
2026-05-19|152|WEC|109.800003|111.519997|109.000000|111.489998|2285200|0.9913583604|110.526543
2026-05-19|153|WST|304.380005|308.250000|300.079987|303.929993|565500|0.9993471810|303.731598
2026-05-19|154|NDSN|275.079987|275.160004|270.260010|271.640015|479600|0.9971745572|270.872498
2026-05-19|155|TFC|46.849998|47.119999|46.349998|46.770000|5447700|0.9901868280|46.311039
2026-05-19|156|WELL|212.029999|218.000000|212.029999|218.000000|7048700|0.9962391044|217.180130
2026-05-19|157|AON|328.160004|330.220001|322.260010|323.660004|2140600|0.9977256968|322.923920
2026-05-19|158|GL|156.809998|157.919998|149.869995|149.869995|1291200|0.9981716439|149.595978
2026-05-19|159|OKE|94.209999|95.650002|93.410004|95.239998|4539200|0.9882171564|94.117798
2026-05-19|160|KLAC|1708.679962|1765.000000|1690.279999|1740.579987|1117000|0.0998870999|173.861496
2026-05-19|161|CSX|45.939999|46.529999|45.709999|46.080002|8785700|0.9969438988|45.939175
2026-05-19|162|PSA|294.440002|298.019989|289.209991|297.470001|1036800|0.9907958521|294.732056
2026-05-19|163|NKE|42.599998|43.200001|41.810001|42.419998|22957900|0.9911312999|42.043789
2026-05-19|164|AAPL|296.970001|300.510010|296.350006|298.970001|42243600|0.9991382887|298.712372
2026-05-19|165|BRO|59.099998|59.709999|57.650002|58.090000|2526300|0.9976903696|57.955833
2026-05-19|166|UHS|168.610001|169.550003|161.320007|166.449997|809700|0.9986223049|166.220673
2026-05-19|167|HD|291.869995|303.190002|289.100006|302.440002|8692500|0.9925551970|300.188385
2026-05-19|168|BAX|17.700001|18.350000|17.559999|18.330000|5663100|0.9994805195|18.313414
2026-05-19|169|COP|125.860001|126.000000|124.120003|125.110001|6029000|0.9933743492|124.281067
2026-05-19|170|GLW|173.830002|180.500000|169.800003|175.830002|11507700|0.9984696945|175.560928
2026-05-19|171|HUM|304.779999|313.190002|302.089996|310.549988|1720300|0.9976462766|309.819031
2026-05-19|172|LHX|311.790009|311.880005|304.950012|308.149994|1202600|0.9959648783|306.906586
2026-05-19|173|NOC|552.950012|557.090027|550.080017|556.340027|829500|0.9956180811|553.902222
2026-05-19|174|OXY|60.130001|60.939999|59.630001|60.700001|12682600|0.9954022988|60.420918
2026-05-19|175|ROK|430.619995|431.109985|418.839996|422.290009|777800|0.9969290339|420.993164
2026-05-19|176|SLB|57.230000|57.669998|56.419998|56.770000|11605500|0.9947843000|56.473904
2026-05-19|177|SO|93.559998|94.949997|93.169998|94.139999|8408500|0.9918103451|93.369026
2026-05-19|178|WMB|77.830002|79.589996|77.099998|79.400002|8359500|0.9926696456|78.817970
2026-05-19|179|VLO|259.519989|262.890015|254.600006|262.619995|3842000|0.9914397807|260.371918
2026-05-19|180|CI|286.079987|293.250000|281.329987|291.279999|1259600|0.9942378017|289.601593
2026-05-19|181|NSC|318.760010|321.070007|316.070007|318.200012|1094500|0.9960579337|316.945648
2026-05-19|182|COO|61.090000|62.250000|60.340000|61.450001|1684300|1.0000000000|61.450001
2026-05-19|183|AMGN|323.250000|332.339996|320.970001|330.750000|3040400|0.9941899340|328.828308
2026-05-19|184|RJF|154.110001|154.389999|151.000000|151.020004|1525100|0.9964480694|150.483582
2026-05-19|185|WSM|169.020004|172.000000|165.509995|171.759995|2026100|0.9966722130|171.188416
2026-05-19|186|CAH|200.789993|203.979996|199.600006|200.369995|2804400|0.9978279171|199.934769
2026-05-19|187|CTAS|174.289993|176.000000|171.759995|172.199997|1943100|0.9974090682|171.753830
2026-05-19|188|PAYX|95.260002|97.120003|94.389999|94.480003|3276300|0.9896951856|93.506409
2026-05-19|189|BEN|31.820000|31.920000|30.740000|30.790001|5362300|0.9900632337|30.484049
2026-05-19|190|AOS|56.200001|56.389999|55.080002|55.950001|1384600|0.9939809398|55.613235
2026-05-19|191|CASY|851.099976|856.440002|838.219971|852.150024|335900|0.9992507205|851.511536
2026-05-19|192|T|24.590000|24.990000|24.420000|24.980000|39383400|0.9867870728|24.649940
2026-05-19|193|VZ|46.810001|47.790001|46.790001|47.740002|24593800|0.9832386370|46.939816
2026-05-19|194|JBHT|258.920013|261.369995|253.860001|256.529999|883500|0.9983161833|256.098053
2026-05-19|195|ATO|178.639999|180.559998|177.570007|177.729996|2326000|0.9884163190|175.671219
2026-05-19|196|LRCX|267.950012|278.730011|263.709991|273.380005|8308600|0.9992960416|273.187561
2026-05-19|197|MU|665.580017|725.950012|652.210022|698.739990|61792100|0.9998462422|698.632568
2026-05-19|198|AJG|209.240005|210.240005|203.410004|203.449997|1961800|0.9966824645|202.775040
2026-05-19|199|AME|222.009995|223.529999|220.000000|221.279999|1003600|0.9985029940|220.948730
2026-05-19|200|SWKS|69.989998|72.360001|69.209999|70.349998|4897700|0.9913855858|69.743973
2026-05-19|201|EXPD|156.089996|157.830002|154.119995|157.600006|788800|0.9948730934|156.792007
2026-05-19|202|UNH|390.000000|394.989990|387.510010|389.239990|5016800|0.9943209633|387.029480
2026-05-19|203|BBY|58.070000|59.730000|57.770000|59.290001|4748000|0.9868673048|58.511364
2026-05-19|204|DOC|19.330000|19.480000|19.250000|19.299999|3862600|0.9857012064|19.024035
2026-05-19|205|ADSK|249.029999|251.160004|243.009995|244.160004|1980000|1.0000000000|244.160004
2026-05-19|206|DVN|50.130001|50.369999|49.060001|49.689999|12242200|0.9929375416|49.339066
2026-05-19|207|NVR|5654.939941|5809.000000|5579.549805|5773.520020|31900|1.0000000000|5773.520020
2026-05-19|208|ROST|211.000000|214.050003|208.199997|212.679993|2654800|0.9980432679|212.263824
2026-05-19|209|JKHY|140.669998|144.669998|138.369995|140.500000|1545200|0.9955252350|139.871292
2026-05-19|210|MNST|87.529999|88.040001|86.180000|86.349998|4724900|0.5000000000|86.349998
2026-05-19|211|ORCL|186.000000|188.720001|180.929993|181.460007|16717700|0.9965330745|180.830902
2026-05-19|212|MSFT|429.899994|432.700012|416.489990|417.420013|33018700|0.9959638868|415.735260
2026-05-19|213|TROW|101.699997|102.480003|100.739998|101.720001|1731700|0.9881430134|100.513908
2026-05-19|214|COST|1077.000000|1096.500000|1072.099976|1094.319946|2853300|0.9984126298|1092.582886
2026-05-19|215|ADBE|263.329987|265.089996|251.809998|254.990005|5854400|1.0000000000|254.990005
2026-05-19|216|FISV|57.490002|57.700001|55.650002|56.029999|7534800|1.0000000000|56.029999
2026-05-19|217|BKR|66.419998|66.489998|65.169998|65.470001|9083800|0.9963346614|65.230034
2026-05-19|218|CDNS|342.670013|348.119995|337.890015|338.119995|1742900|1.0000000000|338.119995
2026-05-19|219|TJX|149.100006|152.559998|148.710007|150.679993|8732600|0.9968547277|150.206055
2026-05-19|220|FICO|1206.109985|1245.939941|1171.060059|1186.150024|506300|1.0000000000|1186.150024
2026-05-19|221|CCL|24.650000|24.709999|23.670000|23.889999|29209200|0.9947898578|23.765528
2026-05-19|222|FAST|44.000000|44.000000|43.180000|43.570000|4783500|0.9945424013|43.332214
2026-05-19|223|SCHW|92.199997|92.930000|91.459999|91.809998|8681800|0.9970924949|91.543060
2026-05-19|224|JCI|136.320007|137.100006|133.610001|135.419998|3263500|0.9972406182|135.046326
2026-05-19|225|COHR|354.420013|365.940002|336.700012|353.630005|5779000|1.0000000000|353.630005
2026-05-19|226|KEY|21.000000|21.080000|20.750000|20.920000|8426100|0.9901913874|20.714804
2026-05-19|227|MOS|21.290001|21.690001|20.889999|21.400000|8792000|0.9899359564|21.184629
2026-05-19|228|MGM|37.000000|37.169998|36.009998|36.020000|4943500|1.0000000000|36.020000
2026-05-19|229|WM|224.149994|227.690002|221.860001|222.339996|2550400|0.9956851284|221.380615
2026-05-19|230|TECH|44.790001|46.570000|44.669998|45.470001|3381900|0.9988938053|45.419701
2026-05-19|231|IEX|207.119995|207.369995|203.750000|205.149994|488300|0.9931996195|203.754883
2026-05-19|232|GEN|24.459999|24.830000|24.309999|24.320000|10857800|0.9956109550|24.213259
2026-05-19|233|CRH|102.180000|102.980003|98.349998|98.540001|6242700|0.9960081882|98.146652
2026-05-19|234|EOG|144.350006|144.649994|142.630005|144.300003|3109700|0.9926332518|143.236984
2026-05-19|235|PTC|147.419998|149.470001|144.929993|145.190002|2224900|1.0000000000|145.190002
2026-05-19|236|CSCO|117.040001|118.500000|114.790001|115.379997|32525500|0.9962729613|114.949974
2026-05-19|237|LH|253.539993|255.630005|251.059998|253.690002|528800|0.9972597526|252.453568
2026-05-19|238|TRMB|55.029999|56.400002|54.220001|54.560001|3618200|1.0000000000|54.560001
2026-05-19|239|AZO|3346.669922|3394.439941|3313.020020|3347.280029|229900|1.0000000000|3347.280029
2026-05-19|240|REGN|630.489990|639.989990|616.020020|630.299988|1445100|0.9973440317|628.625916
2026-05-19|241|IDXX|547.989990|561.280029|543.719971|546.489990|719700|1.0000000000|546.489990
2026-05-19|242|AES|14.510000|14.580000|14.510000|14.570000|6357000|0.9881481485|14.397318
2026-05-19|243|VRTX|436.790009|444.320007|433.149994|434.309998|1219500|1.0000000000|434.309998
2026-05-19|244|ZBRA|259.640015|259.850006|246.690002|247.149994|1096000|1.0000000000|247.149994
2026-05-19|245|BIIB|191.720001|193.029999|188.639999|190.559998|1054100|1.0000000000|190.559998
2026-05-19|246|ODFL|203.639999|208.020004|198.960007|204.460007|1982200|0.9987340667|204.201172
2026-05-19|247|APH|119.720001|120.320000|118.010002|119.199997|10761900|0.9984936130|119.020439
2026-05-19|248|KIM|23.430000|23.510000|23.270000|23.350000|3077900|0.9891711788|23.097149
2026-05-19|249|QCOM|196.860001|201.500000|191.020004|195.610001|19605200|0.9963201471|194.890182
2026-05-19|250|GILD|129.500000|132.339996|128.339996|130.500000|5009000|0.9934708175|129.647934
2026-05-19|251|ROP|334.109985|340.000000|328.000000|328.910004|1466100|0.9974983506|328.087189
2026-05-19|252|SNPS|494.320007|501.000000|490.579987|493.869995|1312200|1.0000000000|493.869995
2026-05-19|253|STZ|147.369995|150.089996|144.860001|146.470001|2126300|0.9921821632|145.324921
2026-05-19|254|BSX|56.470001|57.590000|56.240002|56.810001|22605200|1.0000000000|56.810001
2026-05-19|255|STE|212.169998|216.190002|210.570007|214.419998|794700|0.9970332000|213.783859
2026-05-19|256|DHI|135.399994|136.580002|133.839996|134.720001|2717400|0.9970287223|134.319702
2026-05-19|257|LIN|508.709991|510.369995|504.799988|506.070007|2104800|0.9968477255|504.474762
2026-05-19|258|SBUX|105.540001|107.559998|105.110001|106.379997|5265800|0.9942883465|105.772392
2026-05-19|259|MS|191.550003|192.839996|188.940002|189.580002|6357900|0.9945253736|188.542130
2026-05-19|260|INTU|419.059998|423.989990|397.910004|399.709991|3192700|0.9955898568|397.947205
2026-05-19|261|MCHP|90.449997|93.589996|90.000000|91.809998|7350400|0.9890553567|90.805168
2026-05-19|262|CB|330.839996|334.029999|327.920013|330.130005|1460200|0.9968895800|329.103180
2026-05-19|263|ORLY|92.000000|93.110001|91.169998|91.919998|4813000|1.0000000000|91.919998
2026-05-19|264|RCL|250.000000|250.009995|241.179993|247.199997|3669000|0.9948418155|245.924896
2026-05-19|265|JBL|334.119995|336.820007|321.920013|332.880005|1357600|0.9997839939|332.808105
2026-05-19|266|ALL|222.000000|227.619995|220.389999|224.580002|3937600|0.9947595710|223.403107
2026-05-19|267|CPT|104.500000|105.400002|103.699997|105.059998|1354800|0.9909199930|104.106056
2026-05-19|268|VMRK|65.160004|65.940002|64.720001|65.739998|3500600|0.9897192157|65.064140
2026-05-19|269|IT|160.399994|164.559998|153.979996|154.139999|1774300|1.0000000000|154.139999
2026-05-19|270|DECK|94.400002|95.720001|93.059998|94.269997|2127300|1.0000000000|94.269997
2026-05-19|271|REG|77.370003|77.589996|76.900002|77.339996|1313900|0.9906432027|76.616341
2026-05-19|272|INCY|95.190002|96.360001|94.099998|95.599998|1166600|1.0000000000|95.599998
2026-05-19|273|SPG|200.630005|202.190002|198.639999|200.860001|1402300|0.9891482587|198.680313
2026-05-19|274|MAA|127.790001|129.360001|127.239998|128.470001|679600|0.9885547570|126.999634
2026-05-19|275|MLM|548.070007|551.739990|525.380005|532.650024|852000|0.9985730005|531.889954
2026-05-19|276|TSCO|31.709999|31.900000|30.830000|31.139999|10917300|0.9851405019|30.677273
2026-05-19|277|ALB|172.509995|173.380005|165.669998|169.000000|2097400|0.9974537910|168.569687
2026-05-19|278|CPRT|33.560001|34.040001|33.040001|33.119999|8732200|1.0000000000|33.119999
2026-05-19|279|FLEX|125.410004|128.389999|121.300003|126.290001|6182200|1.0000000000|126.290001
2026-05-19|280|ESS|270.269989|272.980011|268.799988|272.630005|496400|0.9912479300|270.243927
2026-05-19|281|O|61.549999|62.439999|61.380001|62.090000|4300900|0.9871574584|61.292606
2026-05-19|282|MCO|445.739990|448.000000|434.290009|434.489990|1316400|0.9978911593|433.573730
2026-05-19|283|SJM|104.269997|104.750000|102.849998|103.040001|1905100|0.9907154105|102.083313
2026-05-19|284|MCK|780.000000|782.479980|761.890015|761.890015|1264500|0.9988955336|761.048523
2026-05-19|285|COF|185.380005|186.210007|181.490005|182.029999|5093800|0.9964810416|181.389450
2026-05-19|286|EME|859.650024|870.690002|838.950012|854.359985|319200|0.9994836978|853.918884
2026-05-19|287|DLTR|91.120003|91.290001|87.879997|90.610001|3221400|1.0000000000|90.610001
2026-05-19|288|COR|263.510010|268.869995|261.329987|266.170013|1813000|0.9980645786|265.654877
2026-05-19|289|DRI|193.789993|194.929993|189.970001|193.729996|661200|0.9919770205|192.175705
2026-05-19|290|RMD|203.000000|208.919998|202.399994|207.779999|1410800|0.9971385215|207.185440
2026-05-19|291|WAB|258.000000|258.000000|253.460007|255.289993|780500|0.9977552294|254.716919
2026-05-19|292|FCX|59.060001|59.930000|58.299999|58.700001|12142700|0.9975786925|58.557869
2026-05-19|293|IVZ|27.230000|27.320000|26.459999|26.469999|7798400|0.9933559952|26.294132
2026-05-19|294|ACGL|96.300003|97.430000|95.209999|96.389999|2185100|1.0000000000|96.389999
2026-05-19|295|ERIE|222.160004|229.130005|219.610001|223.149994|189200|0.9943102712|221.880325
2026-05-19|296|EG|356.160004|361.269989|352.010010|357.029999|365300|0.9940520446|354.906403
2026-05-19|297|DVA|198.279999|198.929993|194.100006|194.610001|800500|1.0000000000|194.610001
2026-05-19|298|HSIC|72.379997|73.860001|72.000000|72.919998|1486200|1.0000000000|72.919998
2026-05-19|299|EL|79.379997|79.400002|75.260002|76.139999|4504000|0.9961483439|75.846733
2026-05-19|300|WAT|332.130005|338.929993|329.149994|333.260010|781100|1.0000000000|333.260010
2026-05-19|301|NTAP|118.790001|121.669998|117.589996|120.589996|2028000|0.9969719908|120.224846
2026-05-19|302|HIG|136.119995|136.630005|134.500000|135.020004|3544200|0.9952804215|134.382767
2026-05-19|303|IRM|123.120003|124.760002|122.050003|123.519997|964700|0.9932096824|122.681252
2026-05-19|304|BRK-B|487.000000|488.130005|480.109985|480.459991|5599900|1.0000000000|480.459991
2026-05-19|305|FDS|229.770004|232.440002|220.889999|221.929993|1102600|0.9951444118|220.852402
2026-05-19|306|STLD|223.279999|224.559998|219.029999|223.369995|1251200|0.9977371702|222.864548
2026-05-19|307|DGX|189.240005|191.179993|187.059998|190.389999|794600|0.9959506546|189.619049
2026-05-19|308|CIEN|514.039978|542.919983|499.010010|541.919983|2331500|1.0000000000|541.919983
2026-05-19|309|TTWO|240.399994|242.160004|235.899994|238.139999|1784800|1.0000000000|238.139999
2026-05-19|310|VTR|88.129997|88.849998|87.919998|88.349998|4980900|0.9941769319|87.835533
2026-05-19|311|AMZN|262.040009|262.250000|255.190002|259.339996|40340700|1.0000000000|259.339996
2026-05-19|312|ARE|46.349998|46.639999|45.439999|45.840000|1477400|0.9870480303|45.246281
2026-05-19|313|RL|328.750000|329.760010|320.209991|320.690002|1020800|0.9975616297|319.908051
2026-05-19|314|BXP|59.830002|59.830002|58.520000|58.669998|1477900|0.9895631429|58.057671
2026-05-19|315|FIX|1783.109985|1872.839966|1755.609985|1825.500000|514200|0.9994824076|1824.555054
2026-05-19|316|YUM|152.009995|153.699997|150.669998|152.190002|1625300|0.9951301862|151.448868
2026-05-19|317|CHRW|169.369995|174.690002|167.860001|173.020004|1991300|0.9965870306|172.429489
2026-05-19|318|FE|44.320000|45.180000|44.180000|45.070000|4459500|0.9901836603|44.627579
2026-05-19|319|MTD|1071.109985|1096.410034|1046.910034|1050.770020|318100|1.0000000000|1050.770020
2026-05-19|320|PLD|141.929993|142.630005|140.789993|142.440002|3523000|0.9927946128|141.413666
2026-05-19|321|URI|942.070007|942.070007|911.150024|927.619995|541200|0.9982773546|926.022034
2026-05-19|322|AEE|107.160004|109.300003|106.779999|109.000000|1880200|0.9930004667|108.237045
2026-05-19|323|VRSN|303.829987|308.399994|301.899994|302.630005|797800|0.9970730649|301.744232
2026-05-19|324|PWR|706.359985|725.960022|690.789978|714.130005|1652900|0.9998472307|714.020935
2026-05-19|325|AMT|178.809998|184.119995|177.699997|183.000000|4659700|0.9905446092|181.269669
2026-05-19|326|MAR|357.959991|362.589996|354.359985|358.690002|1656000|0.9960059445|357.257385
2026-05-19|327|CTSH|51.680000|53.189999|50.810001|50.880001|10864500|0.9941706413|50.583405
2026-05-19|328|SRE|90.040001|91.370003|89.510002|91.309998|3271400|0.9929041305|90.662071
2026-05-19|329|CSGP|33.799999|34.860001|33.279999|33.799999|6596500|1.0000000000|33.799999
2026-05-19|330|RSG|216.190002|218.910004|214.850006|214.970001|1988100|0.9970890970|214.344238
2026-05-19|331|CCI|89.809998|92.680000|89.809998|92.339996|4051200|0.9884657123|91.274925
2026-05-19|332|EBAY|113.800003|114.889999|112.709999|114.239998|4964600|0.9972353518|113.578842
2026-05-19|333|NVDA|219.619995|224.479996|217.910004|220.610001|140948200|0.9988358556|220.353180
2026-05-19|334|BKNG|153.369995|160.910004|153.369995|154.539993|8389800|0.9974923877|154.152466
2026-05-19|335|GS|933.219971|939.640015|923.809998|928.739990|1767300|0.9956121536|924.664795
2026-05-19|336|FFIV|378.029999|386.290009|378.029999|383.500000|776900|1.0000000000|383.500000
2026-05-19|337|SBAC|203.339996|208.240005|202.529999|207.509995|684300|0.9871816268|204.850037
2026-05-19|338|LII|494.429993|494.429993|479.649994|482.690002|350900|0.9976091276|481.535950
2026-05-19|339|BLK|1074.459961|1084.000000|1036.020020|1036.300049|1024100|0.9943964168|1030.493042
2026-05-19|340|TKO|194.860001|194.889999|189.419998|193.070007|1161300|0.9961152636|192.319977
2026-05-19|341|AKAM|142.759995|147.679993|140.380005|141.339996|13987000|1.0000000000|141.339996
2026-05-19|342|UPS|95.169998|96.870003|93.860001|96.830002|5199500|0.9843062201|95.310371
2026-05-19|343|A|112.010002|113.300003|110.199997|110.570000|3142700|0.9980802530|110.357735
2026-05-19|344|TDY|616.799988|616.799988|602.760010|606.450012|254200|1.0000000000|606.450012
2026-05-19|345|PKG|209.669998|209.679993|202.929993|203.169998|887200|0.9934276825|201.834702
2026-05-19|346|EW|82.290001|82.610001|80.870003|82.160004|4086700|1.0000000000|82.160004
2026-05-19|347|MET|81.599998|81.980003|80.290001|81.070000|3017300|0.9938427991|80.570831
2026-05-19|348|ON|105.529999|109.250000|104.050003|106.019997|11708900|1.0000000000|106.019997
2026-05-19|349|ISRG|440.799988|447.799988|436.390015|441.579987|2799100|1.0000000000|441.579987
2026-05-19|350|CRL|150.589996|154.399994|146.199997|152.429993|1086500|1.0000000000|152.429993
2026-05-19|351|MRVL|164.610001|181.639999|162.850006|176.270004|25003300|0.9997533605|176.226532
2026-05-19|352|EQIX|1059.979980|1066.380005|1044.699951|1048.430054|482700|0.9903463937|1038.308960
2026-05-19|353|TPR|130.149994|132.830002|129.080002|131.630005|2127600|0.9971524169|131.255173
2026-05-19|354|GRMN|224.960007|230.440002|224.539993|228.690002|774700|0.9955900883|227.681503
2026-05-19|355|GPN|69.519997|70.000000|67.610001|67.940002|3643600|0.9961797067|67.680450
2026-05-19|356|ALGN|158.589996|159.690002|154.199997|155.160004|1403600|1.0000000000|155.160004
2026-05-19|357|WTW|257.579987|261.480011|253.449997|254.199997|791100|0.9963732529|253.278076
2026-05-19|358|MDLZ|61.500000|62.590000|61.040001|61.290001|6716900|0.9916874483|60.780525
2026-05-19|359|AXON|398.440002|402.029999|382.000000|392.339996|789400|1.0000000000|392.339996
2026-05-19|360|FIS|43.840000|44.799999|42.889999|43.500000|9079300|0.9887092639|43.008854
2026-05-19|361|ACN|180.000000|184.789993|176.169998|176.800003|7191600|0.9881186678|174.699387
2026-05-19|362|ZBH|85.250000|86.820000|84.150002|86.080002|2918400|0.9973498233|85.851875
2026-05-19|363|BG|123.169998|123.519997|120.190002|122.260002|1659200|0.9877945902|120.767769
2026-05-19|364|PFG|102.360001|102.540001|100.589996|101.139999|1041000|0.9920864700|100.339622
2026-05-19|365|ELV|393.679993|405.890015|388.489990|402.269989|1607600|0.9959475060|400.639771
2026-05-19|366|CNC|58.070000|59.430000|57.430000|59.150002|4449600|1.0000000000|59.150002
2026-05-19|367|PRU|102.750000|102.970001|101.029999|101.160004|1807300|0.9752946989|98.660812
2026-05-19|368|NFLX|90.139999|91.480003|88.690002|89.330002|34545700|1.0000000000|89.330002
2026-05-19|369|NDAQ|92.739998|93.629997|91.860001|91.980003|3551000|0.9964261009|91.651276
2026-05-19|370|WYNN|95.290001|95.989998|94.250000|94.779999|1002200|0.9975578784|94.548538
2026-05-19|371|CME|305.820007|308.010010|302.239990|302.369995|2129600|0.9948418839|300.810333
2026-05-19|372|STX|719.510010|745.979980|695.140015|733.349976|3639300|0.9992874955|732.827454
2026-05-19|373|NRG|124.000000|124.160004|121.220001|123.709999|3148200|0.9964628787|123.272423
2026-05-19|374|AIZ|256.459991|259.459991|253.800003|256.470001|420700|0.9965805324|255.593018
2026-05-19|375|CBRE|130.509995|132.789993|128.039993|128.149994|2941400|1.0000000000|128.149994
2026-05-19|376|CRM|185.000000|187.440002|178.809998|179.419998|17510800|0.9974256962|178.958115
2026-05-19|377|DPZ|309.000000|314.540009|305.309998|312.750000|857300|0.9938557491|310.828400
2026-05-19|378|EXR|138.770004|140.690002|136.949997|140.309998|936300|0.9892430283|138.800690
2026-05-19|379|GOOG|393.299988|393.363007|383.000000|384.899994|25559400|0.9993985127|384.668488
2026-05-19|380|GOOGL|396.959991|397.149994|386.109985|387.660004|39545700|0.9994030337|387.428589
2026-05-19|381|DLR|186.850006|188.919998|185.820007|186.279999|1483500|0.9933767643|185.046234
2026-05-19|382|MPWR|1434.910034|1493.140015|1412.890015|1468.109985|639400|0.9984765039|1465.873291
2026-05-19|383|LVS|50.680000|51.259998|49.779999|49.919998|5103900|0.9936548222|49.603249
2026-05-19|384|DXCM|65.279999|67.750000|64.470001|66.949997|11300900|1.0000000000|66.949997
2026-05-19|385|BLDR|69.000000|69.980003|66.139999|66.389999|2816300|1.0000000000|66.389999
2026-05-19|386|WBD|27.010000|27.240000|27.010000|27.090000|9800700|1.0000000000|27.090000
2026-05-19|387|EXPE|216.490005|223.779999|213.350006|215.000000|1838200|0.9964448664|214.235657
2026-05-19|388|CF|126.889999|128.779999|124.180000|127.860001|2582200|0.9948739856|127.204590
2026-05-19|389|AMP|470.760010|472.320007|463.359985|463.760010|423900|0.9968855344|462.315643
2026-05-19|390|ICE|156.639999|157.389999|154.080002|154.110001|3486300|0.9962997224|153.539749
2026-05-19|391|PSKY|9.810000|9.960000|9.710000|9.900000|9796300|0.9952244509|9.852722
2026-05-19|392|LYV|166.460007|166.759995|163.009995|163.009995|2494100|1.0000000000|163.009995
2026-05-19|393|CMG|33.889999|33.950001|32.520000|33.040001|17343900|1.0000000000|33.040001
2026-05-19|394|UAL|91.089996|91.709999|88.339996|89.120003|6386400|1.0000000000|89.120003
2026-05-19|395|TDG|1181.280029|1199.219971|1177.630005|1179.079956|466500|1.0000000000|1179.079956
2026-05-19|396|MA|507.559998|512.900024|498.500000|499.700012|3378300|0.9983264725|498.863770
2026-05-19|397|LDOS|125.059998|127.440002|124.019997|125.959999|907400|0.9964800263|125.516624
2026-05-19|398|FSLR|228.149994|229.039993|221.619995|221.710007|1848000|1.0000000000|221.710007
2026-05-19|399|BR|152.630005|153.160004|148.220001|149.429993|1530000|0.9932693636|148.424240
2026-05-19|400|SMCI|30.270000|31.350000|29.469999|30.559999|23166900|1.0000000000|30.559999
2026-05-19|401|TMUS|193.009995|195.009995|190.649994|193.419998|3606700|0.9946034600|191.272263
2026-05-19|402|DAL|69.220001|69.220001|67.760002|67.760002|5735900|0.9975369458|67.593109
2026-05-19|403|IBKR|84.660004|84.870003|82.800003|83.449997|7139200|0.9989881568|83.365555
2026-05-19|404|PODD|153.229996|158.320007|150.740005|154.610001|1390900|1.0000000000|154.610001
2026-05-19|405|TEL|198.169998|199.020004|193.750000|196.070007|3439500|0.9922749574|194.555359
2026-05-19|406|BX|118.139999|118.300003|114.199997|114.260002|4812900|0.9899021526|113.106224
2026-05-19|407|LULU|120.889999|121.250000|118.059998|119.220001|2611600|1.0000000000|119.220001
2026-05-19|408|ULTA|475.329987|487.720001|469.000000|481.559998|782100|1.0000000000|481.559998
2026-05-19|409|MSCI|591.989990|596.500000|577.549988|577.690002|865500|0.9964362700|575.631287
2026-05-19|410|ECHO|134.500000|137.979996|132.000000|136.520004|3893500|1.0000000000|136.520004
2026-05-19|411|PM|191.000000|193.050003|188.539993|191.570007|5743200|0.9917776037|189.994843
2026-05-19|412|V|333.329987|335.170013|329.489990|329.910004|12858100|0.9981456881|329.298248
2026-05-19|413|AWK|124.970001|126.320000|123.849998|124.160004|1662300|0.9933923956|123.339607
2026-05-19|414|KDP|29.490000|29.670000|28.809999|28.850000|12356300|0.9929274294|28.645956
2026-05-19|415|SW|36.810001|36.860001|35.595001|35.619999|4728900|0.9909636146|35.298122
2026-05-19|416|AVGO|409.820007|417.950012|405.859985|411.070007|20652100|0.9984198371|410.420441
2026-05-19|417|VRSK|174.639999|178.479996|169.720001|170.710007|1909500|0.9972796518|170.245621
2026-05-19|418|DG|106.019997|106.029999|100.209999|103.480003|4381800|0.9949256041|102.954903
2026-05-19|419|FTNT|127.809998|128.199997|123.760002|127.639999|7005900|1.0000000000|127.639999
2026-05-19|420|CHTR|143.080002|146.419998|140.179993|142.500000|3815900|1.0000000000|142.500000
2026-05-19|421|FERG|217.589996|222.020004|214.440002|221.570007|1797600|0.9962829937|220.746429
2026-05-19|422|GNRC|247.669998|248.750000|238.179993|243.970001|944200|1.0000000000|243.970001
2026-05-19|423|LYB|74.930000|74.989998|71.889999|73.040001|2850100|0.9795355103|71.545273
2026-05-19|424|CBOE|367.790009|371.179993|362.760010|362.970001|986700|0.9979084359|362.210815
2026-05-19|425|TSLA|403.160004|405.630005|393.630005|404.109985|46500600|1.0000000000|404.109985
2026-05-19|426|KKR|95.430000|95.879997|92.480003|92.919998|4978700|0.9981032973|92.743759
2026-05-19|427|NXPI|285.679993|298.630005|285.679993|294.279999|2904700|0.9966193239|293.285126
2026-05-19|428|GM|72.239998|72.879997|70.430000|72.629997|6995600|0.9978370584|72.472900
2026-05-19|429|TRGP|275.920013|277.239990|271.510010|276.200012|1411300|0.9953417306|274.913391
2026-05-19|430|CPAY|352.500000|354.970001|341.630005|343.140015|750100|1.0000000000|343.140015
2026-05-19|431|KMI|33.910000|34.810001|33.560001|34.310001|15848100|0.9907395899|33.992275
2026-05-19|432|HCA|414.690002|417.290009|398.950012|404.690002|2695800|0.9979998461|403.880554
2026-05-19|433|HII|328.989990|331.790009|323.839996|324.600006|413300|0.9956995948|321.703796
2026-05-19|434|APO|132.789993|133.940002|131.139999|131.149994|3352600|0.9957937992|130.598358
2026-05-19|435|MPC|260.829987|263.500000|256.649994|263.019989|1770700|0.9934777159|261.304474
2026-05-19|436|XYL|107.639999|107.989998|106.190002|106.339996|1794300|0.9923180477|105.523094
2026-05-19|437|APTV|52.279999|53.779999|51.680000|52.570000|4442600|1.0000000000|52.570000
2026-05-19|438|PSX|181.009995|183.699997|177.759995|182.380005|2842200|0.9947204324|181.417130
2026-05-19|439|AMCR|37.080002|37.360001|36.470001|36.689999|3794400|0.9836148215|36.088825
2026-05-19|440|META|608.919983|613.929993|600.549988|602.609985|11749900|0.9990740414|602.052002
2026-05-19|441|NOW|110.139999|110.830002|100.769997|101.830002|55624400|1.0000000000|101.830002
2026-05-19|442|PANW|246.960007|248.600006|239.690002|240.130005|11030200|1.0000000000|240.130005
2026-05-19|443|FANG|207.250000|208.580002|205.020004|207.770004|1732400|0.9945230033|206.632050
2026-05-19|444|WDAY|132.800003|135.929993|128.080002|129.339996|4478900|1.0000000000|129.339996
2026-05-19|445|ABBV|209.899994|215.800003|208.729996|213.759995|7220300|0.9929324291|212.249237
2026-05-19|446|NCLH|15.050000|15.090000|14.530000|14.790000|21102100|1.0000000000|14.790000
2026-05-19|447|ZTS|79.849998|80.360001|77.589996|78.919998|7295300|0.9930773248|78.373665
2026-05-19|448|IQV|172.360001|175.929993|169.240005|173.179993|1645400|1.0000000000|173.179993
2026-05-19|449|NWS|30.190001|30.530001|29.920000|30.110001|1143900|1.0000000000|30.110001
2026-05-19|450|NWSA|26.270000|26.620001|26.070000|26.240000|3383400|1.0000000000|26.240000
2026-05-19|451|CDW|104.809998|106.529999|103.139999|104.349998|1778200|0.9893792048|103.241714
2026-05-19|452|VEEV|165.000000|169.940002|162.850006|163.309998|2474800|1.0000000000|163.309998
2026-05-19|453|ALLE|127.949997|128.779999|126.019997|126.160004|1277700|0.9958946033|125.642067
2026-05-19|454|HLT|317.570007|318.170013|313.000000|315.390015|973600|0.9990803866|315.099976
2026-05-19|455|ARES|123.129997|124.044998|120.769997|121.110001|2065900|0.9900265958|119.902122
2026-05-19|456|ANET|139.580002|142.500000|137.000000|141.580002|8800800|1.0000000000|141.580002
2026-05-19|457|SYF|70.900002|71.089996|69.260002|69.389999|4305800|0.9957005565|69.091660
2026-05-19|458|CFG|61.189999|61.630001|60.180000|61.330002|4013000|0.9935492916|60.934380
2026-05-19|459|KEYS|339.600006|345.440002|326.480011|344.109985|4196600|1.0000000000|344.109985
2026-05-19|460|GDDY|93.000000|94.330002|90.004997|90.449997|1927900|1.0000000000|90.449997
2026-05-19|461|KHC|23.365000|23.584999|23.004999|23.280001|13737200|0.9821984863|22.865582
2026-05-19|462|PYPL|44.380001|45.020000|43.810001|43.830002|13711800|0.9967143863|43.685993
2026-05-19|463|LITE|873.169983|910.000000|845.000000|890.090027|5025800|1.0000000000|890.090027
2026-05-19|464|HPE|32.450001|33.040001|31.879999|32.619999|10241000|0.9970828234|32.524841
2026-05-19|465|XYZ|70.849998|71.550003|68.889999|69.169998|5723800|1.0000000000|69.169998
2026-05-19|466|FTV|59.009998|59.514999|58.189999|58.200001|2744200|0.9990168769|58.142784
2026-05-19|467|DELL|234.250000|239.750000|227.270004|235.259995|4082700|0.9983502671|234.871872
2026-05-19|468|TTD|22.570000|23.240000|21.110001|21.160000|19886400|1.0000000000|21.160000
2026-05-19|469|VST|135.800003|136.699997|132.660004|134.710007|5860700|0.9986015267|134.521622
2026-05-19|470|HWM|254.710007|256.000000|250.850006|253.119995|2016800|0.9995167748|252.997681
2026-05-19|471|INVH|28.590000|28.780001|28.264999|28.660000|5727100|0.9898785423|28.369919
2026-05-19|472|CVNA|65.339996|65.930000|61.730000|63.349998|11786000|1.0000000000|63.349998
2026-05-19|473|IR|69.519997|69.589996|68.070000|68.540001|2380800|0.9997640396|68.523827
2026-05-19|474|VICI|28.430000|28.709999|28.264999|28.370001|9001600|0.9834741092|27.901161
2026-05-19|475|VRT|329.679993|334.625000|314.339996|322.630005|9039500|0.9997919900|322.562897
2026-05-19|476|MRNA|47.610001|47.639999|45.625000|45.720001|5455600|1.0000000000|45.720001
2026-05-19|477|FOXA|65.269997|66.290001|64.470001|64.550003|3031800|1.0000000000|64.550003
2026-05-19|478|FOX|58.980000|59.369999|58.040001|58.090000|1080800|1.0000000000|58.090000
2026-05-19|479|DOW|38.709999|38.880001|37.205002|37.740002|10566300|0.9899338512|37.360104
2026-05-19|480|UBER|75.489998|76.010002|73.959999|74.089996|17419900|1.0000000000|74.089996
2026-05-19|481|CTVA|80.480003|80.480003|78.834999|78.989998|3106600|0.9977005620|78.808365
2026-05-19|482|CRWD|619.979980|634.239990|613.289978|616.880005|4465000|0.2500000000|154.220001
2026-05-19|483|DDOG|210.248993|215.679993|207.100006|215.149994|7169200|1.0000000000|215.149994
2026-05-19|484|CARR|63.730000|63.980000|61.380001|61.439999|7210000|0.9964168410|61.219852
2026-05-19|485|OTIS|70.910004|71.699997|69.724998|70.940002|4122800|0.9939750786|70.512596
2026-05-19|486|PLTR|135.169998|137.470001|133.600006|135.259995|29777300|1.0000000000|135.259995
2026-05-19|487|DASH|161.240005|162.690002|154.399994|154.649994|6070300|1.0000000000|154.649994
2026-05-19|488|ABNB|133.070007|135.500000|130.009995|131.160004|3795700|1.0000000000|131.160004
2026-05-19|489|EXE|99.120003|100.949997|98.680000|100.889999|3115000|0.9940278354|100.287468
2026-05-19|490|COIN|188.380005|195.529999|185.529999|193.449997|7085000|1.0000000000|193.449997
2026-05-19|491|APP|501.540009|503.779999|473.179993|476.899994|3302300|1.0000000000|476.899994
2026-05-19|492|HOOD|76.150002|76.370003|73.180000|74.160004|20490400|1.0000000000|74.160004
2026-05-19|493|CEG|258.480011|261.209991|256.100006|260.670013|3935800|0.9984651331|260.269928
2026-05-19|494|GEHC|61.404999|62.389999|61.189999|61.580002|5312200|0.9994353928|61.545231
2026-05-19|495|KVUE|17.200001|17.389999|17.040001|17.150000|18907900|0.9889763775|16.960945
2026-05-19|496|VLTO|86.589996|87.760002|85.690002|86.470001|2219200|0.9985280797|86.342720
2026-05-19|497|RDDT|158.229996|161.490005|154.149994|154.880005|4080700|1.0000000000|154.880005
2026-05-19|498|SOLV|75.870003|76.453003|74.709999|74.730003|1350100|1.0000000000|74.730003
2026-05-19|499|GEV|994.299988|1024.839966|984.150024|1011.799988|2246700|0.9994893113|1011.283264
2026-05-19|500|SNDK|1289.750000|1392.859985|1278.109985|1383.290039|13309300|1.0000000000|1383.290039
2026-05-19|501|Q|144.300003|147.550995|141.570007|145.240005|1618400|0.9994967288|145.166916
