date|security_id|ticker|open|high|low|close|volume|adj_factor|adj_close_vendor
2026-05-13|1|AEP|126.930000|128.479996|126.150002|127.949997|15607600|0.9924441265|126.983223
2026-05-13|2|BA|237.229996|242.270004|234.399994|240.600006|7438700|1.0000000000|240.600006
2026-05-13|3|CAT|912.500000|922.989990|897.380005|902.299988|1957100|0.9981483165|900.629211
2026-05-13|4|CNP|41.830002|42.520000|41.560001|42.160000|6714900|0.9886466776|41.681343
2026-05-13|5|CVX|185.809998|186.009995|183.960007|186.000000|7554700|0.9823507513|182.717255
2026-05-13|6|DIS|105.349998|105.879997|103.860001|104.900002|7605900|0.9923958226|104.102325
2026-05-13|7|DTE|141.669998|142.190002|140.669998|142.000000|1463200|0.9921049063|140.878891
2026-05-13|8|ED|105.129997|106.360001|104.709999|106.160004|2464000|0.9918651523|105.296410
2026-05-13|9|GD|343.940002|343.940002|339.980011|341.359985|898300|0.9956181446|339.864197
2026-05-13|10|GE|295.970001|298.399994|291.309998|294.709991|4219900|0.9987550328|294.343079
2026-05-13|11|HON|218.000005|219.430007|215.959995|217.959994|3354100|1.0399150842|226.659897
2026-05-13|12|HPQ|21.469999|21.799999|21.139999|21.260000|12318200|0.9879711310|21.004267
2026-05-13|13|IBM|218.270004|218.309998|212.339996|214.639999|8361200|0.9928776129|213.111252
2026-05-13|14|IP|32.759998|33.270000|31.940001|31.980000|5726900|0.9742073595|31.155151
2026-05-13|15|JNJ|225.820007|230.800003|225.440002|230.419998|7464500|0.9894021702|227.978043
2026-05-13|16|KO|79.870003|81.029999|79.839996|80.260002|12357000|0.9935850886|79.745140
2026-05-13|17|KR|64.809998|66.470001|64.360001|66.239998|8324000|0.9879807975|65.443840
2026-05-13|18|LMT|517.469971|520.869995|510.790009|519.940002|824600|0.9934960884|516.558350
2026-05-13|19|MMM|147.009995|149.759995|146.020004|147.100006|7625900|0.9905187908|145.705307
2026-05-13|20|MO|70.290001|71.610001|69.900002|71.540001|8313100|0.9852654995|70.485893
2026-05-13|21|MRK|112.250000|114.070000|112.040001|113.449997|8110500|0.9928601430|112.639977
2026-05-13|22|MSI|390.899994|400.140015|386.790009|397.890015|1368500|0.9970118292|396.701050
2026-05-13|23|PG|143.149994|144.669998|141.660004|142.240005|6685900|0.9925903246|141.186050
2026-05-13|24|XOM|150.059998|151.789993|149.679993|151.570007|15772800|0.9868681737|149.579620
2026-05-13|25|RTX|177.770004|179.440002|175.300003|178.110001|6144100|0.9925545778|176.783905
2026-05-13|26|MCD|274.500000|277.500000|273.239990|275.700012|3451000|0.9932635540|273.842773
2026-05-13|27|AXP|311.119995|312.100006|307.760010|309.609985|2967000|0.9972701149|308.764771
2026-05-13|28|BMY|55.900002|56.830002|55.849998|56.389999|7997500|0.9888377035|55.760559
2026-05-13|29|DD|50.870000|51.639999|50.370000|51.159999|4450401|2.9881422927|152.873352
2026-05-13|30|DE|588.340027|591.010010|580.159973|580.650024|961500|0.9974147424|579.148926
2026-05-13|31|EMR|136.710007|138.460007|135.100006|137.759995|2964600|0.9926085470|136.741745
2026-05-13|32|ETN|406.170013|409.600006|400.559998|406.940002|2316800|0.9975456838|405.941223
2026-05-13|33|ETR|112.459999|113.010002|111.610001|112.349998|3218700|0.9940658321|111.683296
2026-05-13|34|F|11.970000|13.940000|11.970000|13.570000|216261200|0.9892857143|13.424606
2026-05-13|35|HAL|41.759998|42.080002|40.700001|41.020000|7656200|0.9957637679|40.846230
2026-05-13|36|LLY|994.750000|1022.820007|992.000000|1015.750000|3486400|0.9968530383|1012.553467
2026-05-13|37|PCG|16.620001|16.670000|16.500000|16.600000|16035200|0.9970997679|16.551857
2026-05-13|38|PEP|150.690002|153.240005|148.960007|149.270004|5524900|0.9895884624|147.715866
2026-05-13|39|PFE|25.799999|26.090000|25.639999|25.959999|39420000|0.9828068774|25.513666
2026-05-13|40|TXN|302.739990|309.320007|301.920013|306.339996|7546500|0.9949060125|304.779510
2026-05-13|41|WFC|74.150002|74.760002|73.279999|73.529999|16343900|0.9942915856|73.110260
2026-05-13|42|HUBB|489.820007|491.890015|480.440002|483.790009|803413|0.9970037769|482.340485
2026-05-13|43|WMT|129.190002|132.529999|128.770004|131.470001|13786600|0.9976117102|131.156006
2026-05-13|44|AIG|76.349998|77.370003|75.279999|75.779999|6537000|0.9933984683|75.279739
2026-05-13|45|AVY|160.289993|162.000000|158.279999|158.740005|705900|0.9936321953|157.729187
2026-05-13|46|BAC|50.360001|50.779999|49.799999|49.840000|29838000|0.9948310871|49.582382
2026-05-13|47|BALL|57.470001|58.250000|56.410000|56.450001|2076700|0.9963416864|56.243488
2026-05-13|48|BDX|146.589996|146.589996|142.830002|144.179993|3830100|0.9929995336|143.170670
2026-05-13|49|CLX|88.650002|92.470001|88.500000|92.000000|3421100|0.9884526559|90.937645
2026-05-13|50|CMI|710.000000|716.359985|702.859985|709.570007|908700|0.9931721942|704.725220
2026-05-13|51|CMS|72.849998|72.989998|72.239998|72.809998|2085600|0.9919943817|72.227112
2026-05-13|52|CVS|95.500000|98.220001|94.300003|98.110001|12552700|0.9938471504|97.506340
2026-05-13|53|ECL|250.789993|252.970001|248.600006|249.619995|1757200|0.9972820015|248.941528
2026-05-13|54|ES|68.120003|68.639999|67.730003|68.250000|1970700|0.9882685720|67.449326
2026-05-13|55|EVRG|82.650002|82.760002|81.940002|82.459999|1747700|0.9834796618|81.097740
2026-05-13|56|GWW|1238.439941|1253.140015|1229.310059|1252.849976|230500|0.9980509570|1250.408081
2026-05-13|57|LNT|72.059998|72.730003|71.690002|72.300003|2590400|0.9924530963|71.754364
2026-05-13|58|MKC|46.520000|46.520000|44.820000|45.599998|4104300|0.9910196447|45.190495
2026-05-13|59|MRSH|161.610001|162.580002|158.160004|159.139999|2227200|0.9943746806|158.244781
2026-05-13|60|NEE|94.099998|95.400002|93.320000|94.849998|6775700|0.9927287582|93.457535
2026-05-13|61|NI|47.029999|47.310001|46.630001|47.049999|2684800|0.9933436876|46.736820
2026-05-13|62|PNW|99.129997|99.430000|97.900002|99.080002|1358000|0.9909892067|98.187210
2026-05-13|63|RVTY|98.970001|99.500000|94.860001|95.010002|1136000|0.9993733214|94.950462
2026-05-13|64|SNA|369.350006|370.429993|364.459991|366.600006|264500|0.9870969475|361.869751
2026-05-13|65|SPGI|419.440006|420.069987|400.999988|406.550012|2603800|0.9417621693|382.873413
2026-05-13|66|TER|366.309998|366.899994|350.019989|363.380005|3628700|0.9996224662|363.242828
2026-05-13|67|TGT|120.730003|121.610001|119.120003|121.480003|3964800|0.9923829532|120.554680
2026-05-13|68|TXT|90.639999|92.050003|89.199997|91.379997|1383200|0.9997866667|91.360504
2026-05-13|69|VMC|277.890015|280.059998|272.839996|274.540009|1229100|0.9961649269|273.487152
2026-05-13|70|XEL|78.739998|80.099998|78.629997|79.910004|3867900|0.9925145167|79.311836
2026-05-13|71|ITW|250.820007|252.639999|249.070007|250.100006|1137700|0.9939806334|248.594559
2026-05-13|72|CL|86.919998|87.959999|86.309998|87.870003|5590700|0.9942998496|87.369125
2026-05-13|73|EXC|44.500000|44.610001|43.910000|44.270000|9424600|0.9906832302|43.857548
2026-05-13|74|MDT|75.930000|76.480003|75.400002|76.209999|10975200|0.9910581218|75.528534
2026-05-13|75|BNY|132.389999|136.270004|132.199997|134.990005|4097900|0.9960354919|134.454834
2026-05-13|76|EIX|71.209999|71.209999|70.139999|70.620003|1996500|0.9882683051|69.791512
2026-05-13|77|FRT|115.010002|115.010002|113.809998|114.129997|778000|0.9908457552|113.085220
2026-05-13|78|PNR|74.690002|75.239998|73.470001|73.629997|1317800|0.9956500725|73.309708
2026-05-13|79|USB|54.090000|54.139999|52.599998|52.740002|14646400|0.9915143601|52.292469
2026-05-13|80|WY|23.400000|23.450001|22.930000|23.100000|7638700|0.9914979760|22.903605
2026-05-13|81|SYY|72.669998|73.660004|72.599998|73.190002|3219500|0.9934155392|72.708084
2026-05-13|82|WRB|66.279999|66.879997|65.070000|65.430000|1755600|0.9910634494|64.845284
2026-05-13|83|IFF|78.089996|78.639999|76.820000|77.480003|1769500|0.9947403026|77.072479
2026-05-13|84|TAP|41.349998|41.730000|41.110001|41.419998|2963600|0.9881685974|40.458355
2026-05-13|85|PNC|214.139999|215.089996|209.699997|209.860001|1661000|0.9920904849|208.200104
2026-05-13|86|TRV|296.679993|299.579987|291.829987|295.019989|1363800|0.9958368027|293.791748
2026-05-13|87|C|125.000000|125.849998|123.760002|124.099998|7207100|0.9949414872|123.472237
2026-05-13|88|FDX|378.309995|379.899989|367.100018|369.699990|1577800|0.8027880446|296.790741
2026-05-13|89|WDC|503.320007|503.660004|475.369995|494.089996|5772800|0.9997393571|493.961212
2026-05-13|90|DHR|166.289993|167.619995|163.320007|165.990005|6526600|0.9979297139|165.646362
2026-05-13|91|APA|37.230000|37.400002|36.139999|36.970001|4978500|0.9930109031|36.711613
2026-05-13|92|LUV|39.119999|39.720001|38.869999|39.410000|4796600|0.9956521741|39.238651
2026-05-13|93|PEG|78.089996|78.260002|76.599998|77.220001|3186300|0.9913815279|76.554482
2026-05-13|94|UNP|265.170013|268.589996|263.839996|264.649994|1866400|0.9948314607|263.282135
2026-05-13|95|ABT|83.400002|84.260002|82.690002|83.830002|11826700|0.9929181654|83.236336
2026-05-13|96|ADI|427.839996|435.720001|426.000000|432.390015|3486300|0.9972683702|431.208893
2026-05-13|97|ADM|81.269997|83.099998|80.660004|82.889999|4140000|0.9871845133|81.827728
2026-05-13|98|ADP|211.470001|212.479996|204.559998|208.630005|3251500|0.9924702132|207.059067
2026-05-13|99|AFL|115.489998|116.680000|114.120003|115.480003|1632400|0.9898631333|114.309402
2026-05-13|100|AMAT|435.910004|440.500000|422.299988|436.609985|7839400|0.9976914901|435.602081
2026-05-13|101|AMD|457.040009|459.500000|432.649994|445.500000|30423400|1.0000000000|445.500000
2026-05-13|102|APD|304.829987|307.959991|302.260010|306.200012|1149200|0.9938263181|304.309631
2026-05-13|103|BF-B|26.719999|26.860001|25.639999|26.160000|2719400|0.9913580245|25.933926
2026-05-13|104|CHD|93.000000|95.910004|92.989998|95.089996|3043000|0.9937159244|94.492439
2026-05-13|105|CINF|163.789993|165.179993|161.740005|163.259995|708500|0.9945494610|162.370132
2026-05-13|106|CMCSA|24.760000|25.080000|24.530001|24.940001|33453200|0.9865580444|24.604757
2026-05-13|107|D|62.090000|63.180000|61.830002|62.720001|6126600|0.9900860786|62.098202
2026-05-13|108|DOV|217.259995|217.440002|214.009995|214.619995|608800|0.9975530563|214.094833
2026-05-13|109|DUK|123.989998|124.529999|122.839996|123.900002|3404400|0.9827918175|121.767914
2026-05-13|110|EFX|164.410004|165.809998|157.589996|159.940002|1948900|0.9965665237|159.390854
2026-05-13|111|EQT|55.790001|55.970001|55.110001|55.930000|4418800|0.9968732234|55.755119
2026-05-13|112|FITB|48.270000|48.450001|47.130001|47.169998|5418100|0.9929552658|46.837700
2026-05-13|113|GIS|33.919998|34.090000|33.470001|33.610001|8921300|0.9829846576|33.038116
2026-05-13|114|GPC|100.500000|101.000000|98.559998|98.870003|1526400|0.9892223458|97.804413
2026-05-13|115|HAS|94.779999|95.410004|93.480003|94.010002|1243100|0.9844894224|92.551857
2026-05-13|116|HBAN|15.750000|15.780000|15.340000|15.350000|24787700|0.9910508082|15.212630
2026-05-13|117|HRL|20.010000|20.160000|19.809999|19.910000|3637600|0.9881520418|19.674107
2026-05-13|118|HST|21.709999|21.840000|21.520000|21.559999|8265000|0.9630818621|20.764044
2026-05-13|119|HSY|191.410004|196.580002|190.350006|195.669998|3303200|0.9846288447|192.662323
2026-05-13|120|INTC|124.099998|125.000000|116.410004|120.290001|115364400|1.0000000000|120.290001
2026-05-13|121|J|113.779999|114.720001|105.680000|107.269997|2649200|0.9944174758|106.671158
2026-05-13|122|JPM|302.269989|303.000000|300.070007|300.250000|7709500|0.9955152929|298.903473
2026-05-13|123|KMB|97.150002|98.209999|96.410004|97.040001|4302600|0.9864507253|95.725182
2026-05-13|124|L|103.919998|104.900002|103.339996|104.080002|721400|0.9988625697|103.961617
2026-05-13|125|LEN|85.190002|85.919998|84.449997|84.970001|2265600|0.9940723176|84.466324
2026-05-13|126|LOW|223.000000|223.179993|218.089996|220.449997|3080200|0.9938577955|219.095947
2026-05-13|127|MAS|68.980003|70.230003|66.559998|67.480003|5098700|0.9908891403|66.865204
2026-05-13|128|MTB|208.389999|208.389999|203.500000|204.080002|722700|0.9930590903|202.663498
2026-05-13|129|NEM|118.949997|120.639999|117.699997|118.959999|6766000|0.9976704596|118.682877
2026-05-13|130|NTRS|161.419998|163.669998|160.539993|162.970001|1000000|0.9953773257|162.216644
2026-05-13|131|NUE|231.380005|235.449997|230.000000|232.339996|1351600|0.9975500919|231.770782
2026-05-13|132|OMC|75.500000|75.730003|73.519997|74.239998|4119000|0.9894221866|73.454704
2026-05-13|133|PCAR|112.459999|113.129997|111.559998|111.779999|1965100|0.9973590885|111.484802
2026-05-13|134|PGR|196.639999|200.580002|195.690002|195.960007|2559600|0.9995561474|195.873032
2026-05-13|135|PH|877.849976|886.969971|877.070007|882.369995|675200|1.0000000000|882.369995
2026-05-13|136|PHM|113.589996|114.349998|111.510002|112.970001|2450300|0.9978834255|112.730896
2026-05-13|137|PPG|106.400002|107.720001|105.089996|105.459999|1352200|0.9938189109|104.808144
2026-05-13|138|PPL|36.070000|36.200001|35.669998|35.750000|8681500|0.9920279720|35.465000
2026-05-13|139|RF|27.010000|27.120001|26.620001|26.629999|15806500|0.9905357143|26.377966
2026-05-13|140|ROL|52.720001|53.400002|51.950001|52.820000|3063500|0.9951510336|52.563877
2026-05-13|141|SHW|309.869995|310.570007|302.869995|306.339996|3838000|0.9951137391|304.843170
2026-05-13|142|STT|150.479996|152.360001|149.440002|151.580002|2257600|0.9950471700|150.829254
2026-05-13|143|SWK|78.860001|78.860001|76.750000|77.660004|1641800|0.9894240575|76.838676
2026-05-13|144|SYK|290.459991|303.730011|290.000000|302.089996|3800300|0.9973375287|301.285675
2026-05-13|145|TMO|455.179993|463.399994|444.519989|446.029999|2801200|0.9989985938|445.583344
2026-05-13|146|TPL|396.589996|396.589996|375.320007|386.510010|441200|0.9984732824|385.919922
2026-05-13|147|TSN|67.470001|68.040001|66.099998|66.889999|2465900|0.9916420846|66.330940
2026-05-13|148|TT|469.950012|475.149994|466.000000|471.019989|1481100|0.9977358979|469.953552
2026-05-13|149|TYL|304.480011|307.459991|294.359985|298.589996|848100|1.0000000000|298.589996
2026-05-13|150|UDR|37.160000|37.759998|36.950001|37.560001|5126500|0.9926177659|37.282722
2026-05-13|151|VTRS|17.129999|17.389999|16.959999|17.370001|14316800|0.9853197013|17.115004
2026-05-13|152|WEC|111.970001|112.480003|110.860001|112.199997|1429900|0.9829379991|110.285637
2026-05-13|153|WST|310.440002|310.489990|300.269989|302.399994|718300|0.9993471810|302.202576
2026-05-13|154|NDSN|281.410004|282.760010|277.959991|278.929993|267000|0.9971745572|278.141907
2026-05-13|155|TFC|47.689999|47.720001|46.349998|46.540001|12525700|0.9901868280|46.083294
2026-05-13|156|WELL|215.869995|221.679993|215.600006|220.139999|3465800|0.9962391044|219.312088
2026-05-13|157|AON|313.619995|315.489990|308.510010|310.899994|1672400|0.9977256968|310.192932
2026-05-13|158|GL|154.330002|154.679993|151.250000|152.990005|517100|0.9981716439|152.710281
2026-05-13|159|OKE|88.300003|88.940002|87.260002|88.790001|2944700|0.9882171564|87.743805
2026-05-13|160|KLAC|1835.939941|1864.989929|1794.900055|1849.709930|938100|0.0997597720|184.526642
2026-05-13|161|CSX|44.380001|45.110001|44.240002|44.400002|13360700|0.9969438988|44.264309
2026-05-13|162|PSA|310.390015|310.390015|302.779999|303.700012|929200|0.9907958521|300.904724
2026-05-13|163|NKE|42.200001|42.610001|41.700001|42.340000|21325200|0.9911312999|41.964500
2026-05-13|164|AAPL|293.500000|300.920013|293.500000|298.869995|52684300|0.9991382887|298.612457
2026-05-13|165|BRO|55.119999|55.330002|53.810001|54.380001|4192300|0.9976903696|54.254402
2026-05-13|166|UHS|172.080002|173.080002|166.919998|171.009995|934000|0.9986223049|170.774399
2026-05-13|167|HD|307.609985|307.690002|299.269989|302.549988|6307800|0.9925551970|300.297577
2026-05-13|168|BAX|17.709999|17.950001|17.090000|17.309999|7899300|0.9994805195|17.294336
2026-05-13|169|COP|117.650002|118.010002|115.690002|117.400002|5977100|0.9933743492|116.622147
2026-05-13|170|GLW|207.839996|211.789993|196.080002|206.509995|15450500|0.9984696945|206.193970
2026-05-13|171|HUM|298.339996|308.500000|292.070007|304.850006|3077800|0.9976462766|304.132477
2026-05-13|172|LHX|306.570007|307.589996|298.040009|304.929993|842800|0.9959648783|303.699554
2026-05-13|173|NOC|554.349976|554.349976|544.099976|551.799988|568100|0.9956180811|549.382080
2026-05-13|174|OXY|56.220001|56.360001|55.470001|56.180000|6925400|0.9954022988|55.921700
2026-05-13|175|ROK|457.410004|459.450012|451.269989|454.989990|732700|0.9938632005|452.197815
2026-05-13|176|SLB|55.770000|55.830002|54.660000|55.380001|13672100|0.9947843000|55.091156
2026-05-13|177|SO|92.839996|93.180000|92.139999|93.139999|4944400|0.9836658196|91.618629
2026-05-13|178|WMB|75.269997|76.080002|74.269997|75.709999|6218800|0.9926696456|75.155014
2026-05-13|179|VLO|248.100006|249.559998|240.330002|244.100006|2240800|0.9914397807|242.010468
2026-05-13|180|CI|298.290009|303.329987|296.510010|300.709991|2224300|0.9942378017|298.977234
2026-05-13|181|NSC|312.269989|315.220001|310.290009|310.579987|675400|0.9960579337|309.355652
2026-05-13|182|COO|59.459999|60.320000|59.060001|59.470001|2247900|1.0000000000|59.470001
2026-05-13|183|AMGN|332.320007|338.000000|330.059998|336.450012|2183800|0.9867386103|331.988220
2026-05-13|184|RJF|152.419998|154.350006|151.990005|153.960007|781300|0.9964480694|153.413147
2026-05-13|185|WSM|176.750000|176.750000|169.360001|172.059998|1061200|0.9966722130|171.487411
2026-05-13|186|CAH|181.509995|186.559998|180.449997|186.350006|2848900|0.9978279171|185.945236
2026-05-13|187|CTAS|164.169998|165.639999|161.160004|163.550003|1873400|0.9947044338|162.683899
2026-05-13|188|PAYX|91.489998|91.809998|87.430000|89.919998|5243400|0.9896951856|88.993393
2026-05-13|189|BEN|31.559999|32.240002|31.250000|32.040001|3526300|0.9900632337|31.721628
2026-05-13|190|AOS|57.840000|58.230000|56.770000|56.980000|1558200|0.9939809398|56.637035
2026-05-13|191|CASY|871.969971|889.989990|868.440002|888.359985|388500|0.9992507205|887.694336
2026-05-13|192|T|25.230000|25.549999|24.719999|24.740000|34609700|0.9867870728|24.413113
2026-05-13|193|VZ|47.889999|48.279999|47.169998|47.209999|21212800|0.9832386370|46.418694
2026-05-13|194|JBHT|236.979996|239.779999|236.190002|237.800003|915400|0.9983161833|237.399582
2026-05-13|195|ATO|181.080002|181.080002|178.029999|179.949997|1379300|0.9884163190|177.865509
2026-05-13|196|LRCX|295.269989|298.980011|287.179993|295.440002|8633100|0.9992960416|295.232025
2026-05-13|197|MU|813.159973|814.950012|779.469971|803.630005|54875100|0.9998462422|803.506409
2026-05-13|198|AJG|194.779999|197.220001|190.750000|192.000000|2543300|0.9966824645|191.363037
2026-05-13|199|AME|232.679993|234.240005|229.960007|231.419998|1097500|0.9985029940|231.073563
2026-05-13|200|SWKS|67.699997|68.750000|66.699997|68.139999|4624800|0.9913855858|67.553009
2026-05-13|201|EXPD|155.100006|156.380005|153.669998|155.800003|792800|0.9948730934|155.001236
2026-05-13|202|UNH|396.500000|404.149994|393.000000|401.160004|8454100|0.9943209633|398.881805
2026-05-13|203|BBY|56.700001|56.990002|55.099998|55.520000|2973400|0.9868673048|54.790874
2026-05-13|204|DOC|19.620001|19.709999|19.280001|19.549999|10299300|0.9805079461|19.168930
2026-05-13|205|ADSK|229.399994|231.649994|225.279999|231.029999|1742200|1.0000000000|231.029999
2026-05-13|206|DVN|46.599998|47.029999|45.990002|46.900002|14414400|0.9929375416|46.568775
2026-05-13|207|NVR|5749.120117|5805.450195|5650.169922|5720.100098|21500|1.0000000000|5720.100098
2026-05-13|208|ROST|217.000000|217.000000|209.130005|211.759995|3714400|0.9980432679|211.345627
2026-05-13|209|JKHY|143.059998|143.889999|139.000000|141.429993|1196800|0.9955252350|140.797134
2026-05-13|210|MNST|86.000000|86.790001|85.279999|85.930000|6515100|0.5000000000|85.930000
2026-05-13|211|ORCL|189.029999|191.570007|185.059998|189.759995|15789300|0.9965330745|189.102112
2026-05-13|212|MSFT|403.200012|406.309998|401.029999|405.209991|29667100|0.9959638868|403.574524
2026-05-13|213|TROW|102.660004|104.110001|101.660004|103.010002|2611600|0.9881430134|101.788612
2026-05-13|214|COST|1017.940002|1042.520020|1017.940002|1033.079956|1654600|0.9984126298|1031.440063
2026-05-13|215|ADBE|238.539993|239.080002|232.839996|236.070007|3870200|1.0000000000|236.070007
2026-05-13|216|FISV|54.110001|54.270000|52.169998|52.369999|7345400|1.0000000000|52.369999
2026-05-13|217|BKR|65.220001|65.650002|64.529999|65.410004|6175500|0.9963346614|65.170258
2026-05-13|218|CDNS|359.040009|361.029999|350.549988|354.549988|2321500|1.0000000000|354.549988
2026-05-13|219|TJX|149.179993|149.800003|146.139999|147.029999|6416100|0.9936003560|146.089050
2026-05-13|220|FICO|1078.000000|1078.599976|1046.219971|1064.640015|376200|1.0000000000|1064.640015
2026-05-13|221|CCL|24.730000|25.200001|24.410000|25.030001|23074100|0.9887339129|24.748011
2026-05-13|222|FAST|43.299999|43.880001|43.000000|43.770000|7430000|0.9945424013|43.531120
2026-05-13|223|SCHW|89.449997|91.779999|89.260002|91.169998|9299800|0.9970924949|90.904922
2026-05-13|224|JCI|141.520004|145.070007|140.910004|143.800003|4485900|0.9972406182|143.403198
2026-05-13|225|COHR|401.579987|413.000000|378.500000|403.709991|6758900|1.0000000000|403.709991
2026-05-13|226|KEY|21.120001|21.209999|20.719999|20.750000|7807700|0.9901913874|20.546471
2026-05-13|227|MOS|22.670000|23.590000|22.500000|22.780001|12140500|0.9899359564|22.550741
2026-05-13|228|MGM|37.080002|37.820000|36.849998|37.410000|3945400|1.0000000000|37.410000
2026-05-13|229|WM|215.000000|216.750000|213.289993|216.440002|2173000|0.9956851284|215.506088
2026-05-13|230|TECH|47.070000|47.130001|44.119999|44.889999|3904900|0.9970482740|44.757500
2026-05-13|231|IEX|213.949997|214.539993|211.550003|212.220001|390200|0.9931996195|210.776825
2026-05-13|232|GEN|22.139999|23.379999|22.049999|23.290001|12484200|0.9903038605|23.064177
2026-05-13|233|CRH|109.720001|111.519997|108.300003|108.750000|4914800|0.9923991275|107.923409
2026-05-13|234|EOG|134.149994|135.190002|132.649994|134.929993|2594800|0.9926332518|133.935989
2026-05-13|235|PTC|142.919998|144.130005|138.850006|140.809998|1397900|1.0000000000|140.809998
2026-05-13|236|CSCO|99.400002|102.010002|99.290001|101.870003|45241600|0.9962729613|101.490334
2026-05-13|237|LH|255.770004|257.299988|254.000000|254.419998|475800|0.9972597526|253.180008
2026-05-13|238|TRMB|56.340000|56.860001|54.599998|54.900002|2374800|1.0000000000|54.900002
2026-05-13|239|AZO|3440.000000|3440.000000|3302.439941|3366.790039|281600|1.0000000000|3366.790039
2026-05-13|240|REGN|721.289978|730.590027|709.510010|719.880005|879300|0.9973440317|717.968018
2026-05-13|241|IDXX|531.809998|533.390015|523.380005|528.679993|600900|1.0000000000|528.679993
2026-05-13|242|AES|14.430000|14.450000|14.410000|14.430000|11676900|0.9881481485|14.258978
2026-05-13|243|VRTX|446.470001|455.320007|444.260010|453.059998|1194200|1.0000000000|453.059998
2026-05-13|244|ZBRA|248.679993|250.990005|237.029999|246.759995|1392500|1.0000000000|246.759995
2026-05-13|245|BIIB|199.330002|205.970001|198.860001|204.529999|1271900|1.0000000000|204.529999
2026-05-13|246|ODFL|191.139999|193.429993|187.910004|189.179993|1156300|0.9987340667|188.940506
2026-05-13|247|APH|129.949997|129.979996|123.550003|124.639999|11311100|0.9984936130|124.452240
2026-05-13|248|KIM|23.420000|23.459999|23.000000|23.080000|3759800|0.9891711788|22.830070
2026-05-13|249|QCOM|216.630005|219.490005|207.149994|213.169998|26226300|0.9963201471|212.385559
2026-05-13|250|GILD|133.550003|135.070007|131.880005|133.050003|6666700|0.9934708175|132.181290
2026-05-13|251|ROP|320.570007|320.880005|305.959991|316.250000|1583000|0.9974983506|315.458862
2026-05-13|252|SNPS|514.590027|514.739990|502.269989|509.279999|1335500|1.0000000000|509.279999
2026-05-13|253|STZ|141.800003|143.729996|139.100006|140.520004|2228000|0.9921821632|139.421432
2026-05-13|254|BSX|53.270000|54.290001|52.810001|53.060001|17994200|1.0000000000|53.060001
2026-05-13|255|STE|209.259995|212.570007|207.800003|211.100006|979800|0.9970332000|210.473709
2026-05-13|256|DHI|142.350006|143.360001|139.020004|140.729996|2256600|0.9970287223|140.311844
2026-05-13|257|LIN|504.209991|515.750000|503.679993|513.260010|2359000|0.9968477255|511.642090
2026-05-13|258|SBUX|106.769997|108.050003|105.470001|105.949997|8638900|0.9884945611|104.730995
2026-05-13|259|MS|190.710007|194.949997|189.600006|193.830002|4463700|0.9945253736|192.768860
2026-05-13|260|INTU|383.200012|384.869995|369.559998|371.709991|3494300|0.9955898568|370.070709
2026-05-13|261|MCHP|99.650002|99.870003|96.059998|96.709999|12894100|0.9890553567|95.651543
2026-05-13|262|CB|320.220001|324.510010|315.040009|316.010010|2211200|0.9968895800|315.027100
2026-05-13|263|ORLY|91.120003|92.169998|88.820000|89.699997|6409700|1.0000000000|89.699997
2026-05-13|264|RCL|259.010010|265.010010|256.600006|264.200012|2014900|0.9948418155|262.837219
2026-05-13|265|JBL|358.600006|360.730011|352.140015|355.429993|990500|0.9995582709|355.272980
2026-05-13|266|ALL|213.279999|217.880005|212.399994|215.539993|1586400|0.9947595710|214.410461
2026-05-13|267|CPT|104.599998|105.540001|104.029999|105.349998|710600|0.9909199930|104.393425
2026-05-13|268|VMRK|65.510002|66.010002|65.129997|65.830002|2917100|0.9897192157|65.153221
2026-05-13|269|IT|152.020004|152.020004|142.190002|144.460007|2172600|1.0000000000|144.460007
2026-05-13|270|DECK|94.690002|95.669998|93.750000|93.930000|1819000|1.0000000000|93.930000
2026-05-13|271|REG|77.129997|77.320000|76.430000|76.669998|1295100|0.9906432027|75.952614
2026-05-13|272|INCY|98.739998|99.040001|97.070000|98.820000|1630400|1.0000000000|98.820000
2026-05-13|273|SPG|205.289993|205.289993|200.220001|200.559998|1310200|0.9891482587|198.383575
2026-05-13|274|MAA|128.440002|129.500000|127.940002|129.339996|700200|0.9885547570|127.859673
2026-05-13|275|MLM|586.239990|586.239990|572.369995|576.789978|521500|0.9985730005|575.966919
2026-05-13|276|TSCO|30.379999|30.530001|29.420000|29.850000|10861900|0.9851405019|29.406443
2026-05-13|277|ALB|205.990005|208.759995|196.470001|200.940002|1863700|0.9974537910|200.428375
2026-05-13|278|CPRT|33.200001|33.279999|32.560001|32.939999|5863800|1.0000000000|32.939999
2026-05-13|279|FLEX|143.690002|147.339996|141.100006|143.800003|6858400|1.0000000000|143.800003
2026-05-13|280|ESS|267.260010|271.959991|265.679993|271.940002|427200|0.9912479300|269.559967
2026-05-13|281|O|62.279999|62.400002|61.180000|61.520000|6456300|0.9871574584|60.729927
2026-05-13|282|MCO|446.869995|447.350006|432.350006|438.320007|1043900|0.9955156672|436.354431
2026-05-13|283|SJM|100.320000|101.260002|99.489998|100.870003|2876000|0.9798392929|98.836388
2026-05-13|284|MCK|727.690002|748.630005|727.690002|737.179993|966000|0.9988955336|736.365784
2026-05-13|285|COF|183.899994|183.899994|181.300003|181.539993|4615700|0.9922218930|180.127960
2026-05-13|286|EME|939.419983|939.989990|908.760010|923.010010|328000|0.9994836978|922.533447
2026-05-13|287|DLTR|88.870003|89.000000|85.879997|86.800003|3023500|1.0000000000|86.800003
2026-05-13|288|COR|259.920013|262.670013|255.470001|255.679993|2716000|0.9957711437|254.598770
2026-05-13|289|DRI|198.210007|198.440002|190.130005|192.809998|1381600|0.9919770205|191.263092
2026-05-13|290|RMD|202.020004|203.240005|200.770004|202.369995|989300|0.9941821390|201.192642
2026-05-13|291|WAB|269.929993|271.359985|264.709991|264.779999|1049200|0.9977552294|264.185638
2026-05-13|292|FCX|66.830002|68.849998|65.870003|67.160004|17112400|0.9975786925|66.997391
2026-05-13|293|IVZ|28.299999|28.299999|27.450001|28.090000|4838700|0.9856541725|27.687027
2026-05-13|294|ACGL|93.510002|95.129997|92.790001|93.320000|2376900|1.0000000000|93.320000
2026-05-13|295|ERIE|216.389999|219.919998|211.479996|212.660004|168300|0.9943102712|211.450027
2026-05-13|296|EG|350.250000|353.649994|343.970001|347.970001|272700|0.9940520446|345.900299
2026-05-13|297|DVA|201.100006|201.929993|196.880005|198.100006|638500|1.0000000000|198.100006
2026-05-13|298|HSIC|69.669998|70.839996|68.839996|69.449997|1284200|1.0000000000|69.449997
2026-05-13|299|EL|84.580002|85.110001|82.120003|82.129997|2465100|0.9961483439|81.813660
2026-05-13|300|WAT|350.269989|350.660004|333.109985|334.929993|1233800|1.0000000000|334.929993
2026-05-13|301|NTAP|115.910004|119.870003|115.910004|118.580002|2122300|0.9969719908|118.220940
2026-05-13|302|HIG|132.369995|134.300003|131.440002|132.630005|1382700|0.9952804215|132.004044
2026-05-13|303|IRM|126.099998|127.169998|123.290001|126.120003|1742000|0.9932096824|125.263603
2026-05-13|304|BRK-B|482.470001|487.140015|480.809998|485.519989|4432500|1.0000000000|485.519989
2026-05-13|305|FDS|213.300003|213.300003|198.000000|201.869995|1153300|0.9951444118|200.889801
2026-05-13|306|STLD|233.619995|238.070007|233.100006|237.080002|1191100|0.9977371702|236.543533
2026-05-13|307|DGX|188.809998|191.110001|187.509995|190.850006|693100|0.9959506546|190.077179
2026-05-13|308|CIEN|594.000000|598.840027|562.500000|577.900024|1272700|1.0000000000|577.900024
2026-05-13|309|TTWO|224.929993|228.949997|221.729996|226.990005|1660500|1.0000000000|226.990005
2026-05-13|310|VTR|88.620003|90.459999|88.000000|90.349998|6455700|0.9941769319|89.823883
2026-05-13|311|AMZN|264.429993|270.720001|263.200012|270.130005|39670900|1.0000000000|270.130005
2026-05-13|312|ARE|46.529999|47.369999|45.540001|47.270000|1717700|0.9870480303|46.657761
2026-05-13|313|RL|335.809998|338.269989|327.779999|331.619995|797000|0.9975616297|330.811371
2026-05-13|314|BXP|58.709999|58.790001|57.820000|58.400002|1449200|0.9895631429|57.790489
2026-05-13|315|FIX|2039.040039|2050.000000|1960.000000|2034.630005|313200|0.9990909066|2032.780273
2026-05-13|316|YUM|151.919998|153.820007|149.690002|149.770004|1701000|0.9951301862|149.040649
2026-05-13|317|CHRW|166.779999|167.740005|163.139999|163.259995|1209900|0.9965870306|162.702789
2026-05-13|318|FE|44.490002|44.490002|43.869999|44.119999|3858900|0.9901836603|43.686901
2026-05-13|319|MTD|1056.349976|1069.000000|1023.049988|1025.530029|344800|1.0000000000|1025.530029
2026-05-13|320|PLD|143.199997|143.970001|141.860001|142.000000|3062800|0.9927946128|140.976837
2026-05-13|321|URI|949.429993|953.960022|930.770020|935.260010|650000|0.9982773546|933.648926
2026-05-13|322|AEE|108.830002|109.449997|107.940002|109.089996|1647100|0.9930004667|108.326416
2026-05-13|323|VRSN|285.600006|296.010010|284.290009|295.140015|812200|0.9944277890|293.495422
2026-05-13|324|PWR|781.359985|781.520020|753.260010|773.719971|1147400|0.9998472307|773.601746
2026-05-13|325|AMT|176.770004|176.809998|171.009995|173.869995|3271000|0.9905446092|172.225983
2026-05-13|326|MAR|347.720001|353.910004|346.260010|350.190002|1387700|0.9960059445|348.791321
2026-05-13|327|CTSH|47.419998|47.549999|45.480000|45.970001|8991700|0.9872095485|45.382023
2026-05-13|328|SRE|92.900002|93.110001|91.639999|91.680000|4786900|0.9929041305|91.029449
2026-05-13|329|CSGP|32.410000|32.880001|31.780001|31.969999|8482100|1.0000000000|31.969999
2026-05-13|330|RSG|200.389999|203.750000|200.009995|203.669998|1912100|0.9970890970|203.077133
2026-05-13|331|CCI|90.709999|90.709999|87.300003|89.620003|5158800|0.9884657123|88.586304
2026-05-13|332|EBAY|109.849998|113.730003|109.620003|113.010002|7001800|0.9972353518|112.355965
2026-05-13|333|NVDA|224.929993|227.839996|221.570007|225.830002|150405400|0.9988358556|225.567108
2026-05-13|334|BKNG|158.199997|158.940002|154.770004|155.029999|6829800|0.9974923877|154.641235
2026-05-13|335|GS|941.840027|959.549988|933.080017|955.419983|2355200|0.9956121536|951.227722
2026-05-13|336|FFIV|354.540009|359.929993|349.730011|357.399994|652800|1.0000000000|357.399994
2026-05-13|337|SBAC|212.809998|213.350006|199.910004|207.660004|1417300|0.9871816268|204.998123
2026-05-13|338|LII|506.619995|509.940002|499.820007|507.500000|393200|0.9976091276|506.286652
2026-05-13|339|BLK|1086.540039|1098.109985|1076.420044|1094.099976|823200|0.9943964168|1087.969116
2026-05-13|340|TKO|182.960007|186.500000|182.000000|183.699997|885700|0.9961152636|182.986374
2026-05-13|341|AKAM|154.000000|165.449997|151.869995|161.139999|10932200|1.0000000000|161.139999
2026-05-13|342|UPS|98.279999|99.230003|98.010002|98.449997|5029800|0.9679890039|95.298515
2026-05-13|343|A|112.830002|114.730003|111.959999|112.739998|2328800|0.9980802530|112.523567
2026-05-13|344|TDY|635.359985|640.460022|623.500000|635.960022|259800|1.0000000000|635.960022
2026-05-13|345|PKG|222.679993|223.970001|217.940002|218.220001|589500|0.9934276825|216.785797
2026-05-13|346|EW|79.550003|81.730003|78.290001|81.389999|5338600|1.0000000000|81.389999
2026-05-13|347|MET|78.410004|78.830002|77.930000|78.080002|4316400|0.9938427991|77.599243
2026-05-13|348|ON|108.900002|115.989998|108.059998|115.709999|21549700|1.0000000000|115.709999
2026-05-13|349|ISRG|430.959991|438.779999|426.660004|432.269989|1996700|1.0000000000|432.269989
2026-05-13|350|CRL|167.039993|167.039993|160.080002|162.850006|735000|1.0000000000|162.850006
2026-05-13|351|MRVL|169.089996|182.309998|168.910004|177.949997|31862600|0.9997533605|177.906113
2026-05-13|352|EQIX|1074.910034|1085.939941|1060.900024|1077.280029|625800|0.9903463937|1066.880371
2026-05-13|353|TPR|132.070007|134.289993|130.380005|132.699997|4197100|0.9971524169|132.322113
2026-05-13|354|GRMN|236.470001|238.000000|231.589996|232.020004|914500|0.9955900883|230.996811
2026-05-13|355|GPN|67.989998|67.989998|66.129997|67.010002|3431100|0.9961797067|66.754005
2026-05-13|356|ALGN|165.419998|165.770004|160.880005|161.750000|636400|1.0000000000|161.750000
2026-05-13|357|WTW|248.130005|250.509995|240.630005|242.119995|1059400|0.9963732529|241.241882
2026-05-13|358|MDLZ|61.270000|61.919998|60.779999|61.520000|10031900|0.9916874483|61.008614
2026-05-13|359|AXON|389.230011|393.989990|367.010010|376.820007|1342100|1.0000000000|376.820007
2026-05-13|360|FIS|42.720001|42.720001|41.750000|42.599998|8246000|0.9887092639|42.119015
2026-05-13|361|ACN|167.520004|168.149994|155.820007|159.639999|13901900|0.9881186678|157.743256
2026-05-13|362|ZBH|82.260002|85.199997|81.739998|82.720001|2239200|0.9973498233|82.500778
2026-05-13|363|BG|127.379997|127.750000|124.500000|126.019997|1135500|0.9877945902|124.481873
2026-05-13|364|PFG|100.599998|100.849998|99.959999|100.419998|926400|0.9920864700|99.625320
2026-05-13|365|ELV|396.000000|401.130005|386.200012|399.640015|3160000|0.9959475060|398.020477
2026-05-13|366|CNC|59.320000|59.740002|58.029999|58.810001|6467800|1.0000000000|58.810001
2026-05-13|367|PRU|102.029999|103.389999|101.699997|102.379997|2191500|0.9752946989|99.850670
2026-05-13|368|NFLX|86.570000|88.620003|86.279999|87.559998|30823500|1.0000000000|87.559998
2026-05-13|369|NDAQ|88.879997|90.440002|87.980003|90.209999|2610600|0.9964261009|89.887596
2026-05-13|370|WYNN|97.239998|97.250000|94.550003|96.209999|1555100|0.9949442808|95.723587
2026-05-13|371|CME|285.450012|297.779999|284.619995|297.130005|3523300|0.9948418839|295.597382
2026-05-13|372|STX|827.500000|831.989990|795.010010|817.349976|2511700|0.9992874955|816.767578
2026-05-13|373|NRG|137.149994|137.990005|129.240005|131.080002|5065200|0.9964628787|130.616364
2026-05-13|374|AIZ|243.610001|245.240005|240.339996|242.610001|366600|0.9965805324|241.780411
2026-05-13|375|CBRE|142.800003|143.470001|139.389999|140.649994|1580300|1.0000000000|140.649994
2026-05-13|376|CRM|169.779999|169.779999|164.750000|165.839996|11951900|0.9974256962|165.413071
2026-05-13|377|DPZ|309.500000|312.829987|306.000000|308.480011|914600|0.9938557491|306.584625
2026-05-13|378|EXR|144.149994|144.210007|141.809998|142.410004|761000|0.9892430283|140.878098
2026-05-13|379|GOOG|381.904999|399.929993|381.579987|399.040009|18160100|0.9993985127|398.799988
2026-05-13|380|GOOGL|385.600006|403.700012|385.000000|402.619995|28144600|0.9994030337|402.379669
2026-05-13|381|DLR|194.929993|194.990005|190.639999|193.309998|2075600|0.9933767643|192.029663
2026-05-13|382|MPWR|1631.199951|1675.420044|1614.000000|1650.349976|626900|0.9984765039|1647.835693
2026-05-13|383|LVS|51.689999|51.970001|50.740002|51.320000|3651200|0.9936548222|50.994366
2026-05-13|384|DXCM|60.450001|61.360001|58.529999|58.570000|7032800|1.0000000000|58.570000
2026-05-13|385|BLDR|72.099998|72.620003|70.610001|72.320000|2779700|1.0000000000|72.320000
2026-05-13|386|WBD|27.150000|27.309999|27.090000|27.250000|21013000|1.0000000000|27.250000
2026-05-13|387|EXPE|219.279999|221.259995|214.509995|217.550003|1973800|0.9964448664|216.776581
2026-05-13|388|CF|129.250000|130.020004|125.080002|125.500000|3036000|0.9908287958|124.349014
2026-05-13|389|AMP|467.850006|471.940002|465.630005|469.179993|521400|0.9968855344|467.718750
2026-05-13|390|ICE|154.770004|155.619995|152.669998|154.800003|2097900|0.9962997224|154.227203
2026-05-13|391|PSKY|10.610000|10.650000|10.390000|10.470000|10685900|0.9952244509|10.420000
2026-05-13|392|LYV|165.619995|170.210007|163.929993|168.460007|2148100|1.0000000000|168.460007
2026-05-13|393|CMG|32.419998|32.599998|31.969999|32.110001|13237200|1.0000000000|32.110001
2026-05-13|394|UAL|95.410004|96.400002|93.760002|95.699997|3489800|1.0000000000|95.699997
2026-05-13|395|TDG|1182.579956|1204.439941|1167.829956|1201.400024|333200|1.0000000000|1201.400024
2026-05-13|396|MA|495.609985|498.600006|490.320007|490.640015|3322800|0.9983264725|489.818909
2026-05-13|397|LDOS|126.620003|127.739998|121.529999|124.169998|1589600|0.9964800263|123.732925
2026-05-13|398|FSLR|234.330002|240.839996|231.169998|234.600006|2629800|1.0000000000|234.600006
2026-05-13|399|BR|147.339996|147.960007|139.789993|143.929993|2264800|0.9932693636|142.961258
2026-05-13|400|SMCI|32.900002|33.009998|31.780001|32.000000|25441600|1.0000000000|32.000000
2026-05-13|401|TMUS|193.199997|195.779999|190.000000|190.279999|3584100|0.9946034600|188.167130
2026-05-13|402|DAL|70.489998|71.330002|70.120003|71.050003|4530500|0.9948974393|70.687469
2026-05-13|403|IBKR|83.879997|86.029999|83.099998|85.120003|3143900|0.9989881568|85.033875
2026-05-13|404|PODD|156.110001|159.350006|145.589996|148.839996|1990500|1.0000000000|148.839996
2026-05-13|405|TEL|216.940002|217.490005|207.509995|207.660004|4597200|0.9922749574|206.055817
2026-05-13|406|BX|121.599998|121.730003|118.500000|119.620003|4997300|0.9899021526|118.412094
2026-05-13|407|LULU|124.339996|124.599998|121.150002|121.209999|4234500|1.0000000000|121.209999
2026-05-13|408|ULTA|499.200012|500.000000|487.440002|492.149994|829300|1.0000000000|492.149994
2026-05-13|409|MSCI|576.000000|581.349976|554.510010|570.909973|690400|0.9928506457|566.828369
2026-05-13|410|ECHO|132.270004|137.470001|129.630005|133.229996|8129100|1.0000000000|133.229996
2026-05-13|411|PM|187.490005|189.639999|185.389999|187.910004|4887000|0.9917776037|186.364929
2026-05-13|412|V|323.790009|325.420013|319.799988|320.309998|7950400|0.9981456881|319.716034
2026-05-13|413|AWK|126.250000|127.669998|125.459999|127.370003|1670200|0.9933923956|126.528397
2026-05-13|414|KDP|29.129999|29.680000|29.000000|29.309999|8361100|0.9929274294|29.102703
2026-05-13|415|SW|40.730000|41.189999|40.375000|40.439999|3124900|0.9797713221|39.621952
2026-05-13|416|AVGO|415.809998|418.630005|404.799988|416.790009|16981200|0.9984198371|416.131409
2026-05-13|417|VRSK|164.949997|165.119995|158.750000|161.470001|1838800|0.9972796518|161.030746
2026-05-13|418|DG|102.190002|103.379997|100.809998|101.750000|4618200|0.9949256041|101.233681
2026-05-13|419|FTNT|113.209999|117.839996|112.709999|117.690002|5236600|1.0000000000|117.690002
2026-05-13|420|CHTR|146.419998|146.820007|141.770004|143.059998|3943900|1.0000000000|143.059998
2026-05-13|421|FERG|237.929993|237.929993|231.000000|233.619995|941900|0.9924610460|231.858749
2026-05-13|422|GNRC|273.359985|273.359985|263.720001|267.250000|602700|1.0000000000|267.250000
2026-05-13|423|LYB|75.029999|75.250000|73.589996|73.739998|4134000|0.9795355103|72.230942
2026-05-13|424|CBOE|354.649994|367.910004|352.809998|366.700012|894500|0.9979084359|365.933014
2026-05-13|425|TSLA|436.670013|453.399994|430.209991|445.269989|68283200|1.0000000000|445.269989
2026-05-13|426|KKR|98.480003|99.269997|96.900002|97.430000|4935800|0.9961485906|97.054764
2026-05-13|427|NXPI|300.019989|302.410004|293.239990|298.410004|3250400|0.9966193239|297.401184
2026-05-13|428|GM|76.220001|77.660004|75.449997|75.809998|8101600|0.9978370584|75.646027
2026-05-13|429|TRGP|256.500000|263.380005|252.179993|263.290009|1531400|0.9953417306|262.063538
2026-05-13|430|CPAY|334.880005|336.149994|324.079987|331.250000|557500|1.0000000000|331.250000
2026-05-13|431|KMI|32.509998|32.869999|32.180000|32.810001|8680000|0.9907395899|32.506168
2026-05-13|432|HCA|429.119995|432.170013|422.980011|427.540009|1597900|0.9979998461|426.684875
2026-05-13|433|HII|332.579987|334.959991|324.329987|334.220001|476800|0.9956995948|331.237976
2026-05-13|434|APO|131.110001|133.220001|129.000000|131.600006|2666000|0.9916121637|130.496170
2026-05-13|435|MPC|253.380005|254.940002|245.509995|249.089996|4157600|0.9934777159|247.465363
2026-05-13|436|XYL|111.279999|112.110001|108.970001|109.010002|1987300|0.9923180477|108.172600
2026-05-13|437|APTV|55.430000|56.480000|53.990002|54.209999|4280100|1.0000000000|54.209999
2026-05-13|438|PSX|176.160004|177.020004|170.839996|171.820007|3347000|0.9875507674|169.680984
2026-05-13|439|AMCR|39.310001|39.730000|39.060001|39.099998|3425400|0.9836148215|38.459339
2026-05-13|440|META|598.830017|619.900024|596.659973|616.630005|14634400|0.9990740414|616.059021
2026-05-13|441|NOW|88.580002|88.580002|86.010002|87.050003|22107000|1.0000000000|87.050003
2026-05-13|442|PANW|213.039993|228.850006|210.770004|227.789993|9337700|1.0000000000|227.789993
2026-05-13|443|FANG|198.000000|201.399994|196.490005|201.100006|1388900|0.9890830467|198.904602
2026-05-13|444|WDAY|115.559998|117.360001|112.550003|116.500000|5157400|1.0000000000|116.500000
2026-05-13|445|ABBV|206.860001|209.529999|204.300003|208.500000|5705700|0.9929324291|207.026413
2026-05-13|446|NCLH|15.920000|16.250000|15.710000|16.059999|20995300|1.0000000000|16.059999
2026-05-13|447|ZTS|76.680000|77.839996|74.290001|74.339996|13085600|0.9930773248|73.825363
2026-05-13|448|IQV|174.160004|176.259995|168.070007|172.380005|1516000|1.0000000000|172.380005
2026-05-13|449|NWS|30.260000|30.760000|30.260000|30.680000|1271300|1.0000000000|30.680000
2026-05-13|450|NWSA|26.420000|26.879999|26.420000|26.660000|3960300|1.0000000000|26.660000
2026-05-13|451|CDW|100.989998|102.250000|97.339996|100.400002|2589800|0.9893792048|99.333672
2026-05-13|452|VEEV|157.289993|158.919998|153.619995|155.729996|2154500|1.0000000000|155.729996
2026-05-13|453|ALLE|131.039993|133.149994|130.630005|130.639999|1205700|0.9958946033|130.103668
2026-05-13|454|HLT|312.880005|315.390015|308.760010|311.410004|1844600|0.9990803866|311.123627
2026-05-13|455|ARES|122.150002|124.790001|120.110001|123.180000|2765500|0.9900265958|121.951477
2026-05-13|456|ANET|144.800003|147.309998|140.300003|140.690002|14164600|1.0000000000|140.690002
2026-05-13|457|SYF|70.480003|70.709999|69.349998|69.809998|3288100|0.9957005565|69.509850
2026-05-13|458|CFG|61.790001|62.360001|60.349998|60.430000|3258000|0.9935492916|60.040184
2026-05-13|459|KEYS|368.029999|370.000000|359.375000|361.190002|1482100|1.0000000000|361.190002
2026-05-13|460|GDDY|84.730003|85.580002|81.080002|85.379997|2652300|1.0000000000|85.379997
2026-05-13|461|KHC|23.400000|23.715000|23.100000|23.180000|12116200|0.9821984863|22.767361
2026-05-13|462|PYPL|44.959999|45.740002|44.584999|45.230000|15923800|0.9967143863|45.081394
2026-05-13|463|LITE|1051.584961|1062.099976|998.200012|1030.369995|4398500|1.0000000000|1030.369995
2026-05-13|464|HPE|30.650000|32.529999|30.170000|32.070000|27523500|0.9970828234|31.976446
2026-05-13|465|XYZ|71.199997|71.389999|68.690002|69.779999|6467700|1.0000000000|69.779999
2026-05-13|466|FTV|60.150002|60.520000|59.049999|59.419998|2678200|0.9990168769|59.361580
2026-05-13|467|DELL|244.600006|247.000000|236.800003|243.869995|5008500|0.9983502671|243.467667
2026-05-13|468|TTD|20.895000|20.895000|19.830000|20.490000|18832000|1.0000000000|20.490000
2026-05-13|469|VST|146.279999|146.279999|139.509995|142.610001|6385400|0.9986015267|142.410568
2026-05-13|470|HWM|270.679993|276.670013|267.600006|273.100006|2442700|0.9995167748|272.968048
2026-05-13|471|INVH|28.299999|28.530001|28.135000|28.459999|4097700|0.9898785423|28.171942
2026-05-13|472|CVNA|73.300003|73.455002|69.000000|69.900002|12117100|1.0000000000|69.900002
2026-05-13|473|IR|73.139999|73.150002|70.970001|71.389999|5484500|0.9994839545|71.353165
2026-05-13|474|VICI|28.410000|28.500000|28.070999|28.209999|7215300|0.9834741092|27.743805
2026-05-13|475|VRT|375.700012|377.769989|360.910004|369.989990|4461000|0.9997919900|369.913025
2026-05-13|476|MRNA|52.852001|53.055000|49.990002|50.419998|7508300|1.0000000000|50.419998
2026-05-13|477|FOXA|66.349998|66.510002|65.544998|66.470001|3304400|1.0000000000|66.470001
2026-05-13|478|FOX|59.490002|59.799999|58.790001|59.470001|1039500|1.0000000000|59.470001
2026-05-13|479|DOW|40.009998|40.169998|38.810001|38.840000|8415300|0.9899338512|38.449032
2026-05-13|480|UBER|75.599998|76.050003|74.019997|74.699997|14055200|1.0000000000|74.699997
2026-05-13|481|CTVA|82.750000|83.419998|82.099998|83.349998|3076300|0.9977005620|83.158340
2026-05-13|482|CRWD|540.840027|568.369995|538.367981|562.570007|2800900|0.2500000000|140.642502
2026-05-13|483|DDOG|199.490005|205.438004|195.389999|205.309998|4578300|1.0000000000|205.309998
2026-05-13|484|CARR|65.849998|66.199997|65.000000|65.570000|3660800|0.9964168410|65.335052
2026-05-13|485|OTIS|73.500000|74.099998|72.510002|73.239998|3208900|0.9879889159|72.360306
2026-05-13|486|PLTR|134.005997|136.990005|128.750000|130.050003|55189400|1.0000000000|130.050003
2026-05-13|487|DASH|153.759995|154.259995|148.000000|149.070007|6118700|1.0000000000|149.070007
2026-05-13|488|ABNB|134.690002|134.929993|131.949997|132.970001|3440900|1.0000000000|132.970001
2026-05-13|489|EXE|96.430000|96.430000|94.629997|95.650002|2033500|0.9880522369|94.507202
2026-05-13|490|COIN|204.199997|204.199997|197.500000|201.800003|8370200|1.0000000000|201.800003
2026-05-13|491|APP|487.390015|487.390015|450.299988|453.529999|5615800|1.0000000000|453.529999
2026-05-13|492|HOOD|77.070000|77.620003|75.339996|76.750000|14805900|1.0000000000|76.750000
2026-05-13|493|CEG|289.200012|292.000000|268.980011|274.890015|6653700|0.9969162535|274.042297
2026-05-13|494|GEHC|61.680000|62.340000|61.009998|61.889999|4169700|0.9994353928|61.855053
2026-05-13|495|KVUE|17.240000|17.365000|17.110001|17.190001|31133000|0.9889763775|17.000504
2026-05-13|496|VLTO|86.040001|86.605003|85.110001|85.849998|2513300|0.9985280797|85.723633
2026-05-13|497|RDDT|152.000000|154.699997|148.500000|154.119995|4151100|1.0000000000|154.119995
2026-05-13|498|SOLV|74.629997|75.400002|74.010002|74.410004|2454800|1.0000000000|74.410004
2026-05-13|499|GEV|1084.650024|1085.000000|1047.300049|1062.569946|1588400|0.9994893113|1062.027344
2026-05-13|500|SNDK|1512.484985|1513.569946|1404.859985|1447.229980|11618700|1.0000000000|1447.229980
2026-05-13|501|Q|170.720001|171.520004|160.220001|162.020004|2660600|0.9994967288|161.938477
