date|security_id|ticker|open|high|low|close|volume|adj_factor|adj_close_vendor
2026-05-29|1|AEP|127.639999|127.889999|126.139999|126.669998|5664300|0.9924441265|125.712891
2026-05-29|2|BA|228.440002|232.300003|226.250000|231.149994|6938100|1.0000000000|231.149994
2026-05-29|3|CAT|886.690002|890.809998|866.190002|875.869995|5195400|0.9981483165|874.248169
2026-05-29|4|CNP|42.240002|42.509998|42.070000|42.259998|8718400|0.9940594062|42.008949
2026-05-29|5|CVX|182.720001|182.970001|180.399994|182.460007|13886500|0.9913483039|180.881424
2026-05-29|6|DIS|103.629997|103.760002|101.830002|101.830002|13340300|0.9923958226|101.055672
2026-05-29|7|DTE|143.509995|143.770004|142.300003|142.869995|1309200|0.9921049063|141.742020
2026-05-29|8|ED|106.360001|107.250000|105.080002|105.629997|8332600|0.9918651523|104.770714
2026-05-29|9|GD|348.559998|349.519989|345.450012|346.820007|1245300|0.9956181446|345.300293
2026-05-29|10|GE|319.329987|325.920013|316.579987|323.760010|9345400|0.9987550328|323.356934
2026-05-29|11|HON|232.999996|239.940005|231.839998|237.860000|5490700|1.0456302247|248.713608
2026-05-29|12|HPQ|26.700001|28.170000|26.500000|27.040001|59025700|0.9879711310|26.714741
2026-05-29|13|IBM|277.299988|301.000000|273.329987|297.799988|28481000|0.9928776129|295.678925
2026-05-29|14|IP|32.939999|33.830002|32.669998|33.470001|8823900|0.9887402721|33.093140
2026-05-29|15|JNJ|231.229996|231.500000|224.589996|225.330002|13897700|0.9950922943|224.224136
2026-05-29|16|KO|80.040001|80.330002|78.910004|79.010002|32477000|0.9935850886|78.503159
2026-05-29|17|KR|63.520000|63.730000|61.730000|62.150002|12760900|0.9931853922|61.726475
2026-05-29|18|LMT|536.239990|537.250000|527.950012|530.450012|2246900|0.9934960884|527.000000
2026-05-29|19|MMM|152.500000|154.419998|151.779999|153.130005|7901700|0.9956414843|152.462585
2026-05-29|20|MO|71.199997|71.430000|69.449997|69.580002|13116100|0.9852654995|68.554771
2026-05-29|21|MRK|119.650002|120.669998|118.190002|118.720001|16596000|0.9928601430|117.872360
2026-05-29|22|MSI|409.720001|411.399994|401.850006|403.279999|2105500|0.9970118292|402.074921
2026-05-29|23|PG|145.520004|145.639999|143.199997|143.559998|12355800|0.9925903246|142.496262
2026-05-29|24|XOM|146.190002|146.929993|144.710007|145.259995|27959900|0.9935665212|144.325470
2026-05-29|25|RTX|178.910004|180.100006|176.039993|179.660004|8754400|0.9966890420|179.065155
2026-05-29|26|MCD|277.779999|281.420013|277.420013|279.200012|4901300|0.9932635540|277.319183
2026-05-29|27|AXP|315.570007|319.239990|312.589996|316.470001|4530400|0.9972701149|315.606079
2026-05-29|28|BMY|57.000000|57.330002|56.540001|57.180000|27566000|0.9888377035|56.541740
2026-05-29|29|DD|47.470001|48.659999|47.419998|48.419998|6374100|3.0000000000|145.259995
2026-05-29|30|DE|536.270020|546.979980|535.000000|542.179993|2271300|0.9974147424|540.778320
2026-05-29|31|EMR|142.250000|145.570007|141.389999|143.820007|3868300|0.9966201816|143.333923
2026-05-29|32|ETN|402.390015|404.279999|397.500000|400.600006|3321300|0.9975456838|399.616791
2026-05-29|33|ETR|109.690002|110.080002|108.339996|109.050003|4983900|0.9940658321|108.402878
2026-05-29|34|F|16.879999|17.780001|16.820000|17.440001|154228200|0.9892857143|17.253143
2026-05-29|35|HAL|39.259998|39.320000|38.560001|38.849998|20831900|0.9957637679|38.685421
2026-05-29|36|LLY|1127.000000|1132.660034|1089.010010|1105.000000|4600800|0.9985690653|1103.418823
2026-05-29|37|PCG|16.309999|16.379999|16.100000|16.340000|24753800|0.9970997679|16.292610
2026-05-29|38|PEP|145.139999|146.770004|143.550003|144.190002|12776400|0.9895884624|142.688766
2026-05-29|39|PFE|26.190001|26.240000|25.930000|26.180000|48284200|0.9828068774|25.729883
2026-05-29|40|TXN|316.480011|319.000000|303.769989|305.679993|16785100|0.9949060125|304.122864
2026-05-29|41|WFC|76.620003|77.750000|76.339996|77.540001|22322900|0.9942915856|77.097374
2026-05-29|42|HUBB|473.799988|477.130005|464.440002|473.609985|774052|1.0000000000|473.609985
2026-05-29|43|WMT|118.110001|119.080002|114.709999|115.750000|42191000|0.9976117102|115.473557
2026-05-29|44|AIG|74.529999|75.690002|73.980003|74.230003|5254800|0.9933984683|73.739975
2026-05-29|45|AVY|160.639999|161.490005|158.970001|159.070007|1074000|0.9936321953|158.057083
2026-05-29|46|BAC|50.970001|51.799999|50.610001|51.599998|57930600|0.9948310871|51.333282
2026-05-29|47|BALL|55.930000|56.119999|54.470001|54.669998|8187700|0.9963416864|54.469997
2026-05-29|48|BDX|148.259995|149.229996|146.639999|147.119995|3728400|0.9929995336|146.090088
2026-05-29|49|CLX|93.660004|94.239998|89.910004|90.019997|4737700|0.9884526559|88.980507
2026-05-29|50|CMI|665.869995|672.950012|646.200012|646.630005|1473200|0.9962915514|644.232056
2026-05-29|51|CMS|73.589996|73.589996|72.169998|72.570000|5780300|0.9919943817|71.989029
2026-05-29|52|CVS|92.669998|93.580002|90.570000|90.980003|9729500|0.9938471504|90.420212
2026-05-29|53|ECL|260.170013|260.920013|255.630005|256.000000|2939800|0.9972820015|255.304199
2026-05-29|54|ES|69.190002|69.300003|68.050003|68.269997|6117700|1.0000000000|68.269997
2026-05-29|55|EVRG|82.660004|82.889999|81.739998|82.040001|2489200|0.9917192899|81.360649
2026-05-29|56|GWW|1239.479980|1244.780029|1233.619995|1234.239990|461100|0.9980509570|1231.834351
2026-05-29|57|LNT|72.169998|72.279999|71.389999|71.610001|3001700|0.9924530963|71.069565
2026-05-29|58|MKC|47.520000|48.450001|46.369999|47.369999|8294200|0.9910196447|46.944599
2026-05-29|59|MRSH|158.809998|160.820007|157.740005|159.970001|5898700|0.9943746806|159.070114
2026-05-29|60|NEE|87.019997|87.209999|85.690002|87.010002|25347000|0.9927287582|85.732635
2026-05-29|61|NI|46.700001|46.880001|46.080002|46.220001|4476400|0.9933436876|45.912346
2026-05-29|62|PNW|100.820000|101.309998|99.599998|99.739998|1097200|0.9909892067|98.841263
2026-05-29|63|RVTY|101.000000|105.040001|100.139999|104.550003|2338300|0.9993733214|104.484482
2026-05-29|64|SNA|373.350006|374.690002|371.000000|371.209991|539000|0.9938338681|368.921051
2026-05-29|65|SPGI|415.200006|428.459989|415.170007|423.999996|3294600|0.9439543647|400.236633
2026-05-29|66|TER|385.160004|386.970001|368.100006|374.309998|4129200|1.0000000000|374.309998
2026-05-29|67|TGT|127.410004|127.879997|125.269997|127.070000|6455200|0.9923829532|126.102097
2026-05-29|68|TXT|91.519997|92.239998|90.669998|91.760002|2139800|0.9997866667|91.740425
2026-05-29|69|VMC|276.959991|287.420013|276.959991|282.920013|2057200|0.9981453742|282.395325
2026-05-29|70|XEL|79.169998|80.599998|78.430000|79.500000|14308500|0.9925145167|78.904900
2026-05-29|71|ITW|248.669998|249.210007|246.949997|247.279999|2995500|0.9939806334|245.791534
2026-05-29|72|CL|91.209999|91.470001|89.440002|90.129997|6671500|0.9942998496|89.616241
2026-05-29|73|EXC|45.610001|45.820000|45.320000|45.639999|16419400|0.9906832302|45.214783
2026-05-29|74|MDT|75.849998|75.849998|73.669998|73.809998|22243500|0.9910581218|73.149994
2026-05-29|75|BNY|141.119995|141.190002|138.880005|139.429993|6552500|0.9960354919|138.877228
2026-05-29|76|EIX|70.529999|70.540001|68.930000|69.940002|5071400|0.9882683051|69.119492
2026-05-29|77|FRT|121.839996|121.839996|119.360001|119.629997|1768200|0.9908457552|118.534874
2026-05-29|78|PNR|71.550003|72.349998|70.769997|70.839996|6229500|0.9956500725|70.531845
2026-05-29|79|USB|54.419998|54.930000|54.090000|54.849998|13124600|0.9915143601|54.384563
2026-05-29|80|WY|24.450001|24.660000|24.340000|24.510000|10335600|0.9914979760|24.301617
2026-05-29|81|SYY|75.709999|76.070000|75.180000|75.809998|5236200|0.9934155392|75.310829
2026-05-29|82|WRB|64.000000|64.620003|63.349998|63.540001|7647800|0.9910634494|62.972176
2026-05-29|83|IFF|80.400002|81.169998|75.790001|76.050003|5549600|0.9947403026|75.650002
2026-05-29|84|TAP|40.020000|40.349998|39.389999|39.529999|4112600|1.0000000000|39.074543
2026-05-29|85|PNC|219.350006|221.660004|218.350006|221.119995|2930300|0.9920904849|219.371033
2026-05-29|86|TRV|293.850006|295.600006|290.820007|291.890015|2712100|0.9958368027|290.674805
2026-05-29|87|C|124.650002|126.849998|123.519997|125.900002|17325700|0.9949414872|125.263130
2026-05-29|88|FDX|411.430016|413.870016|409.119994|411.749999|2198800|0.8027880446|330.547974
2026-05-29|89|WDC|542.299988|544.260010|518.679993|531.210022|8383500|0.9997393571|531.071533
2026-05-29|90|DHR|181.059998|184.330002|179.270004|182.669998|6993100|0.9979297139|182.291809
2026-05-29|91|APA|36.160000|36.480000|35.759998|36.430000|6197100|0.9930109031|36.175388
2026-05-29|92|LUV|43.279999|44.119999|42.939999|42.950001|5811200|0.9956521741|42.763264
2026-05-29|93|PEG|79.110001|79.430000|78.160004|78.650002|4909300|0.9913815279|77.972160
2026-05-29|94|UNP|264.290009|269.010010|259.510010|262.640015|6342500|1.0000000000|262.640015
2026-05-29|95|ABT|86.650002|86.730003|85.279999|85.599998|21143600|0.9929181654|84.993797
2026-05-29|96|ADI|423.450012|423.450012|408.170013|413.850006|5507900|0.9972683702|412.719513
2026-05-29|97|ADM|79.910004|80.790001|79.540001|79.779999|5862500|0.9936931471|79.276840
2026-05-29|98|ADP|218.089996|224.160004|218.009995|221.839996|3377700|0.9924702132|220.169586
2026-05-29|99|AFL|112.540001|113.800003|111.910004|112.419998|6986400|0.9949889100|111.856651
2026-05-29|100|AMAT|452.769989|460.459991|445.700012|450.059998|8546800|0.9989318178|449.579254
2026-05-29|101|AMD|520.799988|522.000000|503.429993|516.099976|30803200|1.0000000000|516.099976
2026-05-29|102|APD|282.130005|284.380005|277.980011|278.619995|2030500|0.9938263181|276.899902
2026-05-29|103|BF-B|25.570000|26.049999|25.559999|25.719999|2757500|0.9913580245|25.497728
2026-05-29|104|CHD|97.320000|98.010002|95.580002|95.629997|3334300|0.9969601263|95.339294
2026-05-29|105|CINF|159.169998|160.050003|157.139999|157.419998|835900|0.9945494610|156.561966
2026-05-29|106|CMCSA|25.049999|25.049999|24.780001|24.870001|50671300|0.9865580444|24.535698
2026-05-29|107|D|66.750000|67.110001|65.830002|66.940002|15741500|1.0000000000|66.940002
2026-05-29|108|DOV|211.990005|213.270004|209.869995|211.360001|1303100|1.0000000000|211.360001
2026-05-29|109|DUK|123.959999|124.419998|122.290001|122.730003|3903100|0.9912844404|121.660339
2026-05-29|110|EFX|163.210007|168.309998|161.509995|165.789993|1732600|1.0000000000|165.789993
2026-05-29|111|EQT|55.490002|55.540001|54.529999|54.930000|10645400|0.9968732234|54.758244
2026-05-29|112|FITB|49.790001|50.139999|49.630001|49.930000|16265300|0.9929552658|49.578259
2026-05-29|113|GIS|33.570000|34.360001|33.369999|33.810001|16519100|0.9829846576|33.234715
2026-05-29|114|GPC|98.940002|99.470001|97.889999|98.699997|2427200|0.9892223458|97.636246
2026-05-29|115|HAS|86.000000|87.139999|85.830002|86.169998|2002800|0.9844894224|84.833450
2026-05-29|116|HBAN|16.059999|16.360001|16.000000|16.360001|40558400|0.9910508082|16.213591
2026-05-29|117|HRL|23.370001|23.870001|23.180000|23.230000|38918100|0.9881520418|22.954771
2026-05-29|118|HST|23.100000|23.379999|22.860001|22.980000|8806200|0.9630818621|22.131620
2026-05-29|119|HSY|195.330002|196.330002|193.009995|194.029999|2836900|0.9921985814|192.516296
2026-05-29|120|INTC|123.849998|126.639999|113.540001|114.680000|191676100|1.0000000000|114.680000
2026-05-29|121|J|117.410004|122.449997|117.410004|119.860001|2336300|0.9975665811|119.568329
2026-05-29|122|JPM|296.399994|299.880005|295.200012|299.309998|13969000|0.9955152929|297.967682
2026-05-29|123|KMB|100.250000|100.540001|97.139999|97.599998|8724900|0.9864507253|96.277588
2026-05-29|124|L|104.480003|105.230003|103.470001|103.550003|2566600|0.9994397510|103.491989
2026-05-29|125|LEN|90.199997|91.360001|89.459999|89.779999|3153800|0.9940723176|89.247810
2026-05-29|126|LOW|217.029999|219.070007|214.149994|214.360001|3623300|0.9938577955|213.043365
2026-05-29|127|MAS|70.430000|71.540001|70.110001|70.250000|2860900|0.9956337837|69.943275
2026-05-29|128|MTB|214.500000|216.330002|214.000000|216.110001|1668300|0.9930590903|214.610001
2026-05-29|129|NEM|108.000000|111.930000|107.419998|109.809998|14672900|1.0000000000|109.809998
2026-05-29|130|NTRS|167.889999|168.179993|164.110001|165.449997|3008000|0.9953773257|164.685165
2026-05-29|131|NUE|249.100006|251.389999|247.500000|250.000000|3387900|0.9975500919|249.387512
2026-05-29|132|OMC|73.160004|73.690002|72.510002|72.709999|6991700|0.9894221866|71.940887
2026-05-29|133|PCAR|110.160004|112.209999|110.160004|110.370003|3645300|0.9973590885|110.078529
2026-05-29|134|PGR|194.440002|194.929993|189.199997|190.399994|6597000|0.9995561474|190.315475
2026-05-29|135|PH|848.200012|856.840027|843.919983|844.630005|1021200|1.0000000000|844.630005
2026-05-29|136|PHM|117.300003|119.580002|117.000000|118.180000|2391900|0.9978834255|117.929863
2026-05-29|137|PPG|112.639999|114.059998|111.839996|112.980003|2616900|0.9938189109|112.281670
2026-05-29|138|PPL|35.299999|35.490002|35.090000|35.389999|10931500|0.9920279720|35.107872
2026-05-29|139|RF|27.900000|28.120001|27.660000|28.000000|13652800|0.9905357143|27.735001
2026-05-29|140|ROL|48.500000|48.639999|46.849998|47.599998|11454400|0.9951510336|47.369186
2026-05-29|141|SHW|305.420013|309.149994|303.529999|303.839996|2569600|0.9976939264|303.139313
2026-05-29|142|STT|157.630005|158.720001|154.960007|155.639999|3771900|0.9950471700|154.869141
2026-05-29|143|SWK|78.900002|80.180000|77.889999|79.419998|1367700|0.9894240575|78.580055
2026-05-29|144|SYK|307.500000|309.079987|304.000000|305.089996|6064600|0.9973375287|304.277710
2026-05-29|145|TMO|482.170013|499.000000|481.029999|492.510010|4184100|0.9989985938|492.016815
2026-05-29|146|TPL|395.000000|400.160004|391.450012|393.000000|1342900|0.9984732824|392.399994
2026-05-29|147|TSN|61.799999|62.400002|60.849998|61.020000|4347500|0.9916420846|60.509998
2026-05-29|148|TT|452.769989|458.549988|451.220001|451.299988|2649200|0.9977358979|450.278198
2026-05-29|149|TYL|305.619995|313.260010|302.470001|313.149994|1217400|1.0000000000|313.149994
2026-05-29|150|UDR|37.689999|37.779999|36.820000|36.900002|31319400|0.9926177659|36.627598
2026-05-29|151|VTRS|16.059999|16.299999|15.900000|16.260000|16927600|0.9925558317|16.138958
2026-05-29|152|WEC|112.260002|112.410004|110.820000|111.050003|2861400|0.9913583604|110.090347
2026-05-29|153|WST|323.970001|324.350006|319.059998|322.809998|1307900|0.9993471810|322.599274
2026-05-29|154|NDSN|289.399994|289.399994|286.410004|287.329987|543900|0.9971745572|286.518158
2026-05-29|155|TFC|47.750000|48.220001|47.209999|48.209999|13589800|0.9901868280|47.736904
2026-05-29|156|WELL|209.990005|210.869995|205.330002|205.330002|10334500|0.9962391044|204.557785
2026-05-29|157|AON|317.769989|317.829987|314.540009|316.059998|2856900|0.9977256968|315.341187
2026-05-29|158|GL|153.449997|155.699997|152.910004|153.240005|584800|0.9981716439|152.959824
2026-05-29|159|OKE|86.000000|87.000000|83.570000|83.940002|8262900|0.9882171564|82.950951
2026-05-29|160|KLAC|1929.900055|1975.000000|1911.459961|1921.710052|1145700|0.0998870999|191.954056
2026-05-29|161|CSX|45.500000|45.919998|44.910000|45.259998|26469300|1.0000000000|45.259998
2026-05-29|162|PSA|307.130005|308.250000|303.690002|303.690002|1493600|0.9907958521|300.894806
2026-05-29|163|NKE|47.110001|47.200001|46.080002|46.230000|38949100|0.9911312999|45.820000
2026-05-29|164|AAPL|311.779999|315.000000|309.529999|312.059998|70026800|0.9991382887|311.791107
2026-05-29|165|BRO|56.599998|57.240002|55.990002|56.250000|3709100|0.9976903696|56.120083
2026-05-29|166|UHS|150.779999|152.070007|145.610001|146.110001|4855900|0.9986223049|145.908707
2026-05-29|167|HD|320.480011|322.100006|317.000000|317.140015|6963300|0.9925551970|314.778961
2026-05-29|168|BAX|19.059999|19.180000|18.770000|18.780001|8486400|1.0000000000|18.772758
2026-05-29|169|COP|114.120003|114.550003|112.639999|113.980003|12401400|0.9933743492|113.224808
2026-05-29|170|GLW|184.080002|184.080002|174.500000|181.160004|16945700|1.0000000000|181.160004
2026-05-29|171|HUM|309.130005|309.239990|303.010010|305.420013|1575200|0.9976462766|304.701141
2026-05-29|172|LHX|314.600006|315.290009|308.739990|315.179993|1759700|0.9959648783|313.908203
2026-05-29|173|NOC|561.309998|563.929993|551.030029|563.679993|1975500|0.9956180811|561.210022
2026-05-29|174|OXY|57.049999|57.049999|56.029999|56.630001|14395100|0.9954022988|56.369633
2026-05-29|175|ROK|455.359985|457.980011|451.059998|451.059998|1110200|0.9969290339|449.674805
2026-05-29|176|SLB|54.810001|55.169998|54.360001|54.549999|31216600|0.9947843000|54.265484
2026-05-29|177|SO|92.500000|92.599998|91.349998|92.050003|9749100|0.9918103451|91.296143
2026-05-29|178|WMB|72.980003|72.980003|71.209999|71.389999|11256700|0.9926696456|70.866684
2026-05-29|179|VLO|245.009995|246.330002|242.199997|244.820007|3995800|0.9961502678|243.877518
2026-05-29|180|CI|284.200012|287.309998|276.140015|277.399994|2400100|0.9942378017|275.801544
2026-05-29|181|NSC|306.000000|312.619995|301.529999|304.959991|1608900|0.9960579337|303.757812
2026-05-29|182|COO|60.830002|61.860001|60.500000|61.209999|5714700|1.0000000000|61.209999
2026-05-29|183|AMGN|336.220001|337.510010|333.059998|336.790009|2953800|0.9941899340|334.833221
2026-05-29|184|RJF|141.779999|144.800003|141.720001|143.410004|2484500|0.9964480694|142.900620
2026-05-29|185|WSM|205.770004|208.360001|203.460007|203.570007|1717700|0.9966722130|202.892563
2026-05-29|186|CAH|201.350006|201.509995|196.199997|196.800003|3132500|0.9978279171|196.372528
2026-05-29|187|CTAS|171.600006|173.000000|170.320007|171.259995|4257500|0.9974090682|170.816269
2026-05-29|188|PAYX|95.510002|98.010002|95.190002|96.980003|5719700|0.9896951856|95.980644
2026-05-29|189|BEN|31.110001|31.430000|30.950001|31.020000|4289400|0.9900632337|30.711763
2026-05-29|190|AOS|57.299999|57.540001|56.660000|56.720001|1741900|0.9939809398|56.378601
2026-05-29|191|CASY|777.539978|784.289978|754.090027|767.140015|1061400|0.9992507205|766.565186
2026-05-29|192|T|24.860001|24.870001|24.559999|24.799999|88295100|0.9867870728|24.472319
2026-05-29|193|VZ|48.060001|48.160000|47.340000|47.810001|40404700|0.9832386370|47.008640
2026-05-29|194|JBHT|270.399994|277.850006|270.279999|276.429993|1624000|0.9983161833|275.964539
2026-05-29|195|ATO|172.440002|172.940002|168.119995|169.130005|6473400|0.9940065930|168.116333
2026-05-29|196|LRCX|322.000000|324.250000|316.809998|318.179993|10872200|0.9992960416|317.956024
2026-05-29|197|MU|957.000000|981.000000|940.510010|971.000000|60498600|0.9998462422|970.850708
2026-05-29|198|AJG|201.880005|203.729996|200.300003|201.110001|1788100|0.9966824645|200.442810
2026-05-29|199|AME|225.009995|227.300003|223.139999|225.850006|2103100|0.9985029940|225.511902
2026-05-29|200|SWKS|82.430000|83.709999|77.610001|77.849998|5407000|1.0000000000|77.849998
2026-05-29|201|EXPD|158.699997|160.279999|157.600006|157.990005|2131600|0.9948730934|157.180008
2026-05-29|202|UNH|383.779999|385.119995|375.450012|380.309998|10257900|0.9943209633|378.150208
2026-05-29|203|BBY|74.000000|78.199997|72.190002|77.949997|10245900|0.9868673048|76.926300
2026-05-29|204|DOC|19.420000|19.430000|18.940001|19.150000|61925800|0.9857012064|18.876177
2026-05-29|205|ADSK|225.559998|233.839996|217.000000|231.309998|7642000|1.0000000000|231.309998
2026-05-29|206|DVN|44.060001|44.720001|43.630001|44.490002|21801400|0.9929375416|44.175793
2026-05-29|207|NVR|6172.669922|6216.149902|6078.600098|6104.799805|55000|1.0000000000|6104.799805
2026-05-29|208|ROST|226.649994|233.820007|226.639999|231.729996|11295700|0.9980432679|231.276550
2026-05-29|209|JKHY|136.220001|137.910004|135.169998|136.320007|8161000|0.9955252350|135.710007
2026-05-29|210|MNST|87.989998|89.099998|87.419998|88.080002|9465600|0.5000000000|88.080002
2026-05-29|211|ORCL|209.000000|226.289993|208.009995|225.779999|41082200|0.9965330745|224.997238
2026-05-29|212|MSFT|432.549988|450.329987|432.359985|450.239990|79654400|0.9981210382|449.394012
2026-05-29|213|TROW|103.309998|105.949997|103.260002|104.529999|4242700|0.9881430134|103.290588
2026-05-29|214|COST|986.570007|998.820007|945.450012|956.320007|7028000|0.9984126298|954.801941
2026-05-29|215|ADBE|245.229996|260.630005|244.660004|259.209991|10808900|1.0000000000|259.209991
2026-05-29|216|FISV|55.639999|57.330002|55.400002|56.560001|11857700|1.0000000000|56.560001
2026-05-29|217|BKR|64.430000|65.110001|63.779999|63.880001|14363600|0.9963346614|63.645859
2026-05-29|218|CDNS|375.000000|378.040009|372.279999|374.929993|3184200|1.0000000000|374.929993
2026-05-29|219|TJX|155.149994|156.520004|154.259995|154.750000|12110000|0.9968547277|154.263275
2026-05-29|220|FICO|1289.880005|1299.989990|1248.510010|1250.589966|344000|1.0000000000|1250.589966
2026-05-29|221|CCL|28.080000|28.400000|27.760000|28.059999|36961200|0.9947898578|27.913803
2026-05-29|222|FAST|44.660000|44.930000|44.150002|44.200001|8249700|0.9945424013|43.958775
2026-05-29|223|SCHW|86.000000|87.480003|85.930000|87.349998|20459400|0.9970924949|87.096024
2026-05-29|224|JCI|135.899994|137.679993|133.979996|134.059998|5301300|0.9972406182|133.690079
2026-05-29|225|COHR|375.649994|378.269989|343.510010|361.470001|11073100|1.0000000000|361.470001
2026-05-29|226|KEY|21.290001|21.459999|21.170000|21.330000|19863200|0.9901913874|21.120783
2026-05-29|227|MOS|23.900000|24.500000|23.580000|23.900000|8901000|1.0000000000|23.900000
2026-05-29|228|MGM|43.000000|44.279999|42.720001|43.669998|6897300|1.0000000000|43.669998
2026-05-29|229|WM|213.679993|214.600006|211.259995|211.460007|3933300|0.9956851284|210.547577
2026-05-29|230|TECH|50.610001|52.130001|50.419998|51.680000|2928100|0.9988938053|51.622833
2026-05-29|231|IEX|209.009995|212.979996|206.970001|210.830002|1013700|0.9967384506|210.142365
2026-05-29|232|GEN|24.600000|25.860001|24.440001|25.790001|13661200|0.9956109550|25.676807
2026-05-29|233|CRH|108.000000|111.110001|107.930000|108.790001|7441300|0.9960081882|108.355736
2026-05-29|234|EOG|132.740005|134.410004|132.149994|133.380005|7668400|0.9926332518|132.397430
2026-05-29|235|PTC|138.580002|139.699997|133.399994|138.729996|3071300|1.0000000000|138.729996
2026-05-29|236|CSCO|117.820000|121.430000|117.010002|120.419998|42179300|0.9962729613|119.971191
2026-05-29|237|LH|262.619995|263.730011|259.510010|260.059998|930400|1.0000000000|259.503632
2026-05-29|238|TRMB|54.820000|56.860001|54.160000|56.410000|6189700|1.0000000000|56.410000
2026-05-29|239|AZO|2989.139893|3007.000000|2931.649902|2935.189941|494300|1.0000000000|2935.189941
2026-05-29|240|REGN|620.109985|624.469971|609.770020|614.780029|2187500|0.9988336456|614.062988
2026-05-29|241|IDXX|567.409973|573.500000|562.890015|563.530029|1417100|1.0000000000|563.530029
2026-05-29|242|AES|14.700000|14.700000|14.670000|14.670000|8421900|0.9881481485|14.496134
2026-05-29|243|VRTX|448.010010|450.000000|442.250000|447.540009|1893400|1.0000000000|447.540009
2026-05-29|244|ZBRA|245.740005|248.479996|241.309998|243.630005|4608800|1.0000000000|243.630005
2026-05-29|245|BIIB|195.550003|198.460007|195.110001|196.000000|1905400|1.0000000000|196.000000
2026-05-29|246|ODFL|219.250000|226.119995|216.699997|225.149994|3702700|0.9987340667|224.864960
2026-05-29|247|APH|148.940002|151.619995|146.000000|148.759995|13697400|0.9984936130|148.535904
2026-05-29|248|KIM|24.129999|24.270000|24.010000|24.080000|7282500|0.9891711788|23.819242
2026-05-29|249|QCOM|250.190002|259.920013|247.509995|251.020004|28781800|0.9963201471|250.096283
2026-05-29|250|GILD|135.130005|137.199997|133.550003|134.429993|17509800|0.9934708175|133.552277
2026-05-29|251|ROP|318.570007|326.459991|316.850006|325.529999|1381500|0.9974983506|324.715637
2026-05-29|252|SNPS|480.670013|484.500000|469.369995|475.619995|3357500|1.0000000000|475.619995
2026-05-29|253|STZ|141.000000|141.250000|138.529999|138.820007|2455600|0.9921821632|137.734726
2026-05-29|254|BSX|48.720001|49.299999|48.130001|48.310001|37280100|1.0000000000|48.310001
2026-05-29|255|STE|215.160004|215.160004|210.990005|212.729996|1087500|0.9970332000|212.098862
2026-05-29|256|DHI|147.619995|149.630005|145.940002|147.089996|5920900|0.9970287223|146.652954
2026-05-29|257|LIN|500.000000|502.529999|495.329987|497.690002|4481400|0.9968477255|496.121155
2026-05-29|258|SBUX|100.500000|100.910004|98.580002|99.160004|8206600|0.9942883465|98.593636
2026-05-29|259|MS|204.000000|208.080002|203.720001|208.000000|8255500|0.9945253736|206.861282
2026-05-29|260|INTU|317.029999|332.519989|315.000000|331.529999|8922600|0.9955898568|330.067902
2026-05-29|261|MCHP|96.680000|97.989998|93.989998|94.650002|11366400|0.9940194534|94.083939
2026-05-29|262|CB|315.779999|316.480011|310.679993|311.730011|3970200|0.9968895800|310.760406
2026-05-29|263|ORLY|88.250000|89.169998|86.419998|86.879997|11502900|1.0000000000|86.879997
2026-05-29|264|RCL|283.019989|288.200012|280.010010|284.630005|4233800|0.9948418155|283.161835
2026-05-29|265|JBL|368.309998|369.989990|359.399994|364.559998|1968100|0.9997839939|364.481262
2026-05-29|266|ALL|207.399994|208.179993|204.809998|206.089996|2863300|0.9947595710|205.009995
2026-05-29|267|CPT|107.599998|107.900002|106.029999|106.559998|1696400|0.9909199930|105.592430
2026-05-29|268|VMRK|65.860001|65.860001|64.760002|65.449997|8077900|0.9897192157|64.777122
2026-05-29|269|IT|162.110001|166.259995|159.160004|162.199997|8702100|1.0000000000|162.199997
2026-05-29|270|DECK|114.790001|115.250000|113.120003|113.849998|2850500|1.0000000000|113.849998
2026-05-29|271|REG|77.970001|78.349998|77.120003|77.349998|3094900|0.9906432027|76.626251
2026-05-29|272|INCY|97.750000|98.000000|96.230003|96.739998|2903000|1.0000000000|96.739998
2026-05-29|273|SPG|206.449997|206.990005|203.889999|204.910004|3950300|0.9891482587|202.686371
2026-05-29|274|MAA|130.229996|130.550003|128.059998|129.070007|1652100|0.9885547570|127.592773
2026-05-29|275|MLM|574.700012|592.219971|574.700012|581.640015|1216500|0.9985730005|580.809998
2026-05-29|276|TSCO|30.900000|31.670000|30.559999|31.530001|17956900|0.9931389364|31.313671
2026-05-29|277|ALB|177.139999|180.000000|173.509995|176.419998|2542100|0.9974537910|175.970795
2026-05-29|278|CPRT|33.119999|33.549999|32.730000|32.770000|16921100|1.0000000000|32.770000
2026-05-29|279|FLEX|146.520004|154.250000|146.050003|150.779999|11420200|1.0000000000|150.779999
2026-05-29|280|ESS|275.890015|278.119995|271.760010|272.640015|739900|0.9912479300|270.253845
2026-05-29|281|O|61.599998|61.599998|60.610001|61.279999|14701400|0.9915131085|60.759922
2026-05-29|282|MCO|448.910004|459.239990|448.410004|453.250000|2126900|0.9978911593|452.294189
2026-05-29|283|SJM|104.559998|104.809998|103.160004|103.199997|1477600|0.9907154105|102.241821
2026-05-29|284|MCK|760.039978|761.989990|738.090027|742.440002|1938600|0.9988955336|741.619995
2026-05-29|285|COF|186.779999|190.080002|185.850006|187.929993|8540200|0.9964810416|187.268677
2026-05-29|286|EME|850.109985|854.200012|820.109985|826.820007|685700|0.9994836978|826.393127
2026-05-29|287|DLTR|111.010002|116.879997|110.040001|116.440002|7395800|1.0000000000|116.440002
2026-05-29|288|COR|270.420013|272.269989|266.250000|269.359985|3105100|0.9980645786|268.838654
2026-05-29|289|DRI|203.520004|208.360001|202.089996|203.910004|1448300|0.9919770205|202.274048
2026-05-29|290|RMD|203.750000|205.089996|190.380005|190.570007|3527900|0.9971385215|190.024689
2026-05-29|291|WAB|260.149994|262.940002|258.970001|261.160004|1674400|0.9989689007|260.890717
2026-05-29|292|FCX|65.430000|66.800003|64.480003|65.709999|11376700|0.9975786925|65.550896
2026-05-29|293|IVZ|28.040001|28.709999|27.790001|28.459999|7973000|0.9933559952|28.270910
2026-05-29|294|ACGL|90.230003|91.169998|88.879997|89.339996|5148400|1.0000000000|89.339996
2026-05-29|295|ERIE|217.479996|217.929993|212.360001|213.070007|243400|0.9943102712|211.857697
2026-05-29|296|EG|330.239990|332.640015|322.089996|324.029999|786000|0.9940520446|322.102692
2026-05-29|297|DVA|197.000000|197.089996|193.860001|194.360001|983900|1.0000000000|194.360001
2026-05-29|298|HSIC|76.290001|78.040001|75.910004|76.580002|2454500|1.0000000000|76.580002
2026-05-29|299|EL|90.849998|90.989998|88.879997|88.949997|5559700|1.0000000000|88.949997
2026-05-29|300|WAT|367.239990|385.290009|366.000000|383.570007|3019800|1.0000000000|383.570007
2026-05-29|301|NTAP|176.690002|192.830002|172.089996|174.289993|15908200|0.9969719908|173.762238
2026-05-29|302|HIG|128.360001|129.199997|126.610001|127.129997|3261800|0.9952804215|126.529999
2026-05-29|303|IRM|126.750000|128.449997|125.000000|128.250000|2365400|0.9932096824|127.379135
2026-05-29|304|BRK-B|476.910004|477.290009|472.269989|474.480011|7902300|1.0000000000|474.480011
2026-05-29|305|FDS|237.080002|250.979996|236.960007|245.470001|996500|1.0000000000|245.470001
2026-05-29|306|STLD|260.489990|263.089996|257.959991|260.149994|2119300|0.9977371702|259.561310
2026-05-29|307|DGX|196.589996|197.380005|194.300003|194.899994|1264300|0.9959506546|194.110779
2026-05-29|308|CIEN|566.020020|582.469971|539.570007|580.229980|3862900|1.0000000000|580.229980
2026-05-29|309|TTWO|218.259995|227.779999|217.850006|224.160004|6487100|1.0000000000|224.160004
2026-05-29|310|VTR|85.610001|85.629997|83.480003|84.419998|5607800|0.9941769319|83.928413
2026-05-29|311|AMZN|271.290009|274.750000|269.640015|270.640015|54749600|1.0000000000|270.640015
2026-05-29|312|ARE|50.000000|51.000000|48.980000|49.680000|3115900|0.9870480303|49.036545
2026-05-29|313|RL|369.390015|369.750000|362.500000|363.899994|918700|0.9975616297|363.012665
2026-05-29|314|BXP|60.419998|61.049999|59.919998|60.009998|2007100|0.9895631429|59.383682
2026-05-29|315|FIX|1859.060059|1865.729980|1794.160034|1828.209961|875300|0.9994824076|1827.263672
2026-05-29|316|YUM|149.229996|150.179993|147.339996|147.949997|3992700|1.0000000000|147.949997
2026-05-29|317|CHRW|174.279999|179.490005|174.160004|178.649994|2720900|0.9965870306|178.040268
2026-05-29|318|FE|46.209999|46.580002|46.009998|46.389999|5728600|0.9901836603|45.934620
2026-05-29|319|MTD|1162.829956|1183.150024|1157.329956|1180.579956|509200|1.0000000000|1180.579956
2026-05-29|320|PLD|145.289993|145.539993|142.220001|143.470001|7950600|0.9927946128|142.436249
2026-05-29|321|URI|982.489990|1004.890015|977.650024|995.669983|573500|0.9982773546|993.954834
2026-05-29|322|AEE|108.690002|109.089996|107.580002|107.970001|3903200|0.9930004667|107.214256
2026-05-29|323|VRSN|296.589996|296.589996|281.989990|285.380005|1819700|0.9970730649|284.544708
2026-05-29|324|PWR|728.580017|734.130005|705.750000|711.729980|2223800|0.9998472307|711.621277
2026-05-29|325|AMT|186.929993|187.600006|185.000000|186.960007|4326800|0.9905446092|185.192230
2026-05-29|326|MAR|385.559998|386.880005|373.290009|375.600006|2322500|0.9979719406|374.838257
2026-05-29|327|CTSH|54.009998|56.139999|53.150002|55.759998|14747300|0.9941706413|55.434956
2026-05-29|328|SRE|90.500000|90.529999|88.589996|89.129997|9729000|0.9929041305|88.497543
2026-05-29|329|CSGP|32.650002|32.939999|31.860001|32.200001|7788800|1.0000000000|32.200001
2026-05-29|330|RSG|203.389999|203.669998|200.279999|200.440002|3280600|0.9970890970|199.856537
2026-05-29|331|CCI|90.940002|91.980003|90.239998|91.500000|5347300|0.9884657123|90.444611
2026-05-29|332|EBAY|111.019997|111.540001|108.070000|109.269997|9512700|1.0000000000|108.938782
2026-05-29|333|NVDA|214.580002|217.860001|211.130005|211.139999|289410600|0.9988358556|210.894211
2026-05-29|334|BKNG|170.289993|170.500000|167.220001|167.429993|8488900|0.9974923877|167.010147
2026-05-29|335|GS|1009.270020|1027.219971|1004.000000|1025.560059|2158000|0.9956121536|1021.060059
2026-05-29|336|FFIV|385.739990|389.940002|374.649994|383.450012|1667300|1.0000000000|383.450012
2026-05-29|337|SBAC|205.070007|205.070007|202.610001|203.160004|1415000|0.9931480565|201.767960
2026-05-29|338|LII|493.529999|510.040009|490.589996|502.160004|609400|0.9976091276|500.959412
2026-05-29|339|BLK|1041.869995|1060.510010|1040.000000|1046.880005|1077900|0.9943964168|1041.013672
2026-05-29|340|TKO|199.929993|206.070007|198.750000|205.179993|1212700|0.9961152636|204.382919
2026-05-29|341|AKAM|144.699997|149.869995|143.259995|149.539993|5654000|1.0000000000|149.539993
2026-05-29|342|UPS|106.599998|107.309998|105.389999|106.690002|10464200|0.9843062201|105.015633
2026-05-29|343|A|136.250000|137.690002|133.240005|135.529999|4986800|0.9980802530|135.269821
2026-05-29|344|TDY|632.820007|634.340027|619.650024|619.830017|560800|1.0000000000|619.830017
2026-05-29|345|PKG|216.009995|219.300003|215.880005|218.910004|1049500|0.9934276825|217.471268
2026-05-29|346|EW|86.080002|88.019997|85.830002|86.470001|7270600|1.0000000000|86.470001
2026-05-29|347|MET|81.860001|83.650002|81.660004|82.690002|6938700|0.9938427991|82.180862
2026-05-29|348|ON|124.339996|124.519997|119.449997|120.620003|11272000|1.0000000000|120.620003
2026-05-29|349|ISRG|423.790009|426.809998|419.829987|424.640015|3440400|1.0000000000|424.640015
2026-05-29|350|CRL|181.339996|184.830002|177.009995|180.710007|1041000|1.0000000000|180.710007
2026-05-29|351|MRVL|204.440002|208.759995|199.199997|205.000000|34024700|0.9997533605|204.949432
2026-05-29|352|EQIX|1069.250000|1072.500000|1055.640015|1068.040039|943900|0.9952446339|1062.961060
2026-05-29|353|TPR|145.660004|146.589996|143.869995|145.460007|3251800|0.9971524169|145.045792
2026-05-29|354|GRMN|235.929993|240.389999|233.570007|233.919998|1874200|0.9955900883|232.888428
2026-05-29|355|GPN|74.000000|75.660004|73.529999|75.510002|3968900|0.9961797067|75.221535
2026-05-29|356|ALGN|173.789993|177.660004|171.919998|174.949997|1154900|1.0000000000|174.949997
2026-05-29|357|WTW|250.740005|253.080002|248.970001|249.669998|880500|0.9963732529|248.764511
2026-05-29|358|MDLZ|62.099998|62.150002|61.090000|61.169998|8924800|0.9916874483|60.661522
2026-05-29|359|AXON|437.500000|450.739990|421.570007|448.720001|1491200|1.0000000000|448.720001
2026-05-29|360|FIS|42.099998|43.650002|41.459999|42.990002|14005900|0.9887092639|42.504612
2026-05-29|361|ACN|178.630005|188.240005|175.440002|187.070007|10778700|0.9881186678|184.847366
2026-05-29|362|ZBH|82.169998|83.199997|81.580002|82.330002|3216600|0.9973498233|82.111809
2026-05-29|363|BG|123.470001|125.059998|122.000000|123.300003|2542700|0.9937342270|122.527435
2026-05-29|364|PFG|103.250000|104.940002|102.839996|103.620003|2225900|0.9920864700|102.800003
2026-05-29|365|ELV|395.929993|396.519989|389.549988|393.190002|2469700|0.9959475060|391.596588
2026-05-29|366|CNC|58.650002|59.770000|58.520000|59.599998|7905100|1.0000000000|59.599998
2026-05-29|367|PRU|100.830002|102.300003|100.309998|100.639999|3713400|0.9885872665|99.491425
2026-05-29|368|NFLX|86.199997|86.669998|85.660004|86.019997|39793600|1.0000000000|86.019997
2026-05-29|369|NDAQ|90.910004|93.750000|90.709999|92.519997|4989900|0.9964261009|92.189339
2026-05-29|370|WYNN|101.540001|102.470001|100.849998|101.220001|1025300|0.9975578784|100.972809
2026-05-29|371|CME|277.049988|279.820007|272.279999|273.540009|6459800|0.9948418839|272.129059
2026-05-29|372|STX|892.830017|904.169983|867.020020|879.799988|4674500|0.9992874955|879.173096
2026-05-29|373|NRG|136.009995|138.220001|133.910004|134.080002|3571400|0.9964628787|133.605743
2026-05-29|374|AIZ|246.690002|250.419998|245.550003|248.869995|604800|0.9965805324|248.018997
2026-05-29|375|CBRE|125.550003|126.919998|124.010002|125.040001|6318700|1.0000000000|125.040001
2026-05-29|376|CRM|180.240005|194.139999|180.020004|191.100006|33998900|0.9974256962|190.608047
2026-05-29|377|DPZ|310.970001|312.670013|308.200012|310.579987|714200|0.9938557491|308.671722
2026-05-29|378|EXR|144.899994|145.570007|143.300003|144.309998|1286000|0.9892430283|142.757660
2026-05-29|379|GOOG|381.225006|381.649994|374.299988|376.429993|48018600|0.9993985127|376.203583
2026-05-29|380|GOOGL|385.239990|385.239990|378.459991|380.339996|44415800|0.9994030337|380.112946
2026-05-29|381|DLR|191.339996|191.960007|189.759995|190.000000|3445100|0.9933767643|188.741592
2026-05-29|382|MPWR|1645.000000|1657.000000|1556.770020|1566.209961|1164100|0.9984765039|1563.823853
2026-05-29|383|LVS|51.209999|51.349998|50.400002|50.570000|4399700|0.9936548222|50.249126
2026-05-29|384|DXCM|72.889999|73.830002|72.500000|73.739998|9260400|1.0000000000|73.739998
2026-05-29|385|BLDR|76.459999|77.629997|75.889999|76.260002|10162700|1.0000000000|76.260002
2026-05-29|386|WBD|27.000000|27.100000|26.900000|27.010000|26622900|1.0000000000|27.010000
2026-05-29|387|EXPE|229.210007|229.910004|224.339996|225.789993|2209500|0.9985604607|225.464966
2026-05-29|388|CF|115.650002|116.360001|111.269997|112.349998|4546700|0.9948739856|111.774094
2026-05-29|389|AMP|439.739990|449.329987|438.500000|445.709991|1582300|0.9968855344|444.321838
2026-05-29|390|ICE|147.800003|150.050003|147.100006|147.850006|8078200|0.9962997224|147.302917
2026-05-29|391|PSKY|10.660000|10.850000|10.530000|10.610000|6996700|0.9952244509|10.559331
2026-05-29|392|LYV|166.339996|170.899994|165.970001|168.410004|3559500|1.0000000000|168.410004
2026-05-29|393|CMG|32.369999|32.669998|31.840000|31.860001|29861400|1.0000000000|31.860001
2026-05-29|394|UAL|115.540001|117.959999|114.739998|114.800003|7158600|1.0000000000|114.800003
2026-05-29|395|TDG|1265.290039|1285.000000|1244.540039|1258.319946|399100|1.0000000000|1258.319946
2026-05-29|396|MA|494.500000|500.109985|492.839996|493.980011|5693100|0.9983264725|493.153320
2026-05-29|397|LDOS|131.399994|132.229996|127.000000|127.800003|2600800|0.9964800263|127.350151
2026-05-29|398|FSLR|302.649994|313.750000|297.250000|306.790009|5993400|1.0000000000|306.790009
2026-05-29|399|BR|150.789993|154.190002|150.210007|153.720001|2389400|0.9932693636|152.685364
2026-05-29|400|SMCI|44.500000|48.340000|44.169998|46.090000|93235100|1.0000000000|46.090000
2026-05-29|401|TMUS|187.250000|188.419998|185.710007|187.529999|7597500|1.0000000000|186.453888
2026-05-29|402|DAL|82.940002|83.830002|82.360001|82.480003|8224600|0.9975369458|82.276848
2026-05-29|403|IBKR|83.199997|87.180000|82.750000|86.970001|7288600|0.9989881568|86.882004
2026-05-29|404|PODD|142.110001|145.130005|141.649994|144.940002|2077900|1.0000000000|144.940002
2026-05-29|405|TEL|211.089996|214.830002|210.009995|213.410004|3972400|0.9961105015|212.579941
2026-05-29|406|BX|115.910004|117.739998|115.059998|116.970001|8393300|0.9899021526|115.788857
2026-05-29|407|LULU|131.130005|132.419998|129.059998|131.179993|3428000|1.0000000000|131.179993
2026-05-29|408|ULTA|513.960022|515.830017|507.000000|508.850006|821900|1.0000000000|508.850006
2026-05-29|409|MSCI|627.080017|640.270020|623.000000|631.380005|1096900|0.9964362700|629.129944
2026-05-29|410|ECHO|126.260002|129.380005|121.260002|129.190002|8609900|1.0000000000|129.190002
2026-05-29|411|PM|176.649994|178.089996|174.889999|177.380005|5948700|0.9917776037|175.921509
2026-05-29|412|V|325.500000|331.670013|325.350006|326.359985|14104500|0.9981456881|325.754822
2026-05-29|413|AWK|123.059998|124.500000|122.110001|123.269997|5523100|0.9933923956|122.455482
2026-05-29|414|KDP|29.990000|30.290001|29.740000|30.030001|18202700|0.9929274294|29.817612
2026-05-29|415|SW|40.560001|42.215000|40.189999|41.150002|7042000|0.9909636146|40.778156
2026-05-29|416|AVGO|432.950012|448.899994|431.470001|446.769989|41798400|0.9984198371|446.064026
2026-05-29|417|VRSK|172.029999|176.580002|169.520004|174.990005|2649100|0.9972796518|174.513977
2026-05-29|418|DG|108.790001|110.669998|108.059998|110.610001|5519000|0.9949256041|110.048721
2026-05-29|419|FTNT|129.589996|138.110001|129.000000|137.970001|9627800|1.0000000000|137.970001
2026-05-29|420|CHTR|145.789993|145.800003|140.899994|144.050003|3831300|1.0000000000|144.050003
2026-05-29|421|FERG|225.639999|226.910004|224.110001|225.970001|2070000|0.9962829937|225.130066
2026-05-29|422|GNRC|278.970001|287.089996|275.000000|277.910004|810300|1.0000000000|277.910004
2026-05-29|423|LYB|68.309998|68.459999|66.239998|66.650002|6446500|0.9795355103|65.286041
2026-05-29|424|CBOE|345.070007|347.239990|327.690002|333.559998|2573600|1.0000000000|333.559998
2026-05-29|425|TSLA|439.850006|441.070007|428.140015|435.790009|45176800|1.0000000000|435.790009
2026-05-29|426|KKR|93.489998|97.250000|93.010002|95.940002|5164600|0.9981032973|95.758034
2026-05-29|427|NXPI|333.579987|335.000000|320.299988|321.350006|3773000|0.9966193239|320.263641
2026-05-29|428|GM|84.800003|85.010002|81.220001|83.239998|15552600|0.9978370584|83.059952
2026-05-29|429|TRGP|260.799988|262.119995|252.970001|255.070007|2383000|0.9953417306|253.881821
2026-05-29|430|CPAY|350.839996|364.239990|348.250000|361.799988|780700|1.0000000000|361.799988
2026-05-29|431|KMI|31.760000|31.790001|31.059999|31.080000|20880100|0.9907395899|30.792187
2026-05-29|432|HCA|382.630005|387.850006|376.510010|378.540009|2352600|0.9979998461|377.782867
2026-05-29|433|HII|317.149994|318.190002|304.250000|308.170013|878400|1.0000000000|306.739502
2026-05-29|434|APO|126.610001|131.580002|126.080002|128.710007|5231400|0.9957937992|128.168625
2026-05-29|435|MPC|250.440002|251.610001|247.399994|248.770004|2861900|0.9972693263|248.090698
2026-05-29|436|XYL|109.680000|110.629997|108.800003|109.540001|2772800|0.9962087815|109.124710
2026-05-29|437|APTV|63.730000|68.180000|63.209999|67.940002|8571900|1.0000000000|67.940002
2026-05-29|438|PSX|175.970001|177.410004|174.339996|175.880005|3299000|0.9947204324|174.951447
2026-05-29|439|AMCR|38.950001|39.410000|38.709999|38.820000|6510800|1.0000000000|38.820000
2026-05-29|440|META|633.500000|634.500000|623.349976|632.510010|19806500|0.9990740414|631.924316
2026-05-29|441|NOW|118.480003|124.739998|116.290001|124.370003|68243400|1.0000000000|124.370003
2026-05-29|442|PANW|256.320007|283.709991|256.010010|281.690002|14998900|1.0000000000|281.690002
2026-05-29|443|FANG|193.110001|193.899994|189.500000|191.479996|4583100|0.9945230033|190.431259
2026-05-29|444|WDAY|133.630005|146.520004|132.279999|146.190002|11214400|1.0000000000|146.190002
2026-05-29|445|ABBV|219.020004|219.600006|214.899994|217.720001|7618500|0.9929324291|216.181259
2026-05-29|446|NCLH|18.549999|18.639999|18.139999|18.340000|19458400|1.0000000000|18.340000
2026-05-29|447|ZTS|78.510002|78.879997|77.440002|77.690002|9295100|0.9930773248|77.152184
2026-05-29|448|IQV|181.169998|185.279999|178.410004|182.210007|2597500|1.0000000000|182.210007
2026-05-29|449|NWS|30.340000|30.340000|29.580000|29.820000|2094900|1.0000000000|29.820000
2026-05-29|450|NWSA|26.420000|26.490000|25.990000|26.100000|6607800|1.0000000000|26.100000
2026-05-29|451|CDW|119.180000|125.919998|118.980003|125.449997|4794500|0.9952456416|124.853561
2026-05-29|452|VEEV|165.220001|177.339996|165.000000|174.339996|5105100|1.0000000000|174.339996
2026-05-29|453|ALLE|130.710007|132.070007|129.179993|130.070007|1491400|0.9958946033|129.536026
2026-05-29|454|HLT|337.260010|337.809998|327.549988|327.660004|2836700|0.9995449167|327.510895
2026-05-29|455|ARES|125.570000|130.149994|124.900002|128.500000|4281200|0.9900265958|127.218414
2026-05-29|456|ANET|157.399994|161.500000|155.800003|159.470001|15385900|1.0000000000|159.470001
2026-05-29|457|SYF|71.410004|72.230003|70.949997|71.440002|7046800|0.9957005565|71.132851
2026-05-29|458|CFG|61.029999|62.520000|61.029999|62.259998|8592000|0.9935492916|61.858376
2026-05-29|459|KEYS|339.260010|341.000000|329.179993|338.329987|3022000|1.0000000000|338.329987
2026-05-29|460|GDDY|85.910004|88.660004|84.129997|85.830002|17554400|1.0000000000|85.830002
2026-05-29|461|KHC|24.450001|24.480000|23.870001|24.010000|21146100|0.9821984863|23.582586
2026-05-29|462|PYPL|44.540001|45.200001|44.424999|44.750000|18833300|0.9967143863|44.602970
2026-05-29|463|LITE|860.679993|869.000000|822.500000|854.960022|6364000|1.0000000000|854.960022
2026-05-29|464|HPE|42.779999|44.575001|41.520000|43.040001|86121400|0.9970828234|42.914448
2026-05-29|465|XYZ|74.970001|76.660004|74.195000|75.720001|7380400|1.0000000000|75.720001
2026-05-29|466|FTV|58.549999|59.470001|58.174999|58.320000|7965900|0.9990168769|58.262665
2026-05-29|467|DELL|418.000000|429.149994|402.269989|420.910004|41833000|0.9983502671|420.215607
2026-05-29|468|TTD|21.200001|22.155001|20.965000|21.559999|48457400|1.0000000000|21.559999
2026-05-29|469|VST|160.000000|162.289993|156.880005|160.229996|3781200|0.9986015267|160.005920
2026-05-29|470|HWM|258.839996|259.579987|254.339996|258.250000|6630900|0.9995167748|258.125214
2026-05-29|471|INVH|29.230000|29.690001|29.120001|29.250000|9126700|0.9898785423|28.953947
2026-05-29|472|CVNA|73.589996|74.000000|71.629997|73.000000|16461500|1.0000000000|73.000000
2026-05-29|473|IR|70.559998|72.669998|69.720001|71.639999|5366800|0.9997640396|71.623093
2026-05-29|474|VICI|28.230000|28.340000|28.010000|28.219999|13106200|0.9834741092|27.753639
2026-05-29|475|VRT|315.200012|319.579987|308.000000|315.709991|7218800|0.9997919900|315.644318
2026-05-29|476|MRNA|47.270000|49.259998|46.820000|47.189999|6314900|1.0000000000|47.189999
2026-05-29|477|FOXA|65.559998|65.559998|63.400002|63.919998|4344700|1.0000000000|63.919998
2026-05-29|478|FOX|58.720001|58.935001|57.040001|57.389999|2677200|1.0000000000|57.389999
2026-05-29|479|DOW|34.480000|34.520000|33.445000|33.750000|17171300|1.0000000000|33.750000
2026-05-29|480|UBER|70.650002|72.239998|69.959999|70.400002|50294700|1.0000000000|70.400002
2026-05-29|481|CTVA|80.379997|80.785004|78.260002|78.279999|6431300|0.9977005620|78.099998
2026-05-29|482|CRWD|677.434998|731.489990|674.940002|731.000000|4814200|0.2500000000|182.750000
2026-05-29|483|DDOG|234.000000|249.807007|228.500000|247.350006|9416200|1.0000000000|247.350006
2026-05-29|484|CARR|63.509998|65.290001|63.055000|63.869999|10392700|0.9964168410|63.641144
2026-05-29|485|OTIS|70.930000|71.400002|70.709999|70.839996|3872600|0.9939750786|70.413193
2026-05-29|486|PLTR|147.824997|157.779007|145.789993|156.539993|92196600|1.0000000000|156.539993
2026-05-29|487|DASH|156.610001|163.229996|155.119995|159.289993|5736700|1.0000000000|159.289993
2026-05-29|488|ABNB|134.500000|135.750000|132.770004|133.309998|4206300|1.0000000000|133.309998
2026-05-29|489|EXE|93.830002|94.099998|92.389999|92.980003|5793400|0.9940278354|92.424713
2026-05-29|490|COIN|180.229996|191.830002|178.850006|189.029999|10249800|1.0000000000|189.029999
2026-05-29|491|APP|601.469971|616.669983|580.520020|613.090027|6243700|1.0000000000|613.090027
2026-05-29|492|HOOD|85.660004|94.400002|84.235001|94.300003|64411000|1.0000000000|94.300003
2026-05-29|493|CEG|286.440002|290.899994|284.670013|287.750000|2491200|0.9984651331|287.308350
2026-05-29|494|GEHC|62.750000|63.035000|62.189999|62.340000|5614600|0.9994353928|62.304802
2026-05-29|495|KVUE|17.620001|17.684999|17.240000|17.280001|33794100|0.9889763775|17.089512
2026-05-29|496|VLTO|83.660004|84.519997|82.160004|82.230003|4412500|0.9985280797|82.108963
2026-05-29|497|RDDT|168.705002|176.690002|166.490005|176.000000|9350300|1.0000000000|176.000000
2026-05-29|498|SOLV|75.720001|76.264999|74.199997|74.949997|12832500|1.0000000000|74.949997
2026-05-29|499|GEV|996.010010|1003.770020|952.010010|968.320007|5276800|0.9994893113|967.825500
2026-05-29|500|SNDK|1682.000000|1708.824951|1641.079956|1694.979980|8751100|1.0000000000|1694.979980
2026-05-29|501|Q|159.000000|160.949997|154.500000|156.000000|2500900|1.0000000000|156.000000
2026-05-29|502|FDXF|189.000000|199.500000|160.369995|160.369995|15400|1.0000000000|160.369995
