date|security_id|ticker|open|high|low|close|volume|adj_factor|adj_close_vendor
2026-05-06|1|AEP|136.570007|136.600006|132.500000|132.559998|4245700|0.9852885257|130.609833
2026-05-06|2|BA|230.929993|232.080002|228.100006|229.929993|7166900|1.0000000000|229.929993
2026-05-06|3|CAT|913.500000|930.539978|905.349976|926.929993|3010600|0.9981483165|925.213623
2026-05-06|4|CNP|43.279999|43.419998|42.259998|42.330002|7087600|0.9886466776|41.849415
2026-05-06|5|CVX|185.589996|186.779999|183.139999|185.160004|11082900|0.9823507513|181.892075
2026-05-06|6|DIS|106.519997|109.139999|105.309998|108.059998|23219500|0.9923958226|107.238289
2026-05-06|7|DTE|143.619995|144.960007|142.380005|142.440002|2512000|0.9921049063|141.315430
2026-05-06|8|ED|109.139999|109.300003|106.769997|106.870003|2281200|0.9836258984|105.120102
2026-05-06|9|GD|349.709991|350.049988|344.070007|347.269989|1566600|0.9956181446|345.748322
2026-05-06|10|GE|300.429993|308.369995|299.859985|305.829987|9168300|0.9987550328|305.449249
2026-05-06|11|HON|212.850005|218.079996|212.850005|216.859998|4297300|1.0399150842|225.515991
2026-05-06|12|HPQ|21.200001|21.700001|20.870001|21.410000|20308600|0.9879711310|21.152462
2026-05-06|13|IBM|228.750000|229.000000|224.380005|225.740005|7673200|0.9856234381|222.494629
2026-05-06|14|IP|32.820000|33.770000|32.610001|33.520000|9519400|0.9742073595|32.655430
2026-05-06|15|JNJ|225.250000|226.339996|222.949997|224.619995|7982300|0.9894021702|222.239517
2026-05-06|16|KO|78.779999|79.330002|78.570000|79.230003|14060300|0.9935850886|78.721748
2026-05-06|17|KR|66.650002|66.650002|65.330002|66.010002|4483700|0.9879807975|65.216614
2026-05-06|18|LMT|508.950012|514.469971|500.309998|514.260010|1590400|0.9934960884|510.915283
2026-05-06|19|MMM|144.990005|148.320007|144.479996|146.539993|4910100|0.9905187908|145.150620
2026-05-06|20|MO|72.019997|72.410004|70.160004|70.169998|11135600|0.9852654995|69.136078
2026-05-06|21|MRK|113.150002|114.489998|112.739998|113.559998|7256100|0.9928601430|112.749191
2026-05-06|22|MSI|435.010010|436.910004|426.700012|433.660004|1441400|0.9970118292|432.364166
2026-05-06|23|PG|146.399994|148.949997|145.940002|147.899994|9399500|0.9925903246|146.804108
2026-05-06|24|XOM|149.070007|150.330002|147.089996|148.690002|20527000|0.9868681737|146.737442
2026-05-06|25|RTX|174.789993|178.089996|173.570007|176.740005|6099000|0.9925545778|175.424103
2026-05-06|26|MCD|287.170013|288.500000|282.399994|284.100006|4807900|0.9932635540|282.186188
2026-05-06|27|AXP|320.000000|324.779999|320.000000|321.899994|2933600|0.9972701149|321.021240
2026-05-06|28|BMY|57.230000|57.400002|56.360001|56.590000|10439400|0.9888377035|55.958328
2026-05-06|29|DD|49.659999|50.299998|48.600001|50.070002|6021399|2.9881422927|149.616287
2026-05-06|30|DE|579.950012|593.549988|579.950012|591.640015|983200|0.9974147424|590.110474
2026-05-06|31|EMR|142.000000|149.470001|142.000000|147.990005|5843800|0.9926085470|146.896149
2026-05-06|32|ETN|423.970001|423.970001|409.019989|421.390015|3289700|0.9947965913|419.197357
2026-05-06|33|ETR|113.220001|113.500000|112.349998|112.959999|16657200|0.9940658321|112.289673
2026-05-06|34|F|11.940000|12.250000|11.940000|12.170000|52111200|0.9769709546|11.889736
2026-05-06|35|HAL|40.459999|40.779999|39.790001|40.400002|11972500|0.9957637679|40.228859
2026-05-06|36|LLY|991.349976|996.489990|983.500000|987.049988|3921200|0.9968530383|983.943787
2026-05-06|37|PCG|16.400000|16.420000|16.000000|16.200001|17553900|0.9970997679|16.153017
2026-05-06|38|PEP|155.800003|156.929993|154.869995|155.960007|5296600|0.9895884624|154.336212
2026-05-06|39|PFE|26.559999|26.680000|26.209999|26.530001|40357100|0.9668473999|25.650461
2026-05-06|40|TXN|279.049988|292.640015|279.049988|289.440002|10183200|0.9949060125|287.965607
2026-05-06|41|WFC|80.790001|81.480003|80.349998|80.419998|14347500|0.9886393471|79.506378
2026-05-06|42|HUBB|518.559998|518.700012|501.109985|502.339996|796769|0.9970037769|500.834869
2026-05-06|43|WMT|130.860001|131.149994|129.529999|130.080002|16371500|0.9957114974|129.522156
2026-05-06|44|AIG|78.860001|79.599998|77.550003|77.690002|4388000|0.9933984683|77.177132
2026-05-06|45|AVY|165.600006|169.130005|165.330002|166.679993|649400|0.9936321953|165.618607
2026-05-06|46|BAC|53.820000|54.200001|53.470001|53.599998|27541200|0.9948310871|53.322945
2026-05-06|47|BALL|58.529999|60.279999|58.349998|59.000000|5556800|0.9963416864|58.784161
2026-05-06|48|BDX|145.029999|146.399994|144.300003|144.759995|3421200|0.9929995336|143.746613
2026-05-06|49|CLX|87.879997|90.699997|87.879997|90.010002|4957800|0.9884526559|88.970627
2026-05-06|50|CMI|691.500000|717.330017|689.690002|715.760010|1296700|0.9931721942|710.872925
2026-05-06|51|CMS|74.660004|75.000000|73.949997|74.050003|3178800|0.9843492113|72.891060
2026-05-06|52|CVS|85.510002|88.629997|85.120003|86.860001|15185200|0.9938471504|86.325562
2026-05-06|53|ECL|261.649994|265.790009|261.649994|263.420013|1691300|0.9972820015|262.704041
2026-05-06|54|ES|68.709999|69.279999|68.360001|68.519997|1968700|0.9882685720|67.716156
2026-05-06|55|EVRG|81.180000|81.510002|80.300003|80.989998|2908500|0.9834796618|79.652016
2026-05-06|56|GWW|1145.800049|1173.339966|1141.459961|1169.859985|411100|0.9960365882|1165.223267
2026-05-06|57|LNT|73.070000|73.519997|72.110001|72.309998|2933000|0.9924530963|71.764282
2026-05-06|58|MKC|49.139999|49.450001|48.410000|48.490002|3955600|0.9910196447|48.054546
2026-05-06|59|MRSH|168.179993|169.000000|163.809998|163.899994|3087700|0.9943746806|162.978012
2026-05-06|60|NEE|96.129997|96.709999|95.019997|95.389999|8242900|0.9927287582|93.989609
2026-05-06|61|NI|48.310001|48.639999|46.950001|47.509998|12195000|0.9933436876|47.193760
2026-05-06|62|PNW|101.470001|101.629997|99.769997|100.169998|1125900|0.9909892067|99.267387
2026-05-06|63|RVTY|93.500000|99.940002|92.830002|99.089996|3014200|0.9993733214|99.027901
2026-05-06|64|SNA|382.959991|388.799988|382.959991|386.320007|295700|0.9870969475|381.335297
2026-05-06|65|SPGI|422.209986|426.940003|418.400005|423.570009|1978800|0.9417621693|398.902191
2026-05-06|66|TER|368.510010|383.000000|364.790009|382.480011|3836200|0.9996224662|382.335602
2026-05-06|67|TGT|129.490005|131.979996|129.119995|130.190002|4423100|0.9830946401|127.989098
2026-05-06|68|TXT|92.860001|93.949997|92.050003|93.089996|1177800|0.9997866667|93.070137
2026-05-06|69|VMC|296.839996|298.350006|293.630005|295.720001|875800|0.9961649269|294.585907
2026-05-06|70|XEL|81.129997|81.610001|80.160004|80.550003|6705500|0.9925145167|79.947044
2026-05-06|71|ITW|257.980011|262.149994|257.640015|260.519989|1276500|0.9939806334|258.951813
2026-05-06|72|CL|87.489998|89.070000|87.239998|88.160004|5768000|0.9942998496|87.657478
2026-05-06|73|EXC|46.750000|46.889999|44.990002|45.020000|11530400|0.9906832302|44.600559
2026-05-06|74|MDT|78.180000|78.459999|77.160004|77.599998|11477400|0.9910581218|76.906105
2026-05-06|75|BNY|132.470001|134.360001|132.089996|133.639999|4044500|0.9960354919|133.110184
2026-05-06|76|EIX|69.339996|69.559998|68.290001|68.800003|2052200|0.9882683051|67.992867
2026-05-06|77|FRT|116.000000|117.220001|115.470001|116.769997|798100|0.9908457552|115.701057
2026-05-06|78|PNR|79.089996|81.059998|79.089996|79.910004|2327500|0.9956500725|79.562401
2026-05-06|79|USB|56.130001|56.860001|56.110001|56.160000|9217800|0.9915143601|55.683449
2026-05-06|80|WY|24.040001|24.379999|24.000000|24.040001|4307400|0.9914979760|23.835613
2026-05-06|81|SYY|73.660004|74.059998|73.029999|73.330002|4327800|0.9934155392|72.847160
2026-05-06|82|WRB|66.430000|67.129997|65.959999|66.120003|1544500|0.9910634494|65.529121
2026-05-06|83|IFF|80.790001|83.889999|78.120003|82.930000|4872600|0.9947403026|82.493813
2026-05-06|84|TAP|42.599998|43.070000|42.369999|42.759998|2779400|0.9881685974|41.767246
2026-05-06|85|PNC|223.429993|226.009995|221.809998|222.419998|1326900|0.9920904849|220.660767
2026-05-06|86|TRV|302.459991|305.470001|300.779999|301.589996|1120400|0.9958368027|300.334412
2026-05-06|87|C|130.490005|131.580002|127.470001|127.599998|13363800|0.9949414872|126.954529
2026-05-06|88|FDX|364.500007|378.250006|364.500007|377.189997|2274100|0.8027880446|302.803619
2026-05-06|89|WDC|472.000000|483.869995|448.989990|483.149994|8338900|0.9997393571|483.024048
2026-05-06|90|DHR|176.729996|176.960007|172.059998|174.919998|5983300|0.9979297139|174.557861
2026-05-06|91|APA|39.430000|39.849998|38.189999|38.299999|9940800|0.9930109031|38.032314
2026-05-06|92|LUV|41.349998|42.000000|40.509998|41.500000|9236200|0.9956521741|41.319565
2026-05-06|93|PEG|80.139999|80.139999|78.730003|79.349998|3369200|0.9913815279|78.666122
2026-05-06|94|UNP|265.440002|270.279999|265.119995|268.230011|3019900|0.9948314607|266.843658
2026-05-06|95|ABT|87.550003|87.690002|86.150002|86.300003|12456300|0.9929181654|85.688843
2026-05-06|96|ADI|404.709991|416.000000|404.399994|415.630005|3893600|0.9972683702|414.494659
2026-05-06|97|ADM|79.110001|79.500000|76.000000|78.019997|5584500|0.9871845133|77.020134
2026-05-06|98|ADP|208.410004|209.210007|205.699997|207.199997|2237600|0.9924702132|205.639816
2026-05-06|99|AFL|114.500000|115.500000|113.389999|113.400002|2664200|0.9898631333|112.250481
2026-05-06|100|AMAT|421.000000|432.809998|417.750000|428.619995|7241200|0.9976914901|427.630524
2026-05-06|101|AMD|409.489990|430.600006|402.040009|421.390015|87732200|1.0000000000|421.390015
2026-05-06|102|APD|301.549988|303.820007|299.739990|300.209991|877700|0.9938263181|298.356598
2026-05-06|103|BF-B|26.600000|27.250000|26.469999|26.980000|4115900|0.9913580245|26.746840
2026-05-06|104|CHD|94.209999|95.980003|93.760002|94.959999|1709600|0.9937159244|94.363258
2026-05-06|105|CINF|160.889999|163.160004|160.320007|160.429993|588600|0.9945494610|159.555557
2026-05-06|106|CMCSA|26.510000|26.840000|26.389999|26.440001|30097200|0.9865580444|26.084595
2026-05-06|107|D|62.919998|62.970001|61.610001|61.639999|5139400|0.9900860786|61.028904
2026-05-06|108|DOV|227.509995|230.729996|226.279999|227.179993|997700|0.9975530563|226.624100
2026-05-06|109|DUK|127.040001|127.489998|125.000000|125.540001|5947000|0.9827918175|123.379684
2026-05-06|110|EFX|171.259995|173.929993|170.380005|173.199997|1276200|0.9965665237|172.605316
2026-05-06|111|EQT|57.480000|58.270000|57.029999|57.360001|7686900|0.9968732234|57.180649
2026-05-06|112|FITB|50.750000|51.250000|50.750000|50.840000|5067700|0.9929552658|50.481846
2026-05-06|113|GIS|34.860001|35.410000|34.610001|35.070000|13677800|0.9829846576|34.473270
2026-05-06|114|GPC|105.849998|106.820000|104.260002|105.489998|1340200|0.9892223458|104.353065
2026-05-06|115|HAS|96.089996|97.699997|95.830002|97.480003|1457300|0.9844894224|95.968033
2026-05-06|116|HBAN|16.610001|16.790001|16.559999|16.639999|15026500|0.9910508082|16.491085
2026-05-06|117|HRL|21.000000|21.070000|20.480000|20.700001|5815200|0.9881520418|20.454748
2026-05-06|118|HST|21.629999|21.980000|21.600000|21.680000|11129400|0.9630818621|20.879614
2026-05-06|119|HSY|185.350006|187.550003|184.130005|186.410004|2400100|0.9846288447|183.544678
2026-05-06|120|INTC|110.980003|113.500000|106.580002|113.010002|157320100|1.0000000000|113.010002
2026-05-06|121|J|126.620003|130.520004|119.220001|126.620003|3838900|0.9944174758|125.913147
2026-05-06|122|JPM|311.450012|316.260010|311.350006|314.899994|8629500|0.9955152929|313.487762
2026-05-06|123|KMB|97.949997|99.779999|97.570000|99.190002|3872900|0.9864507253|97.846054
2026-05-06|124|L|106.900002|107.699997|105.099998|105.290001|839700|0.9988625697|105.170250
2026-05-06|125|LEN|88.690002|91.040001|88.010002|90.540001|3503200|0.9940723176|90.003311
2026-05-06|126|LOW|230.509995|234.029999|228.940002|233.369995|3095200|0.9938577955|231.936584
2026-05-06|127|MAS|71.830002|72.949997|71.470001|71.949997|2797200|0.9908891403|71.294472
2026-05-06|128|MTB|217.410004|219.470001|217.330002|217.419998|796300|0.9930590903|215.910904
2026-05-06|129|NEM|115.110001|115.940002|113.720001|115.099998|7103500|0.9976704596|114.831871
2026-05-06|130|NTRS|163.830002|165.029999|162.759995|163.279999|963300|0.9953773257|162.525208
2026-05-06|131|NUE|234.720001|235.440002|230.320007|234.220001|1220200|0.9975500919|233.646179
2026-05-06|132|OMC|78.459999|78.500000|76.699997|76.910004|5316200|0.9894221866|76.096466
2026-05-06|133|PCAR|115.489998|117.099998|114.820000|116.510002|2869900|0.9942707430|115.842484
2026-05-06|134|PGR|197.839996|200.649994|196.779999|196.800003|3063200|0.9995561474|196.712646
2026-05-06|135|PH|891.520020|911.960022|891.520020|902.659973|910300|0.9977448271|900.624268
2026-05-06|136|PHM|121.500000|122.989998|119.839996|120.099998|2192900|0.9978834255|119.845802
2026-05-06|137|PPG|110.230003|113.000000|109.360001|111.529999|2667500|0.9873814378|110.122650
2026-05-06|138|PPL|37.349998|37.480000|36.860001|36.880001|9475600|0.9920279720|36.585995
2026-05-06|139|RF|28.240000|28.559999|28.209999|28.209999|6280600|0.9905357143|27.943012
2026-05-06|140|ROL|54.240002|54.830002|53.790001|54.189999|2543900|0.9917679269|53.743904
2026-05-06|141|SHW|323.000000|327.059998|321.049988|323.630005|2628300|0.9951137391|322.048676
2026-05-06|142|STT|150.550003|152.350006|150.059998|151.240005|2357700|0.9950471700|150.490936
2026-05-06|143|SWK|79.500000|82.050003|79.199997|81.029999|2399500|0.9894240575|80.173027
2026-05-06|144|SYK|297.619995|297.619995|289.910004|292.329987|3033300|0.9973375287|291.551666
2026-05-06|145|TMO|471.160004|477.420013|466.600006|472.950012|1861500|0.9989985938|472.476379
2026-05-06|146|TPL|417.399994|426.950012|414.880005|419.750000|476900|0.9984732824|419.109161
2026-05-06|147|TSN|68.779999|68.930000|67.379997|68.089996|2592900|0.9916420846|67.520905
2026-05-06|148|TT|483.510010|490.369995|478.200012|488.179993|1828400|0.9977358979|487.074707
2026-05-06|149|TYL|323.679993|328.429993|318.640015|320.649994|404300|1.0000000000|320.649994
2026-05-06|150|UDR|37.060001|37.549999|37.029999|37.040001|3846700|0.9926177659|36.766560
2026-05-06|151|VTRS|15.750000|16.070000|15.520000|15.950000|22505500|0.9853197013|15.715849
2026-05-06|152|WEC|115.160004|115.400002|113.620003|113.940002|1982800|0.9829379991|111.995949
2026-05-06|153|WST|311.309998|315.440002|308.179993|312.549988|789200|0.9993471810|312.345947
2026-05-06|154|NDSN|286.260010|290.019989|286.200012|286.940002|261000|0.9971745572|286.129272
2026-05-06|155|TFC|50.500000|51.009998|50.490002|50.799999|4995900|0.9798350561|49.775620
2026-05-06|156|WELL|214.210007|216.779999|213.020004|216.470001|2328800|0.9928496012|214.922165
2026-05-06|157|AON|316.410004|317.489990|306.869995|308.269989|1476900|0.9977256968|307.568909
2026-05-06|158|GL|155.259995|156.690002|154.050003|154.389999|376800|0.9981716439|154.107712
2026-05-06|159|OKE|86.870003|87.739998|84.779999|85.599998|5451700|0.9882171564|84.591385
2026-05-06|160|KLAC|1784.689941|1824.790039|1759.259949|1816.289978|1340900|0.0997597720|181.192688
2026-05-06|161|CSX|45.020000|45.810001|45.020000|45.599998|9802400|0.9969438988|45.460640
2026-05-06|162|PSA|303.299988|311.910004|301.959991|308.980011|952700|0.9907958521|306.136108
2026-05-06|163|NKE|43.630001|44.070000|43.200001|43.880001|19406700|0.9911312999|43.490841
2026-05-06|164|AAPL|281.920013|288.029999|281.070007|287.510010|58336100|0.9982185855|286.997833
2026-05-06|165|BRO|58.150002|58.320000|56.540001|56.560001|3257200|0.9947741799|56.264431
2026-05-06|166|UHS|167.000000|171.720001|164.210007|168.490005|1108100|0.9986223049|168.257874
2026-05-06|167|HD|321.959991|325.239990|319.350006|323.049988|5455900|0.9925551970|320.644958
2026-05-06|168|BAX|16.990000|17.309999|16.860001|16.980000|5871200|0.9994805195|16.964636
2026-05-06|169|COP|117.959999|120.000000|117.419998|118.900002|13180800|0.9860463925|117.240913
2026-05-06|170|GLW|189.380005|195.809998|175.309998|181.570007|32981100|0.9984696945|181.292160
2026-05-06|171|HUM|241.309998|251.779999|241.070007|246.330002|1544800|0.9976462766|245.750214
2026-05-06|172|LHX|301.700012|304.380005|299.019989|302.200012|2282300|0.9959648783|300.980591
2026-05-06|173|NOC|558.969971|560.619995|551.250000|559.599976|772400|0.9956180811|557.147888
2026-05-06|174|OXY|55.520000|56.689999|54.740002|55.119999|20697300|0.9954022988|54.866573
2026-05-06|175|ROK|448.450012|463.489990|445.269989|459.350006|1181400|0.9938632005|456.531067
2026-05-06|176|SLB|54.900002|56.320000|54.369999|55.160000|12937000|0.9947843000|54.872303
2026-05-06|177|SO|95.449997|95.669998|93.510002|93.510002|6337100|0.9836658196|91.982590
2026-05-06|178|WMB|74.599998|75.669998|73.580002|73.760002|8162400|0.9926696456|73.219315
2026-05-06|179|VLO|242.729996|243.839996|234.679993|236.690002|4444300|0.9914397807|234.663879
2026-05-06|180|CI|276.519989|284.820007|275.760010|281.980011|2579100|0.9942378017|280.355194
2026-05-06|181|NSC|315.000000|319.980011|314.839996|317.250000|1026000|0.9917671837|314.638123
2026-05-06|182|COO|61.500000|61.709999|60.000000|61.119999|3332700|1.0000000000|61.119999
2026-05-06|183|AMGN|329.130005|332.980011|329.049988|331.109985|2874400|0.9867386103|326.719025
2026-05-06|184|RJF|159.929993|161.080002|158.080002|159.369995|1017300|0.9964480694|158.803925
2026-05-06|185|WSM|183.619995|188.639999|182.949997|186.470001|1375400|0.9966722130|185.849472
2026-05-06|186|CAH|192.000000|195.000000|187.220001|191.490005|4429400|0.9978279171|191.074066
2026-05-06|187|CTAS|169.309998|172.210007|168.710007|169.360001|3357900|0.9947044338|168.463150
2026-05-06|188|PAYX|91.639999|91.989998|90.540001|91.379997|4140200|0.9771272923|89.289894
2026-05-06|189|BEN|31.000000|31.440001|30.850000|31.160000|5156300|0.9900632337|30.850370
2026-05-06|190|AOS|59.930000|61.439999|59.820000|61.060001|1857800|0.9939809398|60.692478
2026-05-06|191|CASY|864.989990|865.090027|848.000000|858.140015|365600|0.9992507205|857.497009
2026-05-06|192|T|25.790001|26.010000|25.480000|25.570000|34338900|0.9867870728|25.232145
2026-05-06|193|VZ|47.169998|47.610001|46.910000|47.439999|19336400|0.9832386370|46.644840
2026-05-06|194|JBHT|246.630005|250.240005|245.509995|246.050003|807600|0.9964612666|245.179291
2026-05-06|195|ATO|188.979996|188.979996|183.699997|184.759995|906800|0.9884163190|182.619781
2026-05-06|196|LRCX|287.000000|297.869995|285.850006|297.170013|14788600|0.9992960416|296.960815
2026-05-06|197|MU|660.369995|667.669983|627.580017|666.590027|55725800|0.9998462422|666.487549
2026-05-06|198|AJG|207.399994|209.080002|196.800003|196.910004|2243900|0.9966824645|196.256744
2026-05-06|199|AME|239.000000|243.179993|236.369995|241.380005|1842700|0.9985029940|241.018646
2026-05-06|200|SWKS|68.040001|68.040001|61.540001|64.970001|10389600|0.9913855858|64.410324
2026-05-06|201|EXPD|153.940002|156.100006|149.759995|151.240005|1388200|0.9948730934|150.464615
2026-05-06|202|UNH|363.100006|368.549988|358.250000|367.279999|6695500|0.9943209633|365.194214
2026-05-06|203|BBY|57.830002|59.009998|57.759998|58.689999|2882300|0.9868673048|57.919243
2026-05-06|204|DOC|16.959999|19.639999|16.830000|19.500000|28533600|0.9805079461|19.119905
2026-05-06|205|ADSK|245.380005|248.750000|240.000000|243.080002|2073300|1.0000000000|243.080002
2026-05-06|206|DVN|47.500000|48.740002|46.450001|46.599998|41051300|0.9929375416|46.270889
2026-05-06|207|NVR|6279.240234|6279.240234|6060.009766|6099.799805|19500|1.0000000000|6099.799805
2026-05-06|208|ROST|228.089996|229.589996|226.490005|228.910004|2450600|0.9980432679|228.462082
2026-05-06|209|JKHY|148.860001|148.860001|141.809998|142.880005|1932600|0.9955252350|142.240646
2026-05-06|210|MNST|76.830002|77.959999|76.300003|77.199997|4295200|0.5000000000|77.199997
2026-05-06|211|ORCL|186.199997|194.289993|182.669998|194.029999|27685500|0.9965330745|193.357315
2026-05-06|212|MSFT|408.000000|418.420013|405.109985|413.959991|30285900|0.9959638868|412.289185
2026-05-06|213|TROW|104.879997|106.930000|104.529999|106.129997|2120000|0.9881430134|104.871620
2026-05-06|214|COST|1011.309998|1012.229980|992.419983|995.750000|2619100|0.9984126298|994.169373
2026-05-06|215|ADBE|252.020004|254.399994|248.279999|250.169998|4452100|1.0000000000|250.169998
2026-05-06|216|FISV|57.560001|57.709999|55.669998|56.110001|10024600|1.0000000000|56.110001
2026-05-06|217|BKR|66.760002|67.720001|65.959999|66.669998|9529300|0.9963346614|66.425629
2026-05-06|218|CDNS|353.500000|355.489990|347.489990|354.899994|2420600|1.0000000000|354.899994
2026-05-06|219|TJX|155.850006|156.149994|153.220001|155.449997|7664700|0.9936003560|154.455170
2026-05-06|220|FICO|1065.229980|1082.410034|1043.459961|1067.000000|425600|1.0000000000|1067.000000
2026-05-06|221|CCL|27.299999|27.620001|26.790001|27.520000|50805300|0.9887339129|27.209957
2026-05-06|222|FAST|44.799999|45.410000|44.570000|44.709999|10982100|0.9945424013|44.465992
2026-05-06|223|SCHW|92.360001|92.750000|91.589996|92.150002|6883300|0.9935274715|91.553558
2026-05-06|224|JCI|138.830002|144.309998|138.360001|143.139999|7007600|0.9972406182|142.745026
2026-05-06|225|COHR|341.910004|354.200012|331.220001|344.670013|9720600|1.0000000000|344.670013
2026-05-06|226|KEY|22.000000|22.430000|22.000000|22.230000|11196200|0.9901913874|22.011955
2026-05-06|227|MOS|23.250000|23.870001|22.980000|23.559999|7914700|0.9899359564|23.322889
2026-05-06|228|MGM|38.619999|39.099998|38.009998|38.209999|4215700|1.0000000000|38.209999
2026-05-06|229|WM|223.089996|223.740005|220.009995|220.520004|1723300|0.9956851284|219.568481
2026-05-06|230|TECH|56.680000|56.680000|45.119999|47.410000|11948700|0.9970482740|47.270058
2026-05-06|231|IEX|218.220001|219.929993|216.990005|218.190002|731000|0.9931996195|216.706223
2026-05-06|232|GEN|19.670000|19.900000|19.230000|19.559999|9435500|0.9903038605|19.370342
2026-05-06|233|CRH|116.209999|116.459999|114.360001|114.910004|5649500|0.9923991275|114.036591
2026-05-06|234|EOG|136.000000|137.679993|133.389999|134.690002|5781900|0.9926332518|133.697769
2026-05-06|235|PTC|135.589996|137.300003|132.770004|136.770004|4102300|1.0000000000|136.770004
2026-05-06|236|CSCO|92.639999|93.419998|91.000000|91.639999|27026600|0.9962729613|91.298454
2026-05-06|237|LH|257.049988|260.570007|253.830002|256.940002|1066200|0.9972597526|255.687744
2026-05-06|238|TRMB|69.790001|69.790001|63.230000|63.419998|4416900|1.0000000000|63.419998
2026-05-06|239|AZO|3562.320068|3600.000000|3525.330078|3541.790039|233500|1.0000000000|3541.790039
2026-05-06|240|REGN|703.330017|726.159973|702.500000|721.049988|739900|0.9973440317|719.134888
2026-05-06|241|IDXX|561.849976|580.650024|550.450012|579.229980|665200|1.0000000000|579.229980
2026-05-06|242|AES|14.430000|14.450000|14.300000|14.340000|14268100|0.9881481485|14.170045
2026-05-06|243|VRTX|422.670013|431.059998|422.670013|427.649994|1203200|1.0000000000|427.649994
2026-05-06|244|ZBRA|232.000000|232.000000|225.740005|229.759995|589600|1.0000000000|229.759995
2026-05-06|245|BIIB|189.130005|191.169998|188.300003|190.679993|741300|1.0000000000|190.679993
2026-05-06|246|ODFL|196.570007|203.330002|196.570007|200.619995|1870700|0.9987340667|200.366028
2026-05-06|247|APH|138.000000|140.880005|137.020004|138.470001|10534400|0.9984936130|138.261414
2026-05-06|248|KIM|23.610001|23.870001|23.610001|23.799999|4292900|0.9891711788|23.542274
2026-05-06|249|QCOM|195.179993|197.500000|188.220001|192.570007|30145000|0.9963201471|191.861374
2026-05-06|250|GILD|133.380005|136.750000|133.190002|136.300003|6351200|0.9934708175|135.410065
2026-05-06|251|ROP|354.309998|356.980011|348.869995|350.260010|1578100|0.9974983506|349.383789
2026-05-06|252|SNPS|504.600006|507.339996|497.510010|504.420013|1866900|1.0000000000|504.420013
2026-05-06|253|STZ|151.309998|153.139999|150.020004|152.289993|1482600|0.9921821632|151.099411
2026-05-06|254|BSX|55.810001|56.099998|54.980000|56.000000|18680200|1.0000000000|56.000000
2026-05-06|255|STE|215.000000|217.369995|213.800003|214.460007|617200|0.9970332000|213.823746
2026-05-06|256|DHI|150.990005|152.800003|148.699997|149.169998|2628400|0.9940209933|148.278107
2026-05-06|257|LIN|497.529999|505.170013|497.070007|501.869995|2289300|0.9968477255|500.287964
2026-05-06|258|SBUX|104.750000|107.550003|104.400002|106.440002|8665700|0.9884945611|105.215363
2026-05-06|259|MS|192.169998|194.830002|192.169998|193.350006|6319500|0.9945253736|192.291489
2026-05-06|260|INTU|390.000000|398.279999|381.510010|388.549988|2247700|0.9955898568|386.836426
2026-05-06|261|MCHP|98.480003|103.239998|98.000000|102.919998|13764100|0.9890553567|101.793579
2026-05-06|262|CB|323.250000|326.750000|320.630005|321.899994|1332300|0.9968895800|320.898743
2026-05-06|263|ORLY|94.550003|95.669998|94.169998|94.779999|4026900|1.0000000000|94.779999
2026-05-06|264|RCL|280.029999|288.250000|275.049988|287.079987|3681000|0.9948418155|285.599182
2026-05-06|265|JBL|354.890015|372.369995|351.480011|372.339996|2582800|0.9995582709|372.175507
2026-05-06|266|ALL|219.000000|221.139999|216.619995|217.919998|1760100|0.9947595710|216.778000
2026-05-06|267|CPT|105.080002|105.879997|104.550003|104.809998|1501100|0.9909199930|103.858322
2026-05-06|268|VMRK|66.709999|66.860001|66.059998|66.160004|2801200|0.9897192157|65.479828
2026-05-06|269|IT|148.880005|153.759995|148.880005|151.050003|2569400|1.0000000000|151.050003
2026-05-06|270|DECK|102.949997|104.690002|101.010002|103.919998|2139100|1.0000000000|103.919998
2026-05-06|271|REG|79.160004|79.519997|78.839996|79.080002|1265700|0.9906432027|78.340065
2026-05-06|272|INCY|98.620003|100.010002|97.610001|99.849998|1178900|1.0000000000|99.849998
2026-05-06|273|SPG|203.729996|206.240005|203.160004|205.509995|1129900|0.9891482587|203.279846
2026-05-06|274|MAA|130.050003|132.669998|130.050003|130.300003|1362500|0.9885547570|128.808685
2026-05-06|275|MLM|616.190002|622.119995|610.770020|615.479980|410800|0.9985730005|614.601685
2026-05-06|276|TSCO|33.209999|33.369999|32.099998|32.529999|16916600|0.9851405019|32.046619
2026-05-06|277|ALB|201.059998|201.059998|192.100006|192.610001|2224900|0.9974537910|192.119583
2026-05-06|278|CPRT|33.009998|33.630001|33.009998|33.389999|5864900|1.0000000000|33.389999
2026-05-06|279|FLEX|119.849998|134.990005|119.000000|134.729996|18828600|1.0000000000|134.729996
2026-05-06|280|ESS|267.679993|269.619995|266.700012|267.260010|322700|0.9912479300|264.920929
2026-05-06|281|O|63.549999|64.080002|63.549999|64.010002|5081400|0.9871574584|63.187950
2026-05-06|282|MCO|458.290009|459.989990|446.880005|448.640015|1216700|0.9955156672|446.628174
2026-05-06|283|SJM|97.129997|97.440002|96.150002|96.830002|1493000|0.9798392929|94.877838
2026-05-06|284|MCK|777.000000|777.000000|735.789978|743.669983|2877200|0.9988955336|742.848633
2026-05-06|285|COF|192.229996|196.000000|192.229996|193.399994|4405000|0.9922218930|191.895706
2026-05-06|286|EME|937.250000|951.960022|908.619995|943.750000|562400|0.9994836978|943.262756
2026-05-06|287|DLTR|95.680000|98.660004|95.239998|96.510002|3784800|1.0000000000|96.510002
2026-05-06|288|COR|268.019989|268.019989|244.820007|252.740005|7858100|0.9957711437|251.671204
2026-05-06|289|DRI|198.279999|199.580002|194.919998|195.699997|975100|0.9919770205|194.129898
2026-05-06|290|RMD|207.119995|213.529999|207.119995|209.639999|1455600|0.9941821390|208.420349
2026-05-06|291|WAB|267.500000|274.000000|267.019989|270.489990|1112300|0.9977552294|269.882812
2026-05-06|292|FCX|60.630001|61.279999|60.009998|60.889999|17655500|0.9975786925|60.742565
2026-05-06|293|IVZ|27.350000|27.740000|27.080000|27.350000|5042600|0.9856541725|26.957642
2026-05-06|294|ACGL|94.209999|95.620003|94.209999|94.699997|3439700|1.0000000000|94.699997
2026-05-06|295|ERIE|221.250000|223.710007|213.550003|213.559998|219200|0.9943102712|212.344894
2026-05-06|296|EG|351.510010|354.309998|350.170013|351.899994|267700|0.9940520446|349.806915
2026-05-06|297|DVA|169.279999|194.289993|169.279999|193.880005|2941000|1.0000000000|193.880005
2026-05-06|298|HSIC|75.129997|76.029999|71.540001|72.440002|2495500|1.0000000000|72.440002
2026-05-06|299|EL|83.800003|87.430000|83.739998|86.669998|3745600|0.9961483439|86.336174
2026-05-06|300|WAT|344.000000|353.529999|341.190002|349.529999|1865300|1.0000000000|349.529999
2026-05-06|301|NTAP|114.019997|114.019997|110.419998|111.739998|2144200|0.9969719908|111.401642
2026-05-06|302|HIG|134.710007|135.360001|132.889999|133.490005|1408200|0.9952804215|132.859985
2026-05-06|303|IRM|132.320007|134.089996|131.229996|132.059998|1677500|0.9932096824|131.163269
2026-05-06|304|BRK-B|466.010010|470.630005|465.640015|469.829987|5698900|1.0000000000|469.829987
2026-05-06|305|FDS|216.130005|217.649994|211.610001|211.789993|823300|0.9951444118|210.761627
2026-05-06|306|STLD|240.440002|243.729996|238.089996|241.850006|971900|0.9977371702|241.302734
2026-05-06|307|DGX|190.889999|192.619995|188.490005|189.130005|898600|0.9959506546|188.364151
2026-05-06|308|CIEN|563.000000|583.780029|550.059998|576.789978|2244800|1.0000000000|576.789978
2026-05-06|309|TTWO|221.000000|225.139999|218.699997|222.000000|1850700|1.0000000000|222.000000
2026-05-06|310|VTR|86.779999|87.889999|86.339996|86.620003|4531000|0.9941769319|86.115608
2026-05-06|311|AMZN|272.890015|277.799988|272.209991|274.989990|44552000|1.0000000000|274.989990
2026-05-06|312|ARE|44.650002|47.130001|44.650002|45.830002|3984500|0.9870480303|45.236412
2026-05-06|313|RL|367.459991|374.940002|360.809998|372.149994|430600|0.9975616297|371.242554
2026-05-06|314|BXP|59.139999|60.580002|59.139999|59.840000|2194300|0.9895631429|59.215462
2026-05-06|315|FIX|1995.719971|2018.050049|1916.750000|2011.489990|432500|0.9990909066|2009.661377
2026-05-06|316|YUM|155.770004|158.000000|154.610001|156.020004|2429300|0.9951301862|155.260208
2026-05-06|317|CHRW|165.520004|169.750000|165.520004|168.589996|1457400|0.9965870306|168.014603
2026-05-06|318|FE|45.790001|46.139999|45.310001|45.549999|8965800|0.9800753088|44.642429
2026-05-06|319|MTD|1326.489990|1340.890015|1308.160034|1327.040039|183300|1.0000000000|1327.040039
2026-05-06|320|PLD|141.600006|143.809998|141.449997|142.899994|3322000|0.9927946128|141.870346
2026-05-06|321|URI|945.000000|965.750000|940.830017|964.500000|684400|0.9962197184|960.853882
2026-05-06|322|AEE|109.250000|111.500000|108.000000|109.589996|2599300|0.9930004667|108.822914
2026-05-06|323|VRSN|272.470001|277.970001|270.269989|275.760010|1025700|0.9944277890|274.223419
2026-05-06|324|PWR|773.859985|788.750000|758.210022|785.239990|1212600|0.9998472307|785.120056
2026-05-06|325|AMT|179.149994|181.250000|178.410004|180.160004|2116000|0.9905446092|178.456528
2026-05-06|326|MAR|363.869995|365.000000|352.799988|359.059998|1972500|0.9960059445|357.625916
2026-05-06|327|CTSH|51.549999|52.000000|50.860001|51.330002|7902700|0.9872095485|50.673470
2026-05-06|328|SRE|93.779999|94.099998|92.370003|93.669998|4183800|0.9929041305|93.005325
2026-05-06|329|CSGP|34.950001|35.259998|34.029999|34.070000|5466000|1.0000000000|34.070000
2026-05-06|330|RSG|202.399994|203.000000|199.550003|199.690002|2386600|0.9970890970|199.108719
2026-05-06|331|CCI|89.730003|90.870003|89.250000|90.239998|2535700|0.9884657123|89.199142
2026-05-06|332|EBAY|106.879997|108.769997|105.360001|108.150002|7454100|0.9972353518|107.524086
2026-05-06|333|NVDA|199.889999|208.270004|198.610001|207.830002|188362800|0.9988358556|207.588058
2026-05-06|334|BKNG|173.229996|175.520004|168.220001|168.320007|9043500|0.9974923877|167.897919
2026-05-06|335|GS|935.929993|944.059998|931.330017|937.349976|2318200|0.9956121536|933.237000
2026-05-06|336|FFIV|339.940002|342.869995|331.170013|341.019989|675200|1.0000000000|341.019989
2026-05-06|337|SBAC|218.860001|221.539993|217.759995|218.440002|847300|0.9871816268|215.639938
2026-05-06|338|LII|537.570007|547.330017|537.429993|541.369995|383700|0.9976091276|540.075684
2026-05-06|339|BLK|1065.750000|1081.569946|1064.849976|1073.569946|662600|0.9943964168|1067.554077
2026-05-06|340|TKO|188.369995|191.979996|186.669998|190.470001|2209500|0.9961152636|189.730072
2026-05-06|341|AKAM|117.779999|122.239998|115.440002|121.989998|5979300|1.0000000000|121.989998
2026-05-06|342|UPS|98.930000|100.790001|98.580002|99.889999|7358700|0.9679890039|96.692421
2026-05-06|343|A|119.809998|120.279999|117.230003|117.690002|2734600|0.9980802530|117.464066
2026-05-06|344|TDY|635.260010|647.460022|633.380005|644.130005|281700|1.0000000000|644.130005
2026-05-06|345|PKG|226.710007|231.270004|226.589996|226.820007|710100|0.9934276825|225.329269
2026-05-06|346|EW|82.730003|83.589996|81.320000|83.199997|5083700|1.0000000000|83.199997
2026-05-06|347|MET|81.000000|81.589996|80.040001|80.160004|3283000|0.9862851080|79.060616
2026-05-06|348|ON|102.620003|105.900002|100.059998|105.769997|21980800|1.0000000000|105.769997
2026-05-06|349|ISRG|451.619995|455.000000|446.899994|451.730011|1982700|1.0000000000|451.730011
2026-05-06|350|CRL|187.229996|189.339996|180.690002|181.729996|1102500|1.0000000000|181.729996
2026-05-06|351|MRVL|172.600006|175.800003|165.000000|172.149994|23205300|0.9997533605|172.107529
2026-05-06|352|EQIX|1082.900024|1097.439941|1078.469971|1087.959961|545400|0.9903463937|1077.457275
2026-05-06|353|TPR|145.639999|149.309998|145.539993|148.830002|3397800|0.9971524169|148.406189
2026-05-06|354|GRMN|237.990005|243.649994|237.929993|242.820007|829300|0.9955900883|241.749191
2026-05-06|355|GPN|72.300003|74.199997|67.959999|69.629997|5751500|0.9961797067|69.363991
2026-05-06|356|ALGN|169.470001|174.960007|168.729996|173.940002|768400|1.0000000000|173.940002
2026-05-06|357|WTW|264.790009|266.489990|252.309998|252.410004|1273100|0.9963732529|251.494568
2026-05-06|358|MDLZ|61.450001|62.189999|61.330002|61.869999|6020000|0.9916874483|61.355701
2026-05-06|359|AXON|384.480011|387.679993|369.429993|385.859985|2245900|1.0000000000|385.859985
2026-05-06|360|FIS|46.630001|46.779999|45.880001|45.970001|11228400|0.9887092639|45.450966
2026-05-06|361|ACN|179.500000|179.500000|173.520004|174.570007|6813000|0.9881186678|172.495880
2026-05-06|362|ZBH|83.720001|84.500000|82.559998|82.830002|2379000|0.9973498233|82.610489
2026-05-06|363|BG|128.949997|129.509995|124.910004|126.050003|1390300|0.9877945902|124.511505
2026-05-06|364|PFG|101.650002|103.000000|101.070000|101.550003|1007000|0.9920864700|100.746384
2026-05-06|365|ELV|373.029999|377.869995|369.369995|374.709991|1177600|0.9959475060|373.191467
2026-05-06|366|CNC|52.590000|55.669998|52.000000|55.330002|7988800|1.0000000000|55.330002
2026-05-06|367|PRU|101.889999|102.519997|97.910004|100.160004|3721300|0.9752946989|97.685516
2026-05-06|368|NFLX|87.150002|88.550003|86.720001|88.269997|41932400|1.0000000000|88.269997
2026-05-06|369|NDAQ|89.389999|90.160004|88.589996|89.199997|3952100|0.9964261009|88.881203
2026-05-06|370|WYNN|108.279999|109.000000|107.230003|107.570000|1120000|0.9949442808|107.026161
2026-05-06|371|CME|285.779999|288.890015|283.019989|288.339996|2168700|0.9948418839|286.852692
2026-05-06|372|STX|768.799988|787.349976|752.799988|786.419983|5575000|0.9992874955|785.859619
2026-05-06|373|NRG|153.179993|157.830002|149.000000|150.639999|3887100|0.9964628787|150.107162
2026-05-06|374|AIZ|235.960007|241.789993|230.559998|236.610001|638000|0.9965805324|235.800919
2026-05-06|375|CBRE|144.380005|147.220001|143.940002|145.160004|1753800|1.0000000000|145.160004
2026-05-06|376|CRM|185.520004|187.100006|179.580002|181.190002|11303400|0.9974256962|180.723557
2026-05-06|377|DPZ|334.269989|335.679993|322.170013|324.660004|1132200|0.9938557491|322.665222
2026-05-06|378|EXR|141.889999|145.550003|140.619995|143.850006|1143200|0.9892430283|142.302612
2026-05-06|379|GOOG|389.589996|396.380005|387.100006|395.140015|23097300|0.9993985127|394.902344
2026-05-06|380|GOOGL|394.250000|399.850006|392.760010|398.040009|31308500|0.9994030337|397.802399
2026-05-06|381|DLR|198.139999|201.259995|197.050003|199.679993|1625700|0.9933767643|198.357468
2026-05-06|382|MPWR|1581.000000|1662.000000|1556.310059|1652.349976|854100|0.9984765039|1649.832642
2026-05-06|383|LVS|53.000000|53.560001|52.689999|53.220001|5905100|0.9936548222|52.882313
2026-05-06|384|DXCM|59.709999|61.080002|58.700001|60.360001|5905300|1.0000000000|60.360001
2026-05-06|385|BLDR|77.739998|81.449997|77.309998|80.029999|3612500|1.0000000000|80.029999
2026-05-06|386|WBD|27.160000|27.370001|27.100000|27.200001|21831600|1.0000000000|27.200001
2026-05-06|387|EXPE|257.350006|257.350006|243.610001|246.660004|1796800|0.9964448664|245.783096
2026-05-06|388|CF|122.089996|123.300003|119.360001|119.760002|5379700|0.9908287958|118.661652
2026-05-06|389|AMP|477.059998|480.049988|473.429993|475.290009|514000|0.9968855344|473.809723
2026-05-06|390|ICE|155.270004|155.850006|153.300003|153.399994|3104400|0.9962997224|152.832382
2026-05-06|391|PSKY|10.800000|11.050000|10.690000|10.910000|10000400|0.9952244509|10.857899
2026-05-06|392|LYV|161.429993|169.910004|159.199997|167.820007|6544100|1.0000000000|167.820007
2026-05-06|393|CMG|33.189999|33.619999|32.689999|32.740002|16697200|1.0000000000|32.740002
2026-05-06|394|UAL|99.660004|100.389999|97.199997|100.040001|8754700|1.0000000000|100.040001
2026-05-06|395|TDG|1231.530029|1255.430054|1221.859985|1233.369995|472800|1.0000000000|1233.369995
2026-05-06|396|MA|499.140015|500.739990|489.730011|491.890015|4363300|0.9983264725|491.066833
2026-05-06|397|LDOS|135.899994|136.529999|129.360001|134.899994|2230500|0.9964800263|134.425156
2026-05-06|398|FSLR|218.160004|219.539993|214.600006|218.000000|2513200|1.0000000000|218.000000
2026-05-06|399|BR|151.699997|154.380005|151.080002|152.830002|856600|0.9932693636|151.801361
2026-05-06|400|SMCI|31.440001|34.709999|31.120001|34.660000|127295700|1.0000000000|34.660000
2026-05-06|401|TMUS|192.660004|195.210007|191.649994|193.160004|5754100|0.9946034600|191.015167
2026-05-06|402|DAL|74.379997|74.750000|72.730003|73.339996|9503800|0.9948974393|72.965775
2026-05-06|403|IBKR|85.370003|87.339996|85.370003|87.040001|3943100|0.9989881568|86.951927
2026-05-06|404|PODD|167.039993|168.589996|148.309998|151.279999|4460800|1.0000000000|151.279999
2026-05-06|405|TEL|208.000000|217.259995|207.949997|216.169998|3040500|0.9922749574|214.500076
2026-05-06|406|BX|125.000000|125.709999|122.910004|124.690002|4850500|0.9899021526|123.430901
2026-05-06|407|LULU|131.899994|132.509995|129.610001|132.039993|2551400|1.0000000000|132.039993
2026-05-06|408|ULTA|537.539978|543.210022|530.969971|535.099976|691600|1.0000000000|535.099976
2026-05-06|409|MSCI|578.260010|584.539978|573.619995|582.140015|834200|0.9928506457|577.978088
2026-05-06|410|ECHO|118.730003|126.779999|117.470001|125.750000|5979200|1.0000000000|125.750000
2026-05-06|411|PM|169.440002|171.240005|168.610001|170.529999|4558800|0.9917776037|169.127838
2026-05-06|412|V|323.750000|324.579987|318.000000|318.799988|7808400|0.9960807290|317.550507
2026-05-06|413|AWK|125.000000|127.169998|124.690002|125.680000|1659100|0.9863367160|123.962799
2026-05-06|414|KDP|28.809999|29.139999|28.280001|28.559999|11812200|0.9929274294|28.358007
2026-05-06|415|SW|41.070000|42.290001|40.990002|41.889999|6109700|0.9797713221|41.042622
2026-05-06|416|AVGO|435.559998|437.679993|417.779999|425.440002|20707000|0.9984198371|424.767731
2026-05-06|417|VRSK|177.960007|179.600006|170.820007|170.940002|2205700|0.9972796518|170.474991
2026-05-06|418|DG|116.550003|117.540001|114.809998|116.370003|2930300|0.9949256041|115.779495
2026-05-06|419|FTNT|88.779999|90.110001|87.290001|89.949997|8050800|1.0000000000|89.949997
2026-05-06|420|CHTR|158.600006|162.000000|156.139999|156.520004|2951000|1.0000000000|156.520004
2026-05-06|421|FERG|254.470001|257.850006|250.899994|252.210007|1359400|0.9924610460|250.308609
2026-05-06|422|GNRC|266.739990|269.260010|263.679993|267.420013|732400|1.0000000000|267.420013
2026-05-06|423|LYB|73.930000|74.529999|71.550003|73.480003|7463000|0.9795355103|71.976273
2026-05-06|424|CBOE|338.170013|346.000000|334.369995|346.000000|1027300|0.9979084359|345.276306
2026-05-06|425|TSLA|386.250000|401.679993|384.019989|398.730011|53465400|1.0000000000|398.730011
2026-05-06|426|KKR|103.430000|103.459999|100.239998|100.790001|5120200|0.9961485906|100.401817
2026-05-06|427|NXPI|291.559998|303.910004|291.209991|303.549988|4488500|0.9966193239|302.523804
2026-05-06|428|GM|78.199997|79.449997|77.830002|78.699997|5434800|0.9978370584|78.529778
2026-05-06|429|TRGP|253.309998|253.809998|246.990005|249.500000|1481800|0.9953417306|248.337753
2026-05-06|430|CPAY|305.390015|308.510010|298.459991|305.429993|726300|1.0000000000|305.429993
2026-05-06|431|KMI|32.009998|32.130001|31.330000|31.580000|12802200|0.9907395899|31.287556
2026-05-06|432|HCA|428.010010|436.429993|428.000000|429.450012|1092000|0.9979998461|428.591034
2026-05-06|433|HII|323.959991|325.890015|311.000000|319.540009|938200|0.9956995948|316.688965
2026-05-06|434|APO|134.020004|135.339996|128.880005|129.529999|4502400|0.9916121637|128.443512
2026-05-06|435|MPC|253.000000|254.720001|244.460007|245.779999|2664500|0.9934777159|244.176956
2026-05-06|436|XYL|118.120003|120.489998|117.790001|118.589996|2501500|0.9923180477|117.678993
2026-05-06|437|APTV|55.459999|57.709999|55.459999|56.799999|4980100|1.0000000000|56.799999
2026-05-06|438|PSX|173.550003|175.449997|169.889999|171.720001|2379200|0.9875507674|169.582230
2026-05-06|439|AMCR|40.630001|41.360001|39.689999|40.209999|7415900|0.9836148215|39.551151
2026-05-06|440|META|601.049988|619.950012|598.099976|612.880005|19915500|0.9990740414|612.312500
2026-05-06|441|NOW|91.599998|91.680000|88.209999|89.050003|23117900|1.0000000000|89.050003
2026-05-06|442|PANW|180.440002|184.979996|179.190002|183.679993|5595600|1.0000000000|183.679993
2026-05-06|443|FANG|198.839996|198.960007|192.470001|195.080002|3938200|0.9890830467|192.950317
2026-05-06|444|WDAY|126.849998|127.300003|121.089996|122.629997|4683100|1.0000000000|122.629997
2026-05-06|445|ABBV|206.110001|207.009995|203.559998|205.029999|7290000|0.9929324291|203.580933
2026-05-06|446|NCLH|17.549999|17.990000|17.280001|17.750000|31485200|1.0000000000|17.750000
2026-05-06|447|ZTS|113.690002|115.129997|110.940002|111.220001|5274400|0.9930773248|110.450066
2026-05-06|448|IQV|180.320007|182.699997|175.770004|176.470001|1837100|1.0000000000|176.470001
2026-05-06|449|NWS|29.610001|30.620001|29.610001|30.230000|1704200|1.0000000000|30.230000
2026-05-06|450|NWSA|25.700001|26.559999|25.700001|26.200001|5924600|1.0000000000|26.200001
2026-05-06|451|CDW|127.500000|128.350006|106.000000|109.000000|6330500|0.9893792048|107.842331
2026-05-06|452|VEEV|169.000000|171.080002|167.160004|167.350006|35354600|1.0000000000|167.350006
2026-05-06|453|ALLE|134.199997|137.300003|133.449997|135.330002|1241000|0.9958946033|134.774414
2026-05-06|454|HLT|317.959991|322.920013|315.109985|321.510010|1799100|0.9990803866|321.214355
2026-05-06|455|ARES|124.400002|125.500000|121.400002|123.860001|3057200|0.9900265958|122.624695
2026-05-06|456|ANET|153.000000|154.830002|140.580002|147.059998|35627200|1.0000000000|147.059998
2026-05-06|457|SYF|74.599998|75.555000|74.589996|75.150002|3788400|0.9957005565|74.826897
2026-05-06|458|CFG|64.900002|65.930000|64.900002|65.620003|5153500|0.9935492916|65.196709
2026-05-06|459|KEYS|360.000000|366.769989|357.989990|366.679993|945500|1.0000000000|366.679993
2026-05-06|460|GDDY|86.540001|87.750000|84.813004|85.199997|1707400|1.0000000000|85.199997
2026-05-06|461|KHC|23.170000|23.559999|22.680000|23.070000|26374700|0.9821984863|22.659319
2026-05-06|462|PYPL|46.685001|47.459999|45.755001|46.270000|19820100|0.9967143863|46.117977
2026-05-06|463|LITE|996.000000|1013.500000|902.010010|944.280029|9902100|1.0000000000|944.280029
2026-05-06|464|HPE|30.139999|30.420000|29.525000|30.370001|12871900|0.9970828234|30.281406
2026-05-06|465|XYZ|71.690002|71.940002|69.960999|70.830002|5229600|1.0000000000|70.830002
2026-05-06|466|FTV|61.200001|61.500000|59.880001|60.400002|4219400|0.9990168769|60.340622
2026-05-06|467|DELL|220.800003|239.449997|219.600006|238.800003|9187200|0.9983502671|238.406052
2026-05-06|468|TTD|24.820000|24.850000|23.870001|24.010000|15459500|1.0000000000|24.010000
2026-05-06|469|VST|161.494995|162.990005|156.600006|158.289993|8214800|0.9986015267|158.068634
2026-05-06|470|HWM|250.720001|258.299988|249.639999|256.429993|4287800|0.9990766853|256.193237
2026-05-06|471|INVH|28.740000|29.080000|28.629999|28.740000|5407900|0.9898785423|28.449108
2026-05-06|472|CVNA|391.385002|404.940987|381.469994|389.379997|2587600|0.2000000000|77.875999
2026-05-06|473|IR|78.099998|80.129997|77.584999|78.650002|4848700|0.9994839545|78.609413
2026-05-06|474|VICI|28.350000|28.844999|28.340000|28.650000|5883900|0.9834741092|28.176533
2026-05-06|475|VRT|351.559998|359.839996|343.649994|358.920013|5583200|0.9997919900|358.845337
2026-05-06|476|MRNA|47.105000|49.049999|46.730000|48.790001|4390300|1.0000000000|48.790001
2026-05-06|477|FOXA|62.439999|63.360001|61.865002|62.209999|3491700|1.0000000000|62.209999
2026-05-06|478|FOX|56.540001|56.790001|55.860001|56.220001|1085700|1.0000000000|56.220001
2026-05-06|479|DOW|38.070000|38.910000|37.584999|38.500000|17871600|0.9899338512|38.112453
2026-05-06|480|UBER|77.459999|80.110001|76.699997|79.169998|35783000|1.0000000000|79.169998
2026-05-06|481|CTVA|82.239998|83.550003|81.175003|81.769997|5345100|0.9977005620|81.581970
2026-05-06|482|CRWD|468.399994|475.295990|457.459991|468.070007|2198900|0.2500000000|117.017502
2026-05-06|483|DDOG|143.720001|145.690002|140.714005|143.710007|8224000|1.0000000000|143.710007
2026-05-06|484|CARR|66.110001|68.480003|65.849998|67.900002|7663800|0.9964168410|67.656708
2026-05-06|485|OTIS|76.809998|77.690002|76.050003|76.709999|3869300|0.9879889159|75.788628
2026-05-06|486|PLTR|133.710007|135.699997|131.149994|133.789993|55524800|1.0000000000|133.789993
2026-05-06|487|DASH|168.250000|172.570007|164.360001|167.970001|9015200|1.0000000000|167.970001
2026-05-06|488|ABNB|141.604996|143.899994|138.949997|139.880005|4379800|1.0000000000|139.880005
2026-05-06|489|EXE|97.250000|98.760002|96.519997|96.930000|3438500|0.9880522369|95.771904
2026-05-06|490|COIN|195.779999|198.500000|193.250000|197.960007|7764900|1.0000000000|197.960007
2026-05-06|491|APP|479.000000|479.309998|452.515015|468.829987|7943700|1.0000000000|468.829987
2026-05-06|492|HOOD|77.800003|79.489998|76.190002|79.050003|24673100|1.0000000000|79.050003
2026-05-06|493|CEG|320.420013|325.690002|314.010010|322.779999|3062200|0.9969162535|321.784637
2026-05-06|494|GEHC|61.820000|62.689999|61.130001|61.735001|5358900|0.9994353928|61.700142
2026-05-06|495|KVUE|17.420000|17.760000|17.420000|17.680000|23925600|0.9772015009|17.276922
2026-05-06|496|VLTO|88.400002|89.010002|86.639999|86.879997|1561200|0.9985280797|86.752113
2026-05-06|497|RDDT|172.024994|172.649994|162.550003|166.559998|7179800|1.0000000000|166.559998
2026-05-06|498|SOLV|68.010002|72.760002|67.760002|70.989998|2686800|1.0000000000|70.989998
2026-05-06|499|GEV|1114.000000|1125.430054|1069.270020|1118.959961|2282800|0.9994893113|1118.388550
2026-05-06|500|SNDK|1437.400024|1439.699951|1337.560059|1409.979980|21114100|1.0000000000|1409.979980
2026-05-06|501|Q|148.039993|151.360001|145.119995|149.440002|1859500|0.9994967288|149.364792
