date|security_id|ticker|open|high|low|close|volume|adj_factor|adj_close_vendor
2026-05-20|1|AEP|129.500000|129.929993|128.509995|128.869995|5812900|0.9924441265|127.896263
2026-05-20|2|BA|216.800003|223.020004|216.500000|222.199997|7708500|1.0000000000|222.199997
2026-05-20|3|CAT|871.219971|877.760010|857.059998|872.559998|2415600|0.9981483165|870.944275
2026-05-20|4|CNP|42.590000|42.910000|42.230000|42.240002|6477100|0.9886466776|41.760437
2026-05-20|5|CVX|196.250000|198.190002|191.270004|191.330002|14564900|0.9913483039|189.674683
2026-05-20|6|DIS|102.910004|104.860001|101.599998|104.080002|7941400|0.9923958226|103.288559
2026-05-20|7|DTE|143.660004|144.179993|142.490005|142.770004|1354500|0.9921049063|141.642822
2026-05-20|8|ED|107.779999|108.330002|105.889999|106.300003|1945000|0.9918651523|105.435272
2026-05-20|9|GD|341.200012|342.880005|337.459991|339.750000|780200|0.9956181446|338.261261
2026-05-20|10|GE|289.000000|300.450012|286.179993|300.170013|6098400|0.9987550328|299.796326
2026-05-20|11|HON|216.949999|218.320001|214.769997|217.389998|4027001|1.0456302247|227.309555
2026-05-20|12|HPQ|20.990000|21.469999|20.750000|21.070000|13478000|0.9879711310|20.816551
2026-05-20|13|IBM|221.050003|225.000000|216.779999|225.000000|4873400|0.9928776129|223.397461
2026-05-20|14|IP|29.549999|30.900000|29.260000|30.879999|6553000|0.9742073595|30.083523
2026-05-20|15|JNJ|231.690002|232.000000|229.169998|229.320007|7353800|0.9894021702|226.889709
2026-05-20|16|KO|82.169998|82.400002|81.519997|81.550003|16999700|0.9935850886|81.026871
2026-05-20|17|KR|70.029999|70.029999|68.459999|68.680000|5747800|0.9931853922|68.211975
2026-05-20|18|LMT|526.630005|526.849976|517.000000|522.590027|1018900|0.9934960884|519.191162
2026-05-20|19|MMM|149.800003|150.869995|147.550003|149.779999|3873100|0.9905187908|148.359894
2026-05-20|20|MO|74.000000|74.309998|73.129997|73.330002|8020400|0.9852654995|72.249519
2026-05-20|21|MRK|114.629997|114.949997|112.900002|113.000000|9130600|0.9928601430|112.193199
2026-05-20|22|MSI|398.059998|403.769989|392.459991|395.920013|1260000|0.9970118292|394.736938
2026-05-20|23|PG|141.449997|143.220001|140.619995|142.440002|8375600|0.9925903246|141.384567
2026-05-20|24|XOM|161.610001|163.679993|156.270004|156.279999|18509700|0.9935665212|155.274567
2026-05-20|25|RTX|175.470001|176.160004|173.000000|174.850006|6634800|0.9925545778|173.548172
2026-05-20|26|MCD|280.290009|281.019989|276.399994|280.269989|4056900|0.9932635540|278.381958
2026-05-20|27|AXP|310.000000|310.869995|303.040009|309.820007|4577100|0.9972701149|308.974243
2026-05-20|28|BMY|58.669998|59.209999|58.110001|58.540001|8547200|0.9888377035|57.886562
2026-05-20|29|DD|46.760000|48.059998|46.750000|47.250000|3571200|3.0000000000|141.750000
2026-05-20|30|DE|556.000000|567.599976|550.260010|560.460022|1441200|0.9974147424|559.011108
2026-05-20|31|EMR|131.360001|133.970001|129.429993|132.860001|3295200|0.9966201816|132.410965
2026-05-20|32|ETN|373.769989|382.459991|371.459991|379.690002|2684600|0.9975456838|378.758118
2026-05-20|33|ETR|111.309998|112.379997|110.900002|111.930000|3814000|0.9940658321|111.265785
2026-05-20|34|F|13.050000|13.310000|12.920000|13.220000|42349000|0.9892857143|13.078358
2026-05-20|35|HAL|43.000000|43.590000|42.040001|42.299999|12885600|0.9957637679|42.120808
2026-05-20|36|LLY|1024.989990|1037.880005|1003.690002|1018.869995|2998800|0.9985690653|1017.412048
2026-05-20|37|PCG|16.410000|16.520000|16.160000|16.309999|11929000|0.9970997679|16.262697
2026-05-20|38|PEP|149.570007|150.649994|148.389999|149.289993|7425800|0.9895884624|147.735657
2026-05-20|39|PFE|25.760000|26.030001|25.670000|25.790001|35574200|0.9828068774|25.346590
2026-05-20|40|TXN|305.220001|305.739990|298.950012|304.880005|7660700|0.9949060125|303.326935
2026-05-20|41|WFC|74.889999|76.300003|73.980003|75.809998|14695300|0.9942915856|75.377243
2026-05-20|42|HUBB|464.959991|468.809998|458.010010|463.320007|1052124|0.9970037769|461.931793
2026-05-20|43|WMT|132.910004|133.649994|130.330002|130.850006|28471600|0.9976117102|130.537491
2026-05-20|44|AIG|77.949997|78.489998|76.949997|78.029999|3300700|0.9933984683|77.514885
2026-05-20|45|AVY|153.990005|158.460007|152.679993|158.320007|808200|0.9936321953|157.311859
2026-05-20|46|BAC|50.990002|51.580002|50.490002|51.230000|47739400|0.9948310871|50.965195
2026-05-20|47|BALL|55.189999|56.860001|54.599998|56.810001|3821600|0.9963416864|56.602173
2026-05-20|48|BDX|147.660004|148.880005|144.630005|146.949997|2479100|0.9929995336|145.921280
2026-05-20|49|CLX|92.300003|94.800003|91.849998|94.260002|2423000|0.9884526559|93.171555
2026-05-20|50|CMI|659.840027|673.700012|656.419983|669.869995|684600|0.9931721942|665.296326
2026-05-20|51|CMS|73.489998|73.730003|72.720001|72.949997|2188600|0.9919943817|72.365990
2026-05-20|52|CVS|95.180000|96.370003|93.000000|93.279999|7886200|0.9938471504|92.706062
2026-05-20|53|ECL|244.960007|250.360001|243.210007|248.639999|2028600|0.9972820015|247.964203
2026-05-20|54|ES|69.250000|69.489998|68.760002|69.050003|1875200|1.0000000000|69.050003
2026-05-20|55|EVRG|83.269997|83.570000|82.830002|83.160004|3182400|0.9834796618|81.786179
2026-05-20|56|GWW|1242.729980|1253.229980|1234.890015|1244.050049|198400|0.9980509570|1241.625366
2026-05-20|57|LNT|73.230003|73.570000|72.430000|72.500000|2729400|0.9924530963|71.952850
2026-05-20|58|MKC|47.299999|47.299999|46.180000|46.700001|2615400|0.9910196447|46.280621
2026-05-20|59|MRSH|164.389999|165.419998|162.449997|163.380005|2073400|0.9943746806|162.460938
2026-05-20|60|NEE|90.019997|90.690002|88.089996|88.269997|15748800|0.9927287582|86.974129
2026-05-20|61|NI|47.840000|47.900002|47.020000|47.020000|5349900|0.9933436876|46.707024
2026-05-20|62|PNW|102.019997|102.360001|101.519997|101.930000|988400|0.9909892067|101.011528
2026-05-20|63|RVTY|96.349998|96.830002|93.519997|94.800003|1423400|0.9993733214|94.740593
2026-05-20|64|SNA|359.279999|363.440002|356.190002|363.309998|512400|0.9938338681|361.069763
2026-05-20|65|SPGI|408.149995|417.230009|403.799999|417.010015|2084800|0.9417621693|392.724243
2026-05-20|66|TER|327.859985|344.470001|324.480011|344.339996|3387500|0.9996224662|344.209991
2026-05-20|67|TGT|120.209999|123.129997|117.050003|122.330002|20309300|0.9923829532|121.398209
2026-05-20|68|TXT|88.769997|90.129997|87.830002|89.519997|1083800|0.9997866667|89.500900
2026-05-20|69|VMC|259.290009|264.399994|258.019989|263.260010|1202800|0.9961649269|262.250397
2026-05-20|70|XEL|80.239998|80.440002|79.529999|79.860001|4506200|0.9925145167|79.262207
2026-05-20|71|ITW|247.550003|250.899994|245.080002|250.770004|1707700|0.9939806334|249.260529
2026-05-20|72|CL|89.910004|90.849998|89.260002|90.349998|7058000|0.9942998496|89.834991
2026-05-20|73|EXC|44.709999|45.160000|44.619999|44.869999|4628300|0.9906832302|44.451958
2026-05-20|74|MDT|78.169998|78.599998|77.349998|78.150002|9665700|0.9910581218|77.451195
2026-05-20|75|BNY|136.910004|138.630005|135.699997|137.160004|3073300|0.9960354919|136.616241
2026-05-20|76|EIX|71.220001|71.230003|69.650002|69.739998|2574800|0.9882683051|68.921829
2026-05-20|77|FRT|115.180000|116.400002|114.580002|116.059998|633800|0.9908457552|114.997551
2026-05-20|78|PNR|71.860001|74.419998|70.730003|74.190002|1880000|0.9956500725|73.867279
2026-05-20|79|USB|53.560001|54.570000|53.049999|54.500000|5250700|0.9915143601|54.037533
2026-05-20|80|WY|22.809999|23.299999|22.809999|23.240000|5471200|0.9914979760|23.042414
2026-05-20|81|SYY|74.889999|75.839996|74.239998|75.459999|3081500|0.9934155392|74.963135
2026-05-20|82|WRB|68.129997|68.339996|67.629997|68.239998|1948400|0.9910634494|67.630173
2026-05-20|83|IFF|71.669998|75.059998|71.300003|74.430000|2651500|0.9947403026|74.038521
2026-05-20|84|TAP|41.810001|43.180000|41.650002|42.759998|3287400|0.9881685974|41.767246
2026-05-20|85|PNC|214.479996|218.089996|211.880005|216.830002|2087900|0.9920904849|215.114975
2026-05-20|86|TRV|307.290009|307.660004|303.010010|306.959991|1348700|0.9958368027|305.682068
2026-05-20|87|C|120.970001|125.279999|119.889999|124.820000|11182000|0.9949414872|124.188591
2026-05-20|88|FDX|376.850018|388.939997|375.509982|386.840015|1419400|0.8027880446|310.550537
2026-05-20|89|WDC|469.380005|469.649994|456.179993|459.619995|5311700|0.9997393571|459.500183
2026-05-20|90|DHR|167.259995|171.279999|164.100006|171.119995|4158800|0.9979297139|170.765717
2026-05-20|91|APA|40.959999|41.580002|39.160000|39.320000|6678200|0.9930109031|39.045189
2026-05-20|92|LUV|37.669998|40.090000|37.439999|39.700001|7906900|0.9956521741|39.527393
2026-05-20|93|PEG|78.199997|78.639999|77.489998|78.059998|2528000|0.9913815279|77.387238
2026-05-20|94|UNP|269.970001|274.630005|264.690002|265.799988|3795100|0.9948314607|264.426178
2026-05-20|95|ABT|88.199997|88.790001|87.099998|88.379997|7834400|0.9929181654|87.754105
2026-05-20|96|ADI|390.000000|406.140015|383.850006|398.049988|10353000|0.9972683702|396.962677
2026-05-20|97|ADM|79.010002|79.199997|77.059998|77.550003|3654800|0.9936931471|77.060905
2026-05-20|98|ADP|218.220001|221.020004|215.339996|220.690002|2846700|0.9924702132|219.028259
2026-05-20|99|AFL|117.949997|118.660004|116.879997|117.220001|2057900|0.9949889100|116.632599
2026-05-20|100|AMAT|416.450012|427.500000|415.850006|426.850006|6888400|0.9976914901|425.864624
2026-05-20|101|AMD|428.040009|449.390015|426.049988|447.579987|36137500|1.0000000000|447.579987
2026-05-20|102|APD|289.119995|293.399994|285.459991|289.190002|1668100|0.9938263181|287.404633
2026-05-20|103|BF-B|25.700001|25.910000|24.900000|25.639999|2530800|0.9913580245|25.418419
2026-05-20|104|CHD|95.750000|96.720001|94.870003|96.120003|1583400|0.9969601263|95.827805
2026-05-20|105|CINF|167.300003|168.850006|166.320007|168.529999|526200|0.9945494610|167.611420
2026-05-20|106|CMCSA|24.870001|25.170000|24.740000|24.879999|33277100|0.9865580444|24.545563
2026-05-20|107|D|68.199997|68.889999|67.309998|67.730003|12506100|0.9900860786|67.058533
2026-05-20|108|DOV|208.500000|211.110001|205.720001|210.979996|718600|0.9975530563|210.463745
2026-05-20|109|DUK|124.699997|125.199997|123.669998|123.809998|3988800|0.9912844404|122.730927
2026-05-20|110|EFX|159.809998|165.610001|156.729996|164.860001|1573700|0.9965665237|164.293961
2026-05-20|111|EQT|59.310001|59.590000|57.700001|57.830002|6263400|0.9968732234|57.649178
2026-05-20|112|FITB|48.000000|49.119999|47.369999|48.860001|4863900|0.9929552658|48.515797
2026-05-20|113|GIS|33.880001|33.880001|32.990002|33.619999|8140600|0.9829846576|33.047943
2026-05-20|114|GPC|92.129997|95.550003|90.779999|94.970001|1478200|0.9892223458|93.946449
2026-05-20|115|HAS|89.010002|92.209999|87.139999|88.599998|5639800|0.9844894224|87.225761
2026-05-20|116|HBAN|15.550000|15.890000|15.380000|15.820000|12387200|0.9910508082|15.678423
2026-05-20|117|HRL|20.280001|20.860001|19.959999|20.760000|5644100|0.9881520418|20.514036
2026-05-20|118|HST|21.790001|22.330000|21.680000|22.299999|8225700|0.9630818621|21.476725
2026-05-20|119|HSY|191.679993|192.119995|188.000000|190.839996|1615300|0.9921985814|189.351181
2026-05-20|120|INTC|116.220001|121.940002|114.800003|118.959999|165086900|1.0000000000|118.959999
2026-05-20|121|J|112.389999|114.029999|109.839996|113.820000|799100|0.9944174758|113.184593
2026-05-20|122|JPM|296.700012|302.929993|293.670013|301.980011|9327000|0.9955152929|300.625732
2026-05-20|123|KMB|96.269997|97.809998|95.699997|97.550003|3073000|0.9864507253|96.228271
2026-05-20|124|L|108.080002|109.339996|107.199997|108.779999|988100|0.9988625697|108.656265
2026-05-20|125|LEN|83.800003|87.389999|82.750000|87.309998|2701300|0.9940723176|86.792450
2026-05-20|126|LOW|213.979996|221.539993|208.000000|221.050003|6111600|0.9938577955|219.692276
2026-05-20|127|MAS|64.230003|67.099998|63.970001|66.680000|2197500|0.9908891403|66.072495
2026-05-20|128|MTB|207.520004|211.130005|205.070007|210.419998|771300|0.9930590903|208.959488
2026-05-20|129|NEM|105.169998|107.970001|104.550003|107.389999|7543900|0.9976704596|107.139832
2026-05-20|130|NTRS|165.100006|166.490005|163.500000|165.960007|926900|0.9953773257|165.192825
2026-05-20|131|NUE|222.899994|225.720001|221.770004|225.669998|884300|0.9975500919|225.117126
2026-05-20|132|OMC|71.410004|72.180000|69.980003|71.879997|2996200|0.9894221866|71.119667
2026-05-20|133|PCAR|109.529999|112.349998|108.599998|111.639999|2774300|0.9973590885|111.345169
2026-05-20|134|PGR|202.080002|203.839996|200.410004|202.600006|2884300|0.9995561474|202.510071
2026-05-20|135|PH|859.119995|863.099976|847.460022|859.440002|790400|1.0000000000|859.440002
2026-05-20|136|PHM|111.860001|116.470001|110.660004|116.260002|2313700|0.9978834255|116.013931
2026-05-20|137|PPG|101.739998|105.620003|100.639999|104.389999|3227700|0.9938189109|103.744759
2026-05-20|138|PPL|35.410000|35.720001|35.279999|35.439999|8645600|0.9920279720|35.157471
2026-05-20|139|RF|27.020000|27.650000|26.709999|27.530001|11455400|0.9905357143|27.269449
2026-05-20|140|ROL|54.480000|54.480000|52.970001|53.270000|2533000|0.9951510336|53.011696
2026-05-20|141|SHW|299.019989|308.079987|295.000000|307.700012|2727300|0.9951137391|306.196533
2026-05-20|142|STT|151.940002|155.050003|150.960007|154.070007|1554600|0.9950471700|153.306915
2026-05-20|143|SWK|74.300003|75.860001|72.139999|74.980003|1752800|0.9894240575|74.187019
2026-05-20|144|SYK|318.209991|322.869995|313.980011|321.489990|3020300|0.9973375287|320.634033
2026-05-20|145|TMO|449.089996|452.239990|438.660004|451.790009|2851600|0.9989985938|451.337585
2026-05-20|146|TPL|393.399994|402.799988|384.829987|402.529999|557300|0.9984732824|401.915436
2026-05-20|147|TSN|66.389999|66.779999|65.730003|66.519997|2248600|0.9916420846|65.964027
2026-05-20|148|TT|449.279999|456.209991|446.320007|451.690002|1810100|0.9977358979|450.667328
2026-05-20|149|TYL|316.600006|317.959991|310.149994|317.260010|622600|1.0000000000|317.260010
2026-05-20|150|UDR|37.290001|37.930000|37.180000|37.830002|3552300|0.9926177659|37.550732
2026-05-20|151|VTRS|16.240000|16.639999|16.200001|16.590000|12345800|0.9853197013|16.346453
2026-05-20|152|WEC|111.760002|112.150002|110.230003|110.650002|2298300|0.9913583604|109.693802
2026-05-20|153|WST|303.989990|305.760010|299.720001|305.500000|641800|0.9993471810|305.300568
2026-05-20|154|NDSN|272.540009|277.380005|270.500000|276.200012|410000|0.9971745572|275.419617
2026-05-20|155|TFC|47.009998|48.020000|46.459999|48.000000|7078000|0.9901868280|47.528969
2026-05-20|156|WELL|218.289993|220.500000|214.339996|218.610001|5114400|0.9962391044|217.787842
2026-05-20|157|AON|323.600006|323.600006|316.899994|321.149994|1479300|0.9977256968|320.419617
2026-05-20|158|GL|150.759995|154.740005|148.500000|154.460007|759500|0.9981716439|154.177597
2026-05-20|159|OKE|95.099998|96.070000|91.919998|92.150002|4767700|0.9882171564|91.064217
2026-05-20|160|KLAC|1776.999969|1835.859985|1773.000031|1829.470062|900000|0.0998870999|182.740463
2026-05-20|161|CSX|46.209999|46.740002|45.869999|45.939999|13304800|0.9969438988|45.799603
2026-05-20|162|PSA|301.500000|306.890015|300.779999|302.869995|896700|0.9907958521|300.082336
2026-05-20|163|NKE|42.209999|44.279999|41.830002|44.189999|27060200|0.9911312999|43.798092
2026-05-20|164|AAPL|298.179993|302.799988|298.079987|302.250000|38229800|0.9991382887|301.989563
2026-05-20|165|BRO|58.259998|58.259998|56.470001|57.430000|2231500|0.9976903696|57.297359
2026-05-20|166|UHS|165.279999|167.270004|162.929993|164.320007|651600|0.9986223049|164.093628
2026-05-20|167|HD|301.059998|311.010010|296.670013|310.579987|5810900|0.9925551970|308.267792
2026-05-20|168|BAX|18.440001|18.830000|18.010000|18.770000|6801200|0.9994805195|18.753016
2026-05-20|169|COP|124.269997|126.000000|121.769997|122.360001|5665700|0.9933743492|121.549286
2026-05-20|170|GLW|180.690002|184.229996|178.229996|180.690002|13838300|0.9984696945|180.413498
2026-05-20|171|HUM|314.500000|315.660004|304.049988|304.100006|1593900|0.9976462766|303.384247
2026-05-20|172|LHX|309.000000|311.100006|303.589996|309.149994|1583200|0.9959648783|307.902527
2026-05-20|173|NOC|556.059998|556.059998|547.570007|552.169983|966000|0.9956180811|549.750427
2026-05-20|174|OXY|60.500000|61.240002|58.830002|58.869999|12476300|0.9954022988|58.599331
2026-05-20|175|ROK|426.019989|438.420013|420.459991|436.230011|725900|0.9969290339|434.890381
2026-05-20|176|SLB|56.869999|57.700001|56.599998|57.279999|11128300|0.9947843000|56.981243
2026-05-20|177|SO|94.510002|94.660004|93.529999|93.620003|5306800|0.9918103451|92.853287
2026-05-20|178|WMB|79.540001|80.080002|77.559998|77.879997|6545500|0.9926696456|77.309113
2026-05-20|179|VLO|261.450012|263.750000|251.779999|253.770004|2959500|0.9914397807|251.597672
2026-05-20|180|CI|291.269989|292.359985|283.000000|283.100006|1291400|0.9942378017|281.468719
2026-05-20|181|NSC|319.019989|320.700012|310.059998|311.839996|1592000|0.9960579337|310.610687
2026-05-20|182|COO|61.259998|62.200001|60.430000|61.750000|3730600|1.0000000000|61.750000
2026-05-20|183|AMGN|330.750000|333.529999|326.799988|331.570007|4074400|0.9941899340|329.643555
2026-05-20|184|RJF|151.490005|153.029999|150.089996|152.070007|1310800|0.9964480694|151.529861
2026-05-20|185|WSM|171.960007|180.679993|168.300003|180.250000|2339200|0.9966722130|179.650162
2026-05-20|186|CAH|199.610001|201.059998|198.580002|199.229996|1756500|0.9978279171|198.797241
2026-05-20|187|CTAS|171.389999|171.669998|169.300003|171.360001|1705400|0.9974090682|170.916016
2026-05-20|188|PAYX|93.360001|95.000000|91.669998|94.919998|2753900|0.9896951856|93.941864
2026-05-20|189|BEN|31.070000|31.430000|30.770000|31.200001|3819000|0.9900632337|30.889975
2026-05-20|190|AOS|54.720001|56.799999|54.160000|56.680000|1636500|0.9939809398|56.338840
2026-05-20|191|CASY|858.309998|877.669983|852.169983|852.510010|364400|0.9992507205|851.871216
2026-05-20|192|T|24.940001|25.280001|24.790001|24.930000|40363800|0.9867870728|24.600603
2026-05-20|193|VZ|47.730000|48.090000|47.490002|47.820000|16714600|0.9832386370|47.018471
2026-05-20|194|JBHT|256.700012|264.980011|256.179993|262.880005|932300|0.9983161833|262.437347
2026-05-20|195|ATO|178.199997|179.020004|175.860001|176.000000|2009900|0.9884163190|173.961273
2026-05-20|196|LRCX|279.579987|293.630005|277.519989|292.089996|8574200|0.9992960416|291.884399
2026-05-20|197|MU|734.960022|735.679993|700.659973|731.989990|48827400|0.9998462422|731.877441
2026-05-20|198|AJG|203.350006|204.979996|199.669998|203.610001|1470500|0.9966824645|202.934525
2026-05-20|199|AME|222.419998|224.820007|220.509995|224.710007|1103100|0.9985029940|224.373611
2026-05-20|200|SWKS|70.500000|74.449997|70.309998|74.349998|4165800|0.9913855858|73.709518
2026-05-20|201|EXPD|157.729996|159.899994|155.869995|158.419998|1292100|0.9948730934|157.607788
2026-05-20|202|UNH|389.549988|393.380005|380.700012|383.299988|7783900|0.9943209633|381.123230
2026-05-20|203|BBY|58.720001|61.040001|57.009998|60.980000|4127700|0.9868673048|60.179169
2026-05-20|204|DOC|19.330000|19.740000|19.200001|19.660000|5814400|0.9857012064|19.378887
2026-05-20|205|ADSK|239.750000|243.869995|233.199997|243.630005|1711200|1.0000000000|243.630005
2026-05-20|206|DVN|49.349998|50.279999|48.360001|48.459999|12715900|0.9929375416|48.117752
2026-05-20|207|NVR|5773.000000|6000.000000|5691.500000|5990.370117|33900|1.0000000000|5990.370117
2026-05-20|208|ROST|214.500000|220.779999|213.589996|217.789993|3684500|0.9980432679|217.363831
2026-05-20|209|JKHY|138.660004|140.440002|136.720001|139.820007|1053100|0.9955252350|139.194351
2026-05-20|210|MNST|86.349998|87.629997|86.010002|86.879997|4333900|0.5000000000|86.879997
2026-05-20|211|ORCL|179.940002|188.220001|178.800003|188.160004|16517200|0.9965330745|187.507675
2026-05-20|212|MSFT|414.170013|422.100006|411.299988|421.059998|27864000|0.9959638868|419.360535
2026-05-20|213|TROW|101.919998|103.089996|100.870003|101.830002|1604300|0.9881430134|100.622604
2026-05-20|214|COST|1089.369995|1089.739990|1072.000000|1074.010010|2223400|0.9984126298|1072.305176
2026-05-20|215|ADBE|250.279999|253.690002|246.210007|253.369995|4789600|1.0000000000|253.369995
2026-05-20|216|FISV|56.070000|56.740002|54.459999|56.410000|5367600|1.0000000000|56.410000
2026-05-20|217|BKR|65.760002|67.430000|65.760002|66.790001|8734500|0.9963346614|66.545197
2026-05-20|218|CDNS|335.390015|351.369995|331.559998|350.890015|2027700|1.0000000000|350.890015
2026-05-20|219|TJX|152.889999|160.589996|152.449997|159.210007|9371800|0.9968547277|158.709244
2026-05-20|220|FICO|1170.780029|1243.000000|1150.000000|1230.229980|395300|1.0000000000|1230.229980
2026-05-20|221|CCL|24.000000|26.340000|23.450001|26.030001|49192600|0.9947898578|25.894381
2026-05-20|222|FAST|43.570000|44.130001|43.180000|43.680000|8845200|0.9945424013|43.441612
2026-05-20|223|SCHW|92.320000|92.559998|89.730003|90.110001|12827800|0.9970924949|89.848007
2026-05-20|224|JCI|136.429993|138.679993|135.800003|137.750000|3867800|0.9972406182|137.369888
2026-05-20|225|COHR|362.970001|365.859985|345.019989|358.500000|5065900|1.0000000000|358.500000
2026-05-20|226|KEY|21.020000|21.469999|20.770000|21.410000|8467600|0.9901913874|21.199997
2026-05-20|227|MOS|21.250000|21.969999|21.150000|21.860001|7990100|0.9899359564|21.639999
2026-05-20|228|MGM|35.860001|36.860001|35.320000|36.509998|4292900|1.0000000000|36.509998
2026-05-20|229|WM|220.460007|221.869995|219.110001|219.589996|1841400|0.9956851284|218.642487
2026-05-20|230|TECH|45.580002|46.779999|44.270000|46.700001|2806300|0.9988938053|46.648342
2026-05-20|231|IEX|205.979996|208.240005|203.449997|208.190002|475600|0.9931996195|206.774216
2026-05-20|232|GEN|24.080000|25.059999|23.670000|25.000000|10513300|0.9956109550|24.890274
2026-05-20|233|CRH|99.500000|102.029999|97.800003|101.449997|9297400|0.9960081882|101.045029
2026-05-20|234|EOG|143.869995|145.699997|140.220001|141.630005|3499700|0.9926332518|140.586655
2026-05-20|235|PTC|143.289993|148.130005|140.610001|147.960007|1341500|1.0000000000|147.960007
2026-05-20|236|CSCO|115.690002|116.919998|113.849998|114.349998|26154800|0.9962729613|113.923813
2026-05-20|237|LH|255.410004|257.480011|251.009995|257.420013|400200|0.9972597526|256.165405
2026-05-20|238|TRMB|54.299999|56.009998|52.799999|55.970001|3021600|1.0000000000|55.970001
2026-05-20|239|AZO|3323.429932|3438.040039|3309.729980|3419.360107|358600|1.0000000000|3419.360107
2026-05-20|240|REGN|634.320007|651.000000|633.599976|649.760010|1165600|0.9988336456|649.002136
2026-05-20|241|IDXX|546.140015|554.280029|535.950012|553.580017|619000|1.0000000000|553.580017
2026-05-20|242|AES|14.570000|14.730000|14.570000|14.730000|14813600|0.9881481485|14.555422
2026-05-20|243|VRTX|434.309998|439.980011|427.640015|430.440002|1784800|1.0000000000|430.440002
2026-05-20|244|ZBRA|246.919998|248.240005|239.559998|243.470001|1102300|1.0000000000|243.470001
2026-05-20|245|BIIB|191.410004|193.380005|186.369995|187.800003|919700|1.0000000000|187.800003
2026-05-20|246|ODFL|206.089996|210.470001|204.779999|209.830002|1657100|0.9987340667|209.564362
2026-05-20|247|APH|119.970001|123.099998|119.599998|123.050003|9564100|0.9984936130|122.864639
2026-05-20|248|KIM|23.430000|23.900000|23.309999|23.809999|3513100|0.9891711788|23.552166
2026-05-20|249|QCOM|197.000000|203.589996|194.000000|202.509995|19037500|0.9963201471|201.764786
2026-05-20|250|GILD|131.360001|131.949997|129.490005|130.690002|5571000|0.9934708175|129.836700
2026-05-20|251|ROP|325.130005|325.130005|318.570007|323.119995|775000|0.9974983506|322.311646
2026-05-20|252|SNPS|479.339996|499.230011|473.769989|498.929993|2259300|1.0000000000|498.929993
2026-05-20|253|STZ|146.169998|151.440002|144.500000|151.179993|1862300|0.9921821632|149.998093
2026-05-20|254|BSX|56.680000|56.939999|55.330002|56.669998|15398800|1.0000000000|56.669998
2026-05-20|255|STE|213.270004|216.960007|209.330002|215.970001|856300|0.9970332000|215.329254
2026-05-20|256|DHI|136.110001|141.850006|134.320007|141.759995|3333400|0.9970287223|141.338791
2026-05-20|257|LIN|500.299988|512.390015|499.970001|506.630005|2049700|0.9968477255|505.032990
2026-05-20|258|SBUX|106.379997|107.459999|105.410004|106.500000|6632500|0.9942883465|105.891708
2026-05-20|259|MS|191.960007|198.070007|190.089996|197.770004|7201100|0.9945253736|196.687286
2026-05-20|260|INTU|384.450012|390.500000|374.910004|383.929993|6992600|0.9955898568|382.236816
2026-05-20|261|MCHP|92.680000|94.339996|91.809998|94.019997|10871600|0.9890553567|92.990974
2026-05-20|262|CB|331.600006|331.600006|327.489990|328.380005|1513900|0.9968895800|327.358612
2026-05-20|263|ORLY|91.550003|93.029999|90.839996|92.220001|5344400|1.0000000000|92.220001
2026-05-20|264|RCL|241.500000|257.239990|232.100006|253.889999|6644000|0.9948418155|252.580383
2026-05-20|265|JBL|337.450012|349.519989|334.940002|345.149994|1106400|0.9997839939|345.075439
2026-05-20|266|ALL|224.740005|224.970001|221.029999|221.979996|1220700|0.9947595710|220.816727
2026-05-20|267|CPT|105.320000|107.290001|104.510002|106.290001|1129700|0.9909199930|105.324890
2026-05-20|268|VMRK|65.489998|66.510002|65.139999|66.279999|2104600|0.9897192157|65.598587
2026-05-20|269|IT|152.070007|158.539993|147.979996|158.460007|1444300|1.0000000000|158.460007
2026-05-20|270|DECK|93.910004|98.250000|92.309998|98.239998|2348700|1.0000000000|98.239998
2026-05-20|271|REG|77.470001|78.230003|77.260002|77.739998|1151400|0.9906432027|77.012604
2026-05-20|272|INCY|98.400002|98.400002|96.040001|97.080002|1066300|1.0000000000|97.080002
2026-05-20|273|SPG|201.490005|204.360001|199.970001|204.100006|1152200|0.9891482587|201.885162
2026-05-20|274|MAA|128.639999|130.649994|127.430000|130.259995|747300|0.9885547570|128.769135
2026-05-20|275|MLM|531.419983|542.539978|527.309998|541.979980|646100|0.9985730005|541.206604
2026-05-20|276|TSCO|30.959999|31.959999|30.580000|31.690001|9785900|0.9851405019|31.219101
2026-05-20|277|ALB|170.000000|171.190002|167.139999|170.210007|2321500|0.9974537910|169.776627
2026-05-20|278|CPRT|33.020000|33.250000|32.369999|33.040001|14844200|1.0000000000|33.040001
2026-05-20|279|FLEX|127.760002|134.000000|127.089996|131.520004|6316300|1.0000000000|131.520004
2026-05-20|280|ESS|272.100006|275.549988|271.480011|275.029999|472500|0.9912479300|272.622925
2026-05-20|281|O|62.040001|62.320000|61.669998|62.240002|4749600|0.9871574584|61.440681
2026-05-20|282|MCO|434.369995|445.450012|427.890015|444.269989|1162000|0.9978911593|443.333099
2026-05-20|283|SJM|101.559998|102.540001|99.379997|100.480003|1658100|0.9907154105|99.547089
2026-05-20|284|MCK|761.229980|765.510010|751.479980|754.679993|1088700|0.9988955336|753.846497
2026-05-20|285|COF|184.130005|187.229996|180.000000|187.229996|6295000|0.9964810416|186.571152
2026-05-20|286|EME|868.340027|870.789978|851.039978|853.150024|264300|0.9994836978|852.709534
2026-05-20|287|DLTR|90.059998|93.820000|88.260002|93.480003|4111300|1.0000000000|93.480003
2026-05-20|288|COR|265.290009|267.529999|262.500000|264.750000|1943200|0.9980645786|264.237610
2026-05-20|289|DRI|194.020004|198.729996|191.970001|197.270004|742800|0.9919770205|195.687317
2026-05-20|290|RMD|208.990005|211.740005|207.279999|209.860001|1786900|0.9971385215|209.259491
2026-05-20|291|WAB|258.100006|261.149994|255.860001|259.130005|778800|0.9977552294|258.548340
2026-05-20|292|FCX|59.189999|61.060001|58.810001|60.869999|12015900|0.9975786925|60.722614
2026-05-20|293|IVZ|26.730000|27.160000|26.360001|26.980000|4232800|0.9933559952|26.800745
2026-05-20|294|ACGL|96.160004|97.220001|95.250000|96.839996|2316500|1.0000000000|96.839996
2026-05-20|295|ERIE|222.809998|223.479996|220.059998|222.070007|128100|0.9943102712|220.806488
2026-05-20|296|EG|358.679993|360.089996|355.540009|358.420013|255700|0.9940520446|356.288147
2026-05-20|297|DVA|195.869995|199.000000|194.740005|196.869995|1882300|1.0000000000|196.869995
2026-05-20|298|HSIC|72.919998|73.900002|71.690002|73.230003|1359000|1.0000000000|73.230003
2026-05-20|299|EL|76.790001|78.419998|75.669998|78.199997|3312300|0.9961483439|77.898796
2026-05-20|300|WAT|335.250000|342.049988|323.850006|341.320007|904300|1.0000000000|341.320007
2026-05-20|301|NTAP|120.169998|121.489998|118.650002|118.970001|1828200|0.9969719908|118.609756
2026-05-20|302|HIG|135.289993|136.699997|133.690002|136.690002|2138500|0.9952804215|136.044891
2026-05-20|303|IRM|124.449997|126.080002|124.230003|125.809998|1025600|0.9932096824|124.955704
2026-05-20|304|BRK-B|482.000000|482.720001|477.619995|480.899994|4647500|1.0000000000|480.899994
2026-05-20|305|FDS|218.940002|225.619995|215.000000|223.679993|717300|0.9951444118|222.593903
2026-05-20|306|STLD|224.520004|228.490005|222.339996|228.300003|933700|0.9977371702|227.783401
2026-05-20|307|DGX|191.869995|194.850006|190.399994|193.750000|948700|0.9959506546|192.965439
2026-05-20|308|CIEN|554.210022|572.390015|545.099976|554.760010|1985900|1.0000000000|554.760010
2026-05-20|309|TTWO|236.100006|237.320007|233.130005|236.619995|1859200|1.0000000000|236.619995
2026-05-20|310|VTR|88.800003|89.839996|88.139999|88.599998|3907500|0.9941769319|88.084076
2026-05-20|311|AMZN|260.049988|265.579987|259.529999|265.010010|34933200|1.0000000000|265.010010
2026-05-20|312|ARE|46.110001|48.169998|45.700001|47.840000|1541800|0.9870480303|47.220379
2026-05-20|313|RL|321.000000|335.859985|317.230011|329.239990|1426700|0.9975616297|328.437195
2026-05-20|314|BXP|59.000000|60.110001|58.310001|59.900002|1221800|0.9895631429|59.274834
2026-05-20|315|FIX|1865.000000|1891.199951|1828.599976|1835.510010|419300|0.9994824076|1834.559937
2026-05-20|316|YUM|152.279999|154.029999|151.000000|152.710007|2501800|0.9951301862|151.966339
2026-05-20|317|CHRW|177.539993|184.270004|176.550003|180.639999|3211100|0.9965870306|180.023483
2026-05-20|318|FE|45.209999|45.730000|45.099998|45.439999|4043100|0.9901836603|44.993942
2026-05-20|319|MTD|1048.560059|1085.160034|1027.650024|1082.670044|214200|1.0000000000|1082.670044
2026-05-20|320|PLD|141.770004|144.699997|141.259995|144.679993|2834800|0.9927946128|143.637527
2026-05-20|321|URI|936.570007|945.460022|921.400024|936.270020|618300|0.9982773546|934.657166
2026-05-20|322|AEE|109.349998|109.730003|108.440002|108.690002|2204300|0.9930004667|107.929222
2026-05-20|323|VRSN|300.089996|305.559998|298.019989|303.000000|686300|0.9970730649|302.113129
2026-05-20|324|PWR|729.179993|729.710022|706.200012|709.929993|1315000|0.9998472307|709.821533
2026-05-20|325|AMT|181.960007|184.020004|180.660004|184.020004|2812700|0.9905446092|182.280029
2026-05-20|326|MAR|359.190002|371.510010|356.579987|369.750000|1748000|0.9960059445|368.273224
2026-05-20|327|CTSH|51.060001|51.529999|48.930000|51.299999|7514500|0.9941706413|51.000954
2026-05-20|328|SRE|91.599998|92.080002|90.879997|91.459999|2637700|0.9929041305|90.811012
2026-05-20|329|CSGP|33.410000|34.259998|32.189999|34.009998|5009200|1.0000000000|34.009998
2026-05-20|330|RSG|213.009995|214.320007|211.399994|212.199997|2051900|0.9970890970|211.582306
2026-05-20|331|CCI|91.120003|92.790001|91.099998|92.639999|3290500|0.9884657123|91.571465
2026-05-20|332|EBAY|114.529999|119.309998|113.279999|118.959999|8293500|0.9972353518|118.271523
2026-05-20|333|NVDA|223.179993|226.130005|220.500000|223.470001|184201600|0.9988358556|223.209854
2026-05-20|334|BKNG|153.449997|158.229996|150.139999|156.949997|8111300|0.9974923877|156.556427
2026-05-20|335|GS|945.000000|982.729980|940.500000|982.119995|3104400|0.9956121536|977.810608
2026-05-20|336|FFIV|381.880005|391.250000|379.890015|382.420013|639500|1.0000000000|382.420013
2026-05-20|337|SBAC|205.949997|208.940002|204.259995|207.740005|561400|0.9871816268|205.077103
2026-05-20|338|LII|484.269989|497.170013|477.059998|493.329987|370000|0.9976091276|492.150513
2026-05-20|339|BLK|1038.099976|1052.310059|1030.189941|1051.569946|760400|0.9943964168|1045.677368
2026-05-20|340|TKO|193.270004|196.169998|189.539993|194.279999|1429500|0.9961152636|193.525269
2026-05-20|341|AKAM|140.000000|144.110001|138.100006|143.550003|18000500|1.0000000000|143.550003
2026-05-20|342|UPS|96.699997|98.959999|96.150002|98.870003|4792500|0.9843062201|97.318359
2026-05-20|343|A|111.199997|113.830002|108.349998|113.779999|3018200|0.9980802530|113.561569
2026-05-20|344|TDY|615.700012|628.340027|606.750000|614.200012|424200|1.0000000000|614.200012
2026-05-20|345|PKG|206.820007|213.229996|205.110001|213.210007|901900|0.9934276825|211.808731
2026-05-20|346|EW|81.739998|83.589996|81.230003|82.970001|4029500|1.0000000000|82.970001
2026-05-20|347|MET|81.620003|82.860001|80.559998|82.510002|3006000|0.9938427991|82.001968
2026-05-20|348|ON|108.040001|110.800003|107.000000|110.209999|9813400|1.0000000000|110.209999
2026-05-20|349|ISRG|440.380005|449.769989|434.500000|449.029999|1737900|1.0000000000|449.029999
2026-05-20|350|CRL|152.809998|157.039993|147.509995|156.029999|880500|1.0000000000|156.029999
2026-05-20|351|MRVL|183.449997|193.320007|182.279999|186.800003|29808100|0.9997533605|186.753937
2026-05-20|352|EQIX|1044.839966|1066.859985|1044.300049|1065.060059|496400|0.9952446339|1059.995239
2026-05-20|353|TPR|133.240005|136.460007|131.309998|135.789993|3038300|0.9971524169|135.403320
2026-05-20|354|GRMN|228.570007|237.479996|226.960007|237.470001|948500|0.9955900883|236.422775
2026-05-20|355|GPN|68.470001|70.910004|66.760002|70.779999|3414300|0.9961797067|70.509598
2026-05-20|356|ALGN|155.160004|163.949997|151.580002|163.380005|1518200|1.0000000000|163.380005
2026-05-20|357|WTW|252.660004|254.949997|249.339996|254.050003|629600|0.9963732529|253.128616
2026-05-20|358|MDLZ|61.290001|62.139999|60.779999|61.840000|7100800|0.9916874483|61.325954
2026-05-20|359|AXON|389.440002|402.519989|383.100006|398.440002|963900|1.0000000000|398.440002
2026-05-20|360|FIS|43.410000|43.549999|42.270000|42.689999|6386800|0.9887092639|42.207996
2026-05-20|361|ACN|175.000000|180.509995|170.279999|179.220001|4239100|0.9881186678|177.090622
2026-05-20|362|ZBH|86.559998|87.220001|84.860001|85.379997|2569100|0.9973498233|85.153725
2026-05-20|363|BG|122.110001|123.320000|118.389999|119.949997|1727100|0.9877945902|118.485954
2026-05-20|364|PFG|101.269997|103.199997|100.370003|102.809998|985900|0.9920864700|101.996407
2026-05-20|365|ELV|403.000000|408.000000|392.019989|396.209991|1539600|0.9959475060|394.604340
2026-05-20|366|CNC|60.070000|60.759998|57.930000|58.279999|3111600|1.0000000000|58.279999
2026-05-20|367|PRU|101.370003|103.570000|100.000000|103.220001|1422900|0.9752946989|100.669914
2026-05-20|368|NFLX|88.519997|88.550003|87.500000|88.089996|23463400|1.0000000000|88.089996
2026-05-20|369|NDAQ|91.330002|91.650002|88.839996|90.010002|4617800|0.9964261009|89.688316
2026-05-20|370|WYNN|95.010002|99.629997|93.449997|98.059998|1550400|0.9975578784|97.820526
2026-05-20|371|CME|300.700012|301.910004|290.049988|290.119995|2859800|0.9948418839|288.623505
2026-05-20|372|STX|757.159973|764.969971|741.000000|751.070007|2269100|0.9992874955|750.534851
2026-05-20|373|NRG|127.169998|134.229996|127.000000|133.979996|3708300|0.9964628787|133.506088
2026-05-20|374|AIZ|257.750000|258.320007|253.740005|256.250000|355600|0.9965805324|255.373764
2026-05-20|375|CBRE|128.630005|131.979996|126.919998|131.119995|2099500|1.0000000000|131.119995
2026-05-20|376|CRM|176.039993|180.309998|173.339996|180.100006|13025300|0.9974256962|179.636368
2026-05-20|377|DPZ|310.649994|318.570007|305.600006|315.970001|795300|0.9938557491|314.028625
2026-05-20|378|EXR|139.539993|144.240005|139.539993|142.250000|1072500|0.9892430283|140.719818
2026-05-20|379|GOOG|385.040009|390.700012|380.000000|384.899994|16488100|0.9993985127|384.668488
2026-05-20|380|GOOGL|387.700012|393.859985|382.899994|388.910004|31744400|0.9994030337|388.677856
2026-05-20|381|DLR|187.759995|190.839996|186.199997|190.649994|1474400|0.9933767643|189.387283
2026-05-20|382|MPWR|1492.369995|1555.550049|1481.069946|1553.270020|753100|0.9984765039|1550.903564
2026-05-20|383|LVS|49.570000|50.220001|48.770000|49.619999|5255900|0.9936548222|49.305153
2026-05-20|384|DXCM|66.709999|71.480003|66.300003|71.440002|11248200|1.0000000000|71.440002
2026-05-20|385|BLDR|66.400002|71.360001|65.099998|71.230003|3274900|1.0000000000|71.230003
2026-05-20|386|WBD|27.120001|27.440001|27.070000|27.420000|17101800|1.0000000000|27.420000
2026-05-20|387|EXPE|214.850006|218.100006|206.350006|217.589996|1706700|0.9964448664|216.816452
2026-05-20|388|CF|125.949997|127.730003|120.400002|123.300003|4444200|0.9948739856|122.667969
2026-05-20|389|AMP|463.429993|465.750000|456.869995|457.269989|698400|0.9968855344|455.845825
2026-05-20|390|ICE|153.220001|153.740005|151.520004|151.690002|3770400|0.9962997224|151.128708
2026-05-20|391|PSKY|9.860000|10.190000|9.720000|10.130000|12427200|0.9952244509|10.081624
2026-05-20|392|LYV|162.529999|165.110001|159.710007|164.440002|4741700|1.0000000000|164.440002
2026-05-20|393|CMG|33.099998|33.270000|32.200001|32.959999|12284700|1.0000000000|32.959999
2026-05-20|394|UAL|90.000000|98.629997|89.239998|98.019997|9039200|1.0000000000|98.019997
2026-05-20|395|TDG|1183.270020|1206.329956|1169.670044|1198.089966|359700|1.0000000000|1198.089966
2026-05-20|396|MA|493.500000|499.700012|490.799988|498.040009|3615700|0.9983264725|497.206543
2026-05-20|397|LDOS|125.089996|125.120003|122.379997|124.389999|1115300|0.9964800263|123.952156
2026-05-20|398|FSLR|226.089996|238.130005|222.229996|237.860001|2326500|1.0000000000|237.860001
2026-05-20|399|BR|148.460007|150.059998|145.580002|149.199997|1300700|0.9932693636|148.195786
2026-05-20|400|SMCI|31.090000|33.959999|30.870001|33.459999|38111000|1.0000000000|33.459999
2026-05-20|401|TMUS|192.250000|194.039993|188.759995|190.160004|3836700|0.9946034600|188.048462
2026-05-20|402|DAL|68.650002|74.949997|68.160004|74.120003|11954600|0.9975369458|73.937439
2026-05-20|403|IBKR|84.000000|85.430000|83.209999|83.790001|6230000|0.9989881568|83.705215
2026-05-20|404|PODD|154.070007|157.380005|150.070007|156.589996|1129100|1.0000000000|156.589996
2026-05-20|405|TEL|200.410004|202.369995|197.960007|201.389999|1875100|0.9922749574|199.834244
2026-05-20|406|BX|114.849998|117.559998|112.699997|116.830002|4329600|0.9899021526|115.650269
2026-05-20|407|LULU|118.529999|125.309998|116.629997|125.190002|3355500|1.0000000000|125.190002
2026-05-20|408|ULTA|481.829987|495.000000|475.410004|493.119995|631300|1.0000000000|493.119995
2026-05-20|409|MSCI|576.000000|587.109985|569.179993|581.969971|540500|0.9964362700|579.895996
2026-05-20|410|ECHO|137.919998|142.729996|132.899994|141.800003|5523700|1.0000000000|141.800003
2026-05-20|411|PM|189.360001|189.910004|185.639999|188.630005|6328400|0.9917776037|187.079010
2026-05-20|412|V|330.089996|331.660004|326.820007|330.750000|9422500|0.9981456881|330.136688
2026-05-20|413|AWK|123.650002|124.830002|121.989998|122.360001|1851800|0.9933923956|121.551498
2026-05-20|414|KDP|28.860001|28.980000|28.540001|28.690001|15343100|0.9929274294|28.487089
2026-05-20|415|SW|36.029999|37.310001|35.529999|37.130001|5467700|0.9909636146|36.794479
2026-05-20|416|AVGO|412.809998|424.170013|411.420013|417.760010|16312600|0.9984198371|417.099884
2026-05-20|417|VRSK|168.669998|171.800003|166.320007|170.660004|1935900|0.9972796518|170.195755
2026-05-20|418|DG|102.550003|105.510002|101.059998|104.610001|3260300|0.9949256041|104.079170
2026-05-20|419|FTNT|125.910004|130.360001|125.330002|130.000000|5981000|1.0000000000|130.000000
2026-05-20|420|CHTR|142.419998|146.850006|141.100006|144.610001|2876400|1.0000000000|144.610001
2026-05-20|421|FERG|222.380005|226.289993|219.910004|225.679993|1848400|0.9962829937|224.841141
2026-05-20|422|GNRC|245.309998|247.360001|239.710007|245.190002|673400|1.0000000000|245.190002
2026-05-20|423|LYB|72.570000|73.470001|70.449997|71.300003|4352500|0.9795355103|69.840881
2026-05-20|424|CBOE|365.239990|369.309998|360.489990|360.920013|956600|0.9979084359|360.165131
2026-05-20|425|TSLA|407.600006|417.459991|406.390015|417.260010|45294700|1.0000000000|417.260010
2026-05-20|426|KKR|93.230003|94.660004|91.080002|94.339996|5532900|0.9981032973|94.161064
2026-05-20|427|NXPI|298.000000|311.040009|294.609985|310.149994|4261900|0.9966193239|309.101471
2026-05-20|428|GM|73.389999|76.160004|73.199997|76.139999|8069100|0.9978370584|75.975311
2026-05-20|429|TRGP|275.260010|280.000000|268.760010|270.690002|929100|0.9953417306|269.429047
2026-05-20|430|CPAY|342.359985|351.149994|333.179993|350.480011|569400|1.0000000000|350.480011
2026-05-20|431|KMI|34.310001|34.639999|33.570000|33.590000|8681300|0.9907395899|33.278942
2026-05-20|432|HCA|404.049988|404.739990|394.739990|396.670013|2217300|0.9979998461|395.876617
2026-05-20|433|HII|326.609985|326.920013|320.799988|321.920013|340800|0.9956995948|319.047729
2026-05-20|434|APO|131.520004|132.630005|128.789993|132.240005|3425500|0.9957937992|131.683777
2026-05-20|435|MPC|260.040009|264.140015|254.699997|258.369995|2210100|0.9972693263|257.664459
2026-05-20|436|XYL|106.260002|108.320000|105.290001|108.220001|1737900|0.9923180477|107.388664
2026-05-20|437|APTV|53.080002|54.650002|52.270000|54.570000|2597900|1.0000000000|54.570000
2026-05-20|438|PSX|182.949997|184.720001|177.300003|179.339996|2240000|0.9947204324|178.393158
2026-05-20|439|AMCR|36.860001|38.230000|36.250000|38.090000|5490300|0.9836148215|37.465889
2026-05-20|440|META|600.760010|608.000000|597.809998|605.059998|11329700|0.9990740414|604.499756
2026-05-20|441|NOW|100.750000|103.349998|97.500000|103.300003|30037700|1.0000000000|103.300003
2026-05-20|442|PANW|236.210007|250.000000|235.259995|246.660004|8698900|1.0000000000|246.660004
2026-05-20|443|FANG|207.080002|210.800003|202.899994|204.330002|1550900|0.9945230033|203.210892
2026-05-20|444|WDAY|124.809998|127.430000|122.209999|126.610001|6060000|1.0000000000|126.610001
2026-05-20|445|ABBV|213.360001|214.500000|211.500000|212.300003|5129000|0.9929324291|210.799561
2026-05-20|446|NCLH|14.980000|16.410000|14.640000|16.030001|33455900|1.0000000000|16.030001
2026-05-20|447|ZTS|78.470001|80.440002|77.250000|79.709999|7404700|0.9930773248|79.158195
2026-05-20|448|IQV|170.000000|171.970001|165.440002|171.500000|2160300|1.0000000000|171.500000
2026-05-20|449|NWS|29.940001|30.020000|29.340000|29.700001|992800|1.0000000000|29.700001
2026-05-20|450|NWSA|26.139999|26.200001|25.580000|25.770000|3991600|1.0000000000|25.770000
2026-05-20|451|CDW|105.669998|107.089996|103.349998|106.209999|1718800|0.9893792048|105.081963
2026-05-20|452|VEEV|160.000000|165.160004|156.690002|164.960007|1815100|1.0000000000|164.960007
2026-05-20|453|ALLE|126.099998|129.279999|125.000000|129.250000|836400|0.9958946033|128.719376
2026-05-20|454|HLT|317.170013|325.089996|314.549988|323.869995|1292100|0.9990803866|323.572144
2026-05-20|455|ARES|121.419998|124.099998|118.809998|122.110001|1864600|0.9900265958|120.892151
2026-05-20|456|ANET|142.000000|143.259995|137.500000|140.490005|9617000|1.0000000000|140.490005
2026-05-20|457|SYF|69.830002|72.120003|68.320000|72.050003|5998600|0.9957005565|71.740227
2026-05-20|458|CFG|61.830002|63.020000|60.959999|62.830002|3583800|0.9935492916|62.424702
2026-05-20|459|KEYS|330.000000|349.959991|326.799988|342.079987|3205500|1.0000000000|342.079987
2026-05-20|460|GDDY|88.580002|92.919998|87.190002|92.239998|2087400|1.0000000000|92.239998
2026-05-20|461|KHC|23.190001|23.655001|22.940001|23.530001|13959600|0.9821984863|23.111132
2026-05-20|462|PYPL|43.595001|44.410000|42.930000|44.375000|10991400|0.9967143863|44.229202
2026-05-20|463|LITE|917.010010|929.260010|856.229980|868.070007|5195000|1.0000000000|868.070007
2026-05-20|464|HPE|32.820000|34.000000|32.689999|33.799999|11467600|0.9970828234|33.701401
2026-05-20|465|XYZ|69.980003|71.745003|67.800003|70.889999|6427100|1.0000000000|70.889999
2026-05-20|466|FTV|58.130001|59.160000|57.380001|59.029999|3489500|0.9990168769|58.971966
2026-05-20|467|DELL|239.470001|246.929993|237.190002|242.929993|4332900|0.9983502671|242.529221
2026-05-20|468|TTD|20.764999|21.040001|20.219999|21.020000|21267300|1.0000000000|21.020000
2026-05-20|469|VST|138.000000|144.899994|137.809998|144.000000|7901600|0.9986015267|143.798630
2026-05-20|470|HWM|256.260010|262.700012|255.330002|261.209991|2514500|0.9995167748|261.083771
2026-05-20|471|INVH|28.530001|29.180000|28.459999|29.170000|4740400|0.9898785423|28.874758
2026-05-20|472|CVNA|63.700001|66.529999|61.090000|64.910004|10802800|1.0000000000|64.910004
2026-05-20|473|IR|68.949997|70.654999|68.410004|70.370003|5200800|0.9997640396|70.353394
2026-05-20|474|VICI|28.280001|28.510000|28.129999|28.400000|6155100|0.9834741092|27.930666
2026-05-20|475|VRT|325.000000|329.429993|314.250000|315.670013|6014000|0.9997919900|315.604340
2026-05-20|476|MRNA|46.040001|48.770000|45.950001|48.119999|4777800|1.0000000000|48.119999
2026-05-20|477|FOXA|65.110001|65.110001|63.820000|64.129997|2522600|1.0000000000|64.129997
2026-05-20|478|FOX|58.090000|58.380001|57.330002|57.380001|911700|1.0000000000|57.380001
2026-05-20|479|DOW|37.580002|37.889999|35.919998|36.270000|15321300|0.9899338512|35.904900
2026-05-20|480|UBER|73.800003|74.893997|72.529999|74.599998|12764800|1.0000000000|74.599998
2026-05-20|481|CTVA|78.580002|80.000000|78.349998|78.800003|3891600|0.9977005620|78.618805
2026-05-20|482|CRWD|614.299988|651.000000|614.064026|650.109985|4383300|0.2500000000|162.527496
2026-05-20|483|DDOG|212.389999|220.350006|210.559998|212.240005|5274500|1.0000000000|212.240005
2026-05-20|484|CARR|61.840000|63.889999|61.235001|63.590000|5360100|0.9964168410|63.362148
2026-05-20|485|OTIS|70.720001|71.330002|69.949997|71.269997|4031500|0.9939750786|70.840599
2026-05-20|486|PLTR|134.145004|137.240005|132.419998|137.149994|31307700|1.0000000000|137.149994
2026-05-20|487|DASH|153.009995|161.660004|146.809998|160.729996|7593600|1.0000000000|160.729996
2026-05-20|488|ABNB|131.399994|136.460007|128.199997|135.550003|6548500|1.0000000000|135.550003
2026-05-20|489|EXE|100.629997|100.885002|98.120003|98.849998|3760300|0.9940278354|98.259651
2026-05-20|490|COIN|193.750000|196.619995|189.729996|191.289993|7044200|1.0000000000|191.289993
2026-05-20|491|APP|474.410004|483.247009|461.000000|482.279999|2936100|1.0000000000|482.279999
2026-05-20|492|HOOD|74.750000|76.349998|73.750000|75.760002|17178300|1.0000000000|75.760002
2026-05-20|493|CEG|273.390015|282.600006|270.200012|281.260010|4095600|0.9984651331|280.828308
2026-05-20|494|GEHC|61.930000|64.389999|61.000000|64.260002|8740700|0.9994353928|64.223717
2026-05-20|495|KVUE|17.150000|17.389999|17.065001|17.320000|16569300|0.9889763775|17.129070
2026-05-20|496|VLTO|85.860001|86.550003|84.695000|86.190002|2679300|0.9985280797|86.063133
2026-05-20|497|RDDT|154.020004|154.759995|143.910004|146.720001|10395700|1.0000000000|146.720001
2026-05-20|498|SOLV|74.489998|76.300003|72.741997|76.129997|1348000|1.0000000000|76.129997
2026-05-20|499|GEV|1024.030029|1041.989990|1004.500000|1024.520020|2564600|0.9994893113|1023.996826
2026-05-20|500|SNDK|1437.979980|1444.000000|1366.979980|1392.560059|9141200|1.0000000000|1392.560059
2026-05-20|501|Q|149.089996|154.360001|148.000000|153.039993|1544700|0.9994967288|152.962982
