session|date|is_half_day|n_securities
86|2026-01-02|0|501
87|2026-01-05|0|501
88|2026-01-06|0|501
89|2026-01-07|0|501
90|2026-01-08|0|501
91|2026-01-09|0|501
92|2026-01-12|0|501
93|2026-01-13|0|501
94|2026-01-14|0|501
95|2026-01-15|0|501
96|2026-01-16|0|501
97|2026-01-20|0|501
98|2026-01-21|0|501
99|2026-01-22|0|501
100|2026-01-23|0|501
101|2026-01-26|0|501
102|2026-01-27|0|501
103|2026-01-28|0|501
104|2026-01-29|0|501
105|2026-01-30|0|501
106|2026-02-02|0|501
107|2026-02-03|0|501
108|2026-02-04|0|501
109|2026-02-05|0|501
110|2026-02-06|0|501
111|2026-02-09|0|501
112|2026-02-10|0|501
113|2026-02-11|0|501
114|2026-02-12|0|501
115|2026-02-13|0|501
116|2026-02-17|0|501
117|2026-02-18|0|501
118|2026-02-19|0|501
119|2026-02-20|0|501
120|2026-02-23|0|501
121|2026-02-24|0|501
122|2026-02-25|0|501
123|2026-02-26|0|501
124|2026-02-27|0|501
125|2026-03-02|0|501
126|2026-03-03|0|501
127|2026-03-04|0|501
128|2026-03-05|0|501
129|2026-03-06|0|501
130|2026-03-09|0|501
131|2026-03-10|0|501
132|2026-03-11|0|501
133|2026-03-12|0|501
134|2026-03-13|0|501
135|2026-03-16|0|501
136|2026-03-17|0|501
137|2026-03-18|0|501
138|2026-03-19|0|501
139|2026-03-20|0|501
140|2026-03-23|0|501
141|2026-03-24|0|501
142|2026-03-25|0|501
143|2026-03-26|0|501
144|2026-03-27|0|501
145|2026-03-30|0|501
146|2026-03-31|0|501
147|2026-04-01|0|501
148|2026-04-02|0|501
149|2026-04-06|0|501
150|2026-04-07|0|501
151|2026-04-08|0|501
152|2026-04-09|0|501
153|2026-04-10|0|501
154|2026-04-13|0|501
155|2026-04-14|0|501
156|2026-04-15|0|501
157|2026-04-16|0|501
158|2026-04-17|0|501
159|2026-04-20|0|501
160|2026-04-21|0|501
161|2026-04-22|0|501
162|2026-04-23|0|501
163|2026-04-24|0|501
164|2026-04-27|0|501
165|2026-04-28|0|501
166|2026-04-29|0|501
167|2026-04-30|0|501
168|2026-05-01|0|501
169|2026-05-04|0|501
170|2026-05-05|0|501
171|2026-05-06|0|501
172|2026-05-07|0|501
173|2026-05-08|0|501
174|2026-05-11|0|501
175|2026-05-12|0|501
176|2026-05-13|0|501
177|2026-05-14|0|501
178|2026-05-15|0|501
179|2026-05-18|0|501
180|2026-05-19|0|501
181|2026-05-20|0|501
182|2026-05-21|0|501
183|2026-05-22|0|501
184|2026-05-26|0|501
185|2026-05-27|0|502
186|2026-05-28|0|502
187|2026-05-29|0|502
188|2026-06-01|0|502
189|2026-06-02|0|502
190|2026-06-03|0|502
191|2026-06-04|0|502
192|2026-06-05|0|502
193|2026-06-08|0|502
194|2026-06-09|0|502
195|2026-06-10|0|502
196|2026-06-11|0|502
197|2026-06-12|0|502
198|2026-06-15|0|503
199|2026-06-16|0|503
200|2026-06-17|0|503
201|2026-06-18|0|503
202|2026-06-22|0|503
203|2026-06-23|0|503
204|2026-06-24|0|503
205|2026-06-25|0|503
206|2026-06-26|0|503
207|2026-06-29|0|503
208|2026-06-30|0|503
209|2026-07-01|0|503
210|2026-07-02|0|503
211|2026-07-06|0|503
212|2026-07-07|0|503
213|2026-07-08|0|503
214|2026-07-09|0|503
215|2026-07-10|0|503
216|2026-07-13|0|503
217|2026-07-14|0|503
218|2026-07-15|0|503
219|2026-07-16|0|503
220|2026-07-17|0|503
221|2026-07-20|0|503
222|2026-07-21|0|503
223|2026-07-22|0|503
224|2026-07-23|0|503
225|2026-07-24|0|503
226|2026-07-27|0|503
227|2026-07-28|0|503
228|2026-07-29|0|503
229|2026-07-30|0|503
230|2026-07-31|0|503
231|2026-08-03|0|503
232|2026-08-04|0|503
233|2026-08-05|0|503
234|2026-08-06|0|503
235|2026-08-07|0|503
236|2026-08-10|0|502
237|2026-08-11|0|503
238|2026-08-12|0|503
239|2026-08-13|0|503
240|2026-08-14|0|503
241|2026-08-17|0|503
242|2026-08-18|0|503
243|2026-08-19|0|503
244|2026-08-20|0|503
245|2026-08-21|0|503
246|2026-08-24|0|503
247|2026-08-25|0|503
248|2026-08-26|0|503
249|2026-08-27|0|503
