date|security_id|ticker|open|high|low|close|volume|adj_factor|adj_close_vendor
2025-10-16|1|AEP|119.889999|120.459999|117.360001|117.529999|4072000|0.9699113042|113.993668
2025-10-16|2|BA|214.660004|214.960007|210.660004|211.889999|5555200|1.0000000000|211.889999
2025-10-16|3|CAT|538.059998|544.989990|534.700012|540.960022|3463100|0.9910786923|536.133972
2025-10-16|4|CNP|39.849998|40.169998|39.540001|39.669998|5385100|0.9777626474|38.787838
2025-10-16|5|CVX|152.139999|152.729996|150.229996|151.710007|5276800|0.9620890936|145.958542
2025-10-16|6|DIS|111.790001|112.089996|108.510002|109.879997|7531200|0.9857264957|108.311623
2025-10-16|7|DTE|142.690002|143.600006|141.309998|141.500000|784000|0.9755422782|138.039230
2025-10-16|8|ED|102.680000|103.139999|100.980003|101.070000|1558800|0.9678975191|97.825409
2025-10-16|9|GD|332.440002|333.380005|329.510010|330.589996|787800|0.9869830633|326.286743
2025-10-16|10|GE|301.670013|303.049988|297.760010|299.839996|2623100|0.9961629631|298.689514
2025-10-16|11|HON|203.699996|204.869994|202.240002|203.170005|3101800|0.9694785487|196.968964
2025-10-16|12|HPQ|28.690001|28.730000|27.090000|27.200001|24747300|0.9607551428|26.132542
2025-10-16|13|IBM|281.109985|282.559998|275.600006|275.970001|2956900|0.9746618623|268.977417
2025-10-16|14|IP|47.049999|47.099998|46.189999|46.639999|3568700|0.9527969504|44.438450
2025-10-16|15|JNJ|191.339996|193.050003|190.429993|192.119995|10611800|0.9779609434|187.885849
2025-10-16|16|KO|67.180000|68.110001|67.160004|67.589996|15707200|0.9799171123|66.232597
2025-10-16|17|KR|68.959999|69.809998|68.610001|68.879997|4651700|0.9778352350|67.353287
2025-10-16|18|LMT|500.739990|501.309998|492.000000|493.250000|1099700|0.9808408602|483.799744
2025-10-16|19|MMM|154.470001|154.470001|150.610001|151.410004|4279200|0.9818750293|148.665695
2025-10-16|20|MO|64.849998|64.959999|64.099998|64.260002|6458100|0.9516126626|61.150635
2025-10-16|21|MRK|84.410004|85.500000|83.599998|83.919998|11709100|0.9772081263|82.007301
2025-10-16|22|MSI|439.859985|441.160004|434.470001|437.209991|829100|0.9910852927|433.312408
2025-10-16|23|PG|148.009995|150.399994|147.919998|149.600006|8809700|0.9714333836|145.326416
2025-10-16|24|XOM|111.879997|112.190002|110.389999|110.639999|11782200|0.9718336400|107.523674
2025-10-16|25|RTX|157.770004|158.330002|156.100006|157.050003|3926600|0.9853742397|154.753036
2025-10-16|26|MCD|305.790009|307.279999|304.709991|305.329987|2021600|0.9818538696|299.789398
2025-10-16|27|AXP|331.019989|332.500000|320.000000|323.119995|3268000|0.9919237847|320.510437
2025-10-16|28|BMY|43.730000|43.930000|43.220001|43.389999|12922100|0.9673144843|41.971775
2025-10-16|29|DD|78.999998|79.079998|77.549998|78.129999|3279500|1.2389568992|96.799706
2025-10-16|30|DE|450.350006|457.739990|445.549988|457.160004|1574500|0.9910776808|453.081116
2025-10-16|31|EMR|130.940002|131.449997|128.440002|128.889999|2430900|0.9845366681|126.896927
2025-10-16|32|ETN|385.890015|386.670013|372.149994|375.589996|1597300|0.9889737586|371.448608
2025-10-16|33|ETR|98.000000|98.559998|95.980003|96.019997|1894800|0.9756994696|93.686653
2025-10-16|34|F|11.740000|11.790000|11.640000|11.740000|108701200|0.9554534458|11.217023
2025-10-16|35|HAL|22.549999|22.620001|21.459999|21.820000|22870500|0.9847026012|21.486212
2025-10-16|36|LLY|825.070007|834.700012|815.369995|819.380005|2272900|0.9937326373|814.244629
2025-10-16|37|PCG|16.780001|16.910000|16.420000|16.500000|15124000|0.9911560857|16.354076
2025-10-16|38|PEP|152.380005|154.380005|152.289993|152.669998|8532900|0.9713251717|148.292206
2025-10-16|39|PFE|24.440001|24.610001|24.209999|24.230000|44390000|0.9344639716|22.642061
2025-10-16|40|TXN|175.389999|177.500000|174.059998|175.479996|7188200|0.9747566992|171.050293
2025-10-16|41|WFC|86.989998|87.430000|83.000000|84.000000|22715600|0.9786587178|82.207336
2025-10-16|42|HUBB|433.630005|437.389893|424.020111|428.820007|334214|0.9910077151|424.963959
2025-10-16|43|WMT|109.199997|109.580002|105.660004|106.470001|16366200|0.9916508097|105.581055
2025-10-16|44|AIG|78.309998|79.730003|76.949997|77.019997|10396800|0.9824236525|75.666267
2025-10-16|45|AVY|159.699997|160.600006|158.000000|159.339996|801000|0.9833361967|156.684799
2025-10-16|46|BAC|52.599998|52.759998|50.000000|50.439999|49027700|0.9841245494|49.639244
2025-10-16|47|BALL|47.570000|48.430000|47.540001|48.060001|4448200|0.9893620930|47.548744
2025-10-16|48|BDX|182.809998|185.369991|178.909995|185.269995|3423500|0.7715067098|142.937057
2025-10-16|49|CLX|118.360001|119.449997|117.500000|117.599998|1198800|0.9554686115|112.363113
2025-10-16|50|CMI|424.630005|426.089996|417.769989|422.670013|821000|0.9855888256|416.578857
2025-10-16|51|CMS|75.349998|76.110001|74.669998|74.750000|2070000|0.9697049346|72.485451
2025-10-16|52|CVS|80.730003|81.910004|80.629997|81.370003|7567900|0.9692366143|78.866776
2025-10-16|53|ECL|273.940002|275.420013|268.790009|270.619995|1637300|0.9918356453|268.410583
2025-10-16|54|ES|72.139999|72.669998|71.190002|71.360001|2116000|0.9670826030|69.011009
2025-10-16|55|EVRG|78.940002|79.320000|77.410004|77.500000|2073900|0.9663059278|74.888710
2025-10-16|56|GWW|958.179993|961.450012|949.690002|954.559998|259300|0.9918044722|946.736816
2025-10-16|57|LNT|68.459999|69.160004|67.459999|67.599998|2323100|0.9698403407|65.561195
2025-10-16|58|MKC|65.510002|66.919998|65.400002|66.599998|2768100|0.9754240070|64.963242
2025-10-16|59|MRSH|193.949997|196.500000|185.119995|186.479996|8749600|0.9842873682|183.549896
2025-10-16|60|NEE|86.220001|86.739998|84.980003|85.050003|8333700|0.9793736752|82.674042
2025-10-16|61|NI|43.660000|44.049999|43.049999|43.220001|4101900|0.9739163964|42.092667
2025-10-16|62|PNW|93.889999|94.449997|92.849998|93.000000|1128600|0.9627257278|89.533485
2025-10-16|63|RVTY|92.870003|95.349998|92.470001|94.000000|1457500|0.9972426702|93.740807
2025-10-16|64|SNA|346.000000|357.410004|337.519989|344.170013|1114300|0.9736214558|335.091278
2025-10-16|65|SPGI|483.359991|484.720014|470.000011|472.050013|1690800|0.9377344841|442.657532
2025-10-16|66|TER|142.000000|143.059998|138.169998|139.300003|1783500|0.9984501140|139.084106
2025-10-16|67|TGT|90.879997|91.650002|89.120003|90.070000|5556500|0.9610823572|86.564690
2025-10-16|68|TXT|82.849998|83.070000|81.400002|81.650002|861000|0.9993380469|81.595947
2025-10-16|69|VMC|304.040009|304.350006|295.760010|296.230011|791600|0.9925854203|294.033630
2025-10-16|70|XEL|82.290001|83.010002|81.010002|81.099998|3959700|0.9776860259|79.290337
2025-10-16|71|ITW|248.440002|248.440002|245.429993|246.940002|704500|0.9813941046|242.345444
2025-10-16|72|CL|77.720001|78.540001|77.599998|78.080002|7215300|0.9756036244|76.175125
2025-10-16|73|EXC|47.730000|48.070000|47.259998|47.360001|5269000|0.9737696536|46.117733
2025-10-16|74|MDT|95.199997|95.970001|94.699997|95.040001|4802600|0.9758565703|92.745415
2025-10-16|75|BNY|107.699997|110.190002|106.029999|106.720001|6858700|0.9828746130|104.892380
2025-10-16|76|EIX|57.320000|58.070000|56.500000|56.720001|2359000|0.9623086217|54.582150
2025-10-16|77|FRT|98.500000|98.980003|97.400002|98.029999|579400|0.9693143333|95.021881
2025-10-16|78|PNR|110.959999|111.589996|107.959999|108.699997|1196900|0.9879062781|107.385406
2025-10-16|79|USB|47.240002|47.779999|45.389999|45.650002|21622900|0.9719845662|44.371098
2025-10-16|80|WY|23.730000|24.040001|23.490000|23.650000|5942000|0.9737086273|23.028208
2025-10-16|81|SYY|80.019997|80.279999|78.510002|78.830002|2954700|0.9787571978|77.155426
2025-10-16|82|WRB|75.709999|75.860001|73.410004|73.650002|3186200|0.9742469050|71.753288
2025-10-16|83|IFF|62.279999|63.189999|62.130001|62.599998|1983000|0.9828526607|61.526577
2025-10-16|84|TAP|46.549999|47.200001|46.410000|47.040001|1840100|0.9680101781|45.010551
2025-10-16|85|PNC|183.270004|184.770004|177.559998|178.369995|3568300|0.9770281499|174.272507
2025-10-16|86|TRV|252.600006|265.589996|252.259995|261.570007|2404900|0.9883140678|258.513336
2025-10-16|87|C|100.209999|100.699997|95.239998|96.260002|20534000|0.9792834329|94.265831
2025-10-16|88|FDX|237.000002|239.000001|233.000003|236.909998|1414100|0.7954691757|188.454605
2025-10-16|89|WDC|123.269997|130.399994|122.400002|125.919998|13878600|0.9984583045|125.725861
2025-10-16|90|DHR|209.600006|211.589996|205.479996|210.919998|5818300|0.9944303518|209.745239
2025-10-16|91|APA|23.420000|23.510000|22.540001|23.000000|6655200|0.9662983352|22.224861
2025-10-16|92|LUV|33.669998|34.049999|32.840000|33.290001|11017200|0.9870678085|32.859489
2025-10-16|93|PEG|85.209999|85.930000|83.949997|84.339996|2713700|0.9756675447|82.287796
2025-10-16|94|UNP|226.270004|227.500000|223.220001|224.039993|2971200|0.9839040791|220.433853
2025-10-16|95|ABT|129.529999|131.160004|126.870003|127.629997|9768100|0.9817546722|125.301353
2025-10-16|96|ADI|240.330002|244.229996|238.520004|241.610001|2898700|0.9906566026|239.352539
2025-10-16|97|ADM|63.540001|64.180000|62.799999|62.900002|3638000|0.9716117081|61.114380
2025-10-16|98|ADP|284.260010|284.480011|279.420013|280.160004|1494300|0.9780151607|274.000732
2025-10-16|99|AFL|109.029999|109.029999|106.459999|106.730003|2025000|0.9795217260|104.544357
2025-10-16|100|AMAT|230.600006|232.070007|224.029999|227.720001|7742800|0.9944993487|226.467407
2025-10-16|101|AMD|236.289993|241.199997|232.240005|234.559998|69726400|1.0000000000|234.559998
2025-10-16|102|APD|256.089996|257.000000|251.759995|253.179993|2119300|0.9804771664|248.237213
2025-10-16|103|BF-B|27.410000|28.530001|27.270000|28.280001|4037100|0.9746521115|27.563162
2025-10-16|104|CHD|86.500000|87.730003|86.309998|87.250000|2560800|0.9872146942|86.134476
2025-10-16|105|CINF|153.979996|154.619995|151.089996|151.389999|675400|0.9835715596|148.902893
2025-10-16|106|CMCSA|29.660000|29.830000|29.150000|29.259999|20378600|0.9033911576|26.433224
2025-10-16|107|D|61.759998|62.520000|60.610001|60.619999|5117600|0.9687101350|58.723209
2025-10-16|108|DOV|163.520004|166.369995|163.330002|166.130005|1945900|0.9924896872|164.882309
2025-10-16|109|DUK|128.839996|129.509995|127.400002|127.400002|2785200|0.9660947366|123.080467
2025-10-16|110|EFX|230.080002|231.600006|224.539993|227.199997|992400|0.9915561793|225.281555
2025-10-16|111|EQT|55.630001|56.230000|52.790001|53.240002|7800800|0.9883492503|52.619717
2025-10-16|112|FITB|42.740002|43.000000|40.049999|40.360001|16345800|0.9757841433|39.382648
2025-10-16|113|GIS|47.900002|48.660000|47.480000|47.709999|5215000|0.9532424984|45.479198
2025-10-16|114|GPC|133.690002|134.160004|132.429993|133.770004|818200|0.9724963604|130.090851
2025-10-16|115|HAS|74.400002|74.540001|73.160004|74.400002|1239300|0.9687474839|72.074814
2025-10-16|116|HBAN|16.160000|16.170000|15.290000|15.370000|50243700|0.9725023795|14.947362
2025-10-16|117|HRL|23.700001|23.950001|23.670000|23.750000|4464200|0.9619905057|22.847275
2025-10-16|118|HST|16.590000|16.610001|16.100000|16.190001|5093800|0.9346875076|15.132591
2025-10-16|119|HSY|192.020004|194.210007|186.470001|186.800003|1508300|0.9707271518|181.331833
2025-10-16|120|INTC|37.150002|38.020000|36.410000|36.840000|83357800|1.0000000000|36.840000
2025-10-16|121|J|161.199997|161.479996|155.059998|156.070007|1158300|0.9894584622|154.424805
2025-10-16|122|JPM|305.350006|308.679993|297.070007|298.540009|10549400|0.9859988977|294.360077
2025-10-16|123|KMB|120.489998|121.349998|119.379997|119.699997|2337200|0.9627154389|115.237030
2025-10-16|124|L|99.230003|100.150002|97.879997|98.169998|770300|0.9977044368|97.944649
2025-10-16|125|LEN|122.699997|122.980003|120.949997|122.870003|3087700|0.9844362452|120.957687
2025-10-16|126|LOW|242.339996|243.199997|240.440002|243.100006|2258700|0.9798699778|238.206375
2025-10-16|127|MAS|67.830002|68.120003|67.169998|68.029999|1748100|0.9817399064|66.787758
2025-10-16|128|MTB|185.070007|187.529999|174.759995|178.630005|3179000|0.9784172563|174.774673
2025-10-16|129|NEM|95.040001|98.580002|94.110001|98.269997|13010400|0.9927701446|97.559525
2025-10-16|130|NTRS|129.940002|130.210007|124.089996|124.570000|1137600|0.9838837164|122.562386
2025-10-16|131|NUE|137.009995|137.679993|131.550003|132.660004|1365400|0.9907811186|131.437027
2025-10-16|132|OMC|79.309998|79.320000|76.970001|77.209999|2481900|0.9700503706|74.897583
2025-10-16|133|PCAR|95.860001|96.500000|94.010002|95.160004|2620200|0.9759401745|92.870468
2025-10-16|134|PGR|224.750000|226.660004|220.550003|221.740005|6017800|0.9393741219|208.296814
2025-10-16|135|PH|741.679993|741.679993|721.169983|726.159973|1014800|0.9937397742|721.614075
2025-10-16|136|PHM|124.680000|125.019997|121.820000|123.879997|2481800|0.9937132889|123.101204
2025-10-16|137|PPG|101.510002|101.839996|100.040001|101.010002|1859000|0.9744973374|98.433975
2025-10-16|138|PPL|37.980000|38.270000|37.279999|37.310001|5112900|0.9766950417|36.440495
2025-10-16|139|RF|24.700001|24.780001|23.150000|23.350000|56001800|0.9708879210|22.670237
2025-10-16|140|ROL|55.840000|55.970001|54.740002|55.240002|1662100|0.9856812639|54.449036
2025-10-16|141|SHW|334.500000|334.500000|329.589996|331.459991|1913700|0.9906031983|328.345306
2025-10-16|142|STT|116.849998|117.000000|111.839996|112.949997|2853900|0.9820070009|110.917679
2025-10-16|143|SWK|68.239998|68.500000|67.010002|67.910004|1545300|0.9672078260|65.683090
2025-10-16|144|SYK|370.239990|372.880005|366.470001|369.250000|1126000|0.9921744259|366.360413
2025-10-16|145|TMO|544.359985|544.599976|534.159973|536.780029|2115900|0.9972620730|535.310303
2025-10-16|146|TPL|926.540039|944.850037|919.320007|938.179962|155300|0.3318281124|311.314484
2025-10-16|147|TSN|52.810001|53.070000|51.900002|52.160000|2678900|0.9750492370|50.858566
2025-10-16|148|TT|423.170013|423.290009|415.079987|415.920013|928100|0.9953350758|413.979767
2025-10-16|149|TYL|498.940002|505.690002|495.529999|496.540009|227500|1.0000000000|496.540009
2025-10-16|150|UDR|36.299999|36.340000|35.810001|35.910000|2007200|0.9688744575|34.792282
2025-10-16|151|VTRS|10.080000|10.200000|10.010000|10.100000|6150300|0.9657614708|9.754191
2025-10-16|152|WEC|117.239998|118.099998|116.040001|116.190002|2592300|0.9669333840|112.347984
2025-10-16|153|WST|264.850006|269.420013|260.119995|267.190002|771400|0.9968900108|266.359070
2025-10-16|154|NDSN|232.389999|234.369995|231.130005|232.000000|277000|0.9906696357|229.835358
2025-10-16|155|TFC|43.080002|43.259998|40.779999|41.090000|15162200|0.9589220174|39.402103
2025-10-16|156|WELL|173.580002|173.720001|171.250000|172.080002|2631000|0.9854911345|169.583328
2025-10-16|157|AON|348.920013|349.040009|337.920013|343.119995|1820400|0.9951005240|341.438934
2025-10-16|158|GL|137.089996|137.509995|133.210007|133.610001|522500|0.9938835716|132.792786
2025-10-16|159|OKE|69.029999|69.099998|67.089996|67.220001|4266900|0.9485114183|63.758938
2025-10-16|160|KLAC|1100.149994|1116.999969|1079.789963|1098.799973|1031100|0.0994634319|109.290413
2025-10-16|161|CSX|36.669998|36.669998|35.930000|35.990002|19802300|0.9900119853|35.630531
2025-10-16|162|PSA|301.209991|310.739990|301.170013|306.730011|1620500|0.9701110817|297.562195
2025-10-16|163|NKE|68.599998|69.040001|66.580002|66.839996|15349700|0.9783499344|65.392906
2025-10-16|164|AAPL|248.250000|249.039993|245.130005|247.449997|39777000|0.9963195807|246.539291
2025-10-16|165|BRO|92.449997|92.910004|87.389999|87.419998|4699200|0.9904200305|86.582520
2025-10-16|166|UHS|205.080002|205.750000|203.710007|204.240005|369200|0.9968342486|203.593414
2025-10-16|167|HD|389.660004|390.000000|383.970001|387.390015|2783700|0.9796274407|379.497894
2025-10-16|168|BAX|22.590000|23.320000|22.540001|22.969999|5414900|0.9984613291|22.925814
2025-10-16|169|COP|87.620003|88.430000|85.599998|86.910004|7816600|0.9694370271|84.253777
2025-10-16|170|GLW|86.870003|87.410004|85.339996|86.720001|6501300|0.9932214224|86.132164
2025-10-16|171|HUM|262.170013|267.380005|261.200012|267.279999|1521000|0.9892166205|264.397827
2025-10-16|172|LHX|290.290009|290.980011|284.089996|284.290009|1220500|0.9883920425|280.989990
2025-10-16|173|NOC|611.000000|611.799988|597.599976|598.979980|781900|0.9884333448|592.051758
2025-10-16|174|OXY|41.990002|42.090000|40.509998|41.040001|10736400|0.9849760250|40.423416
2025-10-16|175|ROK|354.109985|354.250000|345.510010|348.019989|630200|0.9867997940|343.426056
2025-10-16|176|SLB|32.759998|32.939999|32.349998|32.919998|24453600|0.9812007073|32.301125
2025-10-16|177|SO|100.120003|100.839996|98.379997|98.430000|4927000|0.9680357165|95.283752
2025-10-16|178|WMB|63.880001|64.110001|62.279999|62.529999|5351600|0.9774919343|61.122566
2025-10-16|179|VLO|161.830002|161.960007|155.289993|156.389999|2661300|0.9792382128|153.143066
2025-10-16|180|CI|294.019989|296.250000|289.709991|291.070007|1029000|0.9832673314|286.199646
2025-10-16|181|NSC|291.450012|291.450012|287.350006|288.489990|1115800|0.9826794519|283.493164
2025-10-16|182|COO|69.250000|72.160004|68.489998|71.559998|5394400|1.0000000000|71.559998
2025-10-16|183|AMGN|298.070007|302.269989|294.440002|295.809998|1715000|0.9730085280|287.825684
2025-10-16|184|RJF|164.330002|165.240005|159.110001|160.179993|1326200|0.9893936166|158.481064
2025-10-16|185|WSM|191.589996|191.589996|185.759995|187.500000|901500|0.9861134039|184.896271
2025-10-16|186|CAH|155.350006|157.639999|153.110001|153.270004|1760400|0.9929397050|152.187866
2025-10-16|187|CTAS|187.979996|187.979996|183.949997|184.360001|1593800|0.9900452227|182.524750
2025-10-16|188|PAYX|127.750000|128.259995|125.879997|126.489998|2860600|0.9578135440|121.153839
2025-10-16|189|BEN|22.870001|22.969999|22.090000|22.100000|3357200|0.9625940231|21.273329
2025-10-16|190|AOS|69.510002|69.540001|68.750000|69.360001|1012100|0.9781906723|67.847298
2025-10-16|191|CASY|562.349976|563.950012|555.820007|561.330017|261200|0.9965302403|559.382324
2025-10-16|192|T|26.100000|26.389999|26.049999|26.200001|49513100|0.9652496452|25.289541
2025-10-16|193|VZ|40.419998|40.570000|40.180000|40.360001|16751200|0.9521495225|38.428757
2025-10-16|194|JBHT|162.990005|169.710007|158.869995|169.570007|6506000|0.9918818614|168.193420
2025-10-16|195|ATO|178.630005|179.600006|176.149994|176.369995|1062100|0.9773427979|172.373947
2025-10-16|196|LRCX|147.580002|147.580002|140.369995|142.369995|11650300|0.9964597456|141.865982
2025-10-16|197|MU|199.960007|206.339996|195.199997|202.529999|42041300|0.9990228227|202.332077
2025-10-16|198|AJG|287.269989|288.329987|276.500000|280.170013|2379700|0.9910126646|277.652008
2025-10-16|199|AME|186.440002|186.820007|183.649994|184.490005|781700|0.9953689352|183.635635
2025-10-16|200|SWKS|74.730003|74.830002|73.300003|74.470001|2050200|0.9685989226|72.131561
2025-10-16|201|EXPD|118.989998|119.489998|116.870003|118.250000|882000|0.9896583057|117.027100
2025-10-16|202|UNH|361.839996|362.000000|354.399994|356.670013|5872100|0.9800610506|349.558380
2025-10-16|203|BBY|78.489998|78.940002|77.370003|78.540001|3189200|0.9593973356|75.351074
2025-10-16|204|DOC|18.600000|18.770000|18.400000|18.450001|25954500|0.9405716583|17.353548
2025-10-16|205|ADSK|307.760010|308.910004|298.799988|299.820007|1066200|1.0000000000|299.820007
2025-10-16|206|DVN|32.650002|32.840000|31.639999|32.029999|6797900|0.9814598964|31.436159
2025-10-16|207|NVR|7643.000000|7657.450195|7535.830078|7605.879883|26600|1.0000000000|7605.879883
2025-10-16|208|ROST|157.300003|157.479996|154.690002|155.210007|1793900|0.9936631572|154.226456
2025-10-16|209|JKHY|154.179993|155.960007|152.850006|152.940002|1412000|0.9886171552|151.199112
2025-10-16|210|MNST|69.059998|70.510002|68.769997|70.160004|6355800|0.5000000000|70.160004
2025-10-16|211|ORCL|305.600006|322.540009|303.070007|313.000000|32500900|0.9904465499|310.009766
2025-10-16|212|MSFT|512.580017|516.849976|508.130005|511.609985|15559600|0.9918394551|507.434967
2025-10-16|213|TROW|106.160004|106.320000|102.809998|103.150002|1136400|0.9618549978|99.215340
2025-10-16|214|COST|955.539978|957.900024|921.159973|925.619995|2721400|0.9941992924|920.250732
2025-10-16|215|ADBE|333.859985|336.649994|327.500000|329.230011|4570900|1.0000000000|329.230011
2025-10-16|216|FISV|120.690002|121.680000|117.839996|118.000000|5394700|1.0000000000|118.000000
2025-10-16|217|BKR|44.869999|45.119999|44.250000|44.639999|8097300|0.9846041741|43.952728
2025-10-16|218|CDNS|326.179993|327.049988|320.079987|324.250000|1788400|1.0000000000|324.250000
2025-10-16|219|TJX|145.259995|145.259995|142.059998|142.550003|3400100|0.9879468300|140.831818
2025-10-16|220|FICO|1622.290039|1642.010010|1607.500000|1620.140015|287600|1.0000000000|1620.140015
2025-10-16|221|CCL|28.950001|29.120001|28.030001|28.209999|18101200|0.9841845235|27.763844
2025-10-16|222|FAST|42.360001|42.380001|41.599998|41.959999|6462200|0.9787399757|41.067928
2025-10-16|223|SCHW|94.769997|97.160004|93.209999|93.410004|17319200|0.9873800864|92.231171
2025-10-16|224|JCI|111.449997|111.449997|108.449997|109.370003|3678800|0.9941759575|108.733025
2025-10-16|225|COHR|112.860001|117.949997|112.320000|115.959999|3368300|1.0000000000|115.959999
2025-10-16|226|KEY|17.170000|17.629999|16.469999|16.780001|43809100|0.9696888308|16.271379
2025-10-16|227|MOS|29.950001|30.719999|29.360001|29.430000|8602500|0.9727377902|28.627674
2025-10-16|228|MGM|31.930000|32.180000|31.379999|31.690001|4145600|1.0000000000|31.690001
2025-10-16|229|WM|213.500000|214.139999|211.710007|213.289993|1195200|0.9879218676|210.713837
2025-10-16|230|TECH|59.619999|62.369999|59.610001|61.599998|1797900|0.9943671322|61.253014
2025-10-16|231|IEX|164.559998|166.679993|163.460007|165.029999|558500|0.9895889092|163.311859
2025-10-16|232|GEN|27.139999|27.230000|26.360001|26.469999|3271100|0.9804358251|25.952137
2025-10-16|233|CRH|119.019997|119.269997|116.879997|116.940002|2414300|0.9889154582|115.643784
2025-10-16|234|EOG|108.830002|109.389999|105.199997|107.250000|4392000|0.9664053429|103.646973
2025-10-16|235|PTC|203.610001|203.630005|200.089996|201.990005|589900|1.0000000000|201.990005
2025-10-16|236|CSCO|69.779999|70.070000|68.570000|69.089996|13950600|0.9856294108|68.097130
2025-10-16|237|LH|283.309998|285.950012|282.040009|283.709991|448800|0.9921089357|280.869049
2025-10-16|238|TRMB|78.959999|79.110001|77.430000|77.870003|978400|1.0000000000|77.870003
2025-10-16|239|AZO|4035.820068|4047.409912|4002.300049|4007.909912|76500|1.0000000000|4007.909912
2025-10-16|240|REGN|583.010010|589.080017|564.000000|569.169983|842200|0.9948983635|566.266296
2025-10-16|241|IDXX|643.440002|651.500000|628.169983|637.340027|524600|1.0000000000|637.340027
2025-10-16|242|AES|14.860000|15.000000|14.700000|14.820000|6478000|0.9525797478|14.117232
2025-10-16|243|VRTX|409.920013|413.309998|405.540009|408.609985|1314400|1.0000000000|408.609985
2025-10-16|244|ZBRA|294.989990|297.489990|288.880005|293.929993|423200|1.0000000000|293.929993
2025-10-16|245|BIIB|144.050003|147.479996|141.699997|142.259995|1469100|1.0000000000|142.259995
2025-10-16|246|ODFL|139.889999|140.490005|135.500000|138.100006|2326800|0.9953671039|137.460205
2025-10-16|247|APH|126.959999|128.119995|126.459999|127.360001|6941900|0.9946061744|126.673035
2025-10-16|248|KIM|21.870001|21.870001|21.430000|21.610001|5167100|0.9657396580|20.869637
2025-10-16|249|QCOM|164.490005|165.190002|162.210007|164.080002|5686700|0.9849314898|161.607544
2025-10-16|250|GILD|117.980003|121.570000|117.339996|117.849998|6742600|0.9813788839|115.655495
2025-10-16|251|ROP|500.170013|503.329987|497.570007|500.079987|837000|0.9929279129|496.543396
2025-10-16|252|SNPS|439.529999|445.540009|435.579987|440.200012|1931300|1.0000000000|440.200012
2025-10-16|253|STZ|139.820007|141.179993|138.600006|139.320007|2007700|0.9716065224|135.364227
2025-10-16|254|BSX|98.010002|99.300003|97.250000|97.779999|8221000|1.0000000000|97.779999
2025-10-16|255|STE|236.399994|240.869995|235.320007|240.300003|450800|0.9945039836|238.979309
2025-10-16|256|DHI|155.949997|156.000000|151.500000|152.919998|3474200|0.9881394354|151.106262
2025-10-16|257|LIN|452.040009|452.470001|440.950012|444.239990|3033700|0.9898650243|439.737640
2025-10-16|258|SBUX|83.199997|84.889999|83.040001|84.339996|11552100|0.9751160265|82.241280
2025-10-16|259|MS|163.089996|164.750000|158.970001|160.020004|10477500|0.9778330741|156.472870
2025-10-16|260|INTU|659.210022|659.400024|642.739990|646.989990|1248000|0.9906980199|640.971741
2025-10-16|261|MCHP|65.970001|66.410004|64.389999|65.349998|5193200|0.9744763190|63.682026
2025-10-16|262|CB|271.429993|272.429993|265.299988|268.230011|3737600|0.9939554166|266.608673
2025-10-16|263|ORLY|102.180000|102.709999|101.000000|101.169998|5148300|1.0000000000|101.169998
2025-10-16|264|RCL|310.500000|311.260010|297.899994|298.510010|2641100|0.9862054091|294.392181
2025-10-16|265|JBL|210.029999|210.820007|206.440002|209.740005|1188500|0.9988481715|209.498428
2025-10-16|266|ALL|197.100006|199.139999|194.679993|194.880005|2560900|0.9851043015|191.977127
2025-10-16|267|CPT|102.089996|102.690002|101.400002|101.849998|871700|0.9704206326|98.837334
2025-10-16|268|VMRK|62.299999|62.299999|61.160000|61.500000|4880900|0.9671264641|59.478279
2025-10-16|269|IT|239.130005|242.270004|234.710007|236.179993|881400|1.0000000000|236.179993
2025-10-16|270|DECK|97.669998|99.239998|96.820000|99.059998|3680600|1.0000000000|99.059998
2025-10-16|271|REG|72.599998|72.599998|71.440002|71.720001|716300|0.9701425273|69.578629
2025-10-16|272|INCY|88.879997|92.860001|87.120003|87.309998|3760200|1.0000000000|87.309998
2025-10-16|273|SPG|178.559998|179.350006|176.070007|176.740005|1069200|0.9659807077|170.727448
2025-10-16|274|MAA|132.000000|132.779999|131.169998|131.429993|752700|0.9656183896|126.911224
2025-10-16|275|MLM|642.809998|642.809998|622.739990|624.140015|308600|0.9960197565|621.655762
2025-10-16|276|TSCO|56.000000|56.130001|54.889999|55.160000|3952700|0.9764906296|53.863216
2025-10-16|277|ALB|98.540001|99.150002|94.290001|95.290001|2606700|0.9919948535|94.527199
2025-10-16|278|CPRT|44.970001|44.970001|43.320000|44.060001|7350300|1.0000000000|44.060001
2025-10-16|279|FLEX|63.750000|64.290001|62.419998|63.340000|3004600|1.0000000000|63.340000
2025-10-16|280|ESS|257.559998|258.690002|254.419998|257.600006|610600|0.9710345219|250.138489
2025-10-16|281|O|59.560001|59.910000|59.240002|59.290001|4717800|0.9566399898|56.719185
2025-10-16|282|MCO|478.679993|479.850006|466.380005|468.559998|818000|0.9914008639|464.530792
2025-10-16|283|SJM|103.660004|106.570000|103.639999|103.889999|1488800|0.9604551346|99.781685
2025-10-16|284|MCK|789.229980|793.969971|774.450012|775.440002|688700|0.9971371280|773.220093
2025-10-16|285|COF|214.479996|216.250000|200.600006|203.149994|7841900|0.9846948620|200.040756
2025-10-16|286|EME|692.789978|695.909973|683.049988|687.219971|416500|0.9983902989|686.113770
2025-10-16|287|DLTR|95.480003|96.379997|92.669998|94.029999|5248000|1.0000000000|94.029999
2025-10-16|288|COR|319.649994|321.869995|318.100006|319.399994|1399200|0.9924371875|316.984436
2025-10-16|289|DRI|187.339996|188.899994|186.630005|187.449997|902500|0.9771066651|183.158646
2025-10-16|290|RMD|270.980011|273.750000|269.619995|270.000000|1062800|0.9895309167|267.173340
2025-10-16|291|WAB|198.639999|199.259995|193.520004|193.610001|688900|0.9953491745|192.709564
2025-10-16|292|FCX|42.020000|42.040001|41.209999|41.700001|15081000|0.9929128187|41.404465
2025-10-16|293|IVZ|23.690001|23.709999|22.670000|22.799999|3715800|0.9692003654|22.097769
2025-10-16|294|ACGL|88.339996|88.500000|85.930000|86.230003|3507300|1.0000000000|86.230003
2025-10-16|295|ERIE|316.839996|316.839996|306.839996|311.929993|160900|0.9834606060|306.770844
2025-10-16|296|EG|342.989990|346.279999|338.929993|340.850006|355700|0.9878843207|336.720398
2025-10-16|297|DVA|126.000000|126.940002|124.760002|125.250000|542200|1.0000000000|125.250000
2025-10-16|298|HSIC|63.389999|63.849998|61.950001|62.029999|1451300|1.0000000000|62.029999
2025-10-16|299|EL|95.550003|98.980003|95.500000|96.800003|4060900|0.9893232983|95.766495
2025-10-16|300|WAT|327.899994|337.250000|323.459991|334.869995|731300|1.0000000000|334.869995
2025-10-16|301|NTAP|122.110001|123.000000|118.660004|119.400002|2093800|0.9870750252|117.856750
2025-10-16|302|HIG|125.099998|125.290001|123.580002|123.989998|2247200|0.9867007020|122.341011
2025-10-16|303|IRM|105.599998|107.370003|104.970001|105.790001|915700|0.9749654551|103.141594
2025-10-16|304|BRK-B|495.600006|496.000000|485.799988|488.809998|4254300|1.0000000000|488.809998
2025-10-16|305|FDS|284.000000|284.299988|275.239990|278.010010|543100|0.9861098905|274.148468
2025-10-16|306|STLD|146.800003|148.000000|140.869995|142.649994|1126300|0.9917509611|141.473267
2025-10-16|307|DGX|187.500000|188.710007|186.279999|186.820007|1056600|0.9871163208|184.413086
2025-10-16|308|CIEN|170.429993|176.880005|170.050003|170.779999|2615900|1.0000000000|170.779999
2025-10-16|309|TTWO|262.720001|264.339996|257.540009|259.230011|1327000|1.0000000000|259.230011
2025-10-16|310|VTR|69.059998|69.739998|68.889999|69.550003|1825300|0.9818295408|68.286255
2025-10-16|311|AMZN|215.669998|218.589996|212.809998|214.470001|42414600|1.0000000000|214.470001
2025-10-16|312|ARE|76.660004|77.300003|75.110001|75.230003|1933000|0.9575530500|72.036720
2025-10-16|313|RL|319.000000|324.000000|317.399994|323.160004|414400|0.9923194237|320.677917
2025-10-16|314|BXP|71.800003|72.089996|70.000000|70.389999|2237000|0.9663309942|68.020035
2025-10-16|315|FIX|846.789978|849.229980|827.640015|838.780029|316600|0.9979565203|837.065979
2025-10-16|316|YUM|144.229996|144.479996|142.210007|143.380005|1497800|0.9858960568|141.357788
2025-10-16|317|CHRW|129.360001|129.860001|125.760002|125.989998|1602400|0.9892308245|124.633194
2025-10-16|318|FE|47.849998|47.990002|46.770000|46.790001|6657000|0.9613759059|44.982780
2025-10-16|319|MTD|1317.969971|1360.489990|1311.060059|1359.609985|153200|1.0000000000|1359.609985
2025-10-16|320|PLD|123.860001|125.050003|120.250000|121.169998|6320200|0.9772581725|118.414375
2025-10-16|321|URI|1020.000000|1021.469971|1002.039978|1005.650024|572500|0.9918999023|997.504089
2025-10-16|322|AEE|105.599998|106.230003|104.699997|105.209999|2089200|0.9792499824|103.026894
2025-10-16|323|VRSN|265.700012|266.559998|259.459991|259.790009|712700|0.9876930267|256.592773
2025-10-16|324|PWR|440.410004|446.600006|434.220001|437.519989|939200|0.9993903388|437.253235
2025-10-16|325|AMT|190.570007|194.080002|190.240005|191.470001|3394700|0.9712942756|185.973740
2025-10-16|326|MAR|267.380005|267.720001|257.920013|259.040009|1370000|0.9917417055|256.900787
2025-10-16|327|CTSH|66.949997|66.949997|65.150002|65.470001|4004400|0.9779331176|64.025284
2025-10-16|328|SRE|92.250000|92.940002|90.959999|91.139999|2674100|0.9788895267|89.215996
2025-10-16|329|CSGP|75.629997|76.320000|73.970001|74.349998|2427600|1.0000000000|74.349998
2025-10-16|330|RSG|220.289993|220.419998|217.690002|218.229996|992700|0.9913326285|216.338516
2025-10-16|331|CCI|97.709999|99.470001|97.599998|98.059998|2172200|0.9648543647|94.613617
2025-10-16|332|EBAY|90.699997|91.980003|90.269997|91.180000|4229600|0.9904184858|90.032616
2025-10-16|333|NVDA|182.229996|183.279999|179.770004|181.809998|179723300|0.9987261828|181.578415
2025-10-16|334|BKNG|5059.690094|5087.689972|4930.810165|4952.310181|305700|0.0397328628|196.769455
2025-10-16|335|GS|770.659973|781.440002|752.409973|758.090027|3160900|0.9855142723|747.108521
2025-10-16|336|FFIV|324.679993|325.519989|287.529999|295.350006|3040100|1.0000000000|295.350006
2025-10-16|337|SBAC|194.410004|199.490005|194.020004|197.419998|908700|0.9751039390|192.505005
2025-10-16|338|LII|530.940002|530.940002|520.710022|523.940002|418100|0.9920705337|519.785400
2025-10-16|339|BLK|1204.000000|1209.890015|1168.130005|1171.359985|1250200|0.9841011192|1152.736572
2025-10-16|340|TKO|193.520004|193.520004|187.750000|187.830002|1403000|0.9884090368|185.652878
2025-10-16|341|AKAM|74.199997|74.699997|72.389999|72.959999|1473600|1.0000000000|72.959999
2025-10-16|342|UPS|84.750000|85.730003|83.849998|85.639999|7056200|0.9383630641|80.361412
2025-10-16|343|A|140.839996|143.320007|140.259995|141.100006|2180200|0.9940314297|140.257843
2025-10-16|344|TDY|567.929993|571.650024|559.000000|561.489990|334200|1.0000000000|561.489990
2025-10-16|345|PKG|209.940002|210.380005|205.229996|205.339996|583700|0.9816059808|201.562973
2025-10-16|346|EW|73.010002|73.790001|72.419998|72.650002|2634800|1.0000000000|72.650002
2025-10-16|347|MET|81.059998|81.150002|77.790001|77.839996|4169100|0.9722454281|75.679581
2025-10-16|348|ON|50.970001|53.160000|50.700001|52.970001|11164700|1.0000000000|52.970001
2025-10-16|349|ISRG|438.470001|439.489990|433.809998|434.619995|1966400|1.0000000000|434.619995
2025-10-16|350|CRL|172.949997|177.750000|172.000000|174.949997|1304200|1.0000000000|174.949997
2025-10-16|351|MRVL|89.709999|91.199997|87.029999|88.230003|12988900|0.9985347355|88.100716
2025-10-16|352|EQIX|824.530029|832.150024|811.719971|812.770020|468300|0.9790491812|795.741821
2025-10-16|353|TPR|117.430000|118.379997|115.680000|116.510002|1432100|0.9910289553|115.464790
2025-10-16|354|GRMN|250.380005|251.050003|246.029999|246.740005|454900|0.9875544034|243.669189
2025-10-16|355|GPN|86.000000|86.339996|83.650002|83.660004|1855900|0.9898898052|82.814186
2025-10-16|356|ALGN|129.139999|133.649994|128.649994|129.839996|1386000|1.0000000000|129.839996
2025-10-16|357|WTW|334.309998|335.829987|324.410004|328.000000|765300|0.9903328749|324.829193
2025-10-16|358|MDLZ|62.200001|62.740002|61.310001|61.599998|7346400|0.9742061707|60.011101
2025-10-16|359|AXON|648.500000|663.250000|642.359985|652.169983|800500|1.0000000000|652.169983
2025-10-16|360|FIS|66.589996|66.989998|65.540001|65.809998|3215400|0.9743297530|64.120644
2025-10-16|361|ACN|239.809998|240.089996|233.750000|234.020004|4800800|0.9798095806|229.295029
2025-10-16|362|ZBH|99.519997|100.559998|99.239998|99.919998|1000100|0.9920119396|99.121826
2025-10-16|363|BG|94.000000|98.110001|93.970001|95.330002|4215800|0.9749906568|92.945869
2025-10-16|364|PFG|80.559998|80.580002|78.279999|78.389999|1724800|0.9740293311|76.354164
2025-10-16|365|ELV|347.730011|351.549988|346.989990|348.179993|1162200|0.9847701459|342.877228
2025-10-16|366|CNC|35.759998|36.349998|35.470001|35.639999|6892400|1.0000000000|35.639999
2025-10-16|367|PRU|102.519997|103.000000|99.599998|99.849998|1746800|0.9496925157|94.826797
2025-10-16|368|NFLX|1212.149963|1216.709976|1175.999985|1183.590012|2832600|0.1000000000|118.359001
2025-10-16|369|NDAQ|89.769997|90.000000|87.470001|87.940002|2219400|0.9903103249|87.087898
2025-10-16|370|WYNN|118.230003|119.160004|115.250000|115.919998|1012800|0.9907231274|114.844627
2025-10-16|371|CME|268.910004|269.549988|261.799988|262.510010|1419100|0.9671562481|253.888214
2025-10-16|372|STX|224.149994|233.000000|221.860001|226.029999|5196500|0.9949371232|224.885635
2025-10-16|373|NRG|173.089996|174.000000|165.740005|169.929993|2181600|0.9877934975|167.855743
2025-10-16|374|AIZ|212.600006|213.550003|207.429993|207.699997|319300|0.9887198190|205.357117
2025-10-16|375|CBRE|157.490005|157.789993|154.570007|155.419998|1030500|1.0000000000|155.419998
2025-10-16|376|CRM|253.190002|256.739990|242.669998|246.000000|24869700|0.9933339931|244.360153
2025-10-16|377|DPZ|417.220001|426.000000|414.320007|416.950012|661200|0.9848757173|410.643951
2025-10-16|378|EXR|149.690002|152.940002|149.070007|152.000000|961100|0.9661267437|146.851273
2025-10-16|379|GOOG|252.464996|257.579987|250.669998|251.880005|18946000|0.9980438060|251.387268
2025-10-16|380|GOOGL|251.770004|256.959991|250.100006|251.460007|27997200|0.9980471771|250.968948
2025-10-16|381|DLR|173.949997|176.229996|172.800003|173.960007|1318500|0.9788235933|170.276154
2025-10-16|382|MPWR|1011.520020|1041.500000|1007.929993|1026.829956|517700|0.9948016730|1021.492188
2025-10-16|383|LVS|50.110001|50.110001|48.599998|49.139999|4497600|0.9787990268|48.098183
2025-10-16|384|DXCM|66.000000|66.680000|64.989998|66.330002|3956500|1.0000000000|66.330002
2025-10-16|385|BLDR|127.070000|127.070000|122.589996|122.949997|1557300|1.0000000000|122.949997
2025-10-16|386|WBD|18.629999|18.650000|18.059999|18.290001|15391000|1.0000000000|18.290001
2025-10-16|387|EXPE|218.270004|219.580002|210.699997|213.570007|1846500|0.9926306212|211.996140
2025-10-16|388|CF|85.989998|87.480003|82.349998|83.019997|2873900|0.9797238699|81.336670
2025-10-16|389|AMP|482.190002|484.359985|463.989990|467.730011|600100|0.9868973539|461.601471
2025-10-16|390|ICE|157.520004|157.520004|153.119995|153.360001|5576400|0.9901381914|151.847595
2025-10-16|391|PSKY|17.350000|17.430000|16.760000|16.900000|4354500|0.9863259572|16.668907
2025-10-16|392|LYV|154.779999|156.240005|150.789993|151.710007|1546500|1.0000000000|151.710007
2025-10-16|393|CMG|41.820000|42.180000|41.470001|41.759998|12209600|1.0000000000|41.759998
2025-10-16|394|UAL|102.940002|106.449997|94.050003|98.190002|24758500|1.0000000000|98.190002
2025-10-16|395|TDG|1243.160034|1270.000000|1240.400024|1249.420044|387300|1.0000000000|1249.420044
2025-10-16|396|MA|562.799988|564.650024|547.390015|549.880005|3210600|0.9951190330|547.196045
2025-10-16|397|LDOS|186.139999|187.360001|183.990005|184.410004|628400|0.9917626624|182.890945
2025-10-16|398|FSLR|242.100006|245.360001|236.639999|237.789993|2294200|1.0000000000|237.789993
2025-10-16|399|BR|232.000000|233.490005|225.649994|226.380005|865600|0.9836780236|222.685028
2025-10-16|400|SMCI|54.000000|56.230000|53.270000|53.840000|24656600|1.0000000000|53.840000
2025-10-16|401|TMUS|229.789993|230.070007|225.250000|226.449997|4217400|0.9849640725|221.765198
2025-10-16|402|DAL|61.630001|62.020000|59.169998|60.400002|12415900|0.9922015511|59.928978
2025-10-16|403|IBKR|70.809998|71.089996|67.879997|68.519997|10050100|0.9966884542|68.293091
2025-10-16|404|PODD|314.649994|322.579987|312.739990|316.290009|466000|1.0000000000|316.290009
2025-10-16|405|TEL|224.889999|226.500000|221.520004|224.190002|1139100|0.9892434805|221.778488
2025-10-16|406|BX|164.009995|165.320007|155.529999|157.970001|6474900|0.9610163599|151.811752
2025-10-16|407|LULU|166.380005|166.889999|161.800003|164.619995|4092600|1.0000000000|164.619995
2025-10-16|408|ULTA|538.890015|539.989990|530.000000|537.289978|446800|1.0000000000|537.289978
2025-10-16|409|MSCI|550.179993|550.179993|531.780029|533.340027|773000|0.9858483453|525.792419
2025-10-16|410|ECHO|74.720001|76.169998|72.129997|72.330002|4106500|1.0000000000|72.330002
2025-10-16|411|PM|158.690002|158.690002|155.679993|155.979996|5110000|0.9741176592|151.942871
2025-10-16|412|V|345.000000|345.690002|334.170013|335.399994|6241500|0.9920658607|332.738922
2025-10-16|413|AWK|142.229996|144.289993|142.229996|143.210007|845500|0.9734433274|139.406830
2025-10-16|414|KDP|27.059999|27.780001|27.030001|27.719999|28932500|0.9761522236|27.058941
2025-10-16|415|SW|42.000000|42.009998|41.189999|41.320000|3430300|0.9711821711|40.129250
2025-10-16|416|AVGO|356.799988|363.239990|349.489990|354.149994|20317200|0.9944270811|352.176361
2025-10-16|417|VRSK|240.050003|242.100006|228.089996|229.059998|1891700|0.9927002374|227.387924
2025-10-16|418|DG|106.250000|107.250000|103.430000|103.879997|3399200|0.9860246787|102.428246
2025-10-16|419|FTNT|83.739998|84.339996|82.169998|83.139999|4020000|1.0000000000|83.139999
2025-10-16|420|CHTR|265.040009|265.790009|252.589996|255.339996|2011400|1.0000000000|255.339996
2025-10-16|421|FERG|242.500000|243.119995|235.160004|235.600006|1369400|0.9848254111|232.024872
2025-10-16|422|GNRC|193.380005|194.100006|188.759995|192.639999|1068800|1.0000000000|192.639999
2025-10-16|423|LYB|46.799999|47.099998|45.299999|45.860001|3484500|0.9407211657|43.141472
2025-10-16|424|CBOE|242.389999|242.600006|235.710007|235.970001|724700|0.9954503651|234.896408
2025-10-16|425|TSLA|434.730011|439.350006|421.309998|428.750000|77189900|1.0000000000|428.750000
2025-10-16|426|KKR|124.190002|124.830002|115.730003|117.519997|7072000|0.9928030964|116.674217
2025-10-16|427|NXPI|219.369995|220.169998|213.110001|217.410004|2477700|0.9870653625|214.597885
2025-10-16|428|GM|57.889999|58.400002|56.810001|57.340000|6061300|0.9934966717|56.967098
2025-10-16|429|TRGP|151.869995|152.759995|145.860001|146.300003|1796700|0.9789495349|143.220306
2025-10-16|430|CPAY|287.779999|289.459991|270.989990|277.500000|571100|1.0000000000|277.500000
2025-10-16|431|KMI|27.620001|27.740000|27.000000|27.209999|13166400|0.9613533449|26.158422
2025-10-16|432|HCA|420.450012|421.609985|416.980011|419.600006|1004700|0.9950375716|417.517792
2025-10-16|433|HII|286.649994|287.570007|282.510010|282.660004|354300|0.9882397967|278.039185
2025-10-16|434|APO|127.809998|127.970001|119.559998|120.839996|5290000|0.9837214596|118.872902
2025-10-16|435|MPC|185.300003|185.300003|180.320007|181.149994|1193700|0.9835714275|178.173950
2025-10-16|436|XYL|146.050003|146.250000|143.610001|144.830002|1462900|0.9861759388|142.827866
2025-10-16|437|APTV|83.940002|84.529999|82.739998|83.489998|1513200|1.0000000000|83.489998
2025-10-16|438|PSX|130.000000|130.639999|127.669998|128.360001|2161400|0.9712393490|124.668289
2025-10-16|439|AMCR|8.060000|8.190000|8.020000|8.140000|30382500|4.8543684849|39.514561
2025-10-16|440|META|717.549988|725.489990|703.880005|712.070007|9017000|0.9974059053|710.222839
2025-10-16|441|NOW|913.970032|929.000015|888.069992|894.489975|1078400|0.2000000000|178.897995
2025-10-16|442|PANW|208.000000|210.440002|204.630005|205.509995|3675600|1.0000000000|205.509995
2025-10-16|443|FANG|142.610001|143.350006|137.250000|139.440002|1915000|0.9764795206|136.160309
2025-10-16|444|WDAY|236.789993|241.000000|227.139999|227.600006|2240800|1.0000000000|227.600006
2025-10-16|445|ABBV|226.220001|228.110001|225.460007|226.869995|4737500|0.9769027438|221.629929
2025-10-16|446|NCLH|23.680000|23.770000|22.719999|22.850000|10737200|1.0000000000|22.850000
2025-10-16|447|ZTS|141.869995|144.229996|141.169998|143.259995|3385600|0.9811560666|140.560410
2025-10-16|448|IQV|204.970001|208.179993|203.210007|205.750000|1987000|1.0000000000|205.750000
2025-10-16|449|NWS|29.920000|30.180000|29.340000|29.480000|773000|0.9963262306|29.371696
2025-10-16|450|NWSA|26.600000|26.700001|25.879999|25.910000|2564800|0.9958385353|25.802176
2025-10-16|451|CDW|150.050003|151.399994|146.809998|151.100006|1546000|0.9800438553|148.084625
2025-10-16|452|VEEV|288.910004|297.000000|287.829987|292.730011|1391200|1.0000000000|292.730011
2025-10-16|453|ALLE|177.279999|178.149994|175.910004|177.500000|919500|0.9921390873|176.104691
2025-10-16|454|HLT|265.519989|266.309998|256.700012|257.470001|2502000|0.9980421657|256.965912
2025-10-16|455|ARES|151.089996|151.559998|141.220001|141.240005|2161000|0.9704279397|137.063248
2025-10-16|456|ANET|144.899994|147.649994|143.860001|146.009995|6909500|1.0000000000|146.009995
2025-10-16|457|SYF|72.230003|72.589996|69.739998|70.250000|5551600|0.9836138777|69.098869
2025-10-16|458|CFG|51.880001|51.880001|47.955002|48.389999|8385600|0.9707955381|46.976795
2025-10-16|459|KEYS|165.979996|166.149994|161.539993|162.410004|1341600|1.0000000000|162.410004
2025-10-16|460|GDDY|131.169998|132.100006|127.650002|128.000000|1213700|1.0000000000|128.000000
2025-10-16|461|KHC|25.245001|25.440001|25.040001|25.129999|13798400|0.9508904028|23.895874
2025-10-16|462|PYPL|68.129997|68.599998|65.419998|66.050003|19258500|0.9914138539|65.482887
2025-10-16|463|LITE|159.880005|168.100006|158.619995|163.229996|2608200|1.0000000000|163.229996
2025-10-16|464|HPE|22.969999|23.490000|22.110001|22.500000|78889800|0.9847720717|22.157372
2025-10-16|465|XYZ|76.349998|77.690002|74.400002|74.540001|5590300|1.0000000000|74.540001
2025-10-16|466|FTV|48.889999|48.939999|48.279999|48.689999|1810000|0.9968000114|48.534195
2025-10-16|467|DELL|155.289993|158.500000|149.669998|151.309998|6947600|0.9874173534|149.406113
2025-10-16|468|TTD|51.110001|51.880001|49.599998|49.900002|8541300|1.0000000000|49.900002
2025-10-16|469|VST|214.789993|217.100006|208.684006|210.399994|3562200|0.9958526400|209.527390
2025-10-16|470|HWM|192.979996|194.449997|190.380005|191.679993|1351900|0.9979223317|191.281754
2025-10-16|471|INVH|28.480000|28.635000|28.219999|28.450001|4389000|0.9672165501|27.517313
2025-10-16|472|CVNA|355.120010|364.370003|342.080002|344.710007|1909200|0.2000000000|68.942001
2025-10-16|473|IR|76.970001|77.610001|74.980003|75.809998|2549600|0.9990084054|75.734825
2025-10-16|474|VICI|31.340000|31.475000|30.549999|30.730000|8571100|0.9523421134|29.265474
2025-10-16|475|VRT|182.509995|183.000000|175.210007|177.820007|5000100|0.9991812568|177.674408
2025-10-16|476|MRNA|27.844999|28.480000|27.110001|27.139999|7884700|1.0000000000|27.139999
2025-10-16|477|FOXA|57.669998|58.000000|56.410000|57.000000|2568400|0.9951185496|56.721756
2025-10-16|478|FOX|51.755001|51.970001|50.720001|51.270000|703000|0.9946544484|50.995937
2025-10-16|479|DOW|22.309999|22.469999|21.565001|21.900000|10929900|0.9640247460|21.112141
2025-10-16|480|UBER|94.440002|95.459999|91.180000|92.519997|17214800|1.0000000000|92.519997
2025-10-16|481|CTVA|62.000000|62.268002|60.990002|61.000000|4379700|0.9928033602|60.561008
2025-10-16|482|CRWD|489.730011|498.309998|475.388000|482.230011|2170800|0.2500000000|120.557503
2025-10-16|483|DDOG|160.589996|164.539993|149.020004|151.169998|5323600|1.0000000000|151.169998
2025-10-16|484|CARR|57.320000|57.375000|56.299999|56.750000|7265600|0.9848525765|55.890388
2025-10-16|485|OTIS|91.639999|91.639999|90.385002|90.669998|1564100|0.9789066234|88.757462
2025-10-16|486|PLTR|181.779999|184.820007|176.449997|178.119995|42870900|1.0000000000|178.119995
2025-10-16|487|DASH|279.000000|285.500000|264.339996|266.670013|3755900|1.0000000000|266.670013
2025-10-16|488|ABNB|124.260002|126.970001|122.044998|122.889999|5254200|1.0000000000|122.889999
2025-10-16|489|EXE|103.330002|104.065002|97.570000|98.589996|3172200|0.9779564541|96.416718
2025-10-16|490|COIN|338.489990|342.700012|328.709991|330.250000|7611900|1.0000000000|330.250000
2025-10-16|491|APP|612.809998|616.280029|594.679993|605.679993|3541900|1.0000000000|605.679993
2025-10-16|492|HOOD|135.380005|137.479996|130.570007|131.440002|23359400|1.0000000000|131.440002
2025-10-16|493|CEG|406.899994|411.690002|394.720001|396.529999|3062300|0.9944409722|394.325684
2025-10-16|494|GEHC|73.889999|74.235001|72.754997|73.379997|1766900|0.9981004727|73.240608
2025-10-16|495|KVUE|16.280001|16.430000|14.050000|14.110000|87211200|0.9540880845|13.462182
2025-10-16|496|VLTO|102.000000|102.135002|100.870003|101.910004|1189700|0.9957401186|101.475876
2025-10-16|497|RDDT|202.539993|203.880005|196.000000|198.970001|3036100|1.0000000000|198.970001
2025-10-16|498|SOLV|71.620003|71.849998|70.903000|71.440002|897300|1.0000000000|71.440002
2025-10-16|499|GEV|621.500000|623.625000|595.200012|602.000000|3500600|0.9977344385|600.636108
2025-10-16|500|SNDK|146.000000|149.089996|141.699997|144.270004|6289600|1.0000000000|144.270004
