date|security_id|ticker|open|high|low|close|volume|adj_factor|adj_close_vendor
2025-10-29|1|AEP|120.300003|122.790001|120.010002|122.110001|9568500|0.9699113042|118.435867
2025-10-29|2|BA|221.360001|221.899994|212.500000|213.580002|20940100|1.0000000000|213.580002
2025-10-29|3|CAT|558.179993|596.210022|558.000000|585.489990|6948500|0.9939261318|581.933838
2025-10-29|4|CNP|39.520000|39.639999|38.889999|38.950001|5074500|0.9777626474|38.083855
2025-10-29|5|CVX|153.860001|156.149994|153.860001|155.100006|7344400|0.9620890936|149.220016
2025-10-29|6|DIS|111.180000|111.529999|110.010002|110.239998|7097100|0.9857264957|108.666489
2025-10-29|7|DTE|139.190002|140.000000|138.259995|138.860001|1176300|0.9755422782|135.463806
2025-10-29|8|ED|98.480003|98.860001|96.879997|97.000000|1804100|0.9678975191|93.886055
2025-10-29|9|GD|345.260010|346.079987|339.779999|343.480011|1712200|0.9869830633|339.009003
2025-10-29|10|GE|310.000000|315.119995|309.019989|314.279999|3596800|0.9961629631|313.074127
2025-10-29|11|HON|213.380002|214.460004|210.499996|212.889993|4186600|0.9694785487|206.392273
2025-10-29|12|HPQ|27.879999|28.250000|27.570000|27.700001|8931500|0.9607551428|26.612917
2025-10-29|13|IBM|312.790009|314.329987|307.519989|308.209991|4135900|0.9746618623|300.400513
2025-10-29|14|IP|46.560001|46.560001|44.060001|44.230000|7383200|0.9527969504|42.142208
2025-10-29|15|JNJ|186.699997|187.100006|184.660004|186.600006|10551100|0.9779609434|182.487503
2025-10-29|16|KO|69.919998|70.029999|68.160004|68.349998|19789600|0.9799171123|66.977333
2025-10-29|17|KR|67.400002|67.430000|65.790001|66.040001|6339800|0.9778352350|64.576241
2025-10-29|18|LMT|485.000000|488.820007|483.670013|485.329987|971500|0.9808408602|476.031494
2025-10-29|19|MMM|167.149994|168.000000|163.610001|164.630005|3163400|0.9818750293|161.646088
2025-10-29|20|MO|63.020000|63.389999|61.900002|61.970001|10276100|0.9516126626|58.971439
2025-10-29|21|MRK|86.949997|87.839996|86.070000|86.580002|10921900|0.9772081263|84.606682
2025-10-29|22|MSI|440.029999|440.929993|431.250000|432.179993|710100|0.9910852927|428.327271
2025-10-29|23|PG|150.660004|150.970001|148.470001|148.770004|7405500|0.9782265339|145.530762
2025-10-29|24|XOM|114.919998|117.050003|114.809998|116.449997|12570600|0.9718336400|113.170029
2025-10-29|25|RTX|177.789993|178.979996|176.000000|176.360001|4285200|0.9853742397|173.780594
2025-10-29|26|MCD|304.700012|304.779999|301.220001|302.350006|2502300|0.9818538696|296.863525
2025-10-29|27|AXP|359.000000|362.000000|355.880005|358.220001|1840500|0.9919237847|355.326935
2025-10-29|28|BMY|42.820000|43.150002|42.520000|42.599998|16147100|0.9673144843|41.207592
2025-10-29|29|DD|81.530001|83.400002|81.530001|82.160000|3424200|1.2389568992|101.792694
2025-10-29|30|DE|471.839996|477.890015|469.029999|473.489990|1134800|0.9910776808|469.265381
2025-10-29|31|EMR|134.750000|137.820007|134.000000|136.429993|3356600|0.9845366681|134.320343
2025-10-29|32|ETN|376.880005|390.000000|376.279999|387.750000|2245000|0.9889737586|383.474548
2025-10-29|33|ETR|94.000000|96.970001|92.760002|95.459999|4739600|0.9756994696|93.140274
2025-10-29|34|F|13.100000|13.390000|13.070000|13.240000|127512200|0.9554534458|12.650204
2025-10-29|35|HAL|26.620001|27.559999|26.620001|27.480000|11791200|0.9847026012|27.059628
2025-10-29|36|LLY|827.309998|830.289978|809.630005|813.530029|3591200|0.9937326373|808.431335
2025-10-29|37|PCG|16.080000|16.200001|15.720000|15.760000|17256900|0.9911560857|15.620621
2025-10-29|38|PEP|148.050003|148.660004|143.669998|146.160004|7767600|0.9713251717|141.968872
2025-10-29|39|PFE|24.530001|24.629999|24.230000|24.290001|65438400|0.9344639716|22.698130
2025-10-29|40|TXN|166.720001|166.720001|159.830002|160.259995|11961900|0.9747566992|156.214508
2025-10-29|41|WFC|86.820000|87.239998|85.669998|86.000000|16444400|0.9786587178|84.164650
2025-10-29|42|HUBB|463.290009|478.549988|458.959991|472.570007|1216536|0.9910077151|468.320526
2025-10-29|43|WMT|102.910004|103.669998|102.110001|102.459999|11986400|0.9916508097|101.604538
2025-10-29|44|AIG|78.000000|78.519997|77.470001|77.980003|2845000|0.9824236525|76.609398
2025-10-29|45|AVY|178.619995|180.199997|175.850006|176.199997|779500|0.9833361967|173.263840
2025-10-29|46|BAC|52.660000|53.009998|52.320000|52.580002|29158800|0.9841245494|51.745270
2025-10-29|47|BALL|48.770000|48.939999|47.570000|47.779999|2538700|0.9893620930|47.271717
2025-10-29|48|BDX|183.330008|183.330008|181.079999|181.520005|1610500|0.7715067098|140.043915
2025-10-29|49|CLX|115.000000|115.250000|110.610001|110.669998|2084200|0.9654541242|106.846802
2025-10-29|50|CMI|419.140015|442.799988|418.769989|441.260010|1594800|0.9855888256|434.900940
2025-10-29|51|CMS|73.489998|73.650002|72.139999|72.290001|3758400|0.9697049346|70.099976
2025-10-29|52|CVS|82.500000|85.150002|80.330002|80.599998|14783500|0.9771601786|78.759102
2025-10-29|53|ECL|266.519989|267.040009|256.739990|257.470001|1582100|0.9918356453|255.367950
2025-10-29|54|ES|74.570000|74.720001|73.370003|73.809998|1960800|0.9670826030|71.380363
2025-10-29|55|EVRG|77.510002|77.769997|76.830002|76.940002|1752500|0.9663059278|74.347580
2025-10-29|56|GWW|960.750000|966.840027|953.770020|958.969971|284700|0.9918044722|951.110657
2025-10-29|57|LNT|67.910004|68.239998|67.529999|67.790001|2768800|0.9698403407|65.745476
2025-10-29|58|MKC|65.349998|65.440002|63.639999|63.830002|2668900|0.9754240070|62.261314
2025-10-29|59|MRSH|180.990005|182.800003|179.259995|179.990005|3850800|0.9842873682|177.161896
2025-10-29|60|NEE|83.300003|83.790001|81.050003|81.760002|11681500|0.9793736752|79.475952
2025-10-29|61|NI|44.500000|44.880001|42.070000|42.459999|10825700|0.9739163964|41.352493
2025-10-29|62|PNW|90.349998|90.849998|88.919998|89.120003|1931800|0.9627257278|85.798119
2025-10-29|63|RVTY|96.000000|97.430000|94.370003|95.300003|1084100|0.9979858512|95.108055
2025-10-29|64|SNA|341.320007|344.429993|336.410004|337.149994|273900|0.9736214558|328.256470
2025-10-29|65|SPGI|489.360001|490.000014|470.970014|473.050015|2540700|0.9377344841|443.595276
2025-10-29|66|TER|170.009995|177.240005|162.160004|173.940002|12203800|0.9984501140|173.670425
2025-10-29|67|TGT|96.519997|97.070000|94.029999|94.120003|6125600|0.9610823572|90.457077
2025-10-29|68|TXT|80.070000|81.190002|79.080002|79.989998|1802400|0.9993380469|79.937042
2025-10-29|69|VMC|292.350006|299.109985|292.220001|294.970001|1285800|0.9925854203|292.782928
2025-10-29|70|XEL|79.330002|80.360001|78.949997|79.690002|4254500|0.9776860259|77.911804
2025-10-29|71|ITW|244.839996|247.119995|241.229996|242.029999|1797200|0.9813941046|237.526810
2025-10-29|72|CL|76.699997|76.769997|75.379997|75.730003|8658100|0.9821445459|74.377808
2025-10-29|73|EXC|47.439999|47.860001|46.990002|47.200001|11932600|0.9737696536|45.961929
2025-10-29|74|MDT|92.779999|92.809998|91.379997|91.730003|6963600|0.9758565703|89.515327
2025-10-29|75|BNY|108.129997|108.459999|106.620003|107.050003|4258400|0.9877222173|105.735672
2025-10-29|76|EIX|55.000000|56.049999|54.200001|55.389999|3813800|0.9623086217|53.302277
2025-10-29|77|FRT|97.139999|97.690002|95.339996|95.470001|706400|0.9693143333|92.540436
2025-10-29|78|PNR|109.220001|110.120003|106.989998|107.620003|1337500|0.9901423720|106.559128
2025-10-29|79|USB|46.910000|47.490002|46.369999|46.639999|8829500|0.9719845662|45.333363
2025-10-29|80|WY|23.610001|23.709999|23.120001|23.200001|10319700|0.9737086273|22.590042
2025-10-29|81|SYY|75.320000|75.680000|74.110001|74.290001|4057100|0.9787571978|72.711876
2025-10-29|82|WRB|72.190002|72.199997|70.769997|71.400002|4271800|0.9742469050|69.561226
2025-10-29|83|IFF|64.459999|64.699997|63.049999|63.279999|2377300|0.9828526607|62.194916
2025-10-29|84|TAP|44.830002|44.930000|43.470001|43.509998|2637400|0.9680101781|41.632843
2025-10-29|85|PNC|181.320007|183.589996|180.029999|181.020004|2592800|0.9770281499|176.861633
2025-10-29|86|TRV|265.279999|269.329987|265.239990|267.910004|1262700|0.9883140678|264.779236
2025-10-29|87|C|101.290001|101.940002|99.029999|99.120003|11878800|0.9792834329|97.066574
2025-10-29|88|FDX|249.050006|252.620002|247.999996|249.640000|1488500|0.7954691757|198.580933
2025-10-29|89|WDC|131.429993|145.679993|131.250000|141.380005|18267300|0.9984583045|141.162033
2025-10-29|90|DHR|215.470001|218.559998|212.710007|214.009995|3030400|0.9944303518|212.818024
2025-10-29|91|APA|22.700001|23.260000|22.510000|22.540001|6035100|0.9771167223|22.024210
2025-10-29|92|LUV|31.020000|31.129999|30.459999|30.660000|10919900|0.9870678085|30.263500
2025-10-29|93|PEG|81.370003|81.739998|80.139999|80.290001|2535400|0.9756675447|78.336342
2025-10-29|94|UNP|216.639999|218.160004|215.529999|216.369995|3587900|0.9839040791|212.887314
2025-10-29|95|ABT|126.180000|126.550003|124.120003|124.430000|5182000|0.9817546722|122.159737
2025-10-29|96|ADI|239.759995|241.910004|234.520004|235.039993|3438500|0.9906566026|232.843918
2025-10-29|97|ADM|60.970001|61.330002|60.389999|60.520000|3183200|0.9716117081|58.801945
2025-10-29|98|ADP|271.160004|272.809998|260.239990|261.220001|3346300|0.9780151607|255.477112
2025-10-29|99|AFL|106.360001|106.839996|105.430000|105.699997|1668700|0.9795217260|103.535454
2025-10-29|100|AMAT|232.899994|237.389999|232.000000|235.750000|7784500|0.9944993487|234.453232
2025-10-29|101|AMD|264.190002|267.079987|257.399994|264.329987|49335600|1.0000000000|264.329987
2025-10-29|102|APD|253.630005|254.130005|247.830002|248.339996|1142900|0.9804771664|243.491699
2025-10-29|103|BF-B|28.070000|28.190001|26.750000|26.790001|2862300|0.9746521115|26.110931
2025-10-29|104|CHD|83.739998|83.809998|81.690002|81.839996|2518900|0.9872146942|80.793640
2025-10-29|105|CINF|150.699997|152.270004|150.000000|151.830002|790900|0.9835715596|149.335678
2025-10-29|106|CMCSA|29.150000|29.259999|28.460000|28.530000|42857700|0.9033911576|25.773748
2025-10-29|107|D|59.520000|59.750000|58.790001|58.990002|4507800|0.9687101350|57.144211
2025-10-29|108|DOV|180.179993|181.690002|179.440002|180.800003|1568100|0.9924896872|179.442123
2025-10-29|109|DUK|125.650002|126.070000|123.820000|124.290001|3686400|0.9660947366|120.075912
2025-10-29|110|EFX|222.070007|222.210007|211.690002|214.509995|1552800|0.9915561793|212.698715
2025-10-29|111|EQT|52.470001|53.400002|50.910000|51.799999|6876600|0.9883492503|51.196487
2025-10-29|112|FITB|42.000000|42.490002|41.430000|41.770000|6093600|0.9757841433|40.758503
2025-10-29|113|GIS|47.700001|48.029999|46.459999|46.570000|8082300|0.9532424984|44.392502
2025-10-29|114|GPC|130.750000|131.800003|128.630005|129.149994|1013000|0.9724963604|125.597893
2025-10-29|115|HAS|77.650002|78.980003|77.059998|77.959999|2402700|0.9687474839|75.523552
2025-10-29|116|HBAN|15.470000|15.530000|15.050000|15.160000|49576600|0.9725023795|14.743136
2025-10-29|117|HRL|22.910000|23.040001|21.459999|21.490000|12021600|0.9619905057|20.673176
2025-10-29|118|HST|16.219999|16.510000|16.120001|16.309999|6914400|0.9346875076|15.244752
2025-10-29|119|HSY|178.729996|179.169998|173.500000|175.279999|3128800|0.9707271518|170.149048
2025-10-29|120|INTC|41.599998|42.040001|40.919998|41.340000|106962900|1.0000000000|41.340000
2025-10-29|121|J|158.720001|160.369995|157.320007|158.360001|753700|0.9894584622|156.690659
2025-10-29|122|JPM|303.510010|308.250000|303.010010|305.510010|7520300|0.9859988977|301.232544
2025-10-29|123|KMB|119.750000|120.120003|116.260002|116.720001|4365200|0.9627154389|112.368141
2025-10-29|124|L|97.889999|98.360001|97.379997|97.800003|823900|0.9977044368|97.575500
2025-10-29|125|LEN|126.370003|128.970001|123.750000|124.180000|5354100|0.9844362452|122.247284
2025-10-29|126|LOW|242.500000|243.570007|236.869995|238.490005|3121400|0.9846876283|234.838165
2025-10-29|127|MAS|64.500000|68.000000|63.980000|65.220001|4483800|0.9817399064|64.029076
2025-10-29|128|MTB|179.580002|183.669998|179.320007|181.339996|1424900|0.9784172563|177.426193
2025-10-29|129|NEM|81.320000|81.839996|79.309998|79.669998|10811600|0.9927701446|79.093994
2025-10-29|130|NTRS|126.400002|128.899994|125.730003|127.260002|1159900|0.9838837164|125.209038
2025-10-29|131|NUE|152.199997|155.830002|151.149994|154.429993|2290500|0.9907811186|153.006317
2025-10-29|132|OMC|76.250000|76.489998|74.949997|75.239998|4648700|0.9700503706|72.986588
2025-10-29|133|PCAR|98.790001|100.879997|97.529999|98.209999|3037500|0.9759401745|95.847084
2025-10-29|134|PGR|210.289993|211.070007|206.580002|207.970001|5050900|0.9393741219|195.361618
2025-10-29|135|PH|767.429993|784.380005|767.200012|775.030029|484200|0.9937397742|770.178101
2025-10-29|136|PHM|119.260002|121.500000|116.339996|118.230003|2879600|0.9937132889|117.486732
2025-10-29|137|PPG|103.949997|104.000000|99.040001|99.129997|3446500|0.9744973374|96.601921
2025-10-29|138|PPL|36.759998|36.959999|36.299999|36.480000|4331200|0.9766950417|35.629837
2025-10-29|139|RF|24.059999|24.500000|23.910000|24.070000|32437800|0.9708879210|23.369272
2025-10-29|140|ROL|56.259998|56.259998|53.740002|53.869999|3630300|0.9856812639|53.098652
2025-10-29|141|SHW|351.890015|353.450012|344.989990|345.730011|2037200|0.9906031983|342.481293
2025-10-29|142|STT|118.000000|119.330002|116.290001|116.750000|3290100|0.9820070009|114.649315
2025-10-29|143|SWK|71.260002|72.400002|69.440002|69.959999|1861100|0.9672078260|67.665855
2025-10-29|144|SYK|375.279999|375.309998|367.570007|369.589996|1451400|0.9921744259|366.697723
2025-10-29|145|TMO|558.309998|571.570007|555.059998|558.309998|1953600|0.9972620730|556.781433
2025-10-29|146|TPL|915.000000|940.689972|911.190033|924.399994|95600|0.3318281124|306.741913
2025-10-29|147|TSN|51.689999|51.759998|50.650002|50.720001|2867300|0.9750492370|49.454498
2025-10-29|148|TT|426.399994|437.750000|425.760010|427.480011|2138200|0.9953350758|425.485840
2025-10-29|149|TYL|504.429993|510.190002|475.769989|478.000000|725700|1.0000000000|478.000000
2025-10-29|150|UDR|34.599998|34.669998|33.520000|33.560001|4753400|0.9688744575|32.515427
2025-10-29|151|VTRS|10.240000|10.420000|10.220000|10.270000|9644000|0.9657614708|9.918370
2025-10-29|152|WEC|115.889999|116.339996|114.500000|114.580002|2692500|0.9669333840|110.791222
2025-10-29|153|WST|284.350006|288.359985|282.359985|284.859985|479900|0.9968900108|283.974091
2025-10-29|154|NDSN|234.699997|237.369995|232.029999|233.179993|378500|0.9906696357|231.004349
2025-10-29|155|TFC|44.000000|44.570000|43.660000|43.910000|9490600|0.9589220174|42.106262
2025-10-29|156|WELL|179.039993|183.539993|174.910004|176.960007|4807100|0.9854911345|174.392532
2025-10-29|157|AON|327.929993|329.190002|324.279999|326.070007|1532200|0.9951005240|324.472443
2025-10-29|158|GL|133.149994|134.250000|131.350006|131.729996|543900|0.9938835716|130.924286
2025-10-29|159|OKE|69.949997|70.410004|67.029999|67.199997|6515500|0.9485114183|63.739956
2025-10-29|160|KLAC|1225.989990|1259.550018|1224.469986|1235.279999|1463500|0.0994634319|122.865196
2025-10-29|161|CSX|35.439999|35.630001|35.060001|35.299999|9817200|0.9900119853|34.947418
2025-10-29|162|PSA|298.109985|298.109985|288.589996|289.179993|1720300|0.9701110817|280.536743
2025-10-29|163|NKE|67.010002|67.190002|64.949997|65.349998|15143100|0.9783499344|63.935169
2025-10-29|164|AAPL|269.279999|271.410004|267.109985|269.700012|51086700|0.9963195807|268.707397
2025-10-29|165|BRO|82.400002|82.400002|79.680000|80.300003|5728900|0.9904200305|79.530731
2025-10-29|166|UHS|217.800003|227.220001|217.699997|225.300003|1020200|0.9968342486|224.586761
2025-10-29|167|HD|383.000000|385.000000|375.200012|378.040009|3852300|0.9796274407|370.338348
2025-10-29|168|BAX|22.740000|22.920000|22.340000|22.420000|7770300|0.9984613291|22.376871
2025-10-29|169|COP|86.849998|88.410004|86.739998|88.080002|5476300|0.9694370271|85.388016
2025-10-29|170|GLW|87.349998|91.930000|86.500000|90.290001|13123000|0.9932214224|89.677963
2025-10-29|171|HUM|293.880005|296.489990|291.339996|292.670013|1337300|0.9892166205|289.514038
2025-10-29|172|LHX|287.299988|289.570007|285.440002|286.869995|1026700|0.9883920425|283.540039
2025-10-29|173|NOC|590.000000|594.219971|582.510010|584.989990|723200|0.9884333448|578.223633
2025-10-29|174|OXY|40.799999|41.119999|40.470001|40.580002|10870100|0.9849760250|39.970329
2025-10-29|175|ROK|363.130005|372.230011|362.500000|368.149994|880700|0.9867997940|363.290344
2025-10-29|176|SLB|35.919998|36.950001|35.790001|36.830002|16662800|0.9812007073|36.137623
2025-10-29|177|SO|93.570000|94.389999|92.849998|93.510002|6431000|0.9680357165|90.521019
2025-10-29|178|WMB|57.599998|58.040001|56.889999|56.980000|7890600|0.9774919343|55.697491
2025-10-29|179|VLO|168.830002|172.050003|167.179993|170.660004|1569800|0.9792382128|167.116806
2025-10-29|180|CI|305.920013|306.010010|298.220001|299.119995|1992400|0.9832673314|294.114899
2025-10-29|181|NSC|280.000000|281.500000|278.410004|279.529999|1048500|0.9826794519|274.688354
2025-10-29|182|COO|71.660004|72.910004|69.370003|69.580002|2550000|1.0000000000|69.580002
2025-10-29|183|AMGN|291.760010|294.809998|289.440002|291.769989|2824300|0.9730085280|283.894653
2025-10-29|184|RJF|157.800003|160.229996|156.979996|158.250000|1504500|0.9893936166|156.571533
2025-10-29|185|WSM|197.889999|203.630005|194.410004|195.490005|1302500|0.9895967846|193.456284
2025-10-29|186|CAH|163.229996|164.710007|161.639999|164.470001|2816500|0.9929397050|163.308777
2025-10-29|187|CTAS|186.850006|187.600006|182.649994|183.899994|2327300|0.9900452227|182.069321
2025-10-29|188|PAYX|122.349998|122.500000|117.000000|117.400002|4919000|0.9578135440|112.447311
2025-10-29|189|BEN|23.139999|23.299999|22.840000|22.940001|2386700|0.9625940231|22.081909
2025-10-29|190|AOS|66.180000|66.919998|65.059998|65.580002|1841300|0.9781906723|64.149734
2025-10-29|191|CASY|528.799988|534.039978|525.099976|529.090027|228400|0.9965302403|527.254211
2025-10-29|192|T|26.120001|26.209999|24.990000|25.139999|102715000|0.9652496452|24.266375
2025-10-29|193|VZ|40.930000|41.320000|39.669998|40.209999|53730200|0.9521495225|38.285931
2025-10-29|194|JBHT|166.339996|171.520004|166.339996|168.880005|1636700|0.9918818614|167.509018
2025-10-29|195|ATO|173.820007|174.399994|171.440002|171.660004|816300|0.9773427979|167.770676
2025-10-29|196|LRCX|158.250000|163.089996|158.089996|160.669998|12783300|0.9964597456|160.101181
2025-10-29|197|MU|229.059998|232.399994|226.100006|226.630005|23217300|0.9990228227|226.408539
2025-10-29|198|AJG|265.619995|268.850006|261.040009|262.019989|3165300|0.9910126646|259.665131
2025-10-29|199|AME|185.059998|187.139999|182.869995|184.190002|2201800|0.9953689352|183.337021
2025-10-29|200|SWKS|83.139999|84.529999|78.589996|78.739998|7443100|0.9685989226|76.267471
2025-10-29|201|EXPD|119.480003|119.779999|117.449997|117.570000|873500|0.9896583057|116.354134
2025-10-29|202|UNH|364.279999|366.149994|353.880005|355.260010|11874900|0.9800610506|348.176483
2025-10-29|203|BBY|83.500000|84.529999|83.070000|84.000000|3640100|0.9593973356|80.589378
2025-10-29|204|DOC|17.900000|18.070000|17.430000|17.580000|8897400|0.9458004738|16.627171
2025-10-29|205|ADSK|306.529999|307.000000|296.019989|297.079987|1682200|1.0000000000|297.079987
2025-10-29|206|DVN|32.180000|32.520000|31.950001|32.049999|7060400|0.9814598964|31.455790
2025-10-29|207|NVR|7381.200195|7500.000000|7278.890137|7333.310059|28700|1.0000000000|7333.310059
2025-10-29|208|ROST|158.919998|160.820007|157.919998|158.339996|1507500|0.9936631572|157.336624
2025-10-29|209|JKHY|153.309998|154.399994|147.020004|149.889999|1833000|0.9886171552|148.183838
2025-10-29|210|MNST|68.870003|68.919998|66.410004|66.559998|5796900|0.5000000000|66.559998
2025-10-29|211|ORCL|281.459991|281.619995|271.350006|275.299988|18007100|0.9904465499|272.669952
2025-10-29|212|MSFT|544.940002|546.270020|536.729980|541.549988|36023000|0.9918394551|537.130615
2025-10-29|213|TROW|104.760002|104.989998|103.309998|103.510002|1873900|0.9618549978|99.561607
2025-10-29|214|COST|919.000000|919.880005|909.299988|912.419983|2449600|0.9941992924|907.127258
2025-10-29|215|ADBE|355.519989|355.519989|337.049988|337.859985|6746500|1.0000000000|337.859985
2025-10-29|216|FISV|71.360001|76.650002|66.580002|70.599998|103454200|1.0000000000|70.599998
2025-10-29|217|BKR|47.700001|48.849998|47.580002|48.320000|7071700|0.9846041741|47.576073
2025-10-29|218|CDNS|337.299988|347.000000|334.000000|341.429993|2412600|1.0000000000|341.429993
2025-10-29|219|TJX|143.570007|143.839996|140.860001|141.690002|4383300|0.9879468300|139.982178
2025-10-29|220|FICO|1647.869995|1649.920044|1565.000000|1566.900024|261400|1.0000000000|1566.900024
2025-10-29|221|CCL|27.799999|28.410000|27.660000|27.870001|32133800|0.9841845235|27.429222
2025-10-29|222|FAST|41.299999|41.490002|40.759998|41.090000|8842600|0.9838279433|40.425491
2025-10-29|223|SCHW|93.489998|95.110001|93.250000|94.610001|11773900|0.9873800864|93.416031
2025-10-29|224|JCI|112.070000|114.309998|112.070000|113.339996|3187100|0.9941759575|112.679893
2025-10-29|225|COHR|136.750000|141.429993|135.550003|138.059998|3712000|1.0000000000|138.059998
2025-10-29|226|KEY|17.520000|17.700001|17.290001|17.400000|17835200|0.9696888308|16.872585
2025-10-29|227|MOS|29.230000|29.400000|28.500000|28.650000|4070400|0.9727377902|27.868937
2025-10-29|228|MGM|31.430000|31.840000|30.959999|31.209999|6785000|1.0000000000|31.209999
2025-10-29|229|WM|203.789993|203.789993|197.020004|197.529999|3665300|0.9879218676|195.144196
2025-10-29|230|TECH|63.500000|64.099998|61.369999|62.020000|1833200|0.9943671322|61.670654
2025-10-29|231|IEX|173.000000|181.270004|171.339996|173.399994|1690700|0.9895889092|171.594711
2025-10-29|232|GEN|26.490000|26.530001|25.780001|25.850000|3787500|0.9804358251|25.344267
2025-10-29|233|CRH|119.940002|120.650002|117.360001|118.480003|3042500|0.9889154582|117.166710
2025-10-29|234|EOG|105.690002|107.000000|105.690002|106.000000|3740600|0.9756845809|103.422569
2025-10-29|235|PTC|201.490005|201.919998|197.520004|197.860001|539800|1.0000000000|197.860001
2025-10-29|236|CSCO|72.680000|72.820000|70.919998|71.330002|18020600|0.9856294108|70.304955
2025-10-29|237|LH|259.000000|259.760010|248.000000|248.139999|1536000|0.9921089357|245.655243
2025-10-29|238|TRMB|80.250000|80.940002|78.820000|79.389999|1523300|1.0000000000|79.389999
2025-10-29|239|AZO|3793.500000|3826.669922|3692.320068|3709.120117|147000|1.0000000000|3709.120117
2025-10-29|240|REGN|650.409973|659.979980|637.659973|652.909973|1751500|0.9948983635|649.578979
2025-10-29|241|IDXX|635.409973|635.409973|622.080017|627.659973|489900|1.0000000000|627.659973
2025-10-29|242|AES|14.550000|14.570000|14.280000|14.370000|5900100|0.9525797478|13.688571
2025-10-29|243|VRTX|418.019989|422.980011|415.769989|417.209991|1324900|1.0000000000|417.209991
2025-10-29|244|ZBRA|274.890015|277.000000|268.730011|270.769989|1087500|1.0000000000|270.769989
2025-10-29|245|BIIB|148.820007|149.910004|147.539993|147.860001|2450700|1.0000000000|147.860001
2025-10-29|246|ODFL|142.029999|146.990005|134.029999|136.130005|4290600|0.9953671039|135.499329
2025-10-29|247|APH|139.199997|141.720001|137.509995|139.750000|8477100|0.9946061744|138.996201
2025-10-29|248|KIM|21.610001|21.790001|21.320000|21.400000|5499500|0.9657396580|20.666830
2025-10-29|249|QCOM|182.000000|183.490005|178.199997|178.669998|11614600|0.9849314898|175.977707
2025-10-29|250|GILD|117.120003|118.959999|116.699997|118.500000|6032300|0.9813788839|116.293388
2025-10-29|251|ROP|451.579987|454.779999|444.130005|446.279999|1657800|0.9929279129|443.123871
2025-10-29|252|SNPS|454.750000|457.149994|444.459991|455.339996|2315100|1.0000000000|455.339996
2025-10-29|253|STZ|133.539993|133.880005|130.750000|130.979996|2823100|0.9716065224|127.261009
2025-10-29|254|BSX|100.620003|100.940002|99.720001|100.300003|6969100|1.0000000000|100.300003
2025-10-29|255|STE|241.000000|241.000000|236.000000|236.789993|560400|0.9945039836|235.488602
2025-10-29|256|DHI|151.059998|154.059998|147.320007|148.289993|5517300|0.9881394354|146.531174
2025-10-29|257|LIN|438.790009|439.440002|431.220001|432.010010|4087200|0.9898650243|427.631622
2025-10-29|258|SBUX|84.139999|84.889999|83.279999|84.169998|13881700|0.9751160265|82.075516
2025-10-29|259|MS|164.309998|166.020004|163.119995|164.029999|4963500|0.9778330741|160.393967
2025-10-29|260|INTU|667.580017|669.619995|649.099976|656.039978|1990900|0.9906980199|649.937500
2025-10-29|261|MCHP|63.680000|64.309998|62.139999|62.540001|9882000|0.9744763190|60.943748
2025-10-29|262|CB|274.029999|279.339996|273.420013|278.000000|2649500|0.9939554166|276.319611
2025-10-29|263|ORLY|95.580002|96.519997|94.129997|94.519997|4976900|1.0000000000|94.519997
2025-10-29|264|RCL|290.010010|292.440002|280.019989|280.049988|4187700|0.9862054091|276.186829
2025-10-29|265|JBL|212.710007|226.830002|212.229996|222.320007|1540700|0.9988481715|222.063950
2025-10-29|266|ALL|189.800003|190.399994|188.080002|190.000000|1302200|0.9851043015|187.169800
2025-10-29|267|CPT|100.669998|100.800003|97.169998|97.580002|2364500|0.9704206326|94.693649
2025-10-29|268|VMRK|59.900002|60.700001|58.509998|58.910000|6319500|0.9671264641|56.973423
2025-10-29|269|IT|253.089996|255.000000|247.240005|249.740005|1136800|1.0000000000|249.740005
2025-10-29|270|DECK|87.309998|87.599998|83.629997|83.839996|6365700|1.0000000000|83.839996
2025-10-29|271|REG|70.529999|71.680000|69.099998|69.349998|1313500|0.9701425273|67.279381
2025-10-29|272|INCY|91.489998|94.419998|88.199997|90.180000|3443500|1.0000000000|90.180000
2025-10-29|273|SPG|175.690002|176.580002|172.389999|173.639999|2293400|0.9659807077|167.732910
2025-10-29|274|MAA|129.869995|130.389999|126.050003|126.279999|1869500|0.9656183896|121.938286
2025-10-29|275|MLM|616.000000|630.479980|613.359985|616.919983|410100|0.9960197565|614.464478
2025-10-29|276|TSCO|55.180000|55.279999|53.980000|54.240002|4040900|0.9764906296|52.964848
2025-10-29|277|ALB|96.800003|101.040001|96.449997|97.800003|2278700|0.9919948535|97.017105
2025-10-29|278|CPRT|43.700001|43.700001|42.400002|42.500000|7505200|1.0000000000|42.500000
2025-10-29|279|FLEX|59.490002|67.000000|58.950001|66.099998|6978800|1.0000000000|66.099998
2025-10-29|280|ESS|253.869995|254.740005|246.619995|247.179993|859200|0.9710345219|240.020309
2025-10-29|281|O|59.040001|59.310001|58.090000|58.360001|7192900|0.9566399898|55.829510
2025-10-29|282|MCO|487.000000|488.549988|469.109985|471.700012|1223200|0.9914008639|467.643799
2025-10-29|283|SJM|103.459999|104.410004|100.589996|101.209999|1754800|0.9604551346|97.207657
2025-10-29|284|MCK|803.880005|811.619995|801.739990|807.630005|512300|0.9971371280|805.317871
2025-10-29|285|COF|218.500000|222.449997|217.089996|218.589996|3482500|0.9846948620|215.244446
2025-10-29|286|EME|755.789978|778.640015|755.789978|777.000000|684700|0.9983902989|775.749268
2025-10-29|287|DLTR|101.720001|103.199997|100.489998|101.330002|2629700|1.0000000000|101.330002
2025-10-29|288|COR|336.600006|338.220001|331.399994|333.170013|1472800|0.9924371875|330.650299
2025-10-29|289|DRI|180.020004|182.710007|177.330002|182.410004|1842300|0.9771066651|178.234024
2025-10-29|290|RMD|256.470001|258.350006|252.899994|253.619995|1172400|0.9895309167|250.964813
2025-10-29|291|WAB|197.750000|203.630005|197.600006|201.550003|1225200|0.9953491745|200.612640
2025-10-29|292|FCX|41.720001|43.490002|41.549999|42.189999|19707800|0.9929128187|41.890987
2025-10-29|293|IVZ|23.920000|24.590000|23.830000|24.100000|10981500|0.9692003654|23.357731
2025-10-29|294|ACGL|84.589996|86.139999|84.000000|85.849998|2765300|1.0000000000|85.849998
2025-10-29|295|ERIE|318.640015|318.640015|301.679993|301.869995|212500|0.9834606060|296.877258
2025-10-29|296|EG|307.000000|314.320007|304.600006|309.450012|711200|0.9878843207|305.700806
2025-10-29|297|DVA|129.070007|130.820007|126.040001|126.559998|1567500|1.0000000000|126.559998
2025-10-29|298|HSIC|62.880001|63.189999|62.150002|62.320000|1254600|1.0000000000|62.320000
2025-10-29|299|EL|98.800003|99.849998|96.589996|97.360001|3615000|0.9893232983|96.320518
2025-10-29|300|WAT|344.470001|348.420013|342.230011|343.470001|528100|1.0000000000|343.470001
2025-10-29|301|NTAP|115.959999|116.250000|113.790001|114.120003|2164700|0.9870750252|112.645004
2025-10-29|302|HIG|121.400002|122.930000|120.680000|122.360001|2149400|0.9867007020|120.732697
2025-10-29|303|IRM|103.839996|103.870003|101.089996|101.339996|1032800|0.9749654551|98.802994
2025-10-29|304|BRK-B|477.320007|478.799988|473.720001|475.760010|6204500|1.0000000000|475.760010
2025-10-29|305|FDS|287.059998|287.059998|266.619995|266.890015|1219400|0.9861098905|263.182892
2025-10-29|306|STLD|161.550003|164.729996|159.399994|163.470001|1080700|0.9917509611|162.121536
2025-10-29|307|DGX|178.300003|178.759995|174.699997|174.779999|1014800|0.9871163208|172.528198
2025-10-29|308|CIEN|184.699997|193.119995|184.500000|189.270004|2589100|1.0000000000|189.270004
2025-10-29|309|TTWO|250.119995|252.750000|249.240005|251.729996|1520300|1.0000000000|251.729996
2025-10-29|310|VTR|69.720001|70.199997|69.169998|69.779999|4526500|0.9818295408|68.512070
2025-10-29|311|AMZN|231.669998|232.820007|227.759995|230.300003|52036200|1.0000000000|230.300003
2025-10-29|312|ARE|62.200001|63.610001|57.619999|58.759998|7089100|0.9575530500|56.265816
2025-10-29|313|RL|328.540009|330.779999|326.429993|327.579987|441300|0.9923194237|325.063995
2025-10-29|314|BXP|73.050003|73.870003|69.980003|70.360001|3187100|0.9663309942|67.991051
2025-10-29|315|FIX|990.989990|1019.729980|990.989990|1010.640015|383000|0.9979565203|1008.574707
2025-10-29|316|YUM|140.259995|140.589996|138.289993|139.190002|1620700|0.9858960568|137.226868
2025-10-29|317|CHRW|127.190002|131.100006|126.830002|129.380005|2913700|0.9892308245|127.986679
2025-10-29|318|FE|46.000000|46.330002|45.680000|45.799999|7853600|0.9613759059|44.031017
2025-10-29|319|MTD|1394.290039|1416.060059|1383.949951|1394.170044|167000|1.0000000000|1394.170044
2025-10-29|320|PLD|124.779999|125.599998|122.970001|123.470001|3329800|0.9772581725|120.662079
2025-10-29|321|URI|882.239990|896.469971|867.039978|870.780029|656100|0.9918999023|863.726562
2025-10-29|322|AEE|103.080002|103.459999|101.910004|102.279999|1222200|0.9792499824|100.157684
2025-10-29|323|VRSN|238.559998|240.369995|231.830002|232.820007|1571300|0.9876930267|229.954681
2025-10-29|324|PWR|441.850006|459.359985|441.820007|448.690002|1886800|0.9993903388|448.416443
2025-10-29|325|AMT|182.669998|183.919998|178.750000|179.080002|4501500|0.9712942756|173.939392
2025-10-29|326|MAR|263.369995|267.109985|262.029999|263.119995|1378500|0.9917417055|260.947083
2025-10-29|327|CTSH|75.180000|75.669998|71.120003|71.690002|10753600|0.9779331176|70.108032
2025-10-29|328|SRE|92.260002|93.059998|91.669998|92.199997|2200500|0.9788895267|90.253616
2025-10-29|329|CSGP|72.339996|72.500000|63.820000|70.510002|15475600|1.0000000000|70.510002
2025-10-29|330|RSG|215.449997|216.520004|209.830002|210.500000|2364100|0.9913326285|208.675522
2025-10-29|331|CCI|94.239998|95.320000|92.269997|92.320000|4055600|0.9648543647|89.075363
2025-10-29|332|EBAY|98.949997|101.120003|95.779999|99.540001|9165200|0.9904184858|98.287422
2025-10-29|333|NVDA|207.979996|212.190002|204.779999|207.039993|308829600|0.9987261828|206.776276
2025-10-29|334|BKNG|5200.009918|5220.000076|4928.139877|5075.859833|461600|0.0397328628|201.678436
2025-10-29|335|GS|788.000000|800.489990|778.820007|783.059998|2251500|0.9855142723|771.716797
2025-10-29|336|FFIV|267.000000|267.049988|257.500000|258.760010|1294300|1.0000000000|258.760010
2025-10-29|337|SBAC|194.009995|194.009995|189.820007|190.419998|1342900|0.9751039390|185.679276
2025-10-29|338|LII|499.369995|507.540009|487.579987|487.779999|532200|0.9920705337|483.912170
2025-10-29|339|BLK|1117.619995|1121.810059|1096.989990|1098.000000|861700|0.9841011192|1080.542969
2025-10-29|340|TKO|187.080002|189.580002|186.240005|186.600006|1113400|0.9884090368|184.437134
2025-10-29|341|AKAM|75.959999|75.970001|72.919998|73.010002|1755200|1.0000000000|73.010002
2025-10-29|342|UPS|96.900002|98.290001|95.730003|97.400002|10789200|0.9383630641|91.396561
2025-10-29|343|A|145.520004|146.050003|142.869995|143.199997|1902500|0.9940314297|142.345306
2025-10-29|344|TDY|523.500000|525.719971|513.780029|515.330017|369900|1.0000000000|515.330017
2025-10-29|345|PKG|204.779999|204.779999|195.789993|196.649994|996300|0.9816059808|193.032822
2025-10-29|346|EW|84.500000|84.660004|81.800003|82.690002|6199000|1.0000000000|82.690002
2025-10-29|347|MET|78.300003|79.320000|78.040001|78.320000|3214000|0.9722454281|76.146263
2025-10-29|348|ON|52.299999|52.549999|51.029999|51.400002|9858200|1.0000000000|51.400002
2025-10-29|349|ISRG|543.000000|544.950012|534.450012|537.590027|1721800|1.0000000000|537.590027
2025-10-29|350|CRL|186.710007|191.410004|175.580002|180.149994|1590700|1.0000000000|180.149994
2025-10-29|351|MRVL|90.760002|91.510002|89.050003|90.150002|13399900|0.9985347355|90.017899
2025-10-29|352|EQIX|812.950012|813.960022|794.650024|797.729980|556900|0.9790491812|781.016907
2025-10-29|353|TPR|112.669998|113.959999|111.580002|112.919998|2714700|0.9910289553|111.906982
2025-10-29|354|GRMN|220.669998|227.289993|213.360001|219.610001|2976100|0.9875544034|216.876831
2025-10-29|355|GPN|81.500000|82.540001|78.669998|79.209999|4705500|0.9898898052|78.409172
2025-10-29|356|ALGN|134.100006|135.550003|130.729996|131.910004|2200100|1.0000000000|131.910004
2025-10-29|357|WTW|316.940002|319.420013|314.040009|317.540009|966700|0.9903328749|314.470306
2025-10-29|358|MDLZ|58.470001|59.270000|56.990002|57.849998|20841600|0.9742061707|56.357826
2025-10-29|359|AXON|750.479980|762.080017|742.000000|759.440002|445800|1.0000000000|759.440002
2025-10-29|360|FIS|61.180000|62.889999|59.509998|61.500000|15316100|0.9743297530|59.921280
2025-10-29|361|ACN|253.149994|255.440002|247.500000|247.750000|5780700|0.9798095806|242.747818
2025-10-29|362|ZBH|100.669998|101.019997|99.139999|99.709999|1019100|0.9920119396|98.913506
2025-10-29|363|BG|96.500000|97.089996|95.750000|96.099998|1203800|0.9749906568|93.696609
2025-10-29|364|PFG|81.699997|83.239998|80.940002|82.430000|1194400|0.9740293311|80.289238
2025-10-29|365|ELV|341.220001|342.230011|334.529999|336.359985|1572900|0.9847701459|331.237274
2025-10-29|366|CNC|36.599998|37.570000|34.950001|37.340000|27250000|1.0000000000|37.340000
2025-10-29|367|PRU|100.830002|101.459999|100.199997|101.190002|2284500|0.9496925157|96.099388
2025-10-29|368|NFLX|1099.840012|1108.550034|1095.999985|1100.410004|3399500|0.1000000000|110.041000
2025-10-29|369|NDAQ|87.199997|87.459999|85.150002|85.419998|4356300|0.9903103249|84.592308
2025-10-29|370|WYNN|120.209999|122.019997|119.220001|120.870003|1251200|0.9907231274|119.748718
2025-10-29|371|CME|264.890015|264.890015|257.170013|261.529999|2926000|0.9671562481|252.940384
2025-10-29|372|STX|240.520004|268.910004|240.059998|265.619995|9900800|0.9949371232|264.275208
2025-10-29|373|NRG|173.679993|180.539993|170.500000|178.500000|2483100|0.9877934975|176.321152
2025-10-29|374|AIZ|206.860001|209.289993|206.029999|208.110001|277600|0.9887198190|205.762482
2025-10-29|375|CBRE|157.970001|158.990005|152.449997|152.710007|2183100|1.0000000000|152.710007
2025-10-29|376|CRM|252.000000|253.570007|249.039993|251.460007|7904200|0.9933339931|249.783768
2025-10-29|377|DPZ|408.200012|410.029999|403.269989|405.869995|550200|0.9848757173|399.731506
2025-10-29|378|EXR|145.300003|146.529999|141.529999|141.759995|1228400|0.9661267437|136.958115
2025-10-29|379|GOOG|268.609985|275.970001|268.429993|275.170013|26287900|0.9980438060|274.631714
2025-10-29|380|GOOGL|267.750000|275.339996|267.670013|274.570007|43580300|0.9980471771|274.033844
2025-10-29|381|DLR|174.050003|174.089996|165.979996|167.139999|2017000|0.9788235933|163.600586
2025-10-29|382|MPWR|1095.969971|1123.380005|1090.500000|1094.079956|817300|0.9948016730|1088.392578
2025-10-29|383|LVS|58.220001|59.400002|58.110001|58.779999|4544300|0.9787990268|57.533810
2025-10-29|384|DXCM|68.919998|69.099998|67.800003|68.180000|4434800|1.0000000000|68.180000
2025-10-29|385|BLDR|118.750000|119.250000|114.000000|115.290001|2977300|1.0000000000|115.290001
2025-10-29|386|WBD|20.920000|21.740000|20.820000|21.340000|32713000|1.0000000000|21.340000
2025-10-29|387|EXPE|229.039993|229.270004|216.270004|219.759995|1932300|0.9926306212|218.140503
2025-10-29|388|CF|85.690002|85.889999|83.750000|84.150002|1648500|0.9797238699|82.443764
2025-10-29|389|AMP|477.950012|483.320007|475.869995|478.540009|676700|0.9868973539|472.269836
2025-10-29|390|ICE|155.759995|156.139999|150.000000|150.619995|7586500|0.9901381914|149.134628
2025-10-29|391|PSKY|16.209999|16.280001|15.810000|15.880000|4414400|0.9863259572|15.662856
2025-10-29|392|LYV|150.259995|152.740005|149.080002|149.190002|2009400|1.0000000000|149.190002
2025-10-29|393|CMG|39.990002|40.650002|39.590000|39.759998|30048400|1.0000000000|39.759998
2025-10-29|394|UAL|95.209999|97.570000|94.500000|95.930000|6339300|1.0000000000|95.930000
2025-10-29|395|TDG|1327.229980|1337.829956|1301.599976|1316.000000|243800|1.0000000000|1316.000000
2025-10-29|396|MA|561.630005|566.809998|551.229980|554.580017|3763400|0.9951190330|551.873169
2025-10-29|397|LDOS|187.009995|190.710007|186.100006|188.160004|531500|0.9917626624|186.610062
2025-10-29|398|FSLR|240.000000|246.100006|236.000000|241.710007|2331300|1.0000000000|241.710007
2025-10-29|399|BR|227.130005|228.250000|217.889999|219.880005|1077700|0.9836780236|216.291138
2025-10-29|400|SMCI|53.799999|54.080002|51.560001|52.689999|25028500|1.0000000000|52.689999
2025-10-29|401|TMUS|220.539993|221.369995|212.119995|215.009995|8834600|0.9849640725|210.561859
2025-10-29|402|DAL|57.900002|59.500000|57.639999|58.759998|8625000|0.9922015511|58.301762
2025-10-29|403|IBKR|68.709999|69.629997|68.139999|69.190002|2903400|0.9966884542|68.960869
2025-10-29|404|PODD|322.670013|323.040009|314.920013|316.170013|571100|1.0000000000|316.170013
2025-10-29|405|TEL|244.080002|246.130005|236.210007|240.759995|3133300|0.9892434805|238.170242
2025-10-29|406|BX|151.000000|152.250000|148.399994|148.919998|3836800|0.9610163599|143.114532
2025-10-29|407|LULU|178.710007|178.990005|169.770004|170.300003|5155700|1.0000000000|170.300003
2025-10-29|408|ULTA|516.650024|518.900024|500.149994|506.070007|699100|1.0000000000|506.070007
2025-10-29|409|MSCI|588.159973|588.210022|560.219971|567.539978|1140300|0.9858483453|559.508362
2025-10-29|410|ECHO|74.339996|74.989998|73.110001|73.620003|2628200|1.0000000000|73.620003
2025-10-29|411|PM|149.240005|150.139999|146.389999|146.770004|7637100|0.9741176592|142.971237
2025-10-29|412|V|346.000000|350.980011|339.000000|341.279999|8361700|0.9920658607|338.572266
2025-10-29|413|AWK|133.860001|134.460007|129.960007|130.059998|2210700|0.9734433274|126.606033
2025-10-29|414|KDP|28.530001|28.660000|27.090000|27.150000|29978800|0.9761522236|26.502533
2025-10-29|415|SW|41.459999|41.560001|37.709999|37.840000|19642900|0.9711821711|36.749535
2025-10-29|416|AVGO|373.190002|386.480011|373.190002|385.980011|24975200|0.9944270811|383.828979
2025-10-29|417|VRSK|208.500000|212.000000|197.000000|208.000000|5108500|0.9927002374|206.481644
2025-10-29|418|DG|101.019997|101.599998|99.779999|99.910004|2222100|0.9860246787|98.513725
2025-10-29|419|FTNT|84.849998|85.000000|83.559998|84.220001|5430700|1.0000000000|84.220001
2025-10-29|420|CHTR|245.529999|247.869995|238.619995|241.559998|3192700|1.0000000000|241.559998
2025-10-29|421|FERG|247.460007|252.520004|245.600006|249.080002|972600|0.9848254111|245.300308
2025-10-29|422|GNRC|169.399994|200.600006|167.300003|180.860001|5016000|1.0000000000|180.860001
2025-10-29|423|LYB|47.540001|48.169998|46.099998|46.709999|5422200|0.9407211657|43.941082
2025-10-29|424|CBOE|238.399994|238.399994|231.789993|232.679993|897800|0.9954503651|231.621384
2025-10-29|425|TSLA|462.500000|465.700012|452.649994|461.510010|67983500|1.0000000000|461.510010
2025-10-29|426|KKR|119.730003|120.779999|117.930000|118.550003|5211300|0.9928030964|117.696815
2025-10-29|427|NXPI|212.279999|213.020004|202.479996|204.710007|5104800|0.9870653625|202.062149
2025-10-29|428|GM|69.610001|70.239998|68.589996|69.129997|10575900|0.9934966717|68.680428
2025-10-29|429|TRGP|152.369995|153.039993|150.009995|151.380005|1170600|0.9789495349|148.193390
2025-10-29|430|CPAY|280.000000|284.279999|264.079987|268.109985|1639800|1.0000000000|268.109985
2025-10-29|431|KMI|26.160000|26.400000|25.860001|25.900000|18370800|0.9613533449|24.899050
2025-10-29|432|HCA|464.799988|475.380005|460.540009|468.399994|1564900|0.9950375716|466.075592
2025-10-29|433|HII|300.000000|301.239990|296.299988|298.420013|549400|0.9882397967|293.541565
2025-10-29|434|APO|123.879997|125.559998|122.830002|124.879997|2991300|0.9837214596|122.847137
2025-10-29|435|MPC|191.570007|197.460007|190.320007|195.750000|1624500|0.9835714275|192.534103
2025-10-29|436|XYL|152.029999|153.910004|151.369995|152.949997|1355400|0.9861759388|150.835602
2025-10-29|437|APTV|85.849998|87.400002|85.480003|85.769997|2739200|1.0000000000|85.769997
2025-10-29|438|PSX|132.539993|138.779999|130.800003|138.000000|4455900|0.9712393490|134.031052
2025-10-29|439|AMCR|8.290000|8.300000|7.930000|8.000000|40826500|4.8543684849|38.834946
2025-10-29|440|META|754.750000|759.159973|742.510010|751.669983|26818600|0.9974059053|749.720093
2025-10-29|441|NOW|934.540024|934.540024|910.100021|911.699982|2686800|0.2000000000|182.339996
2025-10-29|442|PANW|219.309998|219.809998|216.000000|217.160004|4607700|1.0000000000|217.160004
2025-10-29|443|FANG|140.690002|145.360001|140.690002|143.630005|1473300|0.9764795206|140.251755
2025-10-29|444|WDAY|234.990005|234.990005|228.050003|231.360001|2201700|1.0000000000|231.360001
2025-10-29|445|ABBV|227.619995|228.000000|224.039993|225.139999|5469300|0.9769027438|219.939896
2025-10-29|446|NCLH|22.209999|22.590000|22.020000|22.219999|16564300|1.0000000000|22.219999
2025-10-29|447|ZTS|145.250000|146.110001|143.720001|143.940002|3186200|0.9811560666|141.227600
2025-10-29|448|IQV|220.000000|222.589996|215.750000|217.830002|2781500|1.0000000000|217.830002
2025-10-29|449|NWS|31.020000|31.030001|30.190001|30.270000|780900|0.9963262306|30.158794
2025-10-29|450|NWSA|26.620001|26.620001|25.990000|26.049999|3189100|0.9958385353|25.941593
2025-10-29|451|CDW|155.919998|158.119995|154.750000|157.320007|1643500|0.9800438553|154.180511
2025-10-29|452|VEEV|293.380005|293.380005|283.410004|286.670013|1031900|1.0000000000|286.670013
2025-10-29|453|ALLE|168.919998|169.169998|164.199997|165.589996|1146600|0.9921390873|164.288315
2025-10-29|454|HLT|260.369995|263.690002|257.480011|260.390015|2098500|0.9980421657|259.880219
2025-10-29|455|ARES|149.149994|153.529999|147.776001|150.520004|1954100|0.9704279397|146.068817
2025-10-29|456|ANET|157.210007|162.399994|156.779999|162.029999|6901400|1.0000000000|162.029999
2025-10-29|457|SYF|74.110001|74.839996|72.910004|73.209999|3200300|0.9836138777|72.010376
2025-10-29|458|CFG|50.299999|51.259998|50.040001|50.430000|3254200|0.9795741096|49.399921
2025-10-29|459|KEYS|171.710007|173.070007|169.395004|170.470001|1335400|1.0000000000|170.470001
2025-10-29|460|GDDY|130.389999|130.804993|125.900002|126.570000|2213200|1.0000000000|126.570000
2025-10-29|461|KHC|25.010000|25.219999|24.105000|24.379999|44944200|0.9508904028|23.182707
2025-10-29|462|PYPL|72.699997|72.730003|69.315002|69.680000|38505400|0.9914138539|69.081718
2025-10-29|463|LITE|201.089996|214.500000|198.110001|214.279999|6030200|1.0000000000|214.279999
2025-10-29|464|HPE|24.549999|24.590000|24.080000|24.270000|35121100|0.9847720717|23.900419
2025-10-29|465|XYZ|77.805000|78.150002|75.070000|76.510002|8029400|1.0000000000|76.510002
2025-10-29|466|FTV|54.919998|55.930000|49.770000|50.340000|9478700|0.9968000114|50.178909
2025-10-29|467|DELL|167.000000|167.940002|161.970001|163.600006|4511500|0.9909355870|162.117050
2025-10-29|468|TTD|51.619999|51.619999|49.230000|49.959999|11888300|1.0000000000|49.959999
2025-10-29|469|VST|192.300003|200.729996|189.470001|199.369995|6158900|0.9958526400|198.543137
2025-10-29|470|HWM|201.070007|205.149994|199.660004|203.479996|2517400|0.9979223317|203.057251
2025-10-29|471|INVH|27.950001|27.969999|27.389999|27.469999|8057000|0.9672165501|26.569439
2025-10-29|472|CVNA|359.939995|369.560013|350.158005|353.950005|5075400|0.2000000000|70.790001
2025-10-29|473|IR|79.320000|81.404999|78.830002|79.699997|4414600|0.9990084054|79.620964
2025-10-29|474|VICI|30.240000|30.280001|29.504999|29.700001|18979500|0.9523421134|28.284563
2025-10-29|475|VRT|193.699997|199.500000|193.130005|199.270004|6298900|0.9991812568|199.106857
2025-10-29|476|MRNA|25.440001|25.549999|24.410000|24.700001|8752800|1.0000000000|24.700001
2025-10-29|477|FOXA|60.880001|61.375000|60.150002|60.810001|2937900|0.9951185496|60.513161
2025-10-29|478|FOX|54.240002|54.779999|53.709999|54.349998|862100|0.9946544484|54.059471
2025-10-29|479|DOW|25.309999|25.650000|24.735001|24.860001|12570700|0.9640247460|23.965654
2025-10-29|480|UBER|96.239998|96.889999|94.529999|95.760002|14532900|1.0000000000|95.760002
2025-10-29|481|CTVA|63.040001|63.395000|62.740002|63.200001|5030400|0.9928033602|62.745174
2025-10-29|482|CRWD|541.000000|549.000000|533.299988|545.500000|1780600|0.2500000000|136.375000
2025-10-29|483|DDOG|156.759995|157.110001|154.009995|156.000000|4308600|1.0000000000|156.000000
2025-10-29|484|CARR|57.799999|62.325001|57.500000|60.750000|13232900|0.9886394999|60.059853
2025-10-29|485|OTIS|94.040001|94.057999|90.885002|93.379997|3921200|0.9789066234|91.410301
2025-10-29|486|PLTR|191.080002|199.850006|190.490005|198.809998|65537300|1.0000000000|198.809998
2025-10-29|487|DASH|261.290009|268.000000|259.109985|266.059998|4231800|1.0000000000|266.059998
2025-10-29|488|ABNB|127.870003|128.679993|125.464996|126.480003|5102900|1.0000000000|126.480003
2025-10-29|489|EXE|103.360001|103.745003|98.660004|100.410004|5557500|0.9779564541|98.196609
2025-10-29|490|COIN|357.429993|360.000000|345.209991|348.609985|7560500|1.0000000000|348.609985
2025-10-29|491|APP|627.409973|633.755005|617.200012|631.200012|3014700|1.0000000000|631.200012
2025-10-29|492|HOOD|146.000000|147.720001|142.740005|144.800003|19792600|1.0000000000|144.800003
2025-10-29|493|CEG|382.079987|406.042999|380.549988|401.429993|2615900|0.9944409722|399.198425
2025-10-29|494|GEHC|76.739998|78.385002|73.730003|77.379997|8765300|0.9985528329|77.268005
2025-10-29|495|KVUE|14.340000|15.080000|14.090000|14.310000|64351200|0.9540880845|13.653000
2025-10-29|496|VLTO|101.860001|102.495003|95.839996|99.500000|3095800|0.9957401186|99.076134
2025-10-29|497|RDDT|211.270004|214.130005|204.750000|210.770004|4374600|1.0000000000|210.770004
2025-10-29|498|SOLV|70.639999|70.760002|69.250000|69.779999|815800|1.0000000000|69.779999
2025-10-29|499|GEV|576.270020|585.575012|569.270996|577.969971|2808500|0.9981503345|576.900940
2025-10-29|500|SNDK|186.669998|205.639999|181.509995|204.360001|9365000|1.0000000000|204.360001
2025-10-29|501|Q|94.500000|96.889999|92.120003|94.040001|91700|0.9980995006|93.861282
