date|security_id|ticker|open|high|low|close|volume|adj_factor|adj_close_vendor
2025-10-01|1|AEP|112.959999|113.470001|112.260002|112.750000|4407800|0.9699113042|109.357491
2025-10-01|2|BA|214.009995|215.630005|213.699997|215.199997|7178000|1.0000000000|215.199997
2025-10-01|3|CAT|474.010010|483.929993|471.140015|480.820007|2964700|0.9910786923|476.530487
2025-10-01|4|CNP|38.930000|38.930000|38.130001|38.169998|6650300|0.9777626474|37.321194
2025-10-01|5|CVX|154.830002|155.089996|153.190002|154.580002|6768400|0.9620890936|148.719742
2025-10-01|6|DIS|114.080002|116.059998|112.790001|112.949997|9736300|0.9857264957|111.337807
2025-10-01|7|DTE|141.279999|141.960007|140.100006|140.160004|902600|0.9755422782|136.732010
2025-10-01|8|ED|100.220001|100.570000|98.050003|98.169998|2301800|0.9678975191|95.018501
2025-10-01|9|GD|337.899994|341.190002|336.309998|340.750000|1162500|0.9826639145|334.842743
2025-10-01|10|GE|296.380005|302.230011|295.029999|300.880005|3633300|0.9961629631|299.725555
2025-10-01|11|HON|210.499996|212.789993|209.989997|210.179992|3887200|0.9694785487|203.764999
2025-10-01|12|HPQ|27.190001|27.219999|26.400000|26.700001|14390400|0.9607551428|25.652163
2025-10-01|13|IBM|280.200012|286.589996|280.149994|286.489990|4381300|0.9746618623|279.230865
2025-10-01|14|IP|46.419998|47.000000|45.939999|46.250000|4362200|0.9527969504|44.066860
2025-10-01|15|JNJ|186.000000|186.559998|183.910004|186.050003|13063800|0.9779609434|181.949631
2025-10-01|16|KO|66.510002|66.830002|66.290001|66.779999|14877500|0.9799171123|65.438866
2025-10-01|17|KR|67.080002|67.160004|65.610001|66.510002|7838100|0.9778352350|65.035820
2025-10-01|18|LMT|496.170013|504.070007|495.000000|499.000000|1187000|0.9808408602|489.439575
2025-10-01|19|MMM|154.449997|156.539993|154.259995|156.000000|2297900|0.9818750293|153.172485
2025-10-01|20|MO|66.160004|66.339996|65.769997|66.290001|8514600|0.9516126626|63.082405
2025-10-01|21|MRK|85.190002|90.750000|85.190002|90.129997|33460900|0.9772081263|88.075768
2025-10-01|22|MSI|454.820007|458.309998|453.160004|456.929993|731600|0.9910852927|452.856598
2025-10-01|23|PG|153.699997|153.889999|151.410004|153.179993|7566000|0.9714333836|148.804153
2025-10-01|24|XOM|112.559998|113.019997|111.290001|111.989998|16614000|0.9718336400|108.835648
2025-10-01|25|RTX|165.869995|167.720001|165.080002|167.199997|4034500|0.9853742397|164.754562
2025-10-01|26|MCD|303.260010|304.769989|298.299988|300.519989|3055300|0.9818538696|295.066711
2025-10-01|27|AXP|331.000000|335.769989|328.399994|328.559998|2598800|0.9894167649|325.082764
2025-10-01|28|BMY|46.000000|48.580002|45.639999|47.430000|36615400|0.9541997897|45.257690
2025-10-01|29|DD|77.469998|78.729997|77.460000|78.219998|2792200|1.2389568992|96.911217
2025-10-01|30|DE|455.000000|456.829987|447.440002|451.730011|2141700|0.9910776808|447.699554
2025-10-01|31|EMR|129.949997|131.630005|129.570007|131.190002|1926600|0.9845366681|129.161377
2025-10-01|32|ETN|369.660004|378.029999|369.089996|373.839996|1590400|0.9889737586|369.717926
2025-10-01|33|ETR|93.230003|94.309998|93.019997|93.400002|2398400|0.9756994696|91.130341
2025-10-01|34|F|12.120000|12.280000|12.040000|12.270000|73578400|0.9554534458|11.723414
2025-10-01|35|HAL|24.590000|25.100000|24.459999|24.900000|10240700|0.9847026012|24.519094
2025-10-01|36|LLY|763.299988|833.299988|763.299988|825.419983|10124500|0.9937326373|820.246765
2025-10-01|37|PCG|15.160000|15.680000|15.130000|15.660000|27283300|0.9911560857|15.521504
2025-10-01|38|PEP|140.809998|143.369995|140.479996|143.139999|5880800|0.9713251717|139.035477
2025-10-01|39|PFE|25.969999|27.450001|25.580000|27.209999|150879900|0.9344639716|25.426764
2025-10-01|40|TXN|181.970001|184.509995|178.330002|180.389999|7705000|0.9747566992|175.836365
2025-10-01|41|WFC|83.099998|83.599998|80.769997|80.870003|16961900|0.9786587178|79.144135
2025-10-01|42|HUBB|426.790009|435.500000|425.774994|430.470001|327415|0.9910077151|426.599121
2025-10-01|43|WMT|102.559998|102.860001|100.550003|101.959999|16142800|0.9916508097|101.108711
2025-10-01|44|AIG|78.440002|79.739998|78.279999|79.639999|3850700|0.9824236525|78.240219
2025-10-01|45|AVY|161.500000|163.270004|161.500000|162.490005|817500|0.9833361967|159.782303
2025-10-01|46|BAC|51.299999|51.680000|50.560001|50.680000|27709100|0.9841245494|49.875435
2025-10-01|47|BALL|50.599998|50.759998|49.830002|50.470001|2044900|0.9893620930|49.933109
2025-10-01|48|BDX|187.800001|191.639990|186.420008|190.939998|2351500|0.7715067098|147.311493
2025-10-01|49|CLX|122.930000|123.279999|121.809998|122.680000|1611600|0.9554686115|117.216888
2025-10-01|50|CMI|419.929993|427.980011|418.649994|424.649994|694000|0.9855888256|418.530273
2025-10-01|51|CMS|72.959999|73.449997|72.330002|72.370003|2237700|0.9697049346|70.177544
2025-10-01|52|CVS|75.300003|77.540001|75.250000|76.870003|11095200|0.9692366143|74.505226
2025-10-01|53|ECL|273.010010|273.850006|266.869995|269.709991|1411700|0.9918356453|267.507996
2025-10-01|54|ES|71.620003|71.989998|71.169998|71.599998|3624600|0.9670826030|69.243111
2025-10-01|55|EVRG|76.000000|76.459999|75.510002|76.230003|1754000|0.9663059278|73.661499
2025-10-01|56|GWW|946.830017|955.330017|942.549988|944.000000|247400|0.9918044722|936.263367
2025-10-01|57|LNT|67.370003|67.550003|66.949997|67.110001|1248900|0.9698403407|65.085991
2025-10-01|58|MKC|66.910004|68.040001|66.779999|67.760002|2856300|0.9687082665|65.639671
2025-10-01|59|MRSH|200.639999|201.869995|200.240005|201.289993|2927100|0.9798864608|197.241333
2025-10-01|60|NEE|76.330002|78.699997|76.220001|78.669998|15044800|0.9793736752|76.472260
2025-10-01|61|NI|43.240002|43.709999|43.040001|43.070000|3361200|0.9739163964|41.946583
2025-10-01|62|PNW|89.849998|90.059998|88.010002|88.180000|958400|0.9627257278|84.893150
2025-10-01|63|RVTY|87.550003|92.120003|87.550003|91.760002|1274300|0.9972426702|91.506981
2025-10-01|64|SNA|344.119995|349.779999|344.000000|345.239990|423800|0.9736214558|336.133087
2025-10-01|65|SPGI|488.900015|490.639994|480.249989|481.670010|1904200|0.9377344841|451.678528
2025-10-01|66|TER|135.919998|141.539993|135.789993|141.119995|3177100|0.9984501140|140.901291
2025-10-01|67|TGT|89.480003|89.500000|87.260002|89.139999|10378500|0.9610823572|85.670876
2025-10-01|68|TXT|84.029999|85.589996|83.849998|85.209999|1757800|0.9993380469|85.153603
2025-10-01|69|VMC|307.399994|309.170013|298.829987|301.640015|1064500|0.9925854203|299.403503
2025-10-01|70|XEL|80.889999|81.150002|80.290001|80.309998|4585600|0.9776860259|78.517960
2025-10-01|71|ITW|259.320007|260.579987|258.000000|259.920013|874000|0.9813941046|255.083984
2025-10-01|72|CL|80.250000|80.400002|78.860001|79.010002|7014300|0.9756036244|77.082436
2025-10-01|73|EXC|45.480000|45.580002|44.959999|45.060001|7776400|0.9737696536|43.878067
2025-10-01|74|MDT|95.150002|95.730003|91.870003|94.809998|10343500|0.9758565703|92.520966
2025-10-01|75|BNY|108.580002|109.080002|106.779999|106.830002|2586200|0.9828746130|105.000504
2025-10-01|76|EIX|55.470001|56.520000|55.320000|56.279999|3234200|0.9477686299|53.340424
2025-10-01|77|FRT|99.900002|100.620003|99.419998|99.639999|511400|0.9693143333|96.582474
2025-10-01|78|PNR|110.169998|110.839996|109.470001|110.500000|798700|0.9879062781|109.163643
2025-10-01|79|USB|48.180000|48.349998|47.820000|47.880001|9419800|0.9719845662|46.538624
2025-10-01|80|WY|24.850000|25.040001|24.730000|24.950001|3650300|0.9737086273|24.294029
2025-10-01|81|SYY|82.000000|82.989998|81.919998|82.820000|2952200|0.9724100270|80.534996
2025-10-01|82|WRB|76.370003|76.400002|75.139999|75.410004|2871400|0.9742469050|73.467964
2025-10-01|83|IFF|61.320000|61.720001|60.400002|60.959999|2569500|0.9828526607|59.914700
2025-10-01|84|TAP|45.889999|46.220001|45.439999|46.029999|2804000|0.9680101781|44.044121
2025-10-01|85|PNC|199.619995|200.380005|197.899994|198.440002|1378300|0.9681422743|192.118149
2025-10-01|86|TRV|277.640015|279.619995|276.760010|277.239990|764400|0.9883140678|274.000183
2025-10-01|87|C|100.940002|101.139999|98.620003|98.709999|13793300|0.9792834329|96.665070
2025-10-01|88|FDX|235.010001|240.249995|234.300008|239.550001|1432400|0.7954691757|190.554657
2025-10-01|89|WDC|118.180000|131.119995|117.510002|130.589996|18540400|0.9984583045|130.388657
2025-10-01|90|DHR|198.710007|213.130005|198.630005|212.880005|11404100|0.9944303518|211.694336
2025-10-01|91|APA|23.900000|25.110001|23.870001|25.059999|5170400|0.9662983352|24.215435
2025-10-01|92|LUV|31.990000|32.549999|31.809999|32.279999|8546700|0.9870678085|31.862547
2025-10-01|93|PEG|83.449997|83.930000|82.459999|82.550003|2213500|0.9756675447|80.541359
2025-10-01|94|UNP|235.919998|237.250000|234.000000|234.740005|3950800|0.9839040791|230.961639
2025-10-01|95|ABT|134.800003|135.449997|129.080002|133.470001|10613900|0.9774083434|130.454712
2025-10-01|96|ADI|243.710007|245.589996|236.220001|239.279999|4916300|0.9906566026|237.044327
2025-10-01|97|ADM|60.070000|60.320000|58.169998|59.250000|3650700|0.9716117081|57.567997
2025-10-01|98|ADP|292.480011|293.640015|289.570007|291.609985|2201000|0.9780151607|285.198975
2025-10-01|99|AFL|111.000000|111.339996|110.169998|110.750000|1708900|0.9795217260|108.482033
2025-10-01|100|AMAT|204.740005|218.440002|203.610001|217.740005|12699200|0.9944993487|216.542297
2025-10-01|101|AMD|160.929993|164.179993|160.490005|164.009995|39895200|1.0000000000|164.009995
2025-10-01|102|APD|269.459991|272.359985|265.910004|268.700012|1216000|0.9804771664|263.454224
2025-10-01|103|BF-B|27.049999|27.719999|26.959999|27.549999|3863700|0.9746521115|26.851665
2025-10-01|104|CHD|87.720001|88.519997|87.089996|87.919998|2071400|0.9872146942|86.795906
2025-10-01|105|CINF|157.500000|160.339996|157.210007|159.789993|484600|0.9835715596|157.164902
2025-10-01|106|CMCSA|31.039999|31.369999|30.900000|30.940000|30248200|0.9033911576|27.950920
2025-10-01|107|D|61.310001|61.750000|60.889999|60.900002|3635200|0.9687101350|58.994450
2025-10-01|108|DOV|165.399994|167.479996|165.320007|166.399994|768700|0.9924896872|165.150284
2025-10-01|109|DUK|123.559998|123.820000|122.320000|122.389999|2489200|0.9660947366|118.240326
2025-10-01|110|EFX|255.500000|258.320007|249.460007|253.839996|1148200|0.9915561793|251.696625
2025-10-01|111|EQT|54.250000|57.080002|54.009998|56.160000|12094100|0.9883492503|55.505692
2025-10-01|112|FITB|44.369999|44.750000|44.189999|44.349998|3763500|0.9757841433|43.276024
2025-10-01|113|GIS|50.750000|50.950001|49.959999|50.700001|5067200|0.9414262429|47.730309
2025-10-01|114|GPC|138.639999|139.500000|137.610001|138.169998|801400|0.9724963604|134.369812
2025-10-01|115|HAS|75.849998|76.230003|74.480003|75.309998|4326600|0.9687474839|72.956367
2025-10-01|116|HBAN|17.270000|17.299999|17.030001|17.040001|30339100|0.9725023795|16.571442
2025-10-01|117|HRL|24.840000|24.930000|24.530001|24.799999|3017800|0.9501443377|23.563581
2025-10-01|118|HST|16.910000|17.139999|16.860001|17.049999|6045800|0.9346875076|15.936419
2025-10-01|119|HSY|187.089996|189.389999|184.449997|188.830002|1273900|0.9707271518|183.302414
2025-10-01|120|INTC|33.529999|36.060001|33.500000|35.939999|162649700|1.0000000000|35.939999
2025-10-01|121|J|149.259995|153.380005|149.110001|152.490005|850700|0.9894584622|150.882523
2025-10-01|122|JPM|313.970001|314.589996|307.410004|310.709991|9235200|0.9812283969|304.877472
2025-10-01|123|KMB|124.820000|125.320000|123.040001|123.230003|1921500|0.9627154389|118.635422
2025-10-01|124|L|99.910004|100.480003|99.690002|100.150002|719900|0.9977044368|99.920097
2025-10-01|125|LEN|126.500000|128.550003|126.300003|128.210007|2462700|0.9802617213|125.679359
2025-10-01|126|LOW|251.110001|251.259995|246.460007|247.990005|3106500|0.9798699778|242.997955
2025-10-01|127|MAS|69.839996|70.750000|69.699997|70.220001|1597200|0.9817399064|68.937782
2025-10-01|128|MTB|196.949997|197.820007|194.830002|195.289993|918000|0.9784172563|191.075104
2025-10-01|129|NEM|84.970001|86.309998|84.500000|85.949997|11306900|0.9927701446|85.328598
2025-10-01|130|NTRS|133.610001|134.539993|130.559998|131.199997|1281100|0.9838837164|129.085541
2025-10-01|131|NUE|135.229996|136.850006|134.979996|135.389999|1552600|0.9907811186|134.141846
2025-10-01|132|OMC|80.970001|81.690002|77.330002|77.449997|6287800|0.9700503706|75.130402
2025-10-01|133|PCAR|98.120003|98.839996|96.870003|97.709999|2276300|0.9759401745|95.359116
2025-10-01|134|PGR|245.839996|248.169998|245.000000|246.460007|2441800|0.9389929753|231.424210
2025-10-01|135|PH|750.309998|758.890015|750.309998|755.219971|381700|0.9937397742|750.492065
2025-10-01|136|PHM|133.169998|134.960007|132.130005|134.440002|1585200|0.9937132889|133.594818
2025-10-01|137|PPG|104.959999|105.510002|103.709999|104.089996|1588900|0.9744973374|101.435425
2025-10-01|138|PPL|37.119999|37.209999|36.500000|36.590000|5867200|0.9766950417|35.737274
2025-10-01|139|RF|26.299999|26.450001|26.080000|26.209999|21412700|0.9708879210|25.446970
2025-10-01|140|ROL|58.520000|58.880001|57.250000|58.130001|2124200|0.9856812639|57.297653
2025-10-01|141|SHW|344.660004|346.049988|340.320007|341.220001|1413900|0.9906031983|338.013641
2025-10-01|142|STT|114.610001|114.870003|112.790001|113.379997|1213300|0.9820070009|111.339951
2025-10-01|143|SWK|73.900002|75.110001|72.550003|73.620003|1664400|0.9672078260|71.205833
2025-10-01|144|SYK|370.089996|371.170013|352.649994|364.149994|3205800|0.9921744259|361.300323
2025-10-01|145|TMO|487.000000|534.900024|486.940002|530.729980|6092700|0.9972620730|529.276855
2025-10-01|146|TPL|928.230011|963.309998|926.619965|957.979980|132800|0.3318281124|317.884705
2025-10-01|147|TSN|54.410000|54.779999|54.290001|54.470001|2493400|0.9750492370|53.110931
2025-10-01|148|TT|418.739990|427.220001|418.420013|425.410004|1571200|0.9953350758|423.425507
2025-10-01|149|TYL|525.059998|525.059998|498.579987|500.739990|639800|1.0000000000|500.739990
2025-10-01|150|UDR|37.150002|37.330002|36.759998|36.919998|2307900|0.9573816019|35.346527
2025-10-01|151|VTRS|9.920000|10.170000|9.920000|10.090000|9501100|0.9657614708|9.744533
2025-10-01|152|WEC|114.379997|114.639999|112.959999|112.989998|2017300|0.9669333840|109.253792
2025-10-01|153|WST|264.220001|273.109985|261.320007|271.420013|888400|0.9968900108|270.575867
2025-10-01|154|NDSN|225.580002|228.669998|225.000000|228.550003|237600|0.9906696357|226.417557
2025-10-01|155|TFC|45.360001|45.840000|45.340000|45.570000|7257800|0.9589220174|43.698071
2025-10-01|156|WELL|178.369995|180.399994|177.940002|179.380005|3106400|0.9854911345|176.777420
2025-10-01|157|AON|355.149994|360.140015|353.309998|360.130005|1444900|0.9951005240|358.365570
2025-10-01|158|GL|142.070007|142.449997|139.080002|140.979996|863000|0.9919590983|139.846390
2025-10-01|159|OKE|72.650002|73.089996|71.820000|72.980003|4859500|0.9485114183|69.222366
2025-10-01|160|KLAC|1075.179977|1134.219971|1069.779968|1128.870010|1188100|0.0994634319|112.281281
2025-10-01|161|CSX|34.919998|35.169998|34.459999|35.000000|19306400|0.9900119853|34.650417
2025-10-01|162|PSA|289.000000|292.929993|288.269989|290.679993|652700|0.9701110817|281.991882
2025-10-01|163|NKE|74.349998|74.690002|71.610001|74.199997|57921900|0.9783499344|72.593559
2025-10-01|164|AAPL|255.039993|258.790009|254.929993|255.449997|48713900|0.9963195807|254.509842
2025-10-01|165|BRO|94.120003|94.160004|92.529999|92.760002|2592500|0.9904200305|91.871361
2025-10-01|166|UHS|203.949997|204.710007|200.899994|203.509995|581200|0.9968342486|202.865723
2025-10-01|167|HD|404.390015|405.130005|395.309998|397.019989|3787800|0.9796274407|388.931671
2025-10-01|168|BAX|22.950001|23.450001|22.760000|23.360001|6332800|0.9984613291|23.315063
2025-10-01|169|COP|94.269997|95.940002|93.830002|95.459999|4794600|0.9694370271|92.542458
2025-10-01|170|GLW|81.459999|83.750000|80.879997|83.120003|9010000|0.9932214224|82.556572
2025-10-01|171|HUM|259.959991|261.779999|244.460007|246.770004|2802400|0.9892166205|244.108994
2025-10-01|172|LHX|303.850006|304.309998|298.179993|300.470001|1423800|0.9883920425|296.982178
2025-10-01|173|NOC|607.219971|610.849976|603.010010|605.419983|558300|0.9884333448|598.417358
2025-10-01|174|OXY|47.459999|47.990002|47.130001|47.720001|9794100|0.9849760250|47.003056
2025-10-01|175|ROK|347.540009|351.880005|345.549988|349.320007|921100|0.9867997940|344.708923
2025-10-01|176|SLB|34.220001|35.139999|34.099998|35.090000|11264500|0.9812007073|34.430332
2025-10-01|177|SO|94.919998|95.379997|94.610001|94.800003|4625900|0.9680357165|91.769783
2025-10-01|178|WMB|63.160000|63.880001|62.740002|63.689999|5584000|0.9774919343|62.256458
2025-10-01|179|VLO|170.009995|170.009995|166.449997|167.669998|2458600|0.9792382128|164.188858
2025-10-01|180|CI|287.980011|292.529999|286.369995|291.649994|1788200|0.9832673314|286.769897
2025-10-01|181|NSC|299.179993|300.799988|297.200012|298.679993|1594800|0.9826794519|293.506683
2025-10-01|182|COO|67.669998|68.239998|66.820000|68.070000|4741900|1.0000000000|68.070000
2025-10-01|183|AMGN|284.450012|301.660004|283.000000|298.500000|4835400|0.9730085280|290.443054
2025-10-01|184|RJF|169.660004|170.729996|165.839996|165.899994|1181200|0.9893936166|164.140396
2025-10-01|185|WSM|196.240005|197.350006|192.820007|195.300003|849700|0.9861134039|192.587952
2025-10-01|186|CAH|155.809998|158.820007|155.399994|157.929993|3714800|0.9929397050|156.814957
2025-10-01|187|CTAS|204.070007|204.740005|202.500000|203.639999|1288500|0.9900452227|201.612823
2025-10-01|188|PAYX|126.760002|127.000000|122.250000|124.010002|4875200|0.9578135440|118.778465
2025-10-01|189|BEN|23.219999|23.219999|22.510000|22.540001|5559700|0.9625940231|21.696869
2025-10-01|190|AOS|73.279999|73.559998|72.430000|73.099998|1053400|0.9781906723|71.505737
2025-10-01|191|CASY|564.090027|569.340027|558.609985|559.159973|310700|0.9965302403|557.219788
2025-10-01|192|T|28.049999|28.160000|27.520000|27.549999|38415100|0.9549684422|26.309381
2025-10-01|193|VZ|43.919998|44.090000|43.450001|43.830002|19921900|0.9360588259|41.027458
2025-10-01|194|JBHT|133.100006|134.320007|131.860001|132.679993|840700|0.9918818614|131.602875
2025-10-01|195|ATO|171.160004|171.160004|169.089996|169.380005|851400|0.9773427979|165.542313
2025-10-01|196|LRCX|132.410004|143.089996|131.940002|142.789993|15549100|0.9964597456|142.284485
2025-10-01|197|MU|165.600006|182.389999|165.500000|182.149994|41674800|0.9983975840|181.858093
2025-10-01|198|AJG|307.869995|309.500000|303.350006|305.839996|1864200|0.9910126646|303.091309
2025-10-01|199|AME|186.880005|189.070007|186.740005|187.440002|849300|0.9953689352|186.571960
2025-10-01|200|SWKS|76.949997|77.599998|75.620003|76.339996|2350800|0.9685989226|73.942833
2025-10-01|201|EXPD|122.349998|122.720001|121.120003|121.529999|1182800|0.9896583057|120.273178
2025-10-01|202|UNH|343.899994|348.700012|341.630005|348.299988|8825500|0.9800610506|341.355255
2025-10-01|203|BBY|75.699997|77.430000|75.050003|77.349998|3139700|0.9593973356|74.209381
2025-10-01|204|DOC|19.070000|19.240000|19.010000|19.180000|5571400|0.9405716583|18.040167
2025-10-01|205|ADSK|318.790009|320.540009|311.630005|315.730011|1786900|1.0000000000|315.730011
2025-10-01|206|DVN|34.880001|35.540001|34.750000|35.320000|6187700|0.9814598964|34.665161
2025-10-01|207|NVR|8066.560059|8129.729980|7973.000000|8036.479980|16000|1.0000000000|8036.479980
2025-10-01|208|ROST|151.899994|153.970001|150.800003|153.199997|2193400|0.9936631572|152.229187
2025-10-01|209|JKHY|148.440002|148.910004|145.639999|146.289993|1712700|0.9886171552|144.624786
2025-10-01|210|MNST|67.150002|67.839996|66.709999|67.430000|5051600|0.5000000000|67.430000
2025-10-01|211|ORCL|278.799988|289.989990|277.880005|289.010010|23378300|0.9887307780|285.753082
2025-10-01|212|MSFT|514.799988|520.510010|511.690002|519.710022|22632300|0.9918394551|515.468872
2025-10-01|213|TROW|102.279999|102.830002|101.040001|101.070000|1503300|0.9618549978|97.214684
2025-10-01|214|COST|923.000000|924.000000|911.169983|917.340027|2642100|0.9941992924|912.018799
2025-10-01|215|ADBE|347.160004|349.829987|340.049988|343.720001|6505700|1.0000000000|343.720001
2025-10-01|216|FISV|128.279999|129.639999|124.889999|126.089996|5073500|1.0000000000|126.089996
2025-10-01|217|BKR|48.509998|48.759998|48.220001|48.360001|6263700|0.9846041741|47.615456
2025-10-01|218|CDNS|348.269989|355.149994|347.410004|351.970001|1156800|1.0000000000|351.970001
2025-10-01|219|TJX|144.080002|145.119995|143.539993|144.320007|6703800|0.9879468300|142.580490
2025-10-01|220|FICO|1506.310059|1535.000000|1484.229980|1512.709961|238700|1.0000000000|1512.709961
2025-10-01|221|CCL|28.879999|29.110001|28.320000|28.360001|29096900|0.9841845235|27.911472
2025-10-01|222|FAST|48.660000|49.090000|47.560001|47.720001|7935300|0.9787399757|46.705475
2025-10-01|223|SCHW|94.599998|94.720001|92.169998|92.250000|11649200|0.9873800864|91.085815
2025-10-01|224|JCI|109.120003|109.809998|107.250000|108.889999|4189000|0.9941759575|108.255821
2025-10-01|225|COHR|105.019997|114.860001|105.019997|114.650002|3101700|1.0000000000|114.650002
2025-10-01|226|KEY|18.629999|18.680000|18.370001|18.510000|25284900|0.9696888308|17.948940
2025-10-01|227|MOS|34.709999|34.810001|33.740002|33.820000|3234100|0.9727377902|32.897995
2025-10-01|228|MGM|34.299999|34.830002|34.139999|34.689999|4379600|1.0000000000|34.689999
2025-10-01|229|WM|220.380005|221.250000|218.179993|219.869995|1582900|0.9879218676|217.214371
2025-10-01|230|TECH|55.570000|60.169998|54.400002|59.919998|3836400|0.9943671322|59.582478
2025-10-01|231|IEX|161.580002|164.229996|161.000000|164.100006|630300|0.9853525022|161.696350
2025-10-01|232|GEN|28.320000|28.469999|27.940001|28.120001|2905400|0.9804358251|27.569857
2025-10-01|233|CRH|119.360001|121.879997|119.309998|119.849998|5300500|0.9889154582|118.521515
2025-10-01|234|EOG|111.550003|111.940002|110.449997|111.269997|4107800|0.9664053429|107.531914
2025-10-01|235|PTC|201.889999|204.000000|199.160004|202.419998|775600|1.0000000000|202.419998
2025-10-01|236|CSCO|67.900002|68.820000|67.690002|68.750000|15530700|0.9797136141|67.355316
2025-10-01|237|LH|287.420013|289.200012|278.970001|279.059998|1036800|0.9921089357|276.265625
2025-10-01|238|TRMB|81.059998|81.089996|78.809998|79.410004|2293800|1.0000000000|79.410004
2025-10-01|239|AZO|4267.319824|4286.379883|4197.850098|4247.959961|118800|1.0000000000|4247.959961
2025-10-01|240|REGN|570.869995|615.390015|569.989990|599.940002|2083200|0.9948983635|596.879395
2025-10-01|241|IDXX|630.719971|638.239990|600.570007|620.109985|659800|1.0000000000|620.109985
2025-10-01|242|AES|14.920000|15.510000|14.740000|15.370000|58988500|0.9525797478|14.641150
2025-10-01|243|VRTX|393.619995|407.500000|392.500000|404.209991|1995400|1.0000000000|404.209991
2025-10-01|244|ZBRA|295.309998|297.320007|290.559998|291.790009|537300|1.0000000000|291.790009
2025-10-01|245|BIIB|140.820007|154.440002|140.699997|154.220001|4059900|1.0000000000|154.220001
2025-10-01|246|ODFL|139.350006|140.639999|136.820007|139.240005|2305600|0.9953671039|138.594925
2025-10-01|247|APH|123.419998|125.540001|121.800003|124.660004|7350000|0.9946061744|123.987610
2025-10-01|248|KIM|21.700001|21.910000|21.430000|21.520000|4799300|0.9657396580|20.782719
2025-10-01|249|QCOM|165.800003|166.770004|164.490005|166.490005|6153000|0.9849314898|163.981247
2025-10-01|250|GILD|112.000000|113.070000|110.199997|111.150002|13649700|0.9813788839|109.080261
2025-10-01|251|ROP|499.260010|504.000000|495.549988|497.970001|969100|0.9912816468|493.628571
2025-10-01|252|SNPS|488.750000|495.720001|484.500000|488.779999|2017600|1.0000000000|488.779999
2025-10-01|253|STZ|136.270004|139.020004|135.119995|138.949997|2757400|0.9716065224|135.004715
2025-10-01|254|BSX|97.949997|99.010002|90.690002|95.849998|22363700|1.0000000000|95.849998
2025-10-01|255|STE|248.330002|249.449997|236.660004|241.300003|935100|0.9945039836|239.973816
2025-10-01|256|DHI|169.889999|172.529999|169.779999|172.440002|2159900|0.9881394354|170.394760
2025-10-01|257|LIN|472.779999|475.079987|460.799988|466.809998|2286100|0.9898650243|462.078888
2025-10-01|258|SBUX|84.459999|85.139999|83.959999|84.400002|8155200|0.9751160265|82.299789
2025-10-01|259|MS|157.880005|158.440002|155.550003|156.889999|5467400|0.9778330741|153.412247
2025-10-01|260|INTU|679.840027|686.190002|674.080017|679.500000|2151600|0.9888907264|671.951172
2025-10-01|261|MCHP|63.980000|64.889999|63.330002|64.110001|8399400|0.9744763190|62.473679
2025-10-01|262|CB|281.570007|283.679993|280.559998|281.410004|1700100|0.9939554166|279.709015
2025-10-01|263|ORLY|107.639999|107.959999|105.570000|105.680000|4144100|1.0000000000|105.680000
2025-10-01|264|RCL|320.630005|321.010010|312.279999|316.019989|2280800|0.9862054091|311.660614
2025-10-01|265|JBL|214.539993|216.649994|210.899994|214.839996|1512500|0.9988481715|214.592545
2025-10-01|266|ALL|213.000000|214.440002|210.649994|210.679993|1622600|0.9851043015|207.541763
2025-10-01|267|CPT|106.620003|107.110001|105.089996|105.589996|980400|0.9704206326|102.466713
2025-10-01|268|VMRK|64.570000|64.860001|64.029999|64.099998|2258600|0.9671264641|61.992805
2025-10-01|269|IT|261.899994|264.899994|242.259995|251.000000|2622300|1.0000000000|251.000000
2025-10-01|270|DECK|102.099998|102.750000|99.879997|101.180000|3527600|1.0000000000|101.180000
2025-10-01|271|REG|73.099998|73.449997|71.940002|72.089996|1250800|0.9701425273|69.937569
2025-10-01|272|INCY|84.949997|87.239998|84.900002|86.699997|1630500|1.0000000000|86.699997
2025-10-01|273|SPG|187.660004|188.429993|184.399994|185.759995|1836400|0.9659807077|179.440552
2025-10-01|274|MAA|139.419998|139.880005|137.970001|138.000000|832800|0.9546815481|131.746063
2025-10-01|275|MLM|629.950012|634.840027|615.479980|620.059998|398700|0.9960197565|617.591980
2025-10-01|276|TSCO|56.919998|57.490002|55.889999|55.919998|5747500|0.9764906296|54.605350
2025-10-01|277|ALB|81.970001|85.580002|81.970001|84.470001|3616400|0.9919948535|83.793808
2025-10-01|278|CPRT|44.939999|45.740002|44.810001|45.090000|6865500|1.0000000000|45.090000
2025-10-01|279|FLEX|57.250000|58.360001|56.900002|58.009998|2935900|1.0000000000|58.009998
2025-10-01|280|ESS|268.660004|270.489990|265.369995|266.589996|381200|0.9710345219|258.868103
2025-10-01|281|O|60.500000|60.740002|60.310001|60.459999|5639100|0.9566399898|57.838455
2025-10-01|282|MCO|477.970001|482.920013|475.000000|479.820007|906200|0.9914008639|475.693970
2025-10-01|283|SJM|108.769997|108.919998|106.809998|108.519997|1320500|0.9604551346|104.228577
2025-10-01|284|MCK|770.299988|776.140015|762.929993|765.080017|773100|0.9971371280|762.889771
2025-10-01|285|COF|213.309998|216.869995|211.699997|213.479996|5092600|0.9846948620|210.212662
2025-10-01|286|EME|644.469971|657.880005|640.979980|654.919983|407900|0.9980200530|653.623230
2025-10-01|287|DLTR|93.750000|93.809998|90.190002|90.320000|7443200|1.0000000000|90.320000
2025-10-01|288|COR|313.279999|315.230011|309.920013|311.769989|1517600|0.9924371875|309.412140
2025-10-01|289|DRI|190.110001|192.419998|189.669998|192.399994|1056900|0.9692558966|186.484818
2025-10-01|290|RMD|274.359985|276.899994|267.640015|270.850006|1314500|0.9895309167|268.014435
2025-10-01|291|WAB|199.039993|201.660004|197.699997|198.559998|897200|0.9953491745|197.636536
2025-10-01|292|FCX|39.029999|39.480000|38.840000|39.090000|19117000|0.9893641669|38.674248
2025-10-01|293|IVZ|22.860001|23.150000|22.680000|23.090000|4417000|0.9692003654|22.378838
2025-10-01|294|ACGL|90.239998|91.059998|89.790001|90.309998|1446900|1.0000000000|90.309998
2025-10-01|295|ERIE|318.320007|324.559998|311.540009|312.049988|152500|0.9792544909|305.576355
2025-10-01|296|EG|351.350006|356.290009|348.299988|353.529999|230900|0.9878843207|349.246735
2025-10-01|297|DVA|132.740005|134.589996|132.070007|132.869995|738800|1.0000000000|132.869995
2025-10-01|298|HSIC|66.260002|66.910004|65.440002|65.599998|1157100|1.0000000000|65.599998
2025-10-01|299|EL|88.169998|88.320000|85.010002|86.199997|3156900|0.9893232983|85.279671
2025-10-01|300|WAT|300.660004|322.809998|299.630005|319.809998|1209600|1.0000000000|319.809998
2025-10-01|301|NTAP|117.430000|119.180000|117.080002|118.500000|1841300|0.9828001938|116.461815
2025-10-01|302|HIG|132.610001|134.399994|132.449997|132.899994|1296400|0.9867007020|131.132507
2025-10-01|303|IRM|101.760002|103.260002|101.160004|102.260002|1375500|0.9749654551|99.699966
2025-10-01|304|BRK-B|502.500000|502.869995|495.899994|498.200012|4481100|1.0000000000|498.200012
2025-10-01|305|FDS|287.130005|289.130005|282.000000|286.730011|725000|0.9861098905|282.747314
2025-10-01|306|STLD|138.990005|141.740005|138.100006|141.000000|1125700|0.9917509611|139.836884
2025-10-01|307|DGX|190.679993|190.979996|181.809998|182.070007|1781900|0.9827524115|178.929749
2025-10-01|308|CIEN|144.240005|151.889999|143.190002|151.720001|3107500|1.0000000000|151.720001
2025-10-01|309|TTWO|256.690002|258.420013|253.199997|255.399994|1626100|1.0000000000|255.399994
2025-10-01|310|VTR|70.000000|70.519997|69.779999|70.320000|2608900|0.9818295408|69.042259
2025-10-01|311|AMZN|217.360001|222.149994|216.610001|220.630005|43933800|1.0000000000|220.630005
2025-10-01|312|ARE|82.110001|83.629997|81.470001|83.459999|1307000|0.9575530500|79.917374
2025-10-01|313|RL|312.760010|317.859985|312.380005|317.420013|541600|0.9923194237|314.982025
2025-10-01|314|BXP|74.989998|76.370003|74.010002|76.320000|1844000|0.9663309942|73.750381
2025-10-01|315|FIX|813.070007|843.799988|811.750000|834.330017|296600|0.9979565203|832.625000
2025-10-01|316|YUM|152.589996|153.750000|151.210007|153.190002|1991500|0.9858960568|151.029419
2025-10-01|317|CHRW|132.860001|133.449997|131.789993|132.660004|1408500|0.9892308245|131.231369
2025-10-01|318|FE|45.919998|46.110001|45.750000|45.970001|3506800|0.9613759059|44.194450
2025-10-01|319|MTD|1227.729980|1292.099976|1227.729980|1289.819946|200500|1.0000000000|1289.819946
2025-10-01|320|PLD|114.309998|116.519997|113.800003|116.480003|2980900|0.9772581725|113.831039
2025-10-01|321|URI|967.000000|970.140015|959.130005|962.919983|395900|0.9918999023|955.120239
2025-10-01|322|AEE|104.050003|104.519997|103.400002|103.430000|2007700|0.9792499824|101.283829
2025-10-01|323|VRSN|278.429993|279.869995|272.559998|274.920013|851500|0.9876930267|271.536530
2025-10-01|324|PWR|410.760010|423.720001|407.309998|420.649994|832200|0.9993903388|420.393494
2025-10-01|325|AMT|192.279999|194.500000|192.110001|193.320007|2960500|0.9712942756|187.770615
2025-10-01|326|MAR|258.369995|262.260010|258.070007|261.660004|1235200|0.9917417055|259.499146
2025-10-01|327|CTSH|66.800003|67.589996|65.750000|66.529999|4860600|0.9779331176|65.061897
2025-10-01|328|SRE|89.449997|89.629997|88.820000|89.260002|2586900|0.9788895267|87.375687
2025-10-01|329|CSGP|84.220001|84.760002|82.900002|83.480003|2856300|1.0000000000|83.480003
2025-10-01|330|RSG|228.809998|229.830002|226.460007|227.289993|1287900|0.9886066709|224.700409
2025-10-01|331|CCI|96.949997|97.190002|95.059998|95.709999|3328600|0.9648543647|92.346222
2025-10-01|332|EBAY|90.750000|92.209999|87.370003|87.580002|7486900|0.9904184858|86.477921
2025-10-01|333|NVDA|185.240005|188.139999|183.899994|187.240005|173844900|0.9987261828|187.001495
2025-10-01|334|BKNG|5352.000046|5375.230026|5250.000000|5350.559998|324200|0.0397328628|212.593063
2025-10-01|335|GS|793.619995|796.280029|783.229980|785.510010|1788900|0.9855142723|774.131348
2025-10-01|336|FFIV|320.609985|327.690002|317.660004|327.290009|434800|1.0000000000|327.290009
2025-10-01|337|SBAC|194.119995|194.380005|189.630005|191.789993|1237500|0.9751039390|187.015152
2025-10-01|338|LII|528.669983|537.820007|524.890015|537.059998|566500|0.9920705337|532.801392
2025-10-01|339|BLK|1154.000000|1156.920044|1133.689941|1141.069946|604300|0.9841011192|1122.928101
2025-10-01|340|TKO|200.080002|201.100006|193.660004|198.759995|1485300|0.9884090368|196.456177
2025-10-01|341|AKAM|75.559998|76.120003|74.559998|75.839996|1480300|1.0000000000|75.839996
2025-10-01|342|UPS|83.389999|84.599998|83.320000|84.379997|7074800|0.9383630641|79.179077
2025-10-01|343|A|128.339996|138.979996|128.190002|138.580002|4333300|0.9940314297|137.752884
2025-10-01|344|TDY|581.630005|581.630005|571.750000|575.070007|328500|1.0000000000|575.070007
2025-10-01|345|PKG|216.929993|218.559998|214.669998|214.850006|663900|0.9816059808|210.898056
2025-10-01|346|EW|77.790001|78.370003|73.900002|76.309998|5994600|1.0000000000|76.309998
2025-10-01|347|MET|81.760002|83.080002|81.690002|81.930000|3854400|0.9722454281|79.656067
2025-10-01|348|ON|49.349998|50.070000|47.939999|48.349998|8415200|1.0000000000|48.349998
2025-10-01|349|ISRG|447.000000|448.309998|430.339996|438.040009|2502300|1.0000000000|438.040009
2025-10-01|350|CRL|156.059998|170.660004|156.059998|170.479996|1292100|1.0000000000|170.479996
2025-10-01|351|MRVL|82.400002|84.110001|81.349998|83.889999|20038400|0.9978740377|83.711647
2025-10-01|352|EQIX|781.789978|785.960022|772.159973|773.950012|681700|0.9790491812|757.735107
2025-10-01|353|TPR|112.029999|114.199997|111.620003|113.830002|3187400|0.9910289553|112.808830
2025-10-01|354|GRMN|247.649994|255.619995|246.509995|255.179993|1456100|0.9875544034|252.004120
2025-10-01|355|GPN|83.099998|85.519997|83.099998|85.120003|1796200|0.9898898052|84.259422
2025-10-01|356|ALGN|126.309998|128.089996|125.059998|127.519997|1284000|1.0000000000|127.519997
2025-10-01|357|WTW|345.670013|346.119995|342.829987|344.100006|436200|0.9903328749|340.773529
2025-10-01|358|MDLZ|62.549999|63.330002|62.119999|63.169998|6259200|0.9742061707|61.540604
2025-10-01|359|AXON|708.640015|720.080017|697.000000|711.340027|520100|1.0000000000|711.340027
2025-10-01|360|FIS|65.870003|66.540001|65.370003|66.510002|3969700|0.9743297530|64.802681
2025-10-01|361|ACN|245.259995|248.990005|239.710007|243.710007|6545100|0.9798095806|238.789398
2025-10-01|362|ZBH|98.830002|99.330002|96.059998|98.889999|1193600|0.9920119396|98.100060
2025-10-01|363|BG|81.570000|82.540001|81.190002|82.489998|1627400|0.9749906568|80.426987
2025-10-01|364|PFG|82.720001|83.529999|82.269997|83.040001|1693700|0.9740293311|80.883392
2025-10-01|365|ELV|324.029999|332.769989|323.059998|332.660004|2128400|0.9847701459|327.593658
2025-10-01|366|CNC|35.750000|36.200001|35.480000|35.740002|7246100|1.0000000000|35.740002
2025-10-01|367|PRU|103.099998|104.010002|102.790001|102.989998|1263100|0.9496925157|97.808830
2025-10-01|368|NFLX|1175.490036|1179.140015|1163.209991|1170.899963|4110200|0.1000000000|117.089996
2025-10-01|369|NDAQ|88.220001|88.470001|86.699997|86.910004|5350600|0.9903103249|86.067871
2025-10-01|370|WYNN|128.369995|132.259995|127.940002|132.029999|1532600|0.9907231274|130.805176
2025-10-01|371|CME|270.190002|270.519989|264.100006|265.839996|2308900|0.9671562481|257.108826
2025-10-01|372|STX|234.339996|258.399994|232.580002|256.839996|9751900|0.9949371232|255.539658
2025-10-01|373|NRG|161.679993|165.449997|160.570007|161.910004|3232900|0.9877934975|159.933655
2025-10-01|374|AIZ|215.139999|219.020004|215.139999|217.479996|360700|0.9887198190|215.026779
2025-10-01|375|CBRE|157.449997|158.289993|155.699997|156.559998|1465600|1.0000000000|156.559998
2025-10-01|376|CRM|236.490005|242.470001|233.509995|235.690002|10016600|0.9933339931|234.118896
2025-10-01|377|DPZ|431.950012|435.940002|427.160004|428.160004|606700|0.9848757173|421.684387
2025-10-01|378|EXR|141.580002|142.100006|140.539993|141.130005|889600|0.9661267437|136.349487
2025-10-01|379|GOOG|241.179993|247.149994|239.199997|245.539993|23967700|0.9980438060|245.059677
2025-10-01|380|GOOGL|240.750000|246.300003|238.610001|244.899994|31658200|0.9980471771|244.421753
2025-10-01|381|DLR|172.529999|173.369995|170.220001|171.449997|1345800|0.9788235933|167.819321
2025-10-01|382|MPWR|907.369995|923.340027|894.890015|915.869995|444000|0.9948016730|911.109009
2025-10-01|383|LVS|53.869999|55.150002|53.580002|54.770000|3888300|0.9787990268|53.608826
2025-10-01|384|DXCM|67.209999|67.860001|63.529999|66.080002|7619500|1.0000000000|66.080002
2025-10-01|385|BLDR|122.570000|127.099998|121.940002|126.739998|2536200|1.0000000000|126.739998
2025-10-01|386|WBD|19.530001|19.719999|19.200001|19.350000|24467300|1.0000000000|19.350000
2025-10-01|387|EXPE|214.029999|218.710007|212.550003|217.949997|1954100|0.9926306212|216.343842
2025-10-01|388|CF|89.669998|90.330002|86.339996|86.430000|2308100|0.9797238699|84.677536
2025-10-01|389|AMP|489.700012|489.779999|481.170013|486.600006|508700|0.9868973539|480.224213
2025-10-01|390|ICE|167.210007|167.210007|162.320007|162.639999|4121600|0.9901381914|161.036087
2025-10-01|391|PSKY|18.879999|19.129999|18.600000|18.889999|4903000|0.9863259572|18.631697
2025-10-01|392|LYV|161.000000|161.970001|156.630005|158.880005|3391900|1.0000000000|158.880005
2025-10-01|393|CMG|39.209999|39.720001|38.759998|38.970001|16240500|1.0000000000|38.970001
2025-10-01|394|UAL|95.989998|96.510002|93.059998|93.150002|6303000|1.0000000000|93.150002
2025-10-01|395|TDG|1304.760010|1333.020020|1298.349976|1300.800049|335900|1.0000000000|1300.800049
2025-10-01|396|MA|565.679993|575.469971|565.010010|573.770020|3685100|0.9938070309|570.216736
2025-10-01|397|LDOS|186.809998|191.660004|186.809998|191.630005|956000|0.9917626624|190.051483
2025-10-01|398|FSLR|221.779999|229.110001|221.410004|224.820007|2625700|1.0000000000|224.820007
2025-10-01|399|BR|236.679993|238.119995|234.339996|234.600006|609100|0.9836780236|230.770859
2025-10-01|400|SMCI|47.570000|52.480000|47.360001|52.389999|48357200|1.0000000000|52.389999
2025-10-01|401|TMUS|239.399994|240.949997|231.559998|233.259995|5206700|0.9849640725|228.434311
2025-10-01|402|DAL|57.570000|57.820000|55.990002|56.110001|7005400|0.9891783114|55.502800
2025-10-01|403|IBKR|67.860001|70.489998|67.050003|68.779999|7265500|0.9966884542|68.552231
2025-10-01|404|PODD|308.750000|312.049988|288.019989|305.980011|1140500|1.0000000000|305.980011
2025-10-01|405|TEL|217.639999|222.009995|217.270004|221.690002|1613200|0.9892434805|219.305389
2025-10-01|406|BX|169.360001|170.449997|168.000000|168.100006|3630100|0.9610163599|161.546844
2025-10-01|407|LULU|178.250000|181.570007|175.949997|177.570007|3482900|1.0000000000|177.570007
2025-10-01|408|ULTA|546.770020|559.419983|541.940002|556.039978|606200|1.0000000000|556.039978
2025-10-01|409|MSCI|567.010010|568.340027|550.159973|552.590027|522800|0.9858483453|544.770020
2025-10-01|410|ECHO|75.510002|79.639999|75.000000|79.500000|5599500|1.0000000000|79.500000
2025-10-01|411|PM|162.869995|164.059998|158.449997|160.860001|8633700|0.9650495005|155.237854
2025-10-01|412|V|340.309998|349.359985|340.309998|347.829987|8381000|0.9920658607|345.070251
2025-10-01|413|AWK|139.399994|139.619995|136.029999|136.070007|1250200|0.9734433274|132.456451
2025-10-01|414|KDP|25.590000|25.870001|25.559999|25.600000|15747500|0.9761522236|24.989498
2025-10-01|415|SW|42.880001|43.529999|42.645000|42.660000|3894100|0.9711821711|41.430630
2025-10-01|416|AVGO|328.149994|337.950012|324.500000|333.390015|21122700|0.9944270811|331.532074
2025-10-01|417|VRSK|252.800003|252.800003|247.850006|249.550003|1099100|0.9927002374|247.728348
2025-10-01|418|DG|103.260002|103.260002|98.699997|99.680000|4678000|0.9800962717|97.695999
2025-10-01|419|FTNT|83.919998|85.330002|83.669998|85.180000|4314900|1.0000000000|85.180000
2025-10-01|420|CHTR|275.320007|276.579987|270.989990|275.100006|2039700|1.0000000000|275.100006
2025-10-01|421|FERG|225.729996|226.009995|223.869995|225.490005|1777000|0.9848254111|222.068298
2025-10-01|422|GNRC|167.419998|168.770004|165.119995|167.889999|632600|1.0000000000|167.889999
2025-10-01|423|LYB|48.730000|49.110001|48.070000|48.419998|4193300|0.9407211657|45.549717
2025-10-01|424|CBOE|245.000000|245.449997|239.330002|241.570007|806900|0.9954503651|240.470947
2025-10-01|425|TSLA|443.799988|462.290009|440.750000|459.459991|98122300|1.0000000000|459.459991
2025-10-01|426|KKR|128.259995|130.320007|127.239998|127.470001|5778800|0.9928030964|126.552612
2025-10-01|427|NXPI|225.850006|227.850006|221.000000|224.910004|2079800|0.9870653625|222.000885
2025-10-01|428|GM|60.939999|61.590000|60.130001|61.340000|8094400|0.9934966717|60.941090
2025-10-01|429|TRGP|165.779999|171.419998|165.289993|168.070007|1711800|0.9789495349|164.532059
2025-10-01|430|CPAY|286.600006|290.399994|284.250000|286.410004|616700|1.0000000000|286.410004
2025-10-01|431|KMI|28.230000|28.400000|28.000000|28.299999|13920000|0.9613533449|27.206299
2025-10-01|432|HCA|426.320007|428.540009|420.459991|426.070007|1371900|0.9950375716|423.955658
2025-10-01|433|HII|284.540009|291.519989|283.750000|286.010010|468500|0.9882397967|281.334473
2025-10-01|434|APO|131.399994|133.800003|129.910004|129.949997|3872600|0.9837214596|127.834595
2025-10-01|435|MPC|192.089996|193.479996|191.080002|192.309998|1265100|0.9835714275|189.150620
2025-10-01|436|XYL|146.399994|148.119995|145.210007|147.880005|1321000|0.9861759388|145.835709
2025-10-01|437|APTV|86.029999|87.669998|85.879997|87.099998|1912800|1.0000000000|87.099998
2025-10-01|438|PSX|135.350006|136.449997|134.229996|134.589996|2258200|0.9712393490|130.719101
2025-10-01|439|AMCR|8.160000|8.240000|8.140000|8.190000|15738300|4.8543684849|39.757282
2025-10-01|440|META|721.489990|721.849976|710.200012|717.340027|20419600|0.9974059053|715.479126
2025-10-01|441|NOW|920.940018|935.000000|892.249985|912.429962|1829900|0.2000000000|182.485992
2025-10-01|442|PANW|202.160004|207.190002|200.880005|206.800003|5623800|1.0000000000|206.800003
2025-10-01|443|FANG|141.610001|144.440002|141.399994|143.539993|1497300|0.9764795206|140.163849
2025-10-01|444|WDAY|239.350006|241.850006|231.100006|232.210007|3965300|1.0000000000|232.210007
2025-10-01|445|ABBV|233.639999|244.809998|232.000000|244.380005|12243100|0.9699105539|237.026749
2025-10-01|446|NCLH|24.280001|24.469999|24.110001|24.190001|13227400|1.0000000000|24.190001
2025-10-01|447|ZTS|146.320007|147.380005|145.000000|146.949997|3677000|0.9811560666|144.180878
2025-10-01|448|IQV|190.259995|204.250000|190.259995|203.789993|2577700|1.0000000000|203.789993
2025-10-01|449|NWS|34.330002|34.330002|32.400002|32.459999|2360300|0.9963262306|32.340748
2025-10-01|450|NWSA|30.559999|30.559999|28.940001|28.950001|6912800|0.9958385353|28.829527
2025-10-01|451|CDW|159.279999|160.559998|158.740005|158.990005|1148000|0.9800438553|155.817184
2025-10-01|452|VEEV|294.429993|297.779999|287.880005|293.260010|979300|1.0000000000|293.260010
2025-10-01|453|ALLE|176.830002|177.910004|175.259995|176.729996|843300|0.9921390873|175.340744
2025-10-01|454|HLT|257.809998|259.410004|255.050003|256.750000|2225300|0.9980421657|256.247314
2025-10-01|455|ARES|157.509995|158.429993|153.925003|154.139999|2313200|0.9704279397|149.581772
2025-10-01|456|ANET|144.649994|149.949997|143.020004|149.270004|7820700|1.0000000000|149.270004
2025-10-01|457|SYF|71.089996|71.544998|69.750000|69.839996|3233600|0.9836138777|68.695580
2025-10-01|458|CFG|53.259998|53.360001|52.430000|52.740002|3935400|0.9707955381|51.199757
2025-10-01|459|KEYS|174.000000|174.210007|172.020004|173.100006|1141000|1.0000000000|173.100006
2025-10-01|460|GDDY|136.570007|137.860001|131.289993|132.179993|2571900|1.0000000000|132.179993
2025-10-01|461|KHC|26.025000|26.365000|25.924999|26.280001|12862300|0.9508904028|24.989401
2025-10-01|462|PYPL|66.900002|67.800003|66.220001|66.660004|17050100|0.9914138539|66.087646
2025-10-01|463|LITE|159.240005|173.600006|158.600006|171.399994|3262200|1.0000000000|171.399994
2025-10-01|464|HPE|24.379999|24.975000|24.230000|24.930000|27908400|0.9847720717|24.550369
2025-10-01|465|XYZ|72.570000|73.620003|71.834999|73.400002|6640700|1.0000000000|73.400002
2025-10-01|466|FTV|48.900002|50.220001|48.689999|50.080002|4234600|0.9968000114|49.919746
2025-10-01|467|DELL|140.910004|149.679993|140.399994|149.679993|13612000|0.9874173534|147.796616
2025-10-01|468|TTD|48.820000|49.689999|48.134998|49.320000|13061000|1.0000000000|49.320000
2025-10-01|469|VST|195.000000|204.929993|192.169998|201.509995|5387700|0.9958526400|200.674271
2025-10-01|470|HWM|194.160004|198.479996|193.039993|194.850006|2267200|0.9979223317|194.445190
2025-10-01|471|INVH|29.299999|29.450001|28.955000|29.010000|3743300|0.9672165501|28.058954
2025-10-01|472|CVNA|388.320007|398.889999|378.450012|395.410004|3300500|0.2000000000|79.082001
2025-10-01|473|IR|81.860001|83.794998|81.629997|83.500000|3552800|0.9990084054|83.417198
2025-10-01|474|VICI|32.730000|33.000000|32.590000|32.910000|6902200|0.9523421134|31.341581
2025-10-01|475|VRT|149.119995|162.225006|147.350006|161.589996|12844000|0.9991812568|161.457703
2025-10-01|476|MRNA|26.120001|28.350000|26.120001|27.600000|17591400|1.0000000000|27.600000
2025-10-01|477|FOXA|62.369999|62.555000|61.395000|61.889999|4188100|0.9951185496|61.587887
2025-10-01|478|FOX|56.619999|56.680000|55.599998|55.950001|2124200|0.9946544484|55.650917
2025-10-01|479|DOW|22.900000|23.219999|22.815001|23.049999|12531500|0.9640247460|22.220770
2025-10-01|480|UBER|97.474998|99.084999|96.570000|96.610001|16608500|1.0000000000|96.610001
2025-10-01|481|CTVA|66.900002|66.900002|60.705002|61.470001|12189800|0.9928033602|61.027626
2025-10-01|482|CRWD|487.750000|500.837006|485.359985|499.959991|2512400|0.2500000000|124.989998
2025-10-01|483|DDOG|144.279999|154.369995|143.830002|152.699997|8079500|1.0000000000|152.699997
2025-10-01|484|CARR|59.400002|59.810001|59.200001|59.459999|3592600|0.9848525765|58.559338
2025-10-01|485|OTIS|91.150002|92.470001|90.769997|92.360001|2540100|0.9789066234|90.411819
2025-10-01|486|PLTR|181.320007|186.279999|179.500000|184.949997|45717300|1.0000000000|184.949997
2025-10-01|487|DASH|269.500000|271.390015|265.200012|267.640015|2500800|1.0000000000|267.640015
2025-10-01|488|ABNB|120.849998|122.610001|120.785004|122.320000|3443300|1.0000000000|122.320000
2025-10-01|489|EXE|105.059998|110.360001|105.059998|109.180000|5251500|0.9779564541|106.773285
2025-10-01|490|COIN|343.260010|349.869995|340.500000|346.170013|8843900|1.0000000000|346.170013
2025-10-01|491|APP|714.835022|727.489990|697.505981|704.090027|6210800|1.0000000000|704.090027
2025-10-01|492|HOOD|141.259995|143.169998|137.779999|139.139999|34759600|1.0000000000|139.139999
2025-10-01|493|CEG|326.049988|352.250000|323.880005|350.899994|2818400|0.9944409722|348.949310
2025-10-01|494|GEHC|74.959999|76.500000|74.209999|75.510002|3579400|0.9981004727|75.366562
2025-10-01|495|KVUE|16.219999|16.400000|15.820000|15.850000|50561200|0.9540880845|15.122295
2025-10-01|496|VLTO|105.959999|106.330002|104.845001|106.040001|1845000|0.9957401186|105.588280
2025-10-01|497|RDDT|213.000000|218.319000|202.259995|202.600006|15774000|1.0000000000|202.600006
2025-10-01|498|SOLV|71.870003|73.209999|71.739998|73.040001|1399900|1.0000000000|73.040001
2025-10-01|499|GEV|599.640015|610.659973|595.000000|606.150024|2423600|0.9977344385|604.776672
2025-10-01|500|SNDK|113.059998|123.849998|112.000000|121.120003|12237400|1.0000000000|121.120003
