date|security_id|ticker|open|high|low|close|volume|adj_factor|adj_close_vendor
2025-10-13|1|AEP|116.959999|117.820000|116.209999|116.800003|2253200|0.9699113042|113.285637
2025-10-13|2|BA|212.089996|215.800003|212.059998|215.559998|5657300|1.0000000000|215.559998
2025-10-13|3|CAT|502.149994|506.380005|495.450012|504.760010|2618400|0.9910786923|500.256897
2025-10-13|4|CNP|39.110001|39.520000|38.939999|39.189999|4274900|0.9777626474|38.318520
2025-10-13|5|CVX|150.000000|151.979996|149.429993|151.940002|5978800|0.9620890936|146.179825
2025-10-13|6|DIS|110.389999|110.959999|109.379997|110.269997|7435100|0.9857264957|108.696060
2025-10-13|7|DTE|139.910004|141.029999|139.610001|140.070007|726900|0.9755422782|136.644211
2025-10-13|8|ED|102.099998|102.489998|100.150002|100.860001|1515700|0.9678975191|97.622147
2025-10-13|9|GD|333.100006|336.799988|332.239990|334.390015|839200|0.9869830633|330.037292
2025-10-13|10|GE|296.000000|297.579987|293.119995|297.529999|2604100|0.9961629631|296.388367
2025-10-13|11|HON|202.410007|203.239996|200.610004|202.910004|3723500|0.9694785487|196.716904
2025-10-13|12|HPQ|26.030001|27.379999|26.010000|27.350000|14137500|0.9607551428|26.276655
2025-10-13|13|IBM|279.790009|282.440002|274.640015|277.220001|4333800|0.9746618623|270.195740
2025-10-13|14|IP|45.900002|46.380001|45.070000|45.650002|4240300|0.9527969504|43.495178
2025-10-13|15|JNJ|189.830002|191.300003|189.279999|190.899994|7979500|0.9779609434|186.692749
2025-10-13|16|KO|66.230003|66.800003|66.000000|66.800003|13690000|0.9799171123|65.458466
2025-10-13|17|KR|66.889999|67.239998|65.750000|67.129997|6673100|0.9778352350|65.642067
2025-10-13|18|LMT|502.299988|507.429993|500.000000|503.829987|926700|0.9808408602|494.177032
2025-10-13|19|MMM|150.570007|152.429993|150.419998|151.100006|2724800|0.9818750293|148.361313
2025-10-13|20|MO|65.870003|66.250000|64.680000|64.949997|8089700|0.9516126626|61.807240
2025-10-13|21|MRK|85.660004|86.459999|85.239998|85.699997|6553900|0.9772081263|83.746742
2025-10-13|22|MSI|457.320007|459.690002|454.769989|456.250000|487400|0.9910852927|452.182678
2025-10-13|23|PG|149.000000|149.429993|146.970001|147.490005|7511100|0.9714333836|143.276703
2025-10-13|24|XOM|111.540001|112.300003|111.320000|112.239998|10296500|0.9718336400|109.078613
2025-10-13|25|RTX|158.449997|159.550003|157.369995|158.850006|5322300|0.9853742397|156.526718
2025-10-13|26|MCD|294.600006|300.420013|294.000000|300.109985|3369300|0.9818538696|294.664154
2025-10-13|27|AXP|319.170013|324.359985|319.059998|323.119995|1693100|0.9919237847|320.510437
2025-10-13|28|BMY|43.680000|44.230000|43.290001|43.540001|15509100|0.9673144843|42.116875
2025-10-13|29|DD|74.740002|76.879999|74.740002|75.949997|2795900|1.2389568992|94.098770
2025-10-13|30|DE|449.369995|450.000000|437.459991|439.109985|1758500|0.9910776808|435.192108
2025-10-13|31|EMR|128.580002|129.729996|127.660004|128.179993|2028800|0.9845366681|126.197914
2025-10-13|32|ETN|374.730011|379.190002|372.829987|375.369995|2089900|0.9889737586|371.231018
2025-10-13|33|ETR|95.449997|96.529999|95.339996|95.720001|2186100|0.9756994696|93.393959
2025-10-13|34|F|11.490000|11.630000|11.460000|11.540000|73939400|0.9554534458|11.025933
2025-10-13|35|HAL|22.320000|22.610001|21.809999|22.500000|9793600|0.9847026012|22.155809
2025-10-13|36|LLY|832.679993|835.320007|817.349976|819.400024|2167500|0.9937326373|814.264648
2025-10-13|37|PCG|15.920000|16.120001|15.880000|15.970000|15379000|0.9911560857|15.828762
2025-10-13|38|PEP|148.649994|149.979996|147.339996|148.889999|7272000|0.9713251717|144.620605
2025-10-13|39|PFE|24.840000|24.950001|24.610001|24.730000|45356600|0.9344639716|23.109291
2025-10-13|40|TXN|172.830002|176.100006|172.399994|175.110001|8610300|0.9747566992|170.689621
2025-10-13|41|WFC|78.739998|79.230003|78.279999|78.919998|14229300|0.9786587178|77.235741
2025-10-13|42|HUBB|412.149994|421.070007|410.975006|418.720001|449415|0.9910077151|414.954742
2025-10-13|43|WMT|101.370003|102.449997|101.070000|102.120003|10871200|0.9916508097|101.267372
2025-10-13|44|AIG|81.110001|82.120003|80.830002|81.820000|2726800|0.9824236525|80.381897
2025-10-13|45|AVY|159.050003|160.500000|157.449997|157.490005|862500|0.9833361967|154.865631
2025-10-13|46|BAC|49.200001|49.400002|48.810001|48.860001|34462800|0.9841245494|48.084328
2025-10-13|47|BALL|47.200001|47.709999|47.009998|47.040001|2595200|0.9893620930|46.539597
2025-10-13|48|BDX|186.880006|189.250002|185.999993|186.660003|852800|0.7715067098|144.009445
2025-10-13|49|CLX|119.959999|121.790001|119.730003|120.370003|1668100|0.9554686115|115.009750
2025-10-13|50|CMI|420.000000|420.000000|408.250000|409.000000|1080800|0.9855888256|403.105804
2025-10-13|51|CMS|73.669998|74.139999|73.320000|73.550003|1927700|0.9697049346|71.321793
2025-10-13|52|CVS|77.540001|79.680000|77.370003|78.440002|8436000|0.9692366143|76.026917
2025-10-13|53|ECL|271.739990|272.549988|269.500000|270.220001|721300|0.9918356453|268.013855
2025-10-13|54|ES|71.550003|72.080002|70.599998|70.970001|2970700|0.9670826030|68.633850
2025-10-13|55|EVRG|77.519997|78.000000|77.040001|77.489998|1644300|0.9663059278|74.879044
2025-10-13|56|GWW|939.869995|947.729980|919.159973|935.489990|327100|0.9918044722|927.823120
2025-10-13|57|LNT|67.639999|68.239998|67.320000|67.660004|1449300|0.9698403407|65.619400
2025-10-13|58|MKC|66.370003|66.699997|65.320000|65.360001|2309400|0.9687082665|63.314774
2025-10-13|59|MRSH|205.509995|207.000000|203.770004|205.360001|2660000|0.9842873682|202.133270
2025-10-13|60|NEE|83.129997|85.029999|83.010002|84.300003|8424300|0.9793736752|81.944984
2025-10-13|61|NI|43.000000|43.430000|42.680000|42.730000|3552700|0.9739163964|41.615448
2025-10-13|62|PNW|92.000000|92.709999|91.400002|92.129997|639400|0.9627257278|88.695908
2025-10-13|63|RVTY|89.000000|91.440002|88.620003|90.980003|1214500|0.9972426702|90.729134
2025-10-13|64|SNA|331.000000|334.799988|329.589996|331.989990|536200|0.9736214558|323.232574
2025-10-13|65|SPGI|485.920009|490.310004|471.779989|479.339984|2139700|0.9377344841|449.493591
2025-10-13|66|TER|138.699997|139.910004|136.600006|139.130005|3344800|0.9984501140|138.914368
2025-10-13|67|TGT|86.919998|88.349998|86.730003|87.339996|10515500|0.9610823572|83.940933
2025-10-13|68|TXT|82.349998|82.839996|81.709999|81.739998|1451700|0.9993380469|81.685890
2025-10-13|69|VMC|302.739990|305.200012|301.570007|302.750000|588700|0.9925854203|300.505249
2025-10-13|70|XEL|80.870003|81.550003|80.059998|80.160004|3800000|0.9776860259|78.371307
2025-10-13|71|ITW|246.539993|247.350006|243.500000|244.460007|1071800|0.9813941046|239.911591
2025-10-13|72|CL|77.449997|77.900002|76.680000|76.980003|5758000|0.9756036244|75.101967
2025-10-13|73|EXC|46.980000|47.099998|46.500000|46.849998|5192400|0.9737696536|45.621109
2025-10-13|74|MDT|95.699997|96.410004|95.059998|95.580002|4619500|0.9758565703|93.272377
2025-10-13|75|BNY|105.550003|106.709999|104.540001|106.300003|3045400|0.9828746130|104.479584
2025-10-13|76|EIX|52.160000|53.900002|52.000000|53.650002|2696200|0.9623086217|51.627861
2025-10-13|77|FRT|96.239998|97.120003|95.629997|96.959999|326100|0.9693143333|93.984718
2025-10-13|78|PNR|108.339996|109.400002|108.000000|108.830002|928700|0.9879062781|107.513840
2025-10-13|79|USB|45.889999|46.320000|45.590000|46.160000|6896400|0.9719845662|44.866810
2025-10-13|80|WY|24.000000|24.129999|23.719999|23.930000|4196700|0.9737086273|23.300848
2025-10-13|81|SYY|77.959999|78.620003|77.470001|78.269997|1788400|0.9787571978|76.607330
2025-10-13|82|WRB|77.349998|78.000000|76.629997|77.449997|1475100|0.9742469050|75.455421
2025-10-13|83|IFF|59.770000|60.490002|59.500000|60.099998|1385000|0.9828526607|59.069447
2025-10-13|84|TAP|45.799999|46.389999|45.669998|46.029999|2061100|0.9680101781|44.044121
2025-10-13|85|PNC|186.449997|187.720001|184.710007|186.919998|1818100|0.9681422743|180.965134
2025-10-13|86|TRV|268.529999|272.350006|266.470001|270.380005|854300|0.9883140678|267.220367
2025-10-13|87|C|95.570000|96.959999|95.410004|96.099998|18463600|0.9792834329|94.109138
2025-10-13|88|FDX|227.159998|230.739992|226.130003|229.650008|1351200|0.7954691757|182.679504
2025-10-13|89|WDC|122.250000|122.559998|116.010002|118.860001|8388900|0.9984583045|118.676750
2025-10-13|90|DHR|203.559998|206.750000|202.850006|205.139999|2229700|0.9944303518|203.997437
2025-10-13|91|APA|22.650000|22.850000|22.139999|22.820000|5651600|0.9662983352|22.050928
2025-10-13|92|LUV|31.730000|32.320000|31.559999|31.900000|4892700|0.9870678085|31.487465
2025-10-13|93|PEG|80.750000|82.379997|80.510002|81.739998|2235500|0.9756675447|79.751060
2025-10-13|94|UNP|226.729996|227.410004|224.820007|225.850006|2079700|0.9839040791|222.214737
2025-10-13|95|ABT|132.000000|132.759995|130.869995|131.380005|4008100|0.9774083434|128.411926
2025-10-13|96|ADI|228.320007|235.820007|226.960007|234.669998|4609900|0.9906566026|232.477386
2025-10-13|97|ADM|61.040001|62.439999|60.660000|61.639999|3609400|0.9716117081|59.890144
2025-10-13|98|ADP|285.209991|286.829987|282.890015|284.350006|2041600|0.9780151607|278.098602
2025-10-13|99|AFL|110.570000|111.589996|109.690002|110.260002|1961900|0.9795217260|108.002075
2025-10-13|100|AMAT|220.350006|221.130005|217.029999|219.479996|7853000|0.9944993487|218.272736
2025-10-13|101|AMD|220.199997|224.190002|214.899994|216.419998|63104000|1.0000000000|216.419998
2025-10-13|102|APD|259.429993|262.489990|258.739990|260.859985|856000|0.9804771664|255.767242
2025-10-13|103|BF-B|26.830000|27.540001|26.719999|26.930000|3792300|0.9746521115|26.247383
2025-10-13|104|CHD|86.660004|87.309998|86.080002|86.519997|2033300|0.9872146942|85.413811
2025-10-13|105|CINF|159.000000|159.669998|157.330002|157.880005|487100|0.9835715596|155.286285
2025-10-13|106|CMCSA|29.530000|29.770000|29.390000|29.410000|16844100|0.9033911576|26.568733
2025-10-13|107|D|60.759998|61.389999|60.630001|61.340000|2979500|0.9687101350|59.420681
2025-10-13|108|DOV|163.850006|163.850006|161.160004|161.160004|1187200|0.9924896872|159.949646
2025-10-13|109|DUK|126.209999|126.949997|125.690002|126.089996|2136200|0.9660947366|121.814880
2025-10-13|110|EFX|230.809998|231.309998|224.690002|225.460007|1657600|0.9915561793|223.556259
2025-10-13|111|EQT|53.220001|53.840000|52.759998|53.660000|3574900|0.9883492503|53.034821
2025-10-13|112|FITB|42.119999|42.430000|41.799999|42.200001|6091600|0.9757841433|41.178089
2025-10-13|113|GIS|49.049999|49.209999|48.130001|48.150002|4438700|0.9532424984|45.898628
2025-10-13|114|GPC|130.229996|131.860001|130.229996|131.699997|957700|0.9724963604|128.077759
2025-10-13|115|HAS|71.949997|72.839996|71.320000|72.410004|1583700|0.9687474839|70.147011
2025-10-13|116|HBAN|15.860000|15.970000|15.640000|15.900000|25619700|0.9725023795|15.462788
2025-10-13|117|HRL|23.700001|23.790001|23.350000|23.549999|5650900|0.9501443377|22.375898
2025-10-13|118|HST|16.049999|16.299999|15.880000|16.260000|6548000|0.9346875076|15.198019
2025-10-13|119|HSY|188.699997|189.669998|186.619995|189.199997|1577400|0.9707271518|183.661591
2025-10-13|120|INTC|36.439999|37.509998|36.279999|37.220001|104020700|1.0000000000|37.220001
2025-10-13|121|J|152.399994|154.250000|152.039993|153.910004|890600|0.9894584622|152.287537
2025-10-13|122|JPM|305.600006|309.459991|305.450012|307.970001|10788700|0.9859988977|303.658081
2025-10-13|123|KMB|119.510002|119.510002|118.180000|119.269997|1968400|0.9627154389|114.823067
2025-10-13|124|L|100.750000|101.790001|100.349998|101.330002|876600|0.9977044368|101.097397
2025-10-13|125|LEN|117.980003|119.209999|117.470001|118.019997|3242500|0.9844362452|116.183159
2025-10-13|126|LOW|233.000000|235.979996|232.639999|234.479996|3072000|0.9798699778|229.759888
2025-10-13|127|MAS|65.970001|66.190002|65.449997|65.989998|2105300|0.9817399064|64.785011
2025-10-13|128|MTB|182.720001|183.460007|181.410004|182.699997|1015300|0.9784172563|178.756836
2025-10-13|129|NEM|87.949997|89.419998|87.559998|89.400002|9732900|0.9927701446|88.753654
2025-10-13|130|NTRS|125.599998|127.550003|125.599998|127.029999|959500|0.9838837164|124.982750
2025-10-13|131|NUE|136.509995|138.649994|135.979996|136.970001|1051300|0.9907811186|135.707291
2025-10-13|132|OMC|76.980003|77.480003|76.169998|76.510002|3414000|0.9700503706|74.218552
2025-10-13|133|PCAR|93.699997|94.150002|92.699997|93.230003|2092700|0.9759401745|90.986908
2025-10-13|134|PGR|237.929993|239.289993|235.429993|236.279999|3000100|0.9393741219|221.955292
2025-10-13|135|PH|725.049988|737.789978|722.849976|728.659973|360500|0.9937397742|724.098450
2025-10-13|136|PHM|120.040001|120.489998|118.610001|120.489998|2604800|0.9937132889|119.732513
2025-10-13|137|PPG|99.239998|99.889999|98.160004|98.860001|1420800|0.9744973374|96.338806
2025-10-13|138|PPL|37.049999|37.540001|37.009998|37.439999|3560600|0.9766950417|36.567463
2025-10-13|139|RF|24.580000|24.709999|24.270000|24.559999|34952800|0.9708879210|23.845009
2025-10-13|140|ROL|56.599998|57.040001|55.580002|56.090000|1851800|0.9856812639|55.286865
2025-10-13|141|SHW|331.859985|333.980011|329.450012|332.160004|1697700|0.9906031983|329.038788
2025-10-13|142|STT|112.300003|114.379997|111.900002|114.190002|1421600|0.9820070009|112.135384
2025-10-13|143|SWK|65.529999|66.349998|64.440002|64.489998|2261000|0.9672078260|62.375229
2025-10-13|144|SYK|363.959991|370.600006|363.369995|364.920013|1134800|0.9921744259|362.064331
2025-10-13|145|TMO|527.530029|530.830017|523.890015|524.580017|1686600|0.9972620730|523.143738
2025-10-13|146|TPL|897.619995|911.250000|890.129974|892.230011|105700|0.3318281124|296.067017
2025-10-13|147|TSN|51.709999|52.209999|51.500000|52.099998|3280300|0.9750492370|50.800064
2025-10-13|148|TT|419.140015|422.179993|416.589996|418.760010|1080300|0.9953350758|416.806519
2025-10-13|149|TYL|502.089996|511.950012|496.940002|506.529999|395000|1.0000000000|506.529999
2025-10-13|150|UDR|35.580002|36.220001|35.470001|36.150002|2465500|0.9688744575|35.024811
2025-10-13|151|VTRS|9.780000|9.970000|9.740000|9.860000|7622400|0.9657614708|9.522408
2025-10-13|152|WEC|114.500000|115.699997|114.500000|114.970001|1329900|0.9669333840|111.168327
2025-10-13|153|WST|262.420013|265.660004|262.140015|262.470001|454600|0.9968900108|261.653748
2025-10-13|154|NDSN|229.679993|233.380005|229.580002|230.520004|289400|0.9906696357|228.369186
2025-10-13|155|TFC|43.000000|43.180000|42.580002|42.950001|7160200|0.9589220174|41.185699
2025-10-13|156|WELL|165.559998|166.889999|163.750000|166.850006|2155400|0.9854911345|164.429214
2025-10-13|157|AON|357.109985|359.559998|351.869995|353.359985|728700|0.9951005240|351.628723
2025-10-13|158|GL|136.619995|137.470001|135.330002|136.460007|478800|0.9938835716|135.625366
2025-10-13|159|OKE|69.570000|70.040001|69.050003|69.570000|2887600|0.9485114183|65.987946
2025-10-13|160|KLAC|1016.250000|1033.899994|1014.899979|1025.000000|1227000|0.0994634319|101.950020
2025-10-13|161|CSX|35.500000|35.840000|35.400002|35.570000|10040000|0.9900119853|35.214725
2025-10-13|162|PSA|297.459991|300.149994|295.119995|299.630005|931200|0.9701110817|290.674377
2025-10-13|163|NKE|65.699997|67.519997|65.550003|67.379997|13191200|0.9783499344|65.921219
2025-10-13|164|AAPL|249.380005|249.690002|245.559998|247.660004|38142900|0.9963195807|246.748505
2025-10-13|165|BRO|94.970001|95.690002|94.459999|94.480003|3021400|0.9904200305|93.574890
2025-10-13|166|UHS|198.470001|199.770004|195.979996|197.759995|548600|0.9968342486|197.133926
2025-10-13|167|HD|379.070007|382.309998|377.190002|379.369995|2925900|0.9796274407|371.641266
2025-10-13|168|BAX|22.040001|22.389999|21.950001|22.110001|4315500|0.9984613291|22.067471
2025-10-13|169|COP|88.360001|88.980003|87.580002|88.779999|5887300|0.9694370271|86.066620
2025-10-13|170|GLW|85.110001|86.629997|84.800003|85.500000|4957800|0.9932214224|84.920433
2025-10-13|171|HUM|280.239990|281.000000|270.350006|271.000000|1671600|0.9892166205|268.077698
2025-10-13|172|LHX|291.380005|294.450012|290.709991|293.420013|801300|0.9883920425|290.014008
2025-10-13|173|NOC|619.969971|624.049988|616.900024|618.880005|452600|0.9884333448|611.721619
2025-10-13|174|OXY|42.869999|42.869999|42.130001|42.419998|8521500|0.9849760250|41.782677
2025-10-13|175|ROK|338.399994|340.980011|336.619995|339.200012|601500|0.9867997940|334.722504
2025-10-13|176|SLB|32.080002|32.320000|31.639999|32.270000|29484700|0.9812007073|31.663349
2025-10-13|177|SO|97.620003|98.419998|97.190002|98.080002|4261800|0.9680357165|94.944939
2025-10-13|178|WMB|62.720001|63.290001|62.410000|62.680000|4790000|0.9774919343|61.269192
2025-10-13|179|VLO|159.850006|162.550003|159.850006|161.410004|1382300|0.9792382128|158.058838
2025-10-13|180|CI|298.750000|301.350006|295.119995|295.410004|845600|0.9832673314|290.466980
2025-10-13|181|NSC|289.500000|291.420013|287.790009|289.570007|1057300|0.9826794519|284.554474
2025-10-13|182|COO|69.400002|69.800003|68.489998|69.300003|2971300|1.0000000000|69.300003
2025-10-13|183|AMGN|291.750000|296.130005|289.440002|292.399994|1838400|0.9730085280|284.507690
2025-10-13|184|RJF|162.750000|163.449997|159.070007|159.869995|1191400|0.9893936166|158.174347
2025-10-13|185|WSM|184.880005|190.559998|184.029999|190.000000|882400|0.9861134039|187.361542
2025-10-13|186|CAH|156.300003|157.350006|154.210007|154.309998|1757700|0.9929397050|153.220520
2025-10-13|187|CTAS|187.470001|189.440002|186.949997|187.940002|2094800|0.9900452227|186.069107
2025-10-13|188|PAYX|125.690002|127.720001|125.250000|127.419998|2867500|0.9578135440|122.044601
2025-10-13|189|BEN|22.940001|23.120001|22.780001|22.840000|6177800|0.9625940231|21.985649
2025-10-13|190|AOS|68.089996|68.720001|67.540001|67.680000|1028300|0.9781906723|66.203941
2025-10-13|191|CASY|557.609985|567.929993|557.000000|565.619995|222800|0.9965302403|563.657410
2025-10-13|192|T|25.680000|25.850000|25.350000|25.590000|36313700|0.9652496452|24.700737
2025-10-13|193|VZ|39.750000|40.160000|39.410000|39.750000|26453700|0.9521495225|37.847942
2025-10-13|194|JBHT|137.820007|139.240005|137.270004|138.119995|1135100|0.9918818614|136.998703
2025-10-13|195|ATO|175.750000|176.919998|174.130005|175.539993|475400|0.9773427979|171.562744
2025-10-13|196|LRCX|138.089996|138.899994|136.580002|137.809998|10048100|0.9964597456|137.322128
2025-10-13|197|MU|190.789993|193.399994|187.990005|192.770004|20928400|0.9990228227|192.581619
2025-10-13|198|AJG|299.049988|301.709991|295.779999|298.000000|1176100|0.9910126646|295.321747
2025-10-13|199|AME|180.139999|183.059998|179.789993|182.240005|900700|0.9953689352|181.396042
2025-10-13|200|SWKS|71.480003|73.680000|70.529999|73.370003|3019400|0.9685989226|71.066101
2025-10-13|201|EXPD|113.419998|114.489998|113.059998|113.970001|920100|0.9896583057|112.791359
2025-10-13|202|UNH|354.739990|359.160004|353.320007|358.660004|5659400|0.9800610506|351.508698
2025-10-13|203|BBY|72.750000|77.540001|72.120003|77.449997|4981600|0.9593973356|74.305321
2025-10-13|204|DOC|18.059999|18.160000|17.830000|17.959999|12586500|0.9405716583|16.892664
2025-10-13|205|ADSK|303.630005|308.700012|302.660004|307.970001|982600|1.0000000000|307.970001
2025-10-13|206|DVN|32.950001|33.250000|32.549999|33.209999|4928100|0.9814598964|32.594280
2025-10-13|207|NVR|7443.910156|7626.370117|7443.910156|7584.899902|24500|1.0000000000|7584.899902
2025-10-13|208|ROST|148.970001|155.410004|148.580002|154.770004|3214600|0.9936631572|153.789261
2025-10-13|209|JKHY|151.389999|153.070007|150.089996|152.190002|1188100|0.9886171552|150.457642
2025-10-13|210|MNST|68.989998|69.500000|66.940002|67.150002|6425400|0.5000000000|67.150002
2025-10-13|211|ORCL|298.700012|310.700012|297.739990|308.010010|21703700|0.9904465499|305.067444
2025-10-13|212|MSFT|516.409973|516.409973|511.679993|514.049988|14284200|0.9918394551|509.855103
2025-10-13|213|TROW|104.550003|106.260002|103.839996|105.360001|1622100|0.9618549978|101.341042
2025-10-13|214|COST|929.000000|935.979980|923.000000|935.559998|2169600|0.9941992924|930.133057
2025-10-13|215|ADBE|339.250000|340.279999|335.609985|339.320007|3020100|1.0000000000|339.320007
2025-10-13|216|FISV|122.620003|123.559998|121.930000|122.550003|3518800|1.0000000000|122.550003
2025-10-13|217|BKR|45.939999|45.939999|45.040001|45.490002|11107900|0.9846041741|44.789646
2025-10-13|218|CDNS|329.750000|334.200012|324.940002|332.230011|1724000|1.0000000000|332.230011
2025-10-13|219|TJX|140.229996|141.910004|139.779999|141.389999|4144300|0.9879468300|139.685806
2025-10-13|220|FICO|1658.150024|1716.119995|1648.310059|1649.989990|288500|1.0000000000|1649.989990
2025-10-13|221|CCL|28.209999|28.520000|27.870001|28.090000|13933500|0.9841845235|27.645742
2025-10-13|222|FAST|43.599998|44.450001|42.320000|42.330002|16595800|0.9787399757|41.430065
2025-10-13|223|SCHW|92.379997|93.779999|91.980003|93.489998|8773400|0.9873800864|92.310165
2025-10-13|224|JCI|106.690002|107.599998|106.019997|106.379997|2336700|0.9941759575|105.760437
2025-10-13|225|COHR|117.279999|117.739998|113.800003|115.129997|2868300|1.0000000000|115.129997
2025-10-13|226|KEY|17.469999|17.660000|17.350000|17.559999|21474400|0.9696888308|17.027735
2025-10-13|227|MOS|30.620001|31.549999|30.510000|30.990000|4916000|0.9727377902|30.145144
2025-10-13|228|MGM|31.680000|32.040001|31.230000|31.570000|5094700|1.0000000000|31.570000
2025-10-13|229|WM|217.470001|218.789993|216.520004|217.089996|1177600|0.9879218676|214.467941
2025-10-13|230|TECH|59.349998|59.880001|58.230000|59.650002|1565400|0.9943671322|59.314003
2025-10-13|231|IEX|162.380005|163.860001|160.759995|160.839996|515300|0.9895889092|159.165466
2025-10-13|232|GEN|26.500000|26.850000|26.480000|26.700001|2694900|0.9804358251|26.177637
2025-10-13|233|CRH|116.730003|118.699997|116.709999|117.540001|2575600|0.9889154582|116.237129
2025-10-13|234|EOG|109.669998|109.980003|108.120003|109.720001|4453700|0.9664053429|106.033997
2025-10-13|235|PTC|200.369995|203.050003|198.550003|202.479996|687200|1.0000000000|202.479996
2025-10-13|236|CSCO|68.550003|68.889999|67.129997|67.459999|14127900|0.9856294108|66.490555
2025-10-13|237|LH|276.559998|280.000000|276.059998|276.640015|383600|0.9921089357|273.869904
2025-10-13|238|TRMB|76.650002|77.400002|76.279999|77.059998|759300|1.0000000000|77.059998
2025-10-13|239|AZO|4056.659912|4146.419922|4056.659912|4097.970215|93400|1.0000000000|4097.970215
2025-10-13|240|REGN|551.500000|563.770020|541.000000|557.729980|1426400|0.9948983635|554.884583
2025-10-13|241|IDXX|622.659973|634.289978|621.830017|633.320007|376900|1.0000000000|633.320007
2025-10-13|242|AES|14.440000|14.640000|14.240000|14.440000|11563700|0.9525797478|13.755251
2025-10-13|243|VRTX|404.209991|409.470001|402.579987|407.369995|880700|1.0000000000|407.369995
2025-10-13|244|ZBRA|280.390015|286.709991|278.450012|281.959991|568900|1.0000000000|281.959991
2025-10-13|245|BIIB|146.470001|147.559998|144.649994|144.690002|1124300|1.0000000000|144.690002
2025-10-13|246|ODFL|135.559998|137.899994|135.250000|136.179993|1282300|0.9953671039|135.549088
2025-10-13|247|APH|123.500000|125.160004|122.830002|123.910004|6140000|0.9946061744|123.241653
2025-10-13|248|KIM|20.850000|21.090000|20.750000|21.049999|4341500|0.9657396580|20.328821
2025-10-13|249|QCOM|155.949997|162.389999|155.779999|161.779999|10311000|0.9849314898|159.342209
2025-10-13|250|GILD|116.339996|118.779999|115.800003|118.209999|5124600|0.9813788839|116.008789
2025-10-13|251|ROP|507.350006|513.849976|504.109985|512.729980|731400|0.9929279129|509.103912
2025-10-13|252|SNPS|449.480011|453.799988|440.000000|448.000000|2260600|1.0000000000|448.000000
2025-10-13|253|STZ|140.809998|141.690002|138.750000|141.440002|2678900|0.9716065224|137.424026
2025-10-13|254|BSX|95.129997|95.800003|94.559998|94.949997|7105500|1.0000000000|94.949997
2025-10-13|255|STE|235.639999|237.100006|234.169998|235.479996|358400|0.9945039836|234.185791
2025-10-13|256|DHI|151.479996|153.380005|150.789993|152.589996|3022400|0.9881394354|150.780182
2025-10-13|257|LIN|456.559998|459.799988|455.000000|456.640015|1287400|0.9898650243|452.011993
2025-10-13|258|SBUX|78.849998|80.440002|78.510002|80.029999|8052000|0.9751160265|78.038536
2025-10-13|259|MS|154.279999|155.619995|153.350006|155.130005|4735800|0.9778330741|151.691238
2025-10-13|260|INTU|643.200012|656.469971|642.640015|655.679993|1344900|0.9906980199|649.580872
2025-10-13|261|MCHP|62.799999|64.919998|62.180000|64.389999|8316300|0.9744763190|62.746529
2025-10-13|262|CB|282.720001|284.290009|281.730011|282.529999|932500|0.9939554166|280.822235
2025-10-13|263|ORLY|101.820000|102.980003|101.620003|102.879997|4089000|1.0000000000|102.879997
2025-10-13|264|RCL|308.269989|311.500000|305.359985|306.220001|1337700|0.9862054091|301.995850
2025-10-13|265|JBL|199.500000|200.949997|197.800003|199.899994|1145400|0.9988481715|199.669739
2025-10-13|266|ALL|204.490005|206.690002|203.279999|205.639999|773500|0.9851043015|202.576843
2025-10-13|267|CPT|101.559998|102.279999|101.400002|101.809998|1112500|0.9704206326|98.798523
2025-10-13|268|VMRK|61.590000|62.130001|61.410000|62.009998|1459700|0.9671264641|59.971512
2025-10-13|269|IT|242.250000|245.949997|237.139999|245.360001|767300|1.0000000000|245.360001
2025-10-13|270|DECK|95.750000|98.529999|95.750000|98.309998|2780300|1.0000000000|98.309998
2025-10-13|271|REG|70.370003|71.639999|69.809998|71.480003|873500|0.9701425273|69.345787
2025-10-13|272|INCY|84.389999|85.150002|82.820000|84.730003|1067700|1.0000000000|84.730003
2025-10-13|273|SPG|176.479996|177.679993|175.550003|176.500000|1124000|0.9659807077|170.495590
2025-10-13|274|MAA|134.509995|135.339996|134.059998|134.539993|532900|0.9546815481|128.442856
2025-10-13|275|MLM|633.659973|643.869995|632.099976|638.609985|280900|0.9960197565|636.068176
2025-10-13|276|TSCO|54.369999|55.270000|54.299999|54.910000|5175600|0.9764906296|53.619095
2025-10-13|277|ALB|92.029999|99.129997|92.000000|96.339996|4161000|0.9919948535|95.568787
2025-10-13|278|CPRT|43.860001|44.490002|43.770000|44.070000|7001700|1.0000000000|44.070000
2025-10-13|279|FLEX|58.439999|58.930000|57.560001|58.830002|2130400|1.0000000000|58.830002
2025-10-13|280|ESS|255.860001|258.820007|255.860001|257.579987|363200|0.9710345219|250.119064
2025-10-13|281|O|58.119999|58.869999|58.029999|58.730000|4231700|0.9566399898|56.183472
2025-10-13|282|MCO|486.190002|487.910004|466.399994|473.720001|1607800|0.9914008639|469.646423
2025-10-13|283|SJM|104.199997|105.209999|100.690002|101.489998|1364600|0.9604551346|97.476585
2025-10-13|284|MCK|752.469971|775.700012|752.469971|769.489990|535000|0.9971371280|767.287109
2025-10-13|285|COF|205.250000|207.800003|204.300003|207.610001|3036500|0.9846948620|204.432510
2025-10-13|286|EME|674.840027|686.909973|672.500000|677.020020|241600|0.9980200530|675.679504
2025-10-13|287|DLTR|89.029999|93.720001|88.790001|92.589996|7575100|1.0000000000|92.589996
2025-10-13|288|COR|313.579987|319.869995|313.579987|317.000000|1512800|0.9924371875|314.602600
2025-10-13|289|DRI|183.399994|186.899994|182.210007|185.009995|1245800|0.9771066651|180.774506
2025-10-13|290|RMD|274.290009|277.329987|271.130005|273.010010|768500|0.9895309167|270.151855
2025-10-13|291|WAB|194.220001|194.589996|191.809998|193.539993|652200|0.9953491745|192.639877
2025-10-13|292|FCX|43.290001|43.500000|42.279999|42.779999|15475300|0.9893641669|42.325001
2025-10-13|293|IVZ|23.010000|23.379999|22.830000|23.290001|5613600|0.9692003654|22.572680
2025-10-13|294|ACGL|90.870003|92.860001|90.860001|92.250000|1779100|1.0000000000|92.250000
2025-10-13|295|ERIE|324.579987|325.019989|314.250000|319.470001|102000|0.9834606060|314.186127
2025-10-13|296|EG|344.769989|351.089996|343.950012|351.019989|257800|0.9878843207|346.767151
2025-10-13|297|DVA|124.099998|124.599998|122.930000|123.910004|455100|1.0000000000|123.910004
2025-10-13|298|HSIC|63.820000|63.959999|62.660000|63.000000|1347300|1.0000000000|63.000000
2025-10-13|299|EL|92.500000|95.040001|91.639999|92.739998|3773500|0.9893232983|91.749847
2025-10-13|300|WAT|329.019989|337.109985|329.019989|336.329987|755100|1.0000000000|336.329987
2025-10-13|301|NTAP|116.279999|119.389999|115.400002|118.860001|2052400|0.9870750252|117.323738
2025-10-13|302|HIG|128.669998|129.720001|127.930000|128.740005|1013000|0.9867007020|127.027855
2025-10-13|303|IRM|103.139999|103.750000|102.169998|102.169998|1610800|0.9749654551|99.612221
2025-10-13|304|BRK-B|488.149994|493.799988|487.820007|491.929993|3183500|1.0000000000|491.929993
2025-10-13|305|FDS|284.329987|288.869995|283.890015|285.989990|629200|0.9861098905|282.017578
2025-10-13|306|STLD|144.410004|147.119995|143.309998|145.539993|881200|0.9917509611|144.339432
2025-10-13|307|DGX|182.710007|184.240005|181.820007|182.779999|809300|0.9871163208|180.425125
2025-10-13|308|CIEN|164.000000|167.339996|160.100006|164.779999|2884700|1.0000000000|164.779999
2025-10-13|309|TTWO|253.300003|257.420013|251.500000|256.679993|931200|1.0000000000|256.679993
2025-10-13|310|VTR|67.250000|67.699997|66.930000|67.449997|1995600|0.9818295408|66.224403
2025-10-13|311|AMZN|217.699997|220.679993|217.039993|220.070007|37809700|1.0000000000|220.070007
2025-10-13|312|ARE|73.879997|74.290001|72.830002|73.870003|1560300|0.9575530500|70.734444
2025-10-13|313|RL|314.200012|321.750000|314.200012|317.230011|410300|0.9923194237|314.793488
2025-10-13|314|BXP|70.430000|70.809998|69.779999|70.099998|1847600|0.9663309942|67.739799
2025-10-13|315|FIX|843.859985|861.770020|832.400024|845.989990|240200|0.9979565203|844.261169
2025-10-13|316|YUM|141.070007|142.110001|139.860001|140.470001|2167900|0.9858960568|138.488815
2025-10-13|317|CHRW|125.699997|126.330002|124.339996|124.389999|998000|0.9892308245|123.050423
2025-10-13|318|FE|46.599998|47.020000|46.470001|46.970001|4144400|0.9613759059|45.155827
2025-10-13|319|MTD|1284.689941|1300.000000|1275.349976|1284.739990|92200|1.0000000000|1284.739990
2025-10-13|320|PLD|112.019997|113.040001|111.379997|112.720001|2624300|0.9772581725|110.156548
2025-10-13|321|URI|960.099976|979.369995|960.099976|974.539978|286200|0.9918999023|966.646118
2025-10-13|322|AEE|103.529999|104.529999|103.260002|103.559998|1622300|0.9792499824|101.411133
2025-10-13|323|VRSN|260.630005|264.359985|258.279999|264.059998|554100|0.9876930267|260.810211
2025-10-13|324|PWR|426.170013|434.950012|425.000000|430.980011|781600|0.9993903388|430.717255
2025-10-13|325|AMT|184.360001|186.070007|182.500000|183.199997|3242800|0.9712942756|177.941116
2025-10-13|326|MAR|263.609985|265.290009|261.320007|263.260010|1421700|0.9917417055|261.085938
2025-10-13|327|CTSH|66.300003|66.750000|65.610001|66.339996|4062900|0.9779331176|64.876076
2025-10-13|328|SRE|90.370003|91.720001|89.989998|91.169998|3035900|0.9788895267|89.245361
2025-10-13|329|CSGP|76.419998|76.419998|75.110001|75.180000|3160200|1.0000000000|75.180000
2025-10-13|330|RSG|222.289993|225.460007|222.289993|223.039993|1026100|0.9913326285|221.106812
2025-10-13|331|CCI|96.199997|97.269997|95.290001|96.099998|2626400|0.9648543647|92.722504
2025-10-13|332|EBAY|88.870003|90.150002|86.900002|89.360001|4679500|0.9904184858|88.235527
2025-10-13|333|NVDA|187.970001|190.110001|185.960007|188.320007|153482800|0.9987261828|188.080124
2025-10-13|334|BKNG|5203.839874|5263.290024|5169.449997|5253.850174|204700|0.0397328628|208.750504
2025-10-13|335|GS|777.880005|791.049988|777.880005|786.780029|2766000|0.9855142723|775.382935
2025-10-13|336|FFIV|343.329987|343.329987|334.920013|340.640015|646700|1.0000000000|340.640015
2025-10-13|337|SBAC|187.690002|188.929993|185.449997|188.119995|997900|0.9751039390|183.436539
2025-10-13|338|LII|529.140015|530.200012|519.080017|524.250000|222300|0.9920705337|520.092957
2025-10-13|339|BLK|1147.619995|1163.439941|1144.719971|1155.119995|742400|0.9841011192|1136.754883
2025-10-13|340|TKO|188.000000|190.940002|187.820007|188.600006|898600|0.9884090368|186.413956
2025-10-13|341|AKAM|74.129997|74.519997|73.230003|73.800003|1788800|1.0000000000|73.800003
2025-10-13|342|UPS|83.180000|83.989998|82.860001|83.180000|6132200|0.9383630641|78.053040
2025-10-13|343|A|137.850006|139.839996|136.759995|138.229996|1481500|0.9940314297|137.404953
2025-10-13|344|TDY|571.489990|573.799988|567.669983|567.820007|202700|1.0000000000|567.820007
2025-10-13|345|PKG|208.669998|209.809998|206.190002|207.750000|486300|0.9816059808|203.928650
2025-10-13|346|EW|73.169998|73.690002|72.300003|72.949997|3937500|1.0000000000|72.949997
2025-10-13|347|MET|80.730003|81.059998|79.970001|80.820000|2111200|0.9722454281|78.576874
2025-10-13|348|ON|47.900002|50.660000|47.599998|50.110001|11877100|1.0000000000|50.110001
2025-10-13|349|ISRG|432.429993|438.100006|430.000000|435.730011|1863200|1.0000000000|435.730011
2025-10-13|350|CRL|170.070007|172.210007|167.690002|170.639999|698200|1.0000000000|170.639999
2025-10-13|351|MRVL|89.470001|89.870003|86.639999|89.389999|20563500|0.9985347355|89.259018
2025-10-13|352|EQIX|802.000000|810.419983|796.739990|806.289978|446400|0.9790491812|789.397583
2025-10-13|353|TPR|111.750000|114.550003|111.370003|114.059998|2563400|0.9910289553|113.036751
2025-10-13|354|GRMN|250.800003|252.050003|249.100006|251.339996|505500|0.9875544034|248.211929
2025-10-13|355|GPN|83.669998|84.750000|83.349998|84.220001|1218000|0.9898898052|83.368515
2025-10-13|356|ALGN|127.250000|130.039993|126.260002|129.539993|1137100|1.0000000000|129.539993
2025-10-13|357|WTW|334.940002|338.540009|334.869995|336.619995|347100|0.9903328749|333.365845
2025-10-13|358|MDLZ|60.790001|61.290001|60.410000|61.169998|6417600|0.9742061707|59.592194
2025-10-13|359|AXON|705.530029|718.000000|699.130005|710.000000|395700|1.0000000000|710.000000
2025-10-13|360|FIS|67.029999|67.470001|66.230003|67.309998|2734500|0.9743297530|65.582138
2025-10-13|361|ACN|242.229996|243.960007|239.869995|243.559998|3572500|0.9798095806|238.642395
2025-10-13|362|ZBH|94.910004|96.330002|94.010002|95.089996|1485300|0.9920119396|94.330406
2025-10-13|363|BG|80.599998|82.389999|80.160004|80.980003|1299800|0.9749906568|78.954750
2025-10-13|364|PFG|79.849998|80.540001|79.220001|79.669998|809000|0.9740293311|77.600914
2025-10-13|365|ELV|351.149994|355.290009|350.480011|351.420013|1173300|0.9847701459|346.067932
2025-10-13|366|CNC|36.220001|36.439999|35.770000|36.360001|6496800|1.0000000000|36.360001
2025-10-13|367|PRU|100.000000|101.519997|99.809998|101.250000|1433300|0.9496925157|96.156364
2025-10-13|368|NFLX|1221.350021|1231.119995|1206.809998|1219.029999|2460800|0.1000000000|121.903000
2025-10-13|369|NDAQ|89.360001|89.870003|88.750000|89.389999|1975200|0.9903103249|88.523842
2025-10-13|370|WYNN|119.160004|119.610001|112.129997|112.519997|3171200|0.9907231274|111.476173
2025-10-13|371|CME|268.290009|271.820007|267.670013|271.279999|1687800|0.9671562481|262.370148
2025-10-13|372|STX|225.559998|225.649994|216.509995|219.509995|3348800|0.9949371232|218.398636
2025-10-13|373|NRG|164.190002|168.779999|164.160004|168.770004|1965000|0.9877934975|166.709915
2025-10-13|374|AIZ|217.809998|219.350006|215.419998|217.419998|262100|0.9887198190|214.967468
2025-10-13|375|CBRE|151.899994|153.679993|151.259995|152.929993|1069000|1.0000000000|152.929993
2025-10-13|376|CRM|242.889999|249.350006|242.369995|248.750000|8276500|0.9933339931|247.091827
2025-10-13|377|DPZ|404.559998|410.899994|403.540009|408.260010|991900|0.9848757173|402.085388
2025-10-13|378|EXR|142.339996|145.250000|142.250000|145.020004|1162700|0.9661267437|140.107712
2025-10-13|379|GOOG|241.029999|244.990005|240.750000|244.639999|12465000|0.9980438060|244.161438
2025-10-13|380|GOOGL|240.210007|244.500000|239.710007|244.149994|24995000|0.9980471771|243.673218
2025-10-13|381|DLR|168.869995|171.570007|168.539993|171.559998|957700|0.9788235933|167.926956
2025-10-13|382|MPWR|967.599976|990.669983|953.659973|981.669983|774000|0.9948016730|976.566956
2025-10-13|383|LVS|48.500000|48.680000|46.290001|46.470001|11891700|0.9787990268|45.484791
2025-10-13|384|DXCM|65.989998|66.370003|64.930000|65.199997|3379900|1.0000000000|65.199997
2025-10-13|385|BLDR|122.830002|125.199997|119.949997|120.709999|1685100|1.0000000000|120.709999
2025-10-13|386|WBD|18.000000|18.100000|17.660000|17.780001|25900600|1.0000000000|17.780001
2025-10-13|387|EXPE|212.550003|216.869995|211.210007|215.639999|1497500|0.9926306212|214.050888
2025-10-13|388|CF|87.559998|88.529999|87.540001|88.209999|1163300|0.9797238699|86.421440
2025-10-13|389|AMP|486.130005|487.339996|480.309998|481.809998|404100|0.9868973539|475.496979
2025-10-13|390|ICE|157.460007|159.339996|157.339996|158.750000|3074300|0.9901381914|157.184433
2025-10-13|391|PSKY|17.129999|17.540001|17.040001|17.100000|4426700|0.9863259572|16.866175
2025-10-13|392|LYV|153.929993|155.270004|153.320007|153.860001|2590500|1.0000000000|153.860001
2025-10-13|393|CMG|40.119999|41.060001|40.090000|40.900002|13235800|1.0000000000|40.900002
2025-10-13|394|UAL|98.309998|100.900002|97.769997|99.250000|4611600|1.0000000000|99.250000
2025-10-13|395|TDG|1282.099976|1293.920044|1269.869995|1293.079956|309900|1.0000000000|1293.079956
2025-10-13|396|MA|558.000000|565.000000|553.010010|559.239990|2996500|0.9951190330|556.510376
2025-10-13|397|LDOS|188.100006|188.380005|185.520004|185.940002|781000|0.9917626624|184.408356
2025-10-13|398|FSLR|227.889999|235.880005|224.160004|226.149994|2278400|1.0000000000|226.149994
2025-10-13|399|BR|233.000000|234.229996|231.740005|232.669998|364300|0.9836780236|228.872360
2025-10-13|400|SMCI|54.810001|55.650002|54.020000|54.750000|24588900|1.0000000000|54.750000
2025-10-13|401|TMUS|228.869995|229.979996|224.059998|225.059998|4698300|0.9849640725|220.403946
2025-10-13|402|DAL|58.230000|59.939999|57.470001|58.720001|9448600|0.9891783114|58.084553
2025-10-13|403|IBKR|70.779999|70.940002|69.760002|70.519997|2899200|0.9966884542|70.286469
2025-10-13|404|PODD|314.429993|317.529999|312.100006|314.559998|462700|1.0000000000|314.559998
2025-10-13|405|TEL|218.690002|220.179993|217.139999|219.380005|1477000|0.9892434805|217.020233
2025-10-13|406|BX|156.410004|158.570007|154.440002|158.160004|3400200|0.9610163599|151.994354
2025-10-13|407|LULU|169.190002|170.750000|164.229996|169.850006|3588200|1.0000000000|169.850006
2025-10-13|408|ULTA|551.049988|555.000000|529.229980|542.929993|950500|1.0000000000|542.929993
2025-10-13|409|MSCI|548.049988|552.450012|545.000000|548.349976|450200|0.9858483453|540.589905
2025-10-13|410|ECHO|74.000000|76.080002|74.000000|74.849998|1955000|1.0000000000|74.849998
2025-10-13|411|PM|158.500000|159.529999|156.610001|159.470001|5684200|0.9741176592|155.342545
2025-10-13|412|V|343.720001|347.660004|340.730011|343.299988|4030700|0.9920658607|340.576202
2025-10-13|413|AWK|141.000000|141.990005|139.210007|139.630005|1321900|0.9734433274|135.921890
2025-10-13|414|KDP|25.770000|27.290001|25.530001|26.420000|32613300|0.9761522236|25.789942
2025-10-13|415|SW|41.270000|41.700001|40.930000|41.529999|3731500|0.9711821711|40.333195
2025-10-13|416|AVGO|352.769989|359.380005|343.519989|356.700012|45984300|0.9944270811|354.712158
2025-10-13|417|VRSK|241.429993|244.490005|239.779999|242.080002|739200|0.9927002374|240.312881
2025-10-13|418|DG|98.769997|102.120003|98.519997|101.870003|3319500|0.9860246787|100.446327
2025-10-13|419|FTNT|84.699997|85.199997|83.589996|84.199997|4433600|1.0000000000|84.199997
2025-10-13|420|CHTR|259.489990|264.119995|258.200012|258.730011|1964000|1.0000000000|258.730011
2025-10-13|421|FERG|231.509995|235.300003|231.050003|235.000000|1128300|0.9848254111|231.433975
2025-10-13|422|GNRC|172.509995|174.630005|171.470001|174.119995|697900|1.0000000000|174.119995
2025-10-13|423|LYB|45.500000|46.689999|45.480000|46.270000|4562700|0.9407211657|43.527168
2025-10-13|424|CBOE|246.399994|246.399994|241.229996|243.490005|734300|0.9954503651|242.382202
2025-10-13|425|TSLA|423.529999|436.890015|419.700012|435.899994|79552800|1.0000000000|435.899994
2025-10-13|426|KKR|119.470001|121.610001|118.019997|120.440002|4699500|0.9928030964|119.573219
2025-10-13|427|NXPI|211.610001|217.399994|210.740005|216.699997|2806300|0.9870653625|213.897064
2025-10-13|428|GM|55.900002|56.200001|55.349998|55.619999|3993600|0.9934966717|55.258286
2025-10-13|429|TRGP|153.940002|154.960007|151.610001|151.770004|1129000|0.9789495349|148.575180
2025-10-13|430|CPAY|283.459991|285.950012|281.079987|282.510010|303400|1.0000000000|282.510010
2025-10-13|431|KMI|27.100000|27.370001|27.010000|27.340000|11761700|0.9613533449|26.283400
2025-10-13|432|HCA|416.250000|416.500000|410.369995|410.679993|1067200|0.9950375716|408.642059
2025-10-13|433|HII|283.510010|288.230011|283.160004|287.899994|334400|0.9882397967|283.193512
2025-10-13|434|APO|120.500000|122.629997|119.000000|122.440002|3705500|0.9837214596|120.446854
2025-10-13|435|MPC|183.750000|185.089996|182.369995|183.399994|1095500|0.9835714275|180.386993
2025-10-13|436|XYL|145.089996|146.789993|144.300003|146.000000|851300|0.9861759388|143.981689
2025-10-13|437|APTV|81.519997|82.300003|81.190002|81.699997|1380000|1.0000000000|81.699997
2025-10-13|438|PSX|128.000000|129.970001|127.550003|129.789993|1219100|0.9712393490|126.057175
2025-10-13|439|AMCR|8.020000|8.190000|7.970000|7.980000|23238800|4.8543684849|38.737862
2025-10-13|440|META|713.010010|719.940002|707.640015|715.700012|9251800|0.9974059053|713.843384
2025-10-13|441|NOW|897.040024|925.759964|892.659988|923.700027|1185200|0.2000000000|184.740005
2025-10-13|442|PANW|213.419998|214.720001|211.690002|213.279999|4449200|1.0000000000|213.279999
2025-10-13|443|FANG|142.229996|143.089996|140.750000|142.110001|1527300|0.9764795206|138.767517
2025-10-13|444|WDAY|234.460007|237.289993|232.500000|236.600006|1374200|1.0000000000|236.600006
2025-10-13|445|ABBV|230.000000|233.809998|229.220001|230.300003|5411900|0.9699105539|223.370407
2025-10-13|446|NCLH|22.950001|23.250000|22.790001|23.040001|9737500|1.0000000000|23.040001
2025-10-13|447|ZTS|141.259995|143.360001|140.649994|142.259995|2261300|0.9811560666|139.579254
2025-10-13|448|IQV|198.639999|206.199997|198.639999|203.770004|1487600|1.0000000000|203.770004
2025-10-13|449|NWS|29.410000|29.580000|29.250000|29.549999|805700|0.9963262306|29.441439
2025-10-13|450|NWSA|25.879999|26.150000|25.740000|26.090000|3407000|0.9958385353|25.981428
2025-10-13|451|CDW|148.009995|148.339996|145.210007|147.509995|1350000|0.9800438553|144.566269
2025-10-13|452|VEEV|288.089996|289.000000|285.630005|286.089996|747000|1.0000000000|286.089996
2025-10-13|453|ALLE|173.990005|175.690002|173.690002|173.690002|812800|0.9921390873|172.324646
2025-10-13|454|HLT|260.540009|265.510010|259.799988|263.359985|1342300|0.9980421657|262.844360
2025-10-13|455|ARES|144.000000|145.098007|142.360001|143.630005|1790000|0.9704279397|139.382568
2025-10-13|456|ANET|160.759995|162.000000|145.089996|147.449997|14233900|1.0000000000|147.449997
2025-10-13|457|SYF|69.099998|70.290001|69.019997|70.139999|2905800|0.9836138777|68.990677
2025-10-13|458|CFG|50.119999|50.509998|49.709999|50.250000|3521500|0.9707955381|48.782475
2025-10-13|459|KEYS|162.669998|164.690002|161.335007|163.350006|1191300|1.0000000000|163.350006
2025-10-13|460|GDDY|131.210007|133.304993|130.000000|132.410004|1282100|1.0000000000|132.410004
2025-10-13|461|KHC|25.080000|25.170000|24.799999|25.110001|11558800|0.9508904028|23.876858
2025-10-13|462|PYPL|70.720001|70.930000|68.162003|68.860001|20036800|0.9914138539|68.268761
2025-10-13|463|LITE|158.300003|160.779999|155.410004|160.559998|2837900|1.0000000000|160.559998
2025-10-13|464|HPE|24.950001|25.455000|24.750000|24.799999|35267900|0.9847720717|24.422346
2025-10-13|465|XYZ|75.970001|76.050003|74.430000|75.019997|5383800|1.0000000000|75.019997
2025-10-13|466|FTV|48.240002|48.860001|48.029999|48.580002|1888500|0.9968000114|48.424545
2025-10-13|467|DELL|155.550003|155.550003|151.110001|153.399994|6800900|0.9874173534|151.469818
2025-10-13|468|TTD|52.595001|53.410000|50.939999|51.275002|10294600|1.0000000000|51.275002
2025-10-13|469|VST|201.119995|209.949997|200.399994|209.550003|3868800|0.9958526400|208.680939
2025-10-13|470|HWM|186.080002|190.789993|185.830002|189.990005|1671700|0.9979223317|189.595276
2025-10-13|471|INVH|27.900000|28.320000|27.820000|28.250000|5102300|0.9672165501|27.323870
2025-10-13|472|CVNA|333.520012|341.974983|329.500008|338.279991|2376000|0.2000000000|67.655998
2025-10-13|473|IR|76.889999|77.790001|76.080002|76.099998|2754600|0.9990084054|76.024536
2025-10-13|474|VICI|30.855000|31.100000|30.809999|30.910000|6242000|0.9523421134|29.436897
2025-10-13|475|VRT|175.009995|184.440002|172.000000|179.000000|11056200|0.9991812568|178.853439
2025-10-13|476|MRNA|27.240000|28.059999|26.600000|26.740000|9187300|1.0000000000|26.740000
2025-10-13|477|FOXA|57.619999|58.189999|57.090000|58.099998|1762400|0.9951185496|57.816387
2025-10-13|478|FOX|51.700001|52.060001|51.020000|51.950001|644900|0.9946544484|51.672302
2025-10-13|479|DOW|21.000000|21.719999|21.000000|21.420000|12276700|0.9640247460|20.649410
2025-10-13|480|UBER|95.000000|95.250000|93.430000|94.080002|11031400|1.0000000000|94.080002
2025-10-13|481|CTVA|62.270000|63.041000|62.180000|62.669998|2157600|0.9928033602|62.218987
2025-10-13|482|CRWD|501.149994|511.179993|497.500000|508.609985|2340600|0.2500000000|127.152496
2025-10-13|483|DDOG|163.100006|165.000000|159.929993|164.199997|2941400|1.0000000000|164.199997
2025-10-13|484|CARR|57.430000|57.709999|56.705002|56.869999|3240900|0.9848525765|56.008568
2025-10-13|485|OTIS|89.239998|90.070000|88.870003|89.180000|1746900|0.9789066234|87.298897
2025-10-13|486|PLTR|178.679993|179.220001|173.449997|177.210007|41332400|1.0000000000|177.210007
2025-10-13|487|DASH|269.010010|274.070007|268.540009|273.519989|2253000|1.0000000000|273.519989
2025-10-13|488|ABNB|118.910004|119.800003|118.250000|118.860001|3344800|1.0000000000|118.860001
2025-10-13|489|EXE|102.559998|103.070000|101.349998|102.680000|1733100|0.9779564541|100.416573
2025-10-13|490|COIN|363.200012|364.899994|341.839996|356.989990|10318400|1.0000000000|356.989990
2025-10-13|491|APP|590.000000|591.320007|562.280029|590.109985|4062400|1.0000000000|590.109985
2025-10-13|492|HOOD|144.619995|146.559998|136.520004|140.679993|28260800|1.0000000000|140.679993
2025-10-13|493|CEG|376.320007|387.000000|375.250000|380.910004|3270500|0.9944409722|378.792511
2025-10-13|494|GEHC|72.019997|72.830002|71.699997|71.839996|2693700|0.9981004727|71.703522
2025-10-13|495|KVUE|16.559999|16.645000|16.139999|16.219999|23283000|0.9540880845|15.475307
2025-10-13|496|VLTO|102.169998|102.745003|101.440002|101.440002|1093900|0.9957401186|101.007881
2025-10-13|497|RDDT|201.889999|204.709000|197.850006|203.679993|2942300|1.0000000000|203.679993
2025-10-13|498|SOLV|70.980003|71.597000|70.449997|70.879997|1678900|1.0000000000|70.879997
2025-10-13|499|GEV|613.179993|655.989990|613.140015|648.250000|3406800|0.9977344385|646.781250
2025-10-13|500|SNDK|129.740005|135.910004|124.047997|134.610001|8297300|1.0000000000|134.610001
