date|security_id|ticker|open|high|low|close|volume|adj_factor|adj_close_vendor
2025-10-21|1|AEP|117.970001|118.000000|116.540001|117.430000|2395600|0.9699113042|113.896675
2025-10-21|2|BA|217.210007|217.699997|215.550003|217.259995|4209500|1.0000000000|217.259995
2025-10-21|3|CAT|525.070007|533.380005|522.039978|524.650024|2259100|0.9939261318|521.463379
2025-10-21|4|CNP|40.290001|40.290001|39.720001|40.029999|4157300|0.9777626474|39.139832
2025-10-21|5|CVX|154.740005|155.289993|153.210007|153.789993|6304900|0.9620890936|147.959686
2025-10-21|6|DIS|112.250000|114.540001|112.040001|114.300003|8163200|0.9857264957|112.668541
2025-10-21|7|DTE|143.669998|143.669998|141.880005|142.270004|838700|0.9755422782|138.790390
2025-10-21|8|ED|101.720001|102.000000|100.889999|101.559998|1116900|0.9678975191|98.299683
2025-10-21|9|GD|337.910004|341.769989|337.910004|340.690002|946500|0.9869830633|336.255280
2025-10-21|10|GE|307.299988|316.529999|303.029999|306.630005|6726600|0.9961629631|305.453461
2025-10-21|11|HON|206.140007|210.609999|205.880006|209.080000|3800000|0.9694785487|202.698578
2025-10-21|12|HPQ|27.730000|28.500000|27.670000|28.160000|8330400|0.9607551428|27.054867
2025-10-21|13|IBM|283.309998|285.309998|281.600006|282.049988|4081000|0.9746618623|274.903381
2025-10-21|14|IP|47.820000|48.639999|47.290001|47.680000|3301100|0.9527969504|45.429356
2025-10-21|15|JNJ|193.009995|193.550003|191.770004|191.880005|6716000|0.9779609434|187.651154
2025-10-21|16|KO|70.570000|71.389999|70.230003|71.220001|33651300|0.9799171123|69.789696
2025-10-21|17|KR|68.750000|68.750000|67.459999|67.599998|5955300|0.9778352350|66.101654
2025-10-21|18|LMT|482.709991|506.600006|482.709991|489.500000|2870000|0.9808408602|480.121582
2025-10-21|19|MMM|158.000000|166.820007|152.800003|166.639999|7302200|0.9818750293|163.619644
2025-10-21|20|MO|64.449997|64.589996|62.950001|63.750000|9162400|0.9516126626|60.665310
2025-10-21|21|MRK|86.959999|87.669998|86.230003|87.620003|9852400|0.9772081263|85.622978
2025-10-21|22|MSI|450.290009|452.250000|446.940002|448.100006|395500|0.9910852927|444.105347
2025-10-21|23|PG|151.960007|152.279999|150.869995|151.619995|6013400|0.9714333836|147.288712
2025-10-21|24|XOM|112.889999|113.360001|111.989998|112.709999|9202300|0.9718336400|109.535370
2025-10-21|25|RTX|171.809998|178.759995|170.259995|173.039993|12296700|0.9853742397|170.509155
2025-10-21|26|MCD|308.549988|308.549988|306.390015|307.480011|2461100|0.9818538696|301.900421
2025-10-21|27|AXP|352.089996|356.670013|350.790009|355.220001|2658400|0.9919237847|352.351166
2025-10-21|28|BMY|43.599998|44.580002|43.340000|44.540001|16468500|0.9673144843|43.084190
2025-10-21|29|DD|80.999998|81.819998|80.850003|81.130002|2242000|1.2389568992|100.516579
2025-10-21|30|DE|461.109985|466.779999|458.750000|459.820007|953900|0.9910776808|455.717377
2025-10-21|31|EMR|129.979996|133.070007|129.270004|132.169998|1779100|0.9845366681|130.126205
2025-10-21|32|ETN|377.640015|378.459991|371.440002|373.459991|2334700|0.9889737586|369.342102
2025-10-21|33|ETR|96.839996|97.110001|95.029999|95.660004|1999900|0.9756994696|93.335419
2025-10-21|34|F|12.260000|12.630000|12.070000|12.560000|297153200|0.9554534458|12.000495
2025-10-21|35|HAL|24.570000|25.469999|24.120001|25.240000|39857100|0.9847026012|24.853893
2025-10-21|36|LLY|806.929993|812.989990|798.710022|799.570007|2099500|0.9937326373|794.558777
2025-10-21|37|PCG|16.730000|17.070000|16.709999|16.750000|21190100|0.9911560857|16.601864
2025-10-21|38|PEP|154.699997|155.190002|152.839996|153.179993|5614300|0.9713251717|148.787567
2025-10-21|39|PFE|24.719999|24.959999|24.600000|24.850000|40726900|0.9344639716|23.221430
2025-10-21|40|TXN|179.470001|181.839996|178.839996|180.839996|10301500|0.9747566992|176.274979
2025-10-21|41|WFC|86.120003|87.309998|84.660004|84.760002|20101100|0.9786587178|82.951118
2025-10-21|42|HUBB|429.450012|437.690002|427.877991|435.290009|342407|0.9910077151|431.375763
2025-10-21|43|WMT|107.330002|107.480003|106.180000|106.220001|10899700|0.9916508097|105.333145
2025-10-21|44|AIG|77.709999|78.599998|77.349998|78.379997|2643300|0.9824236525|77.002357
2025-10-21|45|AVY|160.830002|164.070007|160.300003|163.529999|1112500|0.9833361967|160.804977
2025-10-21|46|BAC|52.090000|52.369999|51.439999|51.520000|27303400|0.9841245494|50.702095
2025-10-21|47|BALL|49.720001|49.880001|49.240002|49.340000|2534600|0.9893620930|48.815125
2025-10-21|48|BDX|192.039994|192.660001|187.570002|189.029999|2280200|0.7715067098|145.837936
2025-10-21|49|CLX|120.010002|120.580002|118.879997|119.889999|1505100|0.9554686115|114.551132
2025-10-21|50|CMI|412.000000|421.579987|410.910004|417.970001|1107000|0.9855888256|411.946533
2025-10-21|51|CMS|75.370003|75.370003|74.190002|74.540001|1613100|0.9697049346|72.281807
2025-10-21|52|CVS|82.360001|83.519997|82.080002|83.040001|6220100|0.9692366143|80.485405
2025-10-21|53|ECL|279.290009|280.910004|276.839996|278.190002|1563200|0.9918356453|275.918793
2025-10-21|54|ES|74.139999|74.190002|72.910004|73.209999|2544100|0.9670826030|70.800117
2025-10-21|55|EVRG|78.650002|78.800003|77.680000|78.120003|1253100|0.9663059278|75.487823
2025-10-21|56|GWW|974.919983|980.659973|970.030029|971.539978|189800|0.9918044722|963.577637
2025-10-21|57|LNT|68.589996|68.949997|67.790001|68.220001|1766400|0.9698403407|66.162506
2025-10-21|58|MKC|67.790001|67.809998|66.849998|66.910004|2114900|0.9754240070|65.265625
2025-10-21|59|MRSH|189.250000|191.070007|188.119995|188.949997|2751700|0.9842873682|185.981094
2025-10-21|60|NEE|85.000000|85.110001|83.029999|83.989998|7282200|0.9793736752|81.643646
2025-10-21|61|NI|43.950001|44.119999|43.439999|43.709999|4002900|0.9739163964|42.569885
2025-10-21|62|PNW|93.129997|93.129997|91.949997|92.230003|1313000|0.9627257278|88.792183
2025-10-21|63|RVTY|96.790001|98.290001|95.800003|96.889999|1124300|0.9979858512|96.694847
2025-10-21|64|SNA|340.940002|347.630005|338.140015|345.730011|354000|0.9736214558|336.610168
2025-10-21|65|SPGI|478.420012|485.700016|477.540007|483.790010|1033200|0.9377344841|453.666534
2025-10-21|66|TER|138.899994|144.330002|138.800003|143.330002|2180200|0.9984501140|143.107849
2025-10-21|67|TGT|91.879997|94.550003|91.739998|94.400002|7770100|0.9610823572|90.726173
2025-10-21|68|TXT|82.320000|84.120003|82.320000|83.019997|1237500|0.9993380469|82.965042
2025-10-21|69|VMC|295.579987|299.309998|293.630005|297.570007|689300|0.9925854203|295.363678
2025-10-21|70|XEL|81.349998|81.559998|80.220001|80.639999|1888600|0.9776860259|78.840599
2025-10-21|71|ITW|251.679993|258.170013|251.410004|257.140015|1077200|0.9813941046|252.355698
2025-10-21|72|CL|78.820000|79.050003|78.220001|78.620003|4447200|0.9821445459|77.216202
2025-10-21|73|EXC|48.250000|48.389999|47.570000|48.000000|5343500|0.9737696536|46.740944
2025-10-21|74|MDT|95.620003|96.160004|95.239998|95.830002|4405000|0.9758565703|93.516342
2025-10-21|75|BNY|108.330002|108.669998|107.000000|107.000000|4875300|0.9828746130|105.167595
2025-10-21|76|EIX|58.009998|58.810001|57.619999|58.360001|2193600|0.9623086217|56.160336
2025-10-21|77|FRT|99.870003|100.760002|99.529999|100.260002|581400|0.9693143333|97.183449
2025-10-21|78|PNR|107.699997|109.779999|103.860001|109.019997|2260100|0.9879062781|107.701538
2025-10-21|79|USB|47.029999|47.830002|46.950001|47.610001|11278200|0.9719845662|46.276188
2025-10-21|80|WY|23.290001|23.920000|23.270000|23.709999|4503400|0.9737086273|23.086630
2025-10-21|81|SYY|80.120003|80.389999|79.080002|79.160004|2680900|0.9787571978|77.478424
2025-10-21|82|WRB|71.489998|75.389999|71.120003|75.000000|5517700|0.9742469050|73.068520
2025-10-21|83|IFF|64.650002|65.309998|64.010002|65.010002|1660200|0.9828526607|63.895256
2025-10-21|84|TAP|46.529999|46.759998|46.200001|46.540001|2106700|0.9680101781|44.532124
2025-10-21|85|PNC|182.309998|183.320007|181.250000|181.910004|3395600|0.9770281499|177.731186
2025-10-21|86|TRV|265.980011|270.529999|264.880005|269.339996|1146700|0.9883140678|266.192505
2025-10-21|87|C|98.930000|99.400002|97.970001|98.250000|9150100|0.9792834329|96.214592
2025-10-21|88|FDX|238.899999|246.229996|238.369995|242.840007|1142200|0.7954691757|193.171753
2025-10-21|89|WDC|121.470001|121.989998|119.599998|121.410004|4594400|0.9984583045|121.222816
2025-10-21|90|DHR|223.500000|234.990005|220.729996|220.770004|10741300|0.9944303518|219.540390
2025-10-21|91|APA|22.500000|22.730000|22.139999|22.580000|4292700|0.9662983352|21.819016
2025-10-21|92|LUV|34.119999|34.980000|34.060001|34.680000|9405000|0.9870678085|34.231510
2025-10-21|93|PEG|84.970001|85.070000|82.629997|83.120003|1959000|0.9756675447|81.097488
2025-10-21|94|UNP|226.289993|228.149994|225.419998|226.539993|2727700|0.9839040791|222.893616
2025-10-21|95|ABT|129.000000|129.300003|127.510002|127.540001|4934700|0.9817546722|125.213005
2025-10-21|96|ADI|247.839996|248.830002|245.610001|246.369995|2361300|0.9906566026|244.068054
2025-10-21|97|ADM|63.099998|63.330002|61.070000|61.720001|2822600|0.9716117081|59.967876
2025-10-21|98|ADP|283.459991|285.410004|282.290009|283.980011|1748200|0.9780151607|277.736755
2025-10-21|99|AFL|108.489998|109.040001|107.690002|108.180000|2172400|0.9795217260|105.964668
2025-10-21|100|AMAT|225.919998|228.160004|225.210007|226.000000|4557500|0.9944993487|224.756866
2025-10-21|101|AMD|239.389999|242.259995|234.020004|238.029999|47122400|1.0000000000|238.029999
2025-10-21|102|APD|254.210007|256.839996|253.559998|254.710007|1058700|0.9804771664|249.737350
2025-10-21|103|BF-B|29.100000|29.150000|28.469999|28.700001|3146500|0.9746521115|27.972517
2025-10-21|104|CHD|87.449997|88.230003|87.110001|87.989998|2228500|0.9872146942|86.865013
2025-10-21|105|CINF|154.059998|156.869995|153.520004|156.289993|496200|0.9835715596|153.722397
2025-10-21|106|CMCSA|29.650000|29.990000|29.490001|29.969999|30083000|0.9033911576|27.074631
2025-10-21|107|D|61.630001|61.750000|60.450001|60.869999|3590000|0.9687101350|58.965382
2025-10-21|108|DOV|168.289993|173.630005|168.289993|173.039993|1453300|0.9924896872|171.740402
2025-10-21|109|DUK|129.500000|129.500000|127.260002|128.330002|2628800|0.9660947366|123.978935
2025-10-21|110|EFX|235.419998|236.490005|219.559998|229.929993|2100200|0.9915561793|227.988510
2025-10-21|111|EQT|55.860001|56.880001|55.580002|55.709999|6655900|0.9883492503|55.060932
2025-10-21|112|FITB|41.700001|42.580002|41.599998|42.169998|8797900|0.9757841433|41.148811
2025-10-21|113|GIS|48.820000|48.939999|48.520000|48.570000|4990600|0.9532424984|46.298988
2025-10-21|114|GPC|133.000000|136.869995|130.619995|134.509995|2768800|0.9724963604|130.810486
2025-10-21|115|HAS|74.510002|75.559998|74.070000|74.830002|1633500|0.9687474839|72.491379
2025-10-21|116|HBAN|15.900000|16.049999|15.780000|15.940000|29783700|0.9725023795|15.501688
2025-10-21|117|HRL|24.000000|24.160000|23.930000|24.080000|4258500|0.9619905057|23.164730
2025-10-21|118|HST|16.520000|16.830000|16.480000|16.650000|6140500|0.9346875076|15.562547
2025-10-21|119|HSY|187.300003|187.520004|185.309998|186.130005|905700|0.9707271518|180.681458
2025-10-21|120|INTC|38.139999|38.349998|37.669998|38.119999|73134900|1.0000000000|38.119999
2025-10-21|121|J|162.580002|166.220001|161.990005|164.440002|1906100|0.9894584622|162.706558
2025-10-21|122|JPM|301.660004|304.049988|297.000000|297.089996|7372700|0.9859988977|292.930359
2025-10-21|123|KMB|120.800003|121.029999|119.949997|120.050003|1876200|0.9627154389|115.573990
2025-10-21|124|L|99.260002|99.879997|99.050003|99.440002|485800|0.9977044368|99.211731
2025-10-21|125|LEN|123.570000|129.580002|122.300003|128.240005|4170800|0.9844362452|126.244110
2025-10-21|126|LOW|241.880005|247.000000|241.000000|245.270004|2056200|0.9798699778|240.332687
2025-10-21|127|MAS|68.190002|70.510002|68.000000|70.180000|1437900|0.9817399064|68.898506
2025-10-21|128|MTB|181.419998|182.899994|181.029999|181.699997|1932600|0.9784172563|177.778412
2025-10-21|129|NEM|89.029999|89.029999|85.400002|86.320000|17038300|0.9927701446|85.695923
2025-10-21|130|NTRS|128.729996|129.809998|127.660004|128.520004|923200|0.9838837164|126.448738
2025-10-21|131|NUE|135.160004|141.369995|135.160004|140.520004|1609500|0.9907811186|139.224564
2025-10-21|132|OMC|78.239998|79.680000|77.940002|78.709999|4062400|0.9700503706|76.352661
2025-10-21|133|PCAR|98.709999|101.559998|97.010002|99.849998|5682900|0.9759401745|97.447624
2025-10-21|134|PGR|220.000000|222.639999|218.009995|221.600006|2746600|0.9393741219|208.165298
2025-10-21|135|PH|738.130005|758.320007|738.130005|757.830017|409500|0.9937397742|753.085754
2025-10-21|136|PHM|115.900002|124.790001|115.110001|123.269997|4706800|0.9937132889|122.495033
2025-10-21|137|PPG|102.169998|104.839996|101.900002|104.379997|1790700|0.9744973374|101.718025
2025-10-21|138|PPL|38.119999|38.230000|37.209999|37.520000|7778300|0.9766950417|36.645603
2025-10-21|139|RF|23.889999|24.500000|23.889999|24.360001|52041300|0.9708879210|23.650831
2025-10-21|140|ROL|55.970001|56.490002|55.759998|56.330002|1088400|0.9856812639|55.523430
2025-10-21|141|SHW|331.239990|340.910004|330.619995|338.440002|2268400|0.9906031983|335.259766
2025-10-21|142|STT|115.070000|117.389999|114.290001|114.360001|3135000|0.9820070009|112.302322
2025-10-21|143|SWK|68.730003|71.730003|68.519997|70.860001|1746600|0.9672078260|68.536346
2025-10-21|144|SYK|381.220001|383.119995|377.239990|379.760010|1062100|0.9921744259|376.788177
2025-10-21|145|TMO|559.080017|568.390015|553.739990|557.989990|3932400|0.9972620730|556.462280
2025-10-21|146|TPL|929.860016|949.920044|928.630005|928.630005|94500|0.3318281124|308.145538
2025-10-21|147|TSN|52.480000|52.750000|52.279999|52.349998|1754800|0.9750492370|51.043823
2025-10-21|148|TT|417.160004|426.220001|413.570007|424.200012|1024300|0.9953350758|422.221161
2025-10-21|149|TYL|509.489990|521.989990|509.489990|518.690002|188400|1.0000000000|518.690002
2025-10-21|150|UDR|36.299999|36.880001|36.169998|36.590000|2932400|0.9688744575|35.451118
2025-10-21|151|VTRS|10.310000|10.440000|10.300000|10.390000|6282000|0.9657614708|10.034263
2025-10-21|152|WEC|117.669998|118.000000|116.089996|116.580002|2243200|0.9669333840|112.725090
2025-10-21|153|WST|277.579987|282.029999|274.429993|279.390015|795100|0.9968900108|278.521088
2025-10-21|154|NDSN|235.029999|240.460007|233.389999|237.729996|200600|0.9906696357|235.511887
2025-10-21|155|TFC|44.060001|44.099998|43.630001|43.830002|8726200|0.9589220174|42.029552
2025-10-21|156|WELL|178.429993|178.630005|173.130005|175.119995|3450300|0.9854911345|172.579208
2025-10-21|157|AON|343.799988|346.369995|342.179993|343.429993|981500|0.9951005240|341.747375
2025-10-21|158|GL|135.860001|137.660004|135.000000|136.009995|587900|0.9938835716|135.178116
2025-10-21|159|OKE|68.750000|69.269997|68.110001|68.949997|3041300|0.9485114183|65.399857
2025-10-21|160|KLAC|1140.810013|1156.320038|1138.590012|1147.429962|744700|0.0994634319|114.127327
2025-10-21|161|CSX|36.619999|36.650002|35.700001|35.730000|20938200|0.9900119853|35.373123
2025-10-21|162|PSA|312.000000|312.950012|308.160004|308.269989|973900|0.9701110817|299.056122
2025-10-21|163|NKE|67.750000|69.290001|67.410004|68.360001|9659200|0.9783499344|66.880005
2025-10-21|164|AAPL|261.880005|265.290009|261.829987|262.769989|46695900|0.9963195807|261.802887
2025-10-21|165|BRO|87.870003|89.250000|87.279999|88.279999|3970700|0.9904200305|87.434280
2025-10-21|166|UHS|207.490005|208.649994|206.270004|206.800003|331900|0.9968342486|206.145325
2025-10-21|167|HD|387.559998|393.630005|385.859985|390.899994|2306900|0.9796274407|382.936371
2025-10-21|168|BAX|23.030001|23.139999|22.580000|22.750000|6574500|0.9984613291|22.706236
2025-10-21|169|COP|87.250000|87.680000|86.239998|86.410004|5895500|0.9694370271|83.769051
2025-10-21|170|GLW|85.599998|86.449997|84.589996|86.050003|4992300|0.9932214224|85.466705
2025-10-21|171|HUM|284.670013|295.489990|281.929993|295.200012|1909900|0.9892166205|292.016754
2025-10-21|172|LHX|290.399994|293.820007|288.549988|292.299988|982200|0.9883920425|288.906982
2025-10-21|173|NOC|589.960022|604.890015|571.359985|599.349976|1750700|0.9884333448|592.417480
2025-10-21|174|OXY|41.000000|41.349998|40.619999|40.910000|8563800|0.9849760250|40.295368
2025-10-21|175|ROK|351.239990|358.829987|350.119995|354.160004|499400|0.9867997940|349.485016
2025-10-21|176|SLB|33.720001|33.980000|33.119999|33.520000|18033400|0.9812007073|32.889847
2025-10-21|177|SO|98.209999|98.290001|96.529999|97.000000|4582900|0.9680357165|93.899460
2025-10-21|178|WMB|63.200001|63.310001|62.209999|62.340000|3797600|0.9774919343|60.936844
2025-10-21|179|VLO|159.610001|160.869995|157.300003|157.690002|1605200|0.9792382128|154.416061
2025-10-21|180|CI|306.510010|309.600006|304.109985|307.500000|1381100|0.9832673314|302.354706
2025-10-21|181|NSC|290.109985|292.079987|288.980011|289.779999|993100|0.9826794519|284.760834
2025-10-21|182|COO|74.669998|75.639999|74.419998|75.000000|2595400|1.0000000000|75.000000
2025-10-21|183|AMGN|302.600006|303.850006|298.029999|301.140015|1533400|0.9730085280|293.011780
2025-10-21|184|RJF|163.869995|166.279999|163.869995|165.750000|1031500|0.9893936166|163.992004
2025-10-21|185|WSM|188.740005|191.449997|187.300003|190.910004|848000|0.9895967846|188.923935
2025-10-21|186|CAH|157.960007|158.929993|156.809998|158.679993|1776800|0.9929397050|157.559662
2025-10-21|187|CTAS|192.289993|197.619995|191.589996|196.490005|3360200|0.9900452227|194.534012
2025-10-21|188|PAYX|126.660004|128.779999|125.709999|127.540001|2380300|0.9578135440|122.159538
2025-10-21|189|BEN|22.430000|22.780001|22.430000|22.650000|2138800|0.9625940231|21.802757
2025-10-21|190|AOS|69.870003|71.029999|69.470001|71.000000|1151500|0.9781906723|69.451530
2025-10-21|191|CASY|565.219971|565.219971|547.590027|548.130005|249200|0.9965302403|546.228210
2025-10-21|192|T|26.150000|26.230000|25.900000|26.049999|100445700|0.9652496452|25.144753
2025-10-21|193|VZ|40.630001|40.779999|40.130001|40.299999|29881700|0.9521495225|38.371628
2025-10-21|194|JBHT|165.509995|169.309998|164.610001|168.979996|1182900|0.9918818614|167.608185
2025-10-21|195|ATO|178.210007|178.490005|176.440002|177.039993|692300|0.9773427979|173.028763
2025-10-21|196|LRCX|143.979996|145.440002|142.470001|145.039993|8855600|0.9964597456|144.526520
2025-10-21|197|MU|204.300003|205.869995|200.839996|202.289993|13717300|0.9990228227|202.092300
2025-10-21|198|AJG|278.799988|280.600006|277.220001|279.010010|1424100|0.9910126646|276.502441
2025-10-21|199|AME|187.000000|189.339996|186.660004|188.300003|691300|0.9953689352|187.427979
2025-10-21|200|SWKS|75.709999|76.660004|75.410004|76.400002|1146300|0.9685989226|74.000961
2025-10-21|201|EXPD|120.269997|121.919998|120.169998|121.029999|523800|0.9896583057|119.778351
2025-10-21|202|UNH|365.140015|371.049988|361.500000|365.369995|6885300|0.9800610506|358.084900
2025-10-21|203|BBY|80.800003|83.000000|80.370003|82.660004|3971200|0.9593973356|79.303787
2025-10-21|204|DOC|18.750000|18.790001|18.540001|18.580000|4811400|0.9458004738|17.572973
2025-10-21|205|ADSK|307.950012|311.470001|306.980011|310.570007|710300|1.0000000000|310.570007
2025-10-21|206|DVN|31.900000|32.250000|31.469999|32.060001|7513000|0.9814598964|31.465609
2025-10-21|207|NVR|7640.910156|7827.919922|7600.220215|7792.129883|24000|1.0000000000|7792.129883
2025-10-21|208|ROST|156.630005|157.600006|156.369995|156.410004|1457000|0.9936631572|155.418839
2025-10-21|209|JKHY|154.139999|157.750000|154.139999|156.919998|775300|0.9886171552|155.133789
2025-10-21|210|MNST|69.830002|69.989998|68.589996|68.900002|5866800|0.5000000000|68.900002
2025-10-21|211|ORCL|278.109985|280.299988|272.260010|275.149994|18370800|0.9904465499|272.521362
2025-10-21|212|MSFT|517.500000|518.690002|513.039978|517.659973|15586200|0.9918394551|513.435608
2025-10-21|213|TROW|104.010002|105.000000|103.949997|104.250000|981500|0.9618549978|100.273384
2025-10-21|214|COST|936.109985|943.369995|935.000000|937.500000|1448200|0.9941992924|932.061890
2025-10-21|215|ADBE|343.589996|358.369995|343.320007|357.549988|4389700|1.0000000000|357.549988
2025-10-21|216|FISV|123.870003|126.720001|123.800003|126.070000|3086800|1.0000000000|126.070000
2025-10-21|217|BKR|46.540001|47.410000|45.630001|46.750000|11386600|0.9846041741|46.030247
2025-10-21|218|CDNS|327.529999|335.119995|327.109985|333.450012|1258400|1.0000000000|333.450012
2025-10-21|219|TJX|143.179993|144.300003|142.669998|143.910004|3886900|0.9879468300|142.175415
2025-10-21|220|FICO|1623.410034|1623.410034|1564.599976|1565.829956|397100|1.0000000000|1565.829956
2025-10-21|221|CCL|28.990000|30.020000|28.809999|29.969999|19411400|0.9841845235|29.496008
2025-10-21|222|FAST|43.040001|43.500000|42.880001|43.320000|3994900|0.9787399757|42.399017
2025-10-21|223|SCHW|94.570000|95.410004|93.800003|95.089996|7450900|0.9873800864|93.889969
2025-10-21|224|JCI|110.220001|111.589996|109.730003|111.180000|3962600|0.9941759575|110.532478
2025-10-21|225|COHR|121.400002|123.150002|119.680000|120.790001|2993200|1.0000000000|120.790001
2025-10-21|226|KEY|17.350000|17.670000|17.309999|17.540001|15170500|0.9696888308|17.008343
2025-10-21|227|MOS|29.340000|29.459999|28.920000|29.190001|4461500|0.9727377902|28.394217
2025-10-21|228|MGM|31.799999|32.990002|31.760000|32.900002|3978200|1.0000000000|32.900002
2025-10-21|229|WM|215.149994|216.419998|214.600006|214.889999|1036200|0.9879218676|212.294525
2025-10-21|230|TECH|63.380001|64.940002|62.639999|63.459999|1942800|0.9943671322|63.102543
2025-10-21|231|IEX|166.500000|170.990005|166.240005|169.330002|412000|0.9895889092|167.567108
2025-10-21|232|GEN|26.610001|27.430000|26.559999|27.360001|3337000|0.9804358251|26.824724
2025-10-21|233|CRH|116.660004|118.949997|116.099998|118.250000|2585200|0.9889154582|116.939247
2025-10-21|234|EOG|106.800003|107.230003|106.010002|106.040001|4254000|0.9756845809|103.461594
2025-10-21|235|PTC|204.839996|206.820007|203.589996|204.550003|623700|1.0000000000|204.550003
2025-10-21|236|CSCO|70.580002|71.239998|70.379997|70.720001|15763300|0.9856294108|69.703720
2025-10-21|237|LH|292.029999|293.720001|282.489990|284.130005|640000|0.9921089357|281.284851
2025-10-21|238|TRMB|78.580002|80.010002|78.279999|79.650002|811000|1.0000000000|79.650002
2025-10-21|239|AZO|3985.399902|4015.000000|3952.699951|4006.209961|102600|1.0000000000|4006.209961
2025-10-21|240|REGN|574.599976|582.409973|572.820007|579.340027|651600|0.9948983635|576.384460
2025-10-21|241|IDXX|641.640015|643.000000|630.489990|637.130005|408100|1.0000000000|637.130005
2025-10-21|242|AES|14.480000|14.500000|14.190000|14.320000|4900900|0.9525797478|13.640943
2025-10-21|243|VRTX|417.570007|426.970001|417.570007|426.269989|1075900|1.0000000000|426.269989
2025-10-21|244|ZBRA|301.089996|308.630005|301.089996|306.209991|370100|1.0000000000|306.209991
2025-10-21|245|BIIB|146.089996|147.889999|144.289993|146.220001|895000|1.0000000000|146.220001
2025-10-21|246|ODFL|140.139999|145.000000|139.740005|144.360001|1862700|0.9953671039|143.691193
2025-10-21|247|APH|127.809998|128.089996|124.349998|124.440002|7927200|0.9946061744|123.768791
2025-10-21|248|KIM|22.030001|22.340000|21.900000|22.209999|5406500|0.9657396580|21.449080
2025-10-21|249|QCOM|166.800003|169.240005|166.199997|168.830002|6176100|0.9849314898|166.285995
2025-10-21|250|GILD|123.269997|124.610001|121.919998|124.080002|5559000|0.9813788839|121.769493
2025-10-21|251|ROP|507.279999|517.500000|505.899994|514.520020|622300|0.9929279129|510.881287
2025-10-21|252|SNPS|448.250000|459.690002|445.010010|459.040009|1356300|1.0000000000|459.040009
2025-10-21|253|STZ|141.720001|141.820007|139.199997|141.570007|2424200|0.9716065224|137.550323
2025-10-21|254|BSX|99.830002|100.330002|99.290001|99.900002|8955900|1.0000000000|99.900002
2025-10-21|255|STE|242.750000|245.199997|240.270004|242.029999|371200|0.9945039836|240.699799
2025-10-21|256|DHI|150.500000|159.529999|149.479996|158.630005|4191100|0.9881394354|156.748566
2025-10-21|257|LIN|450.549988|452.450012|448.380005|450.079987|1766100|0.9898650243|445.518433
2025-10-21|258|SBUX|84.139999|86.510002|83.650002|85.900002|8262500|0.9751160265|83.762474
2025-10-21|259|MS|161.449997|162.059998|159.190002|159.229996|4220600|0.9778330741|155.700348
2025-10-21|260|INTU|665.669983|676.880005|661.000000|675.039978|1201600|0.9906980199|668.760803
2025-10-21|261|MCHP|66.959999|68.000000|66.309998|67.519997|5611900|0.9744763190|65.796631
2025-10-21|262|CB|267.140015|269.890015|266.399994|269.260010|2857300|0.9939554166|267.632446
2025-10-21|263|ORLY|100.949997|101.559998|100.480003|101.309998|5042500|1.0000000000|101.309998
2025-10-21|264|RCL|305.470001|317.790009|303.959991|316.779999|1691600|0.9862054091|312.410156
2025-10-21|265|JBL|203.360001|204.089996|200.720001|201.119995|1134600|0.9988481715|200.888336
2025-10-21|266|ALL|195.289993|195.289993|193.690002|193.740005|1241000|0.9851043015|190.854095
2025-10-21|267|CPT|103.430000|104.300003|102.809998|103.419998|546500|0.9704206326|100.360901
2025-10-21|268|VMRK|62.619999|63.490002|62.369999|62.820000|2335500|0.9671264641|60.754887
2025-10-21|269|IT|241.059998|261.100006|239.619995|258.170013|1314700|1.0000000000|258.170013
2025-10-21|270|DECK|101.580002|104.099998|100.860001|102.959999|2924700|1.0000000000|102.959999
2025-10-21|271|REG|72.220001|72.830002|71.940002|72.160004|853300|0.9701425273|70.005493
2025-10-21|272|INCY|85.650002|87.480003|85.550003|87.300003|1136900|1.0000000000|87.300003
2025-10-21|273|SPG|178.649994|180.669998|178.070007|178.720001|1073300|0.9659807077|172.640076
2025-10-21|274|MAA|133.210007|134.279999|132.169998|133.399994|1004900|0.9656183896|128.813492
2025-10-21|275|MLM|626.000000|634.039978|621.710022|632.030029|278100|0.9960197565|629.514343
2025-10-21|276|TSCO|55.000000|55.560001|54.639999|54.770000|4686200|0.9764906296|53.482384
2025-10-21|277|ALB|94.500000|94.860001|90.919998|91.339996|2486900|0.9919948535|90.608810
2025-10-21|278|CPRT|44.830002|45.889999|44.650002|45.759998|5363700|1.0000000000|45.759998
2025-10-21|279|FLEX|62.540001|63.020000|61.910000|62.320000|3427400|1.0000000000|62.320000
2025-10-21|280|ESS|261.290009|263.880005|260.679993|261.980011|472200|0.9710345219|254.391647
2025-10-21|281|O|60.700001|60.900002|59.689999|60.029999|5307300|0.9566399898|57.427097
2025-10-21|282|MCO|477.130005|486.589996|474.640015|484.920013|1334200|0.9914008639|480.750183
2025-10-21|283|SJM|105.500000|105.879997|104.709999|104.739998|874600|0.9604551346|100.598061
2025-10-21|284|MCK|787.820007|788.919983|780.900024|787.289978|586300|0.9971371280|785.036133
2025-10-21|285|COF|214.500000|218.589996|214.110001|217.050003|5354100|0.9846948620|213.728012
2025-10-21|286|EME|698.440002|701.239990|680.500000|689.950012|384400|0.9983902989|688.839355
2025-10-21|287|DLTR|98.599998|99.650002|97.580002|98.949997|3576400|1.0000000000|98.949997
2025-10-21|288|COR|326.700012|328.890015|324.350006|328.820007|972200|0.9924371875|326.333221
2025-10-21|289|DRI|188.059998|188.979996|187.089996|187.490005|830300|0.9771066651|183.197723
2025-10-21|290|RMD|268.019989|270.809998|266.309998|268.220001|791600|0.9895309167|265.411987
2025-10-21|291|WAB|195.570007|198.570007|195.570007|198.000000|755200|0.9953491745|197.079132
2025-10-21|292|FCX|41.200001|41.509998|40.660000|41.310001|12932200|0.9929128187|41.017231
2025-10-21|293|IVZ|22.770000|23.100000|22.719999|22.940001|3808400|0.9692003654|22.233459
2025-10-21|294|ACGL|86.839996|88.059998|86.349998|87.699997|1653200|1.0000000000|87.699997
2025-10-21|295|ERIE|317.019989|327.630005|316.190002|325.890015|126800|0.9834606060|320.499969
2025-10-21|296|EG|350.049988|351.140015|348.309998|349.160004|186000|0.9878843207|344.929718
2025-10-21|297|DVA|128.089996|129.110001|127.279999|128.410004|372500|1.0000000000|128.410004
2025-10-21|298|HSIC|63.419998|64.320000|63.279999|64.230003|1154200|1.0000000000|64.230003
2025-10-21|299|EL|102.459999|102.459999|98.320000|98.540001|5338000|0.9893232983|97.487923
2025-10-21|300|WAT|348.269989|364.989990|347.000000|349.230011|642300|1.0000000000|349.230011
2025-10-21|301|NTAP|116.660004|119.650002|116.660004|119.080002|1207800|0.9870750252|117.540894
2025-10-21|302|HIG|123.739998|125.209999|123.139999|125.099998|1841200|0.9867007020|123.436249
2025-10-21|303|IRM|105.440002|106.059998|102.790001|104.410004|863200|0.9749654551|101.796150
2025-10-21|304|BRK-B|493.700012|495.700012|491.250000|491.290009|2714500|1.0000000000|491.290009
2025-10-21|305|FDS|289.899994|296.799988|285.500000|294.109985|919100|0.9861098905|290.024780
2025-10-21|306|STLD|146.110001|156.240005|146.110001|153.820007|2893900|0.9917509611|152.551147
2025-10-21|307|DGX|195.080002|197.550003|179.860001|184.639999|2889900|0.9871163208|182.261169
2025-10-21|308|CIEN|172.809998|174.080002|169.110001|169.710007|2083700|1.0000000000|169.710007
2025-10-21|309|TTWO|261.290009|262.200012|258.329987|260.279999|916000|1.0000000000|260.279999
2025-10-21|310|VTR|71.809998|72.019997|70.129997|70.239998|2480800|0.9818295408|68.963707
2025-10-21|311|AMZN|218.429993|223.320007|217.990005|222.029999|50494600|1.0000000000|222.029999
2025-10-21|312|ARE|76.809998|77.199997|75.839996|76.790001|1329000|0.9575530500|73.530495
2025-10-21|313|RL|334.279999|340.609985|331.640015|334.980011|398000|0.9923194237|332.407166
2025-10-21|314|BXP|70.669998|72.320000|70.529999|71.970001|1938500|0.9663309942|69.546844
2025-10-21|315|FIX|832.119995|835.000000|812.090027|829.359985|331600|0.9979565203|827.665161
2025-10-21|316|YUM|148.139999|149.100006|147.139999|148.529999|1491800|0.9858960568|146.435135
2025-10-21|317|CHRW|127.459999|130.160004|127.360001|128.279999|1106200|0.9892308245|126.898529
2025-10-21|318|FE|47.430000|47.430000|46.740002|47.080002|3917000|0.9613759059|45.261581
2025-10-21|319|MTD|1365.560059|1405.290039|1349.069946|1385.569946|175100|1.0000000000|1385.569946
2025-10-21|320|PLD|126.940002|127.500000|125.639999|125.989998|2975600|0.9772581725|123.124763
2025-10-21|321|URI|995.219971|1015.679993|991.489990|1002.289978|328600|0.9918999023|994.171326
2025-10-21|322|AEE|106.010002|106.169998|104.480003|104.919998|890100|0.9792499824|102.742912
2025-10-21|323|VRSN|266.640015|269.470001|265.450012|266.459991|605700|0.9876930267|263.180664
2025-10-21|324|PWR|437.519989|441.100006|423.299988|437.429993|926700|0.9993903388|437.163269
2025-10-21|325|AMT|192.149994|194.399994|190.850006|192.369995|1749500|0.9712942756|186.847870
2025-10-21|326|MAR|263.010010|269.579987|262.040009|268.429993|1528900|0.9917417055|266.213226
2025-10-21|327|CTSH|66.830002|68.989998|66.809998|68.769997|3402600|0.9779331176|67.252464
2025-10-21|328|SRE|93.199997|93.580002|91.650002|92.290001|2722400|0.9788895267|90.341713
2025-10-21|329|CSGP|74.639999|76.980003|74.129997|76.849998|2897300|1.0000000000|76.849998
2025-10-21|330|RSG|219.979996|221.380005|219.009995|220.940002|911800|0.9913326285|219.025040
2025-10-21|331|CCI|98.379997|100.120003|98.059998|98.650002|1804800|0.9648543647|95.182892
2025-10-21|332|EBAY|95.769997|96.279999|93.360001|94.980003|4382200|0.9904184858|93.784805
2025-10-21|333|NVDA|182.789993|182.789993|179.800003|181.160004|124240200|0.9987261828|180.929230
2025-10-21|334|BKNG|5140.000153|5309.889984|5109.000015|5286.000061|304500|0.0397328628|210.027908
2025-10-21|335|GS|759.000000|765.299988|758.270020|758.979980|1782200|0.9855142723|747.985596
2025-10-21|336|FFIV|296.500000|300.220001|294.000000|299.209991|930200|1.0000000000|299.209991
2025-10-21|337|SBAC|196.990005|198.270004|195.740005|197.669998|570100|0.9751039390|192.748795
2025-10-21|338|LII|534.739990|553.679993|532.309998|548.989990|784800|0.9920705337|544.636719
2025-10-21|339|BLK|1158.160034|1159.719971|1129.469971|1130.000000|1052000|0.9841011192|1112.034180
2025-10-21|340|TKO|188.190002|189.279999|186.080002|186.160004|953000|0.9884090368|184.002243
2025-10-21|341|AKAM|74.250000|76.519997|74.050003|76.129997|1555900|1.0000000000|76.129997
2025-10-21|342|UPS|86.750000|88.699997|86.370003|88.059998|6181500|0.9383630641|82.632256
2025-10-21|343|A|145.300003|149.500000|144.270004|145.679993|1658400|0.9940314297|144.810501
2025-10-21|344|TDY|571.830017|580.140015|571.700012|573.750000|339900|1.0000000000|573.750000
2025-10-21|345|PKG|206.229996|208.619995|204.750000|208.130005|692800|0.9816059808|204.301666
2025-10-21|346|EW|75.089996|76.099998|74.690002|76.019997|3792200|1.0000000000|76.019997
2025-10-21|347|MET|78.779999|79.570000|78.489998|79.019997|2888200|0.9722454281|76.826828
2025-10-21|348|ON|54.700001|55.500000|53.419998|55.080002|9780700|1.0000000000|55.080002
2025-10-21|349|ISRG|459.470001|466.980011|456.309998|462.739990|4779600|1.0000000000|462.739990
2025-10-21|350|CRL|185.000000|190.410004|184.990005|188.259995|1049300|1.0000000000|188.259995
2025-10-21|351|MRVL|85.690002|85.930000|83.099998|84.260002|13242100|0.9985347355|84.136528
2025-10-21|352|EQIX|819.690002|823.460022|801.010010|822.000000|384900|0.9790491812|804.778381
2025-10-21|353|TPR|117.870003|117.949997|116.000000|117.139999|2091700|0.9910289553|116.089134
2025-10-21|354|GRMN|249.250000|252.089996|248.539993|251.339996|465100|0.9875544034|248.211929
2025-10-21|355|GPN|86.989998|88.220001|86.500000|87.660004|1282400|0.9898898052|86.773750
2025-10-21|356|ALGN|133.619995|136.929993|132.089996|136.220001|956800|1.0000000000|136.220001
2025-10-21|357|WTW|329.489990|331.809998|328.760010|330.420013|411000|0.9903328749|327.225800
2025-10-21|358|MDLZ|62.880001|63.240002|61.540001|61.750000|9149800|0.9742061707|60.157234
2025-10-21|359|AXON|687.989990|708.020020|685.000000|707.039978|498500|1.0000000000|707.039978
2025-10-21|360|FIS|67.709999|68.470001|66.940002|67.699997|4143600|0.9743297530|65.962120
2025-10-21|361|ACN|242.520004|252.089996|242.520004|250.509995|4475500|0.9798095806|245.452087
2025-10-21|362|ZBH|102.809998|103.120003|102.129997|102.690002|800800|0.9920119396|101.869705
2025-10-21|363|BG|97.250000|97.250000|94.440002|94.730003|1884500|0.9749906568|92.360878
2025-10-21|364|PFG|79.010002|79.970001|78.940002|79.389999|1171300|0.9740293311|77.328178
2025-10-21|365|ELV|344.700012|354.579987|337.010010|349.750000|4061800|0.9847701459|344.423340
2025-10-21|366|CNC|34.490002|36.270000|33.790001|36.099998|8230600|1.0000000000|36.099998
2025-10-21|367|PRU|101.160004|102.430000|101.089996|101.860001|1127500|0.9496925157|96.735680
2025-10-21|368|NFLX|1242.829971|1248.600006|1231.760025|1241.350021|6508200|0.1000000000|124.135002
2025-10-21|369|NDAQ|90.500000|92.919998|90.110001|90.330002|4339000|0.9903103249|89.454727
2025-10-21|370|WYNN|121.129997|121.720001|119.750000|121.129997|836000|0.9907231274|120.006302
2025-10-21|371|CME|268.750000|269.859985|267.220001|268.609985|1779600|0.9671562481|259.787811
2025-10-21|372|STX|212.630005|216.529999|210.679993|214.570007|2817500|0.9949371232|213.483658
2025-10-21|373|NRG|166.520004|167.910004|160.190002|163.589996|2071000|0.9877934975|161.593155
2025-10-21|374|AIZ|209.160004|211.919998|208.639999|210.839996|172400|0.9887198190|208.461685
2025-10-21|375|CBRE|159.699997|162.240005|159.160004|160.880005|1289700|1.0000000000|160.880005
2025-10-21|376|CRM|254.500000|267.130005|254.000000|263.410004|13354700|0.9933339931|261.654083
2025-10-21|377|DPZ|422.940002|424.100006|418.500000|419.880005|434400|0.9848757173|413.529663
2025-10-21|378|EXR|151.729996|152.089996|150.309998|150.550003|789300|0.9661267437|145.450394
2025-10-21|379|GOOG|255.250000|255.380005|244.669998|251.339996|27836400|0.9980438060|250.848328
2025-10-21|380|GOOGL|254.740005|254.880005|244.149994|250.460007|47312100|0.9980471771|249.970901
2025-10-21|381|DLR|172.440002|172.470001|168.720001|171.630005|1391200|0.9788235933|167.995499
2025-10-21|382|MPWR|1027.319946|1035.699951|1012.349976|1028.670044|255000|0.9948016730|1023.322754
2025-10-21|383|LVS|49.580002|50.770000|49.200001|50.619999|3815600|0.9787990268|49.546806
2025-10-21|384|DXCM|68.680000|69.830002|67.989998|69.750000|4481100|1.0000000000|69.750000
2025-10-21|385|BLDR|120.000000|127.470001|119.559998|125.680000|1482100|1.0000000000|125.680000
2025-10-21|386|WBD|19.680000|20.580000|19.549999|20.330000|71364500|1.0000000000|20.330000
2025-10-21|387|EXPE|217.940002|227.320007|217.940002|226.139999|1611900|0.9926306212|224.473495
2025-10-21|388|CF|84.500000|85.010002|83.260002|83.290001|2617600|0.9797238699|81.601204
2025-10-21|389|AMP|471.619995|481.720001|471.619995|479.359985|532500|0.9868973539|473.079071
2025-10-21|390|ICE|155.070007|157.360001|155.009995|156.789993|3560000|0.9901381914|155.243744
2025-10-21|391|PSKY|17.150000|17.290001|16.450001|16.510000|4350700|0.9863259572|16.284243
2025-10-21|392|LYV|156.710007|158.389999|156.690002|157.240005|1218100|1.0000000000|157.240005
2025-10-21|393|CMG|41.590000|42.740002|41.580002|42.360001|12065900|1.0000000000|42.360001
2025-10-21|394|UAL|100.879997|101.669998|99.419998|100.110001|5740900|1.0000000000|100.110001
2025-10-21|395|TDG|1313.540039|1331.829956|1309.500000|1329.170044|252300|1.0000000000|1329.170044
2025-10-21|396|MA|562.159973|575.979980|560.770020|572.030029|2722400|0.9951190330|569.238037
2025-10-21|397|LDOS|190.809998|193.720001|190.500000|193.160004|855500|0.9917626624|191.568878
2025-10-21|398|FSLR|230.369995|230.410004|224.160004|226.850006|1304900|1.0000000000|226.850006
2025-10-21|399|BR|230.300003|233.250000|228.490005|232.320007|356500|0.9836780236|228.528076
2025-10-21|400|SMCI|55.160000|55.349998|53.910000|54.820000|29016500|1.0000000000|54.820000
2025-10-21|401|TMUS|230.089996|230.509995|227.639999|229.080002|3580500|0.9849640725|224.340790
2025-10-21|402|DAL|61.459999|62.910000|61.180000|62.320000|7041200|0.9922015511|61.834003
2025-10-21|403|IBKR|66.750000|67.589996|65.879997|66.269997|3765400|0.9966884542|66.050537
2025-10-21|404|PODD|325.839996|329.970001|322.829987|328.970001|441400|1.0000000000|328.970001
2025-10-21|405|TEL|230.350006|234.500000|227.610001|228.220001|2851700|0.9892434805|225.765137
2025-10-21|406|BX|159.990005|162.660004|159.809998|161.429993|2440600|0.9610163599|155.136856
2025-10-21|407|LULU|173.179993|183.050003|172.929993|181.389999|6689700|1.0000000000|181.389999
2025-10-21|408|ULTA|521.159973|529.250000|517.830017|525.919983|526500|1.0000000000|525.919983
2025-10-21|409|MSCI|531.780029|545.320007|531.780029|540.359985|686200|0.9858483453|532.713013
2025-10-21|410|ECHO|74.080002|74.599998|73.230003|73.769997|1439400|1.0000000000|73.769997
2025-10-21|411|PM|154.669998|155.929993|142.330002|152.000000|28418100|0.9741176592|148.065872
2025-10-21|412|V|343.119995|349.649994|343.000000|347.209991|4121800|0.9920658607|344.455170
2025-10-21|413|AWK|145.449997|145.639999|142.800003|144.160004|1096200|0.9734433274|140.331604
2025-10-21|414|KDP|27.840000|27.980000|27.639999|27.670000|10676900|0.9761522236|27.010134
2025-10-21|415|SW|42.259998|42.805000|41.930000|42.509998|4288200|0.9711821711|41.284954
2025-10-21|416|AVGO|350.000000|351.100006|341.309998|342.660004|16092600|0.9944270811|340.750397
2025-10-21|417|VRSK|235.029999|238.220001|234.630005|237.029999|954500|0.9927002374|235.299744
2025-10-21|418|DG|106.650002|106.910004|105.180000|105.510002|1931200|0.9860246787|104.035469
2025-10-21|419|FTNT|83.410004|85.120003|81.099998|84.779999|4828900|1.0000000000|84.779999
2025-10-21|420|CHTR|251.369995|255.000000|249.169998|252.520004|1423200|1.0000000000|252.520004
2025-10-21|421|FERG|241.229996|246.649994|240.610001|244.679993|1505800|0.9848254111|240.967072
2025-10-21|422|GNRC|193.740005|195.970001|190.500000|192.500000|1029000|1.0000000000|192.500000
2025-10-21|423|LYB|45.650002|45.980000|45.020000|45.209999|4764300|0.9407211657|42.530003
2025-10-21|424|CBOE|237.089996|238.190002|232.820007|233.289993|507600|0.9954503651|232.228607
2025-10-21|425|TSLA|445.760010|449.299988|442.049988|442.600006|54412200|1.0000000000|442.600006
2025-10-21|426|KKR|120.500000|124.480003|120.059998|123.680000|4901000|0.9928030964|122.789894
2025-10-21|427|NXPI|219.339996|224.270004|218.509995|222.339996|1935400|0.9870653625|219.464111
2025-10-21|428|GM|63.759998|67.550003|62.360001|66.620003|43706500|0.9934966717|66.186752
2025-10-21|429|TRGP|151.740005|152.050003|149.210007|151.410004|1100500|0.9789495349|148.222748
2025-10-21|430|CPAY|284.510010|290.140015|284.420013|287.440002|354400|1.0000000000|287.440002
2025-10-21|431|KMI|27.620001|27.629999|27.360001|27.500000|11439500|0.9613533449|26.437216
2025-10-21|432|HCA|433.709991|434.970001|430.109985|432.010010|1082700|0.9950375716|429.866211
2025-10-21|433|HII|287.429993|291.559998|287.149994|287.529999|277900|0.9882397967|282.829590
2025-10-21|434|APO|124.860001|127.300003|124.449997|125.980003|3604900|0.9837214596|123.929237
2025-10-21|435|MPC|186.110001|186.699997|182.610001|182.869995|1282300|0.9835714275|179.865707
2025-10-21|436|XYL|146.369995|147.750000|146.210007|147.190002|812800|0.9861759388|145.155243
2025-10-21|437|APTV|83.910004|86.669998|83.290001|85.589996|1899700|1.0000000000|85.589996
2025-10-21|438|PSX|130.559998|130.639999|126.919998|128.600006|2315000|0.9712393490|124.901398
2025-10-21|439|AMCR|8.150000|8.180000|8.110000|8.140000|11945600|4.8543684849|39.514561
2025-10-21|440|META|736.020020|738.500000|728.750000|733.270020|7647300|0.9974059053|731.367859
2025-10-21|441|NOW|917.500000|944.440002|910.279999|941.500015|1259800|0.2000000000|188.300003
2025-10-21|442|PANW|212.039993|215.089996|211.190002|214.399994|3835800|1.0000000000|214.399994
2025-10-21|443|FANG|141.380005|142.139999|139.500000|141.529999|1410200|0.9764795206|138.201141
2025-10-21|444|WDAY|240.119995|247.250000|239.740005|245.669998|2127800|1.0000000000|245.669998
2025-10-21|445|ABBV|232.149994|232.809998|229.830002|231.389999|3298100|0.9769027438|226.045532
2025-10-21|446|NCLH|23.330000|24.030001|23.290001|23.920000|13591800|1.0000000000|23.920000
2025-10-21|447|ZTS|144.830002|147.270004|144.550003|146.089996|2073400|0.9811560666|143.337097
2025-10-21|448|IQV|214.639999|219.929993|212.500000|218.669998|2708300|1.0000000000|218.669998
2025-10-21|449|NWS|29.900000|30.250000|29.870001|30.000000|478700|0.9963262306|29.889786
2025-10-21|450|NWSA|26.389999|26.629999|26.299999|26.379999|2226700|0.9958385353|26.270220
2025-10-21|451|CDW|153.800003|157.369995|153.800003|156.529999|1090800|0.9800438553|153.406265
2025-10-21|452|VEEV|285.670013|292.170013|284.059998|289.839996|709500|1.0000000000|289.839996
2025-10-21|453|ALLE|177.750000|180.679993|177.399994|179.470001|797900|0.9921390873|178.059204
2025-10-21|454|HLT|260.000000|267.250000|259.459991|265.959991|2082100|0.9980421657|265.439301
2025-10-21|455|ARES|146.330002|150.720001|145.949997|150.110001|1844600|0.9704279397|145.670929
2025-10-21|456|ANET|145.449997|147.610001|144.139999|145.940002|3648900|1.0000000000|145.940002
2025-10-21|457|SYF|72.150002|74.209999|72.050003|74.000000|2403800|0.9836138777|72.787422
2025-10-21|458|CFG|50.180000|51.134998|50.070000|50.830002|3960300|0.9707955381|49.345539
2025-10-21|459|KEYS|164.399994|168.600006|164.399994|167.339996|732500|1.0000000000|167.339996
2025-10-21|460|GDDY|132.380005|134.100006|131.145996|132.720001|760600|1.0000000000|132.720001
2025-10-21|461|KHC|25.809999|25.860001|25.540001|25.580000|12593600|0.9508904028|24.323776
2025-10-21|462|PYPL|69.019997|70.360001|68.830002|70.050003|9032000|0.9914138539|69.448555
2025-10-21|463|LITE|161.000000|165.755997|157.500000|162.949997|2416700|1.0000000000|162.949997
2025-10-21|464|HPE|22.959999|23.430000|22.620001|23.270000|81272500|0.9847720717|22.915648
2025-10-21|465|XYZ|76.239998|78.870003|76.050003|77.730003|4362400|1.0000000000|77.730003
2025-10-21|466|FTV|49.169998|50.160000|49.105000|49.779999|1503500|0.9968000114|49.620705
2025-10-21|467|DELL|147.949997|151.300003|145.089996|149.429993|5191400|0.9909355870|148.075485
2025-10-21|468|TTD|52.880001|54.705002|52.450001|53.919998|13123200|1.0000000000|53.919998
2025-10-21|469|VST|192.880005|193.419998|185.570007|186.520004|5781700|0.9958526400|185.746445
2025-10-21|470|HWM|193.240005|197.839996|193.080002|197.179993|2022600|0.9979223317|196.770309
2025-10-21|471|INVH|28.600000|28.985001|28.500000|28.690001|4045700|0.9672165501|27.749445
2025-10-21|472|CVNA|345.709991|357.680016|343.017998|355.870018|2767500|0.2000000000|71.174004
2025-10-21|473|IR|77.779999|80.610001|77.760002|79.559998|1848800|0.9990084054|79.481102
2025-10-21|474|VICI|31.170000|31.299999|31.059999|31.190001|8782000|0.9523421134|29.703552
2025-10-21|475|VRT|175.080002|177.190002|170.559998|174.800003|8130700|0.9991812568|174.656891
2025-10-21|476|MRNA|27.250000|27.590000|26.650000|27.490000|6155100|1.0000000000|27.490000
2025-10-21|477|FOXA|58.180000|58.974998|58.064999|58.730000|1613100|0.9951185496|58.443314
2025-10-21|478|FOX|52.290001|52.849998|52.080002|52.470001|696200|0.9946544484|52.189522
2025-10-21|479|DOW|21.690001|22.070000|21.565001|21.750000|10565100|0.9640247460|20.967539
2025-10-21|480|UBER|93.589996|94.550003|92.970001|93.029999|10503300|1.0000000000|93.029999
2025-10-21|481|CTVA|61.930000|62.330002|61.650002|61.970001|4074700|0.9928033602|61.524029
2025-10-21|482|CRWD|501.239990|507.600006|498.350006|503.950012|1440900|0.2500000000|125.987503
2025-10-21|483|DDOG|156.300003|159.044998|155.570007|156.250000|2105100|1.0000000000|156.250000
2025-10-21|484|CARR|57.340000|59.965000|57.150002|59.820000|5984500|0.9848525765|58.913887
2025-10-21|485|OTIS|90.959999|92.760002|90.839996|92.699997|1714400|0.9789066234|90.744637
2025-10-21|486|PLTR|182.059998|182.389008|178.649994|181.509995|27528100|1.0000000000|181.509995
2025-10-21|487|DASH|266.619995|267.250000|259.859985|261.970001|2029600|1.0000000000|261.970001
2025-10-21|488|ABNB|126.870003|129.500000|126.675003|128.559998|3331500|1.0000000000|128.559998
2025-10-21|489|EXE|106.750000|108.519997|105.519997|106.099998|2281800|0.9779564541|103.761185
2025-10-21|490|COIN|342.279999|344.790009|335.500000|338.619995|6030900|1.0000000000|338.619995
2025-10-21|491|APP|567.690002|568.000000|547.129028|552.640015|4199900|1.0000000000|552.640015
2025-10-21|492|HOOD|135.289993|135.309998|131.350006|131.839996|19498300|1.0000000000|131.839996
2025-10-21|493|CEG|369.364990|369.548004|355.200012|358.790009|2753700|0.9944409722|356.795471
2025-10-21|494|GEHC|75.250000|76.550003|75.180000|76.099998|1644400|0.9981004727|75.955452
2025-10-21|495|KVUE|15.100000|15.250000|14.805000|14.930000|25586000|0.9540880845|14.244534
2025-10-21|496|VLTO|103.949997|105.629997|103.489998|103.790001|1347300|0.9957401186|103.347870
2025-10-21|497|RDDT|207.520004|208.000000|203.009995|205.710007|4186000|1.0000000000|205.710007
2025-10-21|498|SOLV|72.730003|73.449997|72.139999|72.910004|609400|1.0000000000|72.910004
2025-10-21|499|GEV|593.859985|596.780029|581.760010|585.330017|3956400|0.9981503345|584.247314
2025-10-21|500|SNDK|145.800003|150.160004|142.759995|149.289993|4177900|1.0000000000|149.289993
