date|security_id|ticker|open|high|low|close|volume|adj_factor|adj_close_vendor
2025-10-30|1|AEP|121.550003|122.849998|120.800003|121.889999|4430100|0.9699113042|118.222481
2025-10-30|2|BA|210.009995|210.279999|200.020004|200.080002|19417000|1.0000000000|200.080002
2025-10-30|3|CAT|577.890015|593.770020|575.770020|583.150024|2574800|0.9939261318|579.608032
2025-10-30|4|CNP|39.040001|39.389999|38.880001|38.910000|3346300|0.9777626474|38.044746
2025-10-30|5|CVX|155.229996|155.229996|153.240005|153.520004|8971200|0.9620890936|147.699936
2025-10-30|6|DIS|110.129997|113.580002|109.550003|111.839996|8311300|0.9857264957|110.243652
2025-10-30|7|DTE|139.830002|141.470001|137.830002|138.059998|1975600|0.9755422782|134.683365
2025-10-30|8|ED|97.309998|98.849998|97.070000|98.190002|2073000|0.9678975191|95.037865
2025-10-30|9|GD|344.100006|349.250000|343.859985|344.660004|1303800|0.9869830633|340.173615
2025-10-30|10|GE|310.410004|314.839996|308.500000|310.750000|3782000|0.9961629631|309.557648
2025-10-30|11|HON|201.800005|205.219997|199.800006|200.109993|6511200|1.0286167402|205.836502
2025-10-30|12|HPQ|27.389999|27.830000|27.180000|27.510000|10356400|0.9607551428|26.430376
2025-10-30|13|IBM|306.649994|313.750000|305.019989|310.059998|4694300|0.9746618623|302.203674
2025-10-30|14|IP|42.680000|43.029999|37.750000|38.630001|16290200|0.9527969504|36.806545
2025-10-30|15|JNJ|187.080002|189.380005|186.910004|189.050003|7072500|0.9779609434|184.883499
2025-10-30|16|KO|68.449997|69.290001|68.389999|68.980003|14751700|0.9799171123|67.594688
2025-10-30|17|KR|65.930000|66.190002|65.199997|65.430000|6496200|0.9778352350|63.979759
2025-10-30|18|LMT|485.570007|494.459991|485.500000|489.720001|1081000|0.9808408602|480.337372
2025-10-30|19|MMM|165.009995|169.259995|164.600006|166.449997|2143700|0.9818750293|163.433090
2025-10-30|20|MO|59.169998|59.500000|56.500000|57.130001|24613800|0.9516126626|54.365635
2025-10-30|21|MRK|84.620003|87.300003|83.300003|86.279999|16678800|0.9772081263|84.313522
2025-10-30|22|MSI|430.480011|438.709991|429.670013|431.980011|1306300|0.9910852927|428.129059
2025-10-30|23|PG|149.470001|150.800003|149.339996|149.580002|6760700|0.9782265339|146.323120
2025-10-30|24|XOM|116.430000|116.519997|114.529999|114.690002|16172900|0.9718336400|111.459610
2025-10-30|25|RTX|177.119995|179.000000|176.820007|177.419998|3637300|0.9853742397|174.825104
2025-10-30|26|MCD|300.500000|304.390015|300.100006|302.429993|3128400|0.9818538696|296.942078
2025-10-30|27|AXP|358.589996|365.750000|357.959991|358.880005|2045100|0.9919237847|355.981598
2025-10-30|28|BMY|43.270000|45.820000|43.200001|45.619999|41931600|0.9673144843|44.128887
2025-10-30|29|DD|81.269998|82.369998|80.569998|81.469998|3467900|1.2389568992|100.937820
2025-10-30|30|DE|472.140015|479.809998|465.220001|465.410004|1035000|0.9910776808|461.257477
2025-10-30|31|EMR|135.110001|139.580002|134.720001|136.820007|3160200|0.9845366681|134.704330
2025-10-30|32|ETN|384.489990|390.109985|379.260010|383.089996|3112800|0.9889737586|378.865906
2025-10-30|33|ETR|95.180000|97.220001|95.099998|96.050003|3029200|0.9756994696|93.715935
2025-10-30|34|F|13.140000|13.290000|13.060000|13.060000|80766300|0.9554534458|12.478222
2025-10-30|35|HAL|27.150000|27.650000|26.940001|26.959999|9772900|0.9847026012|26.547581
2025-10-30|36|LLY|837.500000|853.000000|812.250000|844.500000|6037200|0.9937326373|839.207214
2025-10-30|37|PCG|15.690000|15.980000|15.660000|15.900000|19979200|0.9911560857|15.759380
2025-10-30|38|PEP|146.339996|148.089996|146.250000|147.550003|5752700|0.9713251717|143.319031
2025-10-30|39|PFE|24.309999|24.700001|24.150000|24.290001|157478000|0.9344639716|22.698130
2025-10-30|40|TXN|160.149994|162.639999|159.970001|160.509995|9477600|0.9747566992|156.458176
2025-10-30|41|WFC|86.080002|87.260002|85.879997|85.989998|14830000|0.9786587178|84.154861
2025-10-30|42|HUBB|468.000000|484.260010|465.869995|469.959991|829733|0.9910077151|465.734009
2025-10-30|43|WMT|102.199997|103.370003|101.959999|102.230003|14065100|0.9916508097|101.376457
2025-10-30|44|AIG|78.160004|80.449997|77.199997|78.190002|2770000|0.9824236525|76.815704
2025-10-30|45|AVY|175.550003|178.470001|174.660004|175.929993|611500|0.9833361967|172.998352
2025-10-30|46|BAC|52.669998|53.439999|52.560001|53.029999|37548600|0.9841245494|52.188122
2025-10-30|47|BALL|47.630001|48.009998|47.259998|47.290001|2524200|0.9893620930|46.786934
2025-10-30|48|BDX|181.020005|181.800002|178.790007|179.380007|2722400|0.7715067098|138.392883
2025-10-30|49|CLX|111.589996|113.599998|111.430000|112.459999|1969900|0.9654541242|108.574974
2025-10-30|50|CMI|437.690002|449.209991|436.489990|438.089996|911900|0.9855888256|431.776581
2025-10-30|51|CMS|72.860001|74.029999|71.650002|73.209999|4015700|0.9697049346|70.992096
2025-10-30|52|CVS|76.080002|79.000000|75.919998|76.690002|14120200|0.9771601786|74.938408
2025-10-30|53|ECL|255.339996|261.660004|255.160004|257.100006|1659200|0.9918356453|255.000961
2025-10-30|54|ES|73.500000|74.290001|73.379997|73.800003|2358500|0.9670826030|71.370697
2025-10-30|55|EVRG|77.150002|77.900002|76.940002|77.750000|4578800|0.9663059278|75.130287
2025-10-30|56|GWW|955.929993|976.900024|953.219971|956.239990|510000|0.9918044722|948.403076
2025-10-30|57|LNT|67.820000|68.489998|67.760002|67.930000|2191400|0.9698403407|65.881248
2025-10-30|58|MKC|63.830002|64.790001|63.709999|64.110001|2352000|0.9754240070|62.534431
2025-10-30|59|MRSH|180.720001|181.479996|178.309998|178.669998|4477800|0.9842873682|175.862625
2025-10-30|60|NEE|81.820000|82.580002|81.440002|81.639999|7620100|0.9793736752|79.359306
2025-10-30|61|NI|42.430000|42.700001|41.660000|42.130001|8511000|0.9739163964|41.031101
2025-10-30|62|PNW|89.230003|90.269997|88.849998|89.550003|1265500|0.9627257278|86.212082
2025-10-30|63|RVTY|94.800003|95.889999|90.900002|91.019997|1539100|0.9979858512|90.836670
2025-10-30|64|SNA|335.799988|344.410004|335.100006|338.609985|238400|0.9736214558|329.677948
2025-10-30|65|SPGI|487.769985|500.249991|486.299998|491.569998|2630500|0.9377344841|460.962097
2025-10-30|66|TER|172.750000|179.210007|171.699997|176.880005|5268400|0.9984501140|176.605850
2025-10-30|67|TGT|93.309998|94.629997|92.660004|92.919998|5631200|0.9610823572|89.303772
2025-10-30|68|TXT|79.669998|81.160004|79.379997|79.419998|1226600|0.9993380469|79.367424
2025-10-30|69|VMC|285.500000|290.450012|278.929993|290.000000|2616900|0.9925854203|287.849762
2025-10-30|70|XEL|81.089996|82.690002|78.430000|81.589996|9264000|0.9776860259|79.769402
2025-10-30|71|ITW|241.470001|247.360001|240.669998|243.639999|1346800|0.9813941046|239.106857
2025-10-30|72|CL|75.949997|76.769997|75.839996|76.510002|8657900|0.9821445459|75.143883
2025-10-30|73|EXC|47.310001|47.660000|47.000000|47.070000|6539200|0.9737696536|45.835339
2025-10-30|74|MDT|91.769997|91.949997|90.709999|90.970001|5617400|0.9758565703|88.773682
2025-10-30|75|BNY|106.730003|108.760002|106.480003|107.919998|2369700|0.9877222173|106.594986
2025-10-30|76|EIX|55.070000|55.820000|54.770000|55.639999|2973900|0.9623086217|53.542854
2025-10-30|77|FRT|95.639999|96.449997|94.709999|94.870003|843200|0.9693143333|91.958847
2025-10-30|78|PNR|107.360001|109.150002|106.870003|107.139999|889800|0.9901423720|106.083847
2025-10-30|79|USB|46.650002|47.709999|46.610001|46.840000|7191000|0.9719845662|45.527760
2025-10-30|80|WY|23.070000|23.719999|22.969999|23.510000|9473000|0.9737086273|22.891890
2025-10-30|81|SYY|74.379997|75.199997|74.050003|74.699997|5229500|0.9787571978|73.113159
2025-10-30|82|WRB|71.720001|72.139999|71.000000|71.540001|7972100|0.9742469050|69.697624
2025-10-30|83|IFF|63.020000|63.959999|62.500000|63.130001|2785000|0.9828526607|62.047493
2025-10-30|84|TAP|43.509998|44.119999|43.419998|43.650002|2416300|0.9680101781|41.766808
2025-10-30|85|PNC|181.330002|185.089996|180.369995|182.320007|1959600|0.9770281499|178.131775
2025-10-30|86|TRV|269.059998|274.540009|267.899994|271.010010|1473500|0.9883140678|267.843018
2025-10-30|87|C|98.629997|101.459999|98.309998|100.220001|9584000|0.9792834329|98.143784
2025-10-30|88|FDX|249.060005|252.690009|248.109996|248.930008|1767600|0.7954691757|198.016159
2025-10-30|89|WDC|137.759995|142.000000|135.009995|138.130005|13870700|0.9984583045|137.917038
2025-10-30|90|DHR|214.000000|217.490005|212.809998|215.050003|2897200|0.9944303518|213.852234
2025-10-30|91|APA|22.370001|22.959999|22.309999|22.400000|6413700|0.9771167223|21.887413
2025-10-30|92|LUV|30.490000|30.770000|30.049999|30.090000|6580200|0.9870678085|29.700871
2025-10-30|93|PEG|80.160004|81.410004|80.000000|80.750000|2527000|0.9756675447|78.785156
2025-10-30|94|UNP|216.050003|220.300003|215.699997|218.830002|2806900|0.9839040791|215.307709
2025-10-30|95|ABT|125.139999|126.430000|124.330002|124.669998|4877400|0.9817546722|122.395355
2025-10-30|96|ADI|235.039993|236.630005|232.820007|232.899994|2940400|0.9906566026|230.723923
2025-10-30|97|ADM|61.000000|61.360001|60.619999|60.689999|2521000|0.9716117081|58.967113
2025-10-30|98|ADP|262.220001|265.920013|260.220001|261.529999|2792400|0.9780151607|255.780304
2025-10-30|99|AFL|105.970001|107.500000|105.779999|106.839996|1503000|0.9795217260|104.652100
2025-10-30|100|AMAT|237.779999|242.500000|232.080002|232.550003|7317700|0.9944993487|231.270828
2025-10-30|101|AMD|259.920013|263.880005|252.309998|254.839996|45162500|1.0000000000|254.839996
2025-10-30|102|APD|246.830002|248.690002|244.399994|244.660004|1090500|0.9804771664|239.883560
2025-10-30|103|BF-B|26.650000|27.250000|26.510000|26.670000|3551400|0.9746521115|25.993975
2025-10-30|104|CHD|82.480003|83.430000|81.330002|81.800003|4243600|0.9872146942|80.754158
2025-10-30|105|CINF|151.500000|154.610001|150.929993|154.360001|742400|0.9835715596|151.824112
2025-10-30|106|CMCSA|26.090001|28.100000|25.750000|27.320001|64038100|0.9033911576|24.680645
2025-10-30|107|D|59.139999|60.009998|59.049999|59.520000|5005200|0.9687101350|57.657627
2025-10-30|108|DOV|180.070007|185.399994|179.699997|180.139999|1223200|0.9924896872|178.787094
2025-10-30|109|DUK|124.519997|125.879997|124.379997|125.209999|2666400|0.9660947366|120.964714
2025-10-30|110|EFX|214.509995|215.529999|210.809998|211.500000|1224300|0.9915561793|209.714127
2025-10-30|111|EQT|52.009998|53.279999|51.509998|52.450001|7456600|0.9883492503|51.838917
2025-10-30|112|FITB|41.669998|42.750000|41.590000|41.950001|4684000|0.9757841433|40.934143
2025-10-30|113|GIS|46.610001|47.259998|46.529999|47.049999|5910700|0.9532424984|44.850060
2025-10-30|114|GPC|128.809998|131.570007|128.250000|128.399994|713300|0.9724963604|124.868523
2025-10-30|115|HAS|77.650002|78.430000|76.410004|76.550003|2132300|0.9687474839|74.157623
2025-10-30|116|HBAN|15.140000|15.500000|15.110000|15.320000|33092300|0.9725023795|14.898736
2025-10-30|117|HRL|21.570000|21.799999|21.219999|21.290001|7752000|0.9619905057|20.480780
2025-10-30|118|HST|16.240000|16.450001|16.070000|16.080000|6799000|0.9346875076|15.029775
2025-10-30|119|HSY|172.130005|172.929993|163.089996|171.160004|4296700|0.9707271518|166.149658
2025-10-30|120|INTC|40.970001|41.430000|40.110001|40.160000|84855500|1.0000000000|40.160000
2025-10-30|121|J|157.839996|160.869995|157.619995|158.220001|738300|0.9894584622|156.552139
2025-10-30|122|JPM|305.790009|312.609985|305.100006|309.440002|7514600|0.9859988977|305.107483
2025-10-30|123|KMB|120.699997|123.089996|119.459999|120.209999|4659700|0.9627154389|115.728012
2025-10-30|124|L|98.129997|99.720001|98.129997|99.529999|1044200|0.9977044368|99.301529
2025-10-30|125|LEN|123.519997|125.510002|122.540001|124.129997|4998300|0.9844362452|122.198067
2025-10-30|126|LOW|238.070007|243.320007|237.009995|239.820007|2076700|0.9846876283|236.147797
2025-10-30|127|MAS|65.010002|66.589996|64.699997|64.989998|3033500|0.9817399064|63.803276
2025-10-30|128|MTB|181.300003|186.389999|181.300003|182.800003|1187600|0.9784172563|178.854675
2025-10-30|129|NEM|79.809998|83.120003|79.570000|82.309998|10528300|0.9927701446|81.714912
2025-10-30|130|NTRS|127.260002|129.509995|126.589996|126.900002|1059700|0.9838837164|124.854843
2025-10-30|131|NUE|151.289993|153.449997|149.429993|149.740005|1766000|0.9907811186|148.359573
2025-10-30|132|OMC|74.519997|76.589996|73.820000|75.050003|3958400|0.9700503706|72.802284
2025-10-30|133|PCAR|97.720001|99.800003|97.000000|98.820000|2229600|0.9759401745|96.442413
2025-10-30|134|PGR|207.899994|208.789993|206.410004|206.970001|6354000|0.9393741219|194.422241
2025-10-30|135|PH|770.340027|792.530029|769.520020|774.349976|476000|0.9937397742|769.502319
2025-10-30|136|PHM|117.820000|120.320000|117.559998|119.040001|2092300|0.9937132889|118.291641
2025-10-30|137|PPG|98.000000|100.790001|97.180000|97.449997|2748800|0.9744973374|94.964752
2025-10-30|138|PPL|36.570000|37.270000|36.540001|36.820000|6010000|0.9766950417|35.961914
2025-10-30|139|RF|24.100000|24.650000|24.070000|24.200001|30640000|0.9708879210|23.495489
2025-10-30|140|ROL|55.180000|57.970001|54.650002|57.790001|3843300|0.9856812639|56.962521
2025-10-30|141|SHW|347.089996|353.920013|345.109985|347.899994|1609900|0.9906031983|344.630859
2025-10-30|142|STT|116.339996|117.269997|115.190002|115.220001|2894700|0.9820070009|113.146851
2025-10-30|143|SWK|68.790001|70.470001|68.339996|68.580002|1988400|0.9672078260|66.331108
2025-10-30|144|SYK|368.929993|372.399994|368.000000|368.980011|1768100|0.9921744259|366.092529
2025-10-30|145|TMO|551.599976|565.630005|551.599976|556.219971|1315100|0.9972620730|554.697021
2025-10-30|146|TPL|925.700043|948.750000|925.700043|928.500000|110300|0.3318281124|308.102417
2025-10-30|147|TSN|50.590000|51.549999|50.560001|51.410000|2743600|0.9750492370|50.127281
2025-10-30|148|TT|420.600006|458.649994|418.380005|446.369995|2467900|0.9953350758|444.287720
2025-10-30|149|TYL|469.010010|489.920013|450.000000|478.079987|793200|1.0000000000|478.079987
2025-10-30|150|UDR|34.189999|34.189999|33.419998|33.630001|4435500|0.9688744575|32.583244
2025-10-30|151|VTRS|10.270000|10.470000|10.260000|10.360000|7561000|0.9657614708|10.005288
2025-10-30|152|WEC|115.470001|115.470001|111.150002|112.599998|4611900|0.9669333840|108.876686
2025-10-30|153|WST|284.929993|287.269989|277.920013|278.540009|693100|0.9968900108|277.673767
2025-10-30|154|NDSN|232.570007|236.789993|231.360001|231.789993|359800|0.9906696357|229.627319
2025-10-30|155|TFC|43.880001|44.939999|43.840000|44.340000|7313100|0.9589220174|42.518600
2025-10-30|156|WELL|177.770004|181.520004|177.449997|180.880005|2802000|0.9854911345|178.255661
2025-10-30|157|AON|328.070007|330.709991|326.510010|328.190002|2212400|0.9951005240|326.582062
2025-10-30|158|GL|132.270004|134.149994|131.970001|132.440002|726000|0.9938835716|131.629959
2025-10-30|159|OKE|67.169998|67.790001|66.349998|66.720001|4247900|0.9485114183|63.284683
2025-10-30|160|KLAC|1234.219971|1284.470062|1172.809982|1214.410019|2037700|0.0994634319|120.789398
2025-10-30|161|CSX|35.369999|35.880001|35.139999|35.639999|8405100|0.9900119853|35.284027
2025-10-30|162|PSA|293.600006|296.209991|279.970001|280.859985|1652500|0.9701110817|272.465393
2025-10-30|163|NKE|65.180000|66.000000|64.570000|64.900002|13895200|0.9783499344|63.494907
2025-10-30|164|AAPL|271.989990|274.140015|268.480011|271.399994|69886500|0.9963195807|270.401123
2025-10-30|165|BRO|80.279999|81.559998|80.260002|80.449997|4075300|0.9904200305|79.679291
2025-10-30|166|UHS|224.250000|227.160004|218.160004|218.690002|657800|0.9968342486|217.997665
2025-10-30|167|HD|377.709991|384.700012|376.109985|379.549988|2384300|0.9796274407|371.817566
2025-10-30|168|BAX|18.940001|19.809999|18.420000|19.160000|24018300|0.9984613291|19.123142
2025-10-30|169|COP|87.930000|89.250000|87.290001|88.139999|6114200|0.9694370271|85.446175
2025-10-30|170|GLW|88.809998|91.790001|88.500000|90.279999|5411400|0.9932214224|89.668030
2025-10-30|171|HUM|293.000000|293.850006|284.000000|285.609985|1790900|0.9892166205|282.530151
2025-10-30|172|LHX|284.079987|305.160004|282.390015|295.899994|2546600|0.9883920425|292.465210
2025-10-30|173|NOC|585.940002|591.729980|577.739990|578.599976|1102800|0.9884333448|571.907471
2025-10-30|174|OXY|40.320000|41.330002|40.090000|40.700001|9556000|0.9849760250|40.088528
2025-10-30|175|ROK|365.000000|375.019989|364.170013|365.660004|538700|0.9867997940|360.833221
2025-10-30|176|SLB|36.680000|37.049999|36.279999|36.320000|15557600|0.9812007073|35.637207
2025-10-30|177|SO|93.059998|95.519997|93.059998|95.070000|7421400|0.9680357165|92.031151
2025-10-30|178|WMB|57.130001|58.230000|56.529999|57.619999|9956700|0.9774919343|56.323082
2025-10-30|179|VLO|170.240005|173.800003|169.020004|170.100006|1849500|0.9792382128|166.568420
2025-10-30|180|CI|265.000000|273.320007|245.610001|247.100006|9349000|0.9832673314|242.965378
2025-10-30|181|NSC|279.630005|283.410004|279.489990|281.619995|816700|0.9826794519|276.742157
2025-10-30|182|COO|69.709999|70.839996|69.379997|70.110001|2398500|1.0000000000|70.110001
2025-10-30|183|AMGN|290.579987|294.559998|289.000000|292.000000|2058200|0.9730085280|284.118500
2025-10-30|184|RJF|158.630005|159.929993|156.750000|158.050003|1002600|0.9893936166|156.373657
2025-10-30|185|WSM|194.300003|201.210007|191.460007|198.279999|1340300|0.9895967846|196.217255
2025-10-30|186|CAH|181.440002|195.149994|181.440002|189.839996|7173500|0.9929397050|188.499664
2025-10-30|187|CTAS|184.210007|186.860001|183.399994|183.979996|1975700|0.9900452227|182.148529
2025-10-30|188|PAYX|117.769997|118.639999|116.820000|117.230003|2476200|0.9578135440|112.284492
2025-10-30|189|BEN|22.809999|23.000000|22.629999|22.770000|3160000|0.9625940231|21.918266
2025-10-30|190|AOS|65.580002|67.300003|65.550003|66.699997|1859300|0.9781906723|65.245308
2025-10-30|191|CASY|526.299988|527.099976|516.000000|518.539978|421800|0.9965302403|516.740784
2025-10-30|192|T|24.990000|25.180000|24.620001|24.680000|82167800|0.9652496452|23.822361
2025-10-30|193|VZ|40.020000|40.189999|38.770000|38.959999|47371000|0.9521495225|37.095745
2025-10-30|194|JBHT|168.210007|168.979996|166.210007|166.639999|1093500|0.9918818614|165.287170
2025-10-30|195|ATO|172.410004|174.130005|172.259995|173.350006|660300|0.9773427979|169.422379
2025-10-30|196|LRCX|162.369995|165.220001|160.300003|161.009995|10440600|0.9964597456|160.439972
2025-10-30|197|MU|226.100006|227.399994|220.740005|224.009995|14795100|0.9990228227|223.791077
2025-10-30|198|AJG|264.500000|265.829987|261.290009|262.029999|2712700|0.9910126646|259.675049
2025-10-30|199|AME|196.169998|200.419998|192.270004|198.320007|3522800|0.9953689352|197.401581
2025-10-30|200|SWKS|78.739998|81.120003|78.489998|79.160004|3924000|0.9685989226|76.674294
2025-10-30|201|EXPD|119.099998|121.699997|118.580002|120.190002|1225400|0.9896583057|118.947037
2025-10-30|202|UNH|347.519989|354.540009|343.600006|344.750000|11441900|0.9800610506|337.876038
2025-10-30|203|BBY|83.489998|84.669998|82.800003|83.180000|2490400|0.9593973356|79.802666
2025-10-30|204|DOC|17.520000|17.910000|17.500000|17.570000|9628600|0.9458004738|16.617712
2025-10-30|205|ADSK|295.250000|303.570007|295.250000|300.769989|1527800|1.0000000000|300.769989
2025-10-30|206|DVN|31.910000|32.490002|31.650000|32.009998|6257100|0.9814598964|31.416531
2025-10-30|207|NVR|7335.000000|7390.120117|7184.000000|7245.709961|19600|1.0000000000|7245.709961
2025-10-30|208|ROST|158.919998|159.419998|157.559998|158.070007|1619900|0.9936631572|157.068329
2025-10-30|209|JKHY|149.889999|151.960007|149.539993|149.880005|952000|0.9886171552|148.173950
2025-10-30|210|MNST|66.870003|67.449997|66.269997|66.570000|8725500|0.5000000000|66.570000
2025-10-30|211|ORCL|268.739990|269.760010|256.279999|256.890015|27954200|0.9904465499|254.435837
2025-10-30|212|MSFT|530.479980|534.969971|522.119995|525.760010|41023100|0.9918394551|521.469543
2025-10-30|213|TROW|103.290001|103.940002|102.000000|102.129997|2113200|0.9618549978|98.234245
2025-10-30|214|COST|912.690002|923.000000|910.369995|920.179993|2677100|0.9941992924|914.842285
2025-10-30|215|ADBE|338.200012|344.700012|333.100006|339.239990|4373200|1.0000000000|339.239990
2025-10-30|216|FISV|68.870003|70.099998|64.519997|65.190002|63794800|1.0000000000|65.190002
2025-10-30|217|BKR|48.070000|49.160000|47.700001|48.580002|6193500|0.9846041741|47.832073
2025-10-30|218|CDNS|340.000000|342.200012|333.410004|336.089996|1559500|1.0000000000|336.089996
2025-10-30|219|TJX|141.610001|143.490005|141.399994|142.289993|4168600|0.9879468300|140.574936
2025-10-30|220|FICO|1569.329956|1626.560059|1561.609985|1585.359985|250200|1.0000000000|1585.359985
2025-10-30|221|CCL|27.620001|28.930000|27.549999|28.330000|23362400|0.9841845235|27.881947
2025-10-30|222|FAST|41.110001|41.630001|40.900002|41.549999|5650100|0.9838279433|40.878052
2025-10-30|223|SCHW|94.690002|95.529999|93.540001|94.410004|5753500|0.9873800864|93.218559
2025-10-30|224|JCI|113.070000|116.480003|112.389999|114.209999|3424100|0.9941759575|113.544838
2025-10-30|225|COHR|134.460007|137.169998|132.429993|132.710007|3002500|1.0000000000|132.710007
2025-10-30|226|KEY|17.389999|17.809999|17.389999|17.510000|11796800|0.9696888308|16.979250
2025-10-30|227|MOS|28.440001|28.469999|27.350000|27.709999|6039000|0.9727377902|26.954563
2025-10-30|228|MGM|29.240000|31.410000|29.190001|30.719999|12463900|1.0000000000|30.719999
2025-10-30|229|WM|198.000000|201.419998|197.440002|200.570007|2693100|0.9879218676|198.147491
2025-10-30|230|TECH|61.849998|62.230000|60.810001|60.959999|1424600|0.9943671322|60.616623
2025-10-30|231|IEX|173.309998|177.000000|170.300003|170.300003|855900|0.9895889092|168.526978
2025-10-30|232|GEN|25.860001|26.290001|25.790001|26.090000|6020300|0.9804358251|25.579569
2025-10-30|233|CRH|117.510002|118.860001|116.489998|117.230003|3350000|0.9889154582|115.930565
2025-10-30|234|EOG|105.570000|106.410004|104.940002|105.459999|3698700|0.9756845809|102.895691
2025-10-30|235|PTC|196.779999|200.130005|196.029999|197.380005|770600|1.0000000000|197.380005
2025-10-30|236|CSCO|71.370003|73.110001|71.339996|72.910004|18101800|0.9856294108|71.862251
2025-10-30|237|LH|248.910004|255.910004|248.899994|252.330002|1609100|0.9921089357|249.803299
2025-10-30|238|TRMB|79.290001|80.449997|78.639999|78.870003|1180200|1.0000000000|78.870003
2025-10-30|239|AZO|3670.600098|3756.330078|3670.600098|3705.629883|136500|1.0000000000|3705.629883
2025-10-30|240|REGN|645.559998|664.000000|643.919983|654.039978|1120700|0.9948983635|650.703308
2025-10-30|241|IDXX|627.659973|632.940002|626.869995|628.539978|373200|1.0000000000|628.539978
2025-10-30|242|AES|14.280000|14.400000|13.990000|14.020000|7956700|0.9525797478|13.355169
2025-10-30|243|VRTX|417.190002|422.950012|415.000000|419.890015|1234400|1.0000000000|419.890015
2025-10-30|244|ZBRA|267.839996|268.299988|260.450012|261.369995|943700|1.0000000000|261.369995
2025-10-30|245|BIIB|140.100006|154.440002|138.000000|149.610001|2745200|1.0000000000|149.610001
2025-10-30|246|ODFL|136.320007|140.199997|134.839996|137.250000|2762400|0.9953671039|136.614120
2025-10-30|247|APH|139.000000|140.759995|137.660004|139.110001|7402800|0.9946061744|138.359650
2025-10-30|248|KIM|21.559999|21.840000|20.910000|20.990000|8054500|0.9657396580|20.270878
2025-10-30|249|QCOM|178.679993|179.880005|177.190002|177.259995|7862900|0.9849314898|174.588943
2025-10-30|250|GILD|118.800003|120.519997|117.519997|118.440002|8349600|0.9813788839|116.234505
2025-10-30|251|ROP|446.309998|453.029999|442.690002|443.399994|1443300|0.9929279129|440.264252
2025-10-30|252|SNPS|450.000000|452.769989|438.549988|442.929993|1717000|1.0000000000|442.929993
2025-10-30|253|STZ|130.000000|130.979996|128.800003|128.880005|2773600|0.9792322433|126.203453
2025-10-30|254|BSX|100.760002|102.269997|100.489998|100.570000|6834600|1.0000000000|100.570000
2025-10-30|255|STE|235.789993|239.419998|235.399994|236.190002|697900|0.9945039836|234.891891
2025-10-30|256|DHI|148.000000|151.229996|147.020004|149.289993|2569200|0.9881394354|147.519318
2025-10-30|257|LIN|432.450012|435.190002|428.609985|429.910004|3635300|0.9898650243|425.552887
2025-10-30|258|SBUX|82.230003|86.050003|81.250000|83.150002|18337500|0.9751160265|81.080894
2025-10-30|259|MS|163.820007|167.000000|163.399994|165.259995|4960500|0.9778330741|161.596695
2025-10-30|260|INTU|653.080017|665.929993|652.500000|656.179993|1435200|0.9906980199|650.076233
2025-10-30|261|MCHP|62.779999|63.419998|61.919998|62.070000|5752900|0.9744763190|60.485744
2025-10-30|262|CB|279.260010|280.869995|277.329987|278.059998|2180300|0.9939554166|276.379242
2025-10-30|263|ORLY|95.470001|96.370003|94.529999|95.150002|5747800|1.0000000000|95.150002
2025-10-30|264|RCL|276.989990|290.820007|275.209991|284.529999|3148100|0.9862054091|280.605042
2025-10-30|265|JBL|220.889999|228.899994|219.089996|221.470001|911400|0.9988481715|221.214905
2025-10-30|266|ALL|190.910004|193.009995|190.860001|191.880005|1127200|0.9851043015|189.021820
2025-10-30|267|CPT|98.019997|99.589996|97.389999|99.349998|2434900|0.9704206326|96.411285
2025-10-30|268|VMRK|59.000000|60.500000|58.599998|60.310001|4546100|0.9671264641|58.327400
2025-10-30|269|IT|249.009995|253.000000|247.600006|248.399994|623400|1.0000000000|248.399994
2025-10-30|270|DECK|83.580002|83.580002|80.639999|80.889999|6206100|1.0000000000|80.889999
2025-10-30|271|REG|69.349998|73.690002|69.239998|69.389999|2045800|0.9701425273|67.318192
2025-10-30|272|INCY|91.339996|94.620003|91.190002|92.589996|2405300|1.0000000000|92.589996
2025-10-30|273|SPG|174.020004|175.660004|173.119995|173.350006|1571500|0.9659807077|167.452759
2025-10-30|274|MAA|126.459999|129.600006|126.459999|128.809998|2662400|0.9656183896|124.381310
2025-10-30|275|MLM|606.000000|616.159973|604.219971|613.020020|470600|0.9960197565|610.580078
2025-10-30|276|TSCO|54.220001|54.930000|53.520000|54.119999|4235000|0.9764906296|52.847664
2025-10-30|277|ALB|99.000000|100.620003|96.580002|97.889999|2366900|0.9919948535|97.106377
2025-10-30|278|CPRT|42.419998|42.990002|42.259998|42.480000|6075200|1.0000000000|42.480000
2025-10-30|279|FLEX|65.779999|66.889999|63.250000|63.990002|4546500|1.0000000000|63.990002
2025-10-30|280|ESS|250.160004|255.399994|243.250000|249.820007|1097300|0.9710345219|242.583862
2025-10-30|281|O|58.520000|58.840000|57.880001|57.910000|7396400|0.9566399898|55.399021
2025-10-30|282|MCO|474.269989|487.529999|472.890015|478.970001|785900|0.9914008639|474.851288
2025-10-30|283|SJM|101.430000|102.639999|101.059998|102.349998|1166200|0.9604551346|98.302574
2025-10-30|284|MCK|825.020020|846.320007|821.700012|825.530029|919200|0.9971371280|823.166687
2025-10-30|285|COF|218.229996|222.979996|217.979996|218.380005|2808400|0.9846948620|215.037674
2025-10-30|286|EME|665.000000|715.830017|632.059998|648.000000|1422400|0.9983902989|646.956909
2025-10-30|287|DLTR|101.940002|102.010002|98.660004|98.800003|3064900|1.0000000000|98.800003
2025-10-30|288|COR|343.200012|350.459991|340.170013|341.209991|1353600|0.9924371875|338.629486
2025-10-30|289|DRI|180.970001|181.360001|177.830002|178.199997|1192900|0.9771066651|174.120407
2025-10-30|290|RMD|255.270004|257.100006|251.050003|252.259995|1777200|0.9895309167|249.619080
2025-10-30|291|WAB|199.460007|206.000000|198.539993|203.139999|1039100|0.9953491745|202.195236
2025-10-30|292|FCX|41.759998|42.340000|40.860001|41.730000|11822900|0.9929128187|41.434254
2025-10-30|293|IVZ|24.030001|24.209999|23.450001|23.480000|4330500|0.9692003654|22.756824
2025-10-30|294|ACGL|86.089996|87.120003|85.000000|86.639999|3465500|1.0000000000|86.639999
2025-10-30|295|ERIE|303.640015|314.510010|303.640015|309.640015|183000|0.9834606060|304.518738
2025-10-30|296|EG|311.630005|314.399994|307.149994|309.179993|672600|0.9878843207|305.434082
2025-10-30|297|DVA|124.870003|128.399994|117.730003|118.750000|2541100|1.0000000000|118.750000
2025-10-30|298|HSIC|62.669998|64.330002|62.320000|62.900002|1626100|1.0000000000|62.900002
2025-10-30|299|EL|94.589996|100.199997|92.389999|97.610001|5636600|0.9893232983|96.567848
2025-10-30|300|WAT|344.640015|350.359985|342.269989|342.899994|603800|1.0000000000|342.899994
2025-10-30|301|NTAP|114.129997|116.290001|113.669998|115.570000|1302800|0.9870750252|114.076256
2025-10-30|302|HIG|122.720001|124.080002|122.709999|123.459999|1319000|0.9867007020|121.818069
2025-10-30|303|IRM|100.980003|103.589996|100.980003|101.300003|1154900|0.9749654551|98.764008
2025-10-30|304|BRK-B|474.839996|480.910004|474.839996|478.519989|4786600|1.0000000000|478.519989
2025-10-30|305|FDS|268.649994|275.000000|266.130005|269.040009|1049900|0.9861098905|265.303009
2025-10-30|306|STLD|162.669998|163.250000|158.009995|158.179993|1269000|0.9917509611|156.875153
2025-10-30|307|DGX|175.240005|178.880005|174.910004|175.750000|1427000|0.9871163208|173.485687
2025-10-30|308|CIEN|188.169998|193.740005|186.130005|188.960007|1940800|1.0000000000|188.960007
2025-10-30|309|TTWO|251.460007|255.979996|250.000000|252.779999|1264900|1.0000000000|252.779999
2025-10-30|310|VTR|70.470001|74.709999|68.150002|74.360001|5636600|0.9818295408|73.008850
2025-10-30|311|AMZN|227.059998|228.440002|222.750000|222.860001|102252900|1.0000000000|222.860001
2025-10-30|312|ARE|55.340000|58.060001|55.020000|56.369999|7501200|0.9575530500|53.977264
2025-10-30|313|RL|328.329987|330.250000|320.809998|322.880005|526900|0.9923194237|320.400116
2025-10-30|314|BXP|70.830002|71.750000|69.750000|70.430000|2219200|0.9663309942|68.058693
2025-10-30|315|FIX|994.440002|1020.260010|957.159973|963.299988|509200|0.9979565203|961.331482
2025-10-30|316|YUM|139.050003|140.029999|137.369995|139.059998|2065300|0.9858960568|137.098694
2025-10-30|317|CHRW|149.610001|158.699997|149.220001|154.880005|5571700|0.9892308245|153.212082
2025-10-30|318|FE|45.939999|46.450001|45.900002|46.220001|3394300|0.9613759059|44.434795
2025-10-30|319|MTD|1382.829956|1405.849976|1372.459961|1377.010010|129900|1.0000000000|1377.010010
2025-10-30|320|PLD|122.820000|124.660004|122.550003|124.230003|2367100|0.9772581725|121.404785
2025-10-30|321|URI|867.729980|883.030029|858.489990|858.909973|503700|0.9918999023|851.952637
2025-10-30|322|AEE|102.639999|103.309998|102.300003|102.730003|1453800|0.9792499824|100.598358
2025-10-30|323|VRSN|233.289993|239.649994|231.000000|235.600006|1192300|0.9876930267|232.700485
2025-10-30|324|PWR|440.410004|460.859985|438.980011|453.829987|1765900|0.9993903388|453.553284
2025-10-30|325|AMT|180.250000|182.580002|178.470001|179.449997|2954900|0.9712942756|174.298752
2025-10-30|326|MAR|263.299988|267.320007|261.700012|262.269989|1217900|0.9917417055|260.104126
2025-10-30|327|CTSH|71.690002|73.139999|70.809998|72.190002|7782900|0.9779331176|70.596992
2025-10-30|328|SRE|92.489998|93.220001|92.279999|92.440002|2064100|0.9788895267|90.488548
2025-10-30|329|CSGP|70.660004|70.760002|68.400002|69.639999|5184600|1.0000000000|69.639999
2025-10-30|330|RSG|209.910004|212.710007|209.750000|209.919998|2493000|0.9913326285|208.100555
2025-10-30|331|CCI|92.440002|94.019997|90.900002|91.320000|2800800|0.9648543647|88.110504
2025-10-30|332|EBAY|85.599998|87.879997|83.480003|83.730003|16061200|0.9904184858|82.676384
2025-10-30|333|NVDA|205.149994|206.160004|201.410004|202.889999|178864400|0.9987261828|202.631561
2025-10-30|334|BKNG|5063.389969|5279.759979|5054.999924|5080.210114|326000|0.0397328628|201.851288
2025-10-30|335|GS|783.559998|807.140015|780.599976|790.159973|1829500|0.9855142723|778.713928
2025-10-30|336|FFIV|257.269989|261.459991|256.010010|256.690002|936700|1.0000000000|256.690002
2025-10-30|337|SBAC|190.059998|194.190002|189.789993|191.139999|1320100|0.9751039390|186.381348
2025-10-30|338|LII|483.910004|508.739990|479.399994|495.690002|712500|0.9920705337|491.759430
2025-10-30|339|BLK|1097.400024|1106.890015|1090.949951|1098.050049|631700|0.9841011192|1080.592163
2025-10-30|340|TKO|186.130005|190.000000|186.000000|187.779999|860700|0.9884090368|185.603455
2025-10-30|341|AKAM|72.860001|75.199997|72.760002|73.930000|1625600|1.0000000000|73.930000
2025-10-30|342|UPS|97.080002|98.300003|94.860001|95.059998|10073600|0.9383630641|89.200798
2025-10-30|343|A|142.929993|145.270004|142.210007|143.360001|1519600|0.9940314297|142.504349
2025-10-30|344|TDY|515.770020|527.450012|515.770020|517.750000|444200|1.0000000000|517.750000
2025-10-30|345|PKG|195.570007|199.009995|194.830002|196.160004|825400|0.9816059808|192.551849
2025-10-30|346|EW|82.949997|83.709999|82.349998|83.480003|6525200|1.0000000000|83.480003
2025-10-30|347|MET|78.570000|80.019997|78.269997|79.160004|2774900|0.9722454281|76.962952
2025-10-30|348|ON|51.180000|51.880001|50.830002|50.849998|9139600|1.0000000000|50.849998
2025-10-30|349|ISRG|534.369995|538.000000|529.309998|530.020020|1777000|1.0000000000|530.020020
2025-10-30|350|CRL|177.119995|182.059998|177.119995|179.110001|784700|1.0000000000|179.110001
2025-10-30|351|MRVL|89.279999|90.459999|88.360001|88.570000|11903800|0.9985347355|88.440216
2025-10-30|352|EQIX|801.390015|853.830017|801.390015|833.159973|1065200|0.9790491812|815.704590
2025-10-30|353|TPR|112.050003|113.230003|110.010002|111.370003|3207400|0.9910289553|110.370895
2025-10-30|354|GRMN|219.160004|224.970001|214.910004|214.970001|1401200|0.9875544034|212.294571
2025-10-30|355|GPN|79.349998|81.220001|78.620003|78.690002|2065400|0.9898898052|77.894432
2025-10-30|356|ALGN|145.220001|150.779999|137.619995|138.429993|3842800|1.0000000000|138.429993
2025-10-30|357|WTW|324.940002|325.540009|313.190002|317.000000|1128600|0.9903328749|313.935547
2025-10-30|358|MDLZ|58.240002|59.259998|57.630001|57.779999|12884300|0.9742061707|56.289631
2025-10-30|359|AXON|760.849976|760.849976|737.630005|738.880005|491200|1.0000000000|738.880005
2025-10-30|360|FIS|62.119999|63.279999|61.770000|62.389999|5024300|0.9743297530|60.788437
2025-10-30|361|ACN|245.809998|251.880005|245.479996|249.250000|3982200|0.9798095806|244.217529
2025-10-30|362|ZBH|99.169998|99.989998|98.739998|99.559998|1416100|0.9920119396|98.764702
2025-10-30|363|BG|95.949997|96.870003|95.000000|95.139999|1163900|0.9749906568|92.760620
2025-10-30|364|PFG|82.430000|83.970001|82.349998|82.739998|934800|0.9740293311|80.591187
2025-10-30|365|ELV|333.000000|335.380005|321.799988|321.950012|1709900|0.9847701459|317.046753
2025-10-30|366|CNC|36.759998|37.070000|35.020000|35.020000|12214200|1.0000000000|35.020000
2025-10-30|367|PRU|103.410004|104.900002|102.510002|103.089996|2493500|0.9496925157|97.903801
2025-10-30|368|NFLX|1094.400024|1106.159973|1088.109970|1089.000015|4158100|0.1000000000|108.900002
2025-10-30|369|NDAQ|85.580002|86.330002|85.419998|85.660004|2306000|0.9903103249|84.829987
2025-10-30|370|WYNN|119.040001|121.949997|119.040001|119.769997|1111800|0.9907231274|118.658913
2025-10-30|371|CME|263.920013|265.850006|262.350006|262.890015|1568700|0.9671562481|254.255753
2025-10-30|372|STX|258.209991|274.480011|258.000000|268.339996|7175700|0.9949371232|266.981415
2025-10-30|373|NRG|176.429993|180.080002|172.869995|173.139999|1769200|0.9877934975|171.026581
2025-10-30|374|AIZ|209.009995|213.039993|208.610001|212.429993|319100|0.9887198190|210.033752
2025-10-30|375|CBRE|152.000000|155.399994|150.500000|152.889999|1409200|1.0000000000|152.889999
2025-10-30|376|CRM|250.500000|259.279999|250.000000|256.649994|7767800|0.9933339931|254.939148
2025-10-30|377|DPZ|402.829987|407.079987|401.839996|403.959991|685200|0.9848757173|397.850403
2025-10-30|378|EXR|137.589996|139.000000|130.669998|134.800003|3030400|0.9661267437|130.233887
2025-10-30|379|GOOG|291.720001|291.929993|280.450012|281.899994|48570000|0.9980438060|281.348541
2025-10-30|380|GOOGL|291.589996|291.589996|280.059998|281.480011|74876000|0.9980471771|280.930359
2025-10-30|381|DLR|166.880005|172.080002|166.289993|170.750000|2069100|0.9788235933|167.134125
2025-10-30|382|MPWR|1070.760010|1100.510010|1070.760010|1087.560059|1262700|0.9948016730|1081.906616
2025-10-30|383|LVS|58.509998|59.320000|57.599998|58.950001|4089800|0.9787990268|57.700203
2025-10-30|384|DXCM|68.360001|69.169998|68.000000|68.199997|7250700|1.0000000000|68.199997
2025-10-30|385|BLDR|119.629997|124.949997|110.779999|111.690002|3714400|1.0000000000|111.690002
2025-10-30|386|WBD|21.469999|21.840000|21.360001|21.620001|35748900|1.0000000000|21.620001
2025-10-30|387|EXPE|219.250000|224.529999|218.039993|220.470001|1249100|0.9926306212|218.845276
2025-10-30|388|CF|84.029999|84.449997|82.599998|82.809998|2144700|0.9797238699|81.130928
2025-10-30|389|AMP|462.769989|466.200012|451.019989|454.109985|1265300|0.9868973539|448.159912
2025-10-30|390|ICE|146.550003|152.220001|146.050003|148.520004|6950500|0.9901381914|147.055328
2025-10-30|391|PSKY|15.790000|15.860000|15.370000|15.460000|4880200|0.9863259572|15.248599
2025-10-30|392|LYV|148.009995|150.460007|147.389999|148.020004|3026200|1.0000000000|148.020004
2025-10-30|393|CMG|31.270000|34.130001|31.010000|32.529999|110050500|1.0000000000|32.529999
2025-10-30|394|UAL|94.930000|95.760002|92.339996|93.379997|6272300|1.0000000000|93.379997
2025-10-30|395|TDG|1312.819946|1333.589966|1304.170044|1306.140015|259900|1.0000000000|1306.140015
2025-10-30|396|MA|551.559998|562.919983|545.640015|553.679993|4284700|0.9951190330|550.977539
2025-10-30|397|LDOS|188.570007|192.240005|188.080002|190.919998|835500|0.9917626624|189.347321
2025-10-30|398|FSLR|237.139999|242.520004|232.770004|233.580002|2529300|1.0000000000|233.580002
2025-10-30|399|BR|220.240005|223.000000|219.190002|221.000000|1095500|0.9836780236|217.392838
2025-10-30|400|SMCI|51.900002|52.320000|50.330002|50.369999|17736600|1.0000000000|50.369999
2025-10-30|401|TMUS|215.220001|215.979996|209.580002|210.649994|6235200|0.9849640725|206.292053
2025-10-30|402|DAL|58.209999|58.720001|56.990002|57.119999|7191600|0.9922015511|56.674553
2025-10-30|403|IBKR|68.660004|70.559998|68.320000|68.510002|3071200|0.9966884542|68.283127
2025-10-30|404|PODD|316.809998|320.429993|311.500000|311.950012|403500|1.0000000000|311.950012
2025-10-30|405|TEL|240.960007|247.339996|240.000000|243.449997|1617100|0.9892434805|240.831329
2025-10-30|406|BX|147.500000|151.000000|146.240005|148.389999|4497600|0.9610163599|142.605209
2025-10-30|407|LULU|168.000000|172.210007|166.779999|168.020004|2832400|1.0000000000|168.020004
2025-10-30|408|ULTA|506.070007|519.299988|498.000000|509.660004|496700|1.0000000000|509.660004
2025-10-30|409|MSCI|568.570007|589.200012|568.169983|583.140015|697800|0.9858483453|574.887634
2025-10-30|410|ECHO|72.980003|74.260002|72.000000|73.160004|3004600|1.0000000000|73.160004
2025-10-30|411|PM|146.779999|147.429993|145.039993|145.759995|5747900|0.9741176592|141.987381
2025-10-30|412|V|342.220001|349.720001|341.790009|345.029999|6411800|0.9920658607|342.292480
2025-10-30|413|AWK|130.130005|131.050003|126.449997|126.699997|2298800|0.9734433274|123.335266
2025-10-30|414|KDP|27.320000|27.889999|27.240000|27.680000|21264100|0.9761522236|27.019894
2025-10-30|415|SW|37.419998|37.577999|35.869999|36.040001|10299900|0.9711821711|35.001411
2025-10-30|416|AVGO|386.399994|386.399994|370.059998|376.470001|24295300|0.9944270811|374.371979
2025-10-30|417|VRSK|210.740005|217.649994|210.009995|217.600006|3877500|0.9927002374|216.011566
2025-10-30|418|DG|100.660004|100.870003|99.040001|99.580002|2461900|0.9860246787|98.188339
2025-10-30|419|FTNT|84.580002|85.599998|84.150002|84.199997|4575300|1.0000000000|84.199997
2025-10-30|420|CHTR|225.000000|243.600006|224.279999|230.919998|3957200|1.0000000000|230.919998
2025-10-30|421|FERG|248.839996|252.080002|245.750000|245.770004|995100|0.9848254111|242.040558
2025-10-30|422|GNRC|178.559998|181.020004|164.020004|165.779999|2528700|1.0000000000|165.779999
2025-10-30|423|LYB|45.599998|46.270000|45.090000|45.200001|6806000|0.9407211657|42.520599
2025-10-30|424|CBOE|232.119995|238.559998|232.119995|236.809998|1125600|0.9954503651|235.732590
2025-10-30|425|TSLA|451.049988|455.059998|439.609985|440.100006|72447900|1.0000000000|440.100006
2025-10-30|426|KKR|118.660004|120.260002|117.750000|118.110001|3865300|0.9928030964|117.259979
2025-10-30|427|NXPI|204.649994|209.699997|203.380005|206.380005|3417100|0.9870653625|203.710556
2025-10-30|428|GM|68.660004|69.779999|68.389999|68.669998|7559500|0.9934966717|68.223419
2025-10-30|429|TRGP|150.970001|154.070007|150.000000|151.520004|1269100|0.9789495349|148.330444
2025-10-30|430|CPAY|268.730011|273.190002|254.389999|255.000000|1904100|1.0000000000|255.000000
2025-10-30|431|KMI|25.940001|26.330000|25.730000|26.080000|15228400|0.9613533449|25.072096
2025-10-30|432|HCA|468.000000|478.190002|464.589996|466.799988|1513900|0.9950375716|464.483551
2025-10-30|433|HII|315.000000|330.000000|310.000000|319.070007|981500|0.9882397967|313.853973
2025-10-30|434|APO|124.739998|125.989998|123.199997|123.449997|4091500|0.9837214596|121.440414
2025-10-30|435|MPC|196.440002|200.649994|195.490005|195.630005|1697200|0.9835714275|192.416077
2025-10-30|436|XYL|152.660004|154.270004|151.419998|151.529999|1508800|0.9861759388|149.435242
2025-10-30|437|APTV|81.349998|84.400002|80.669998|82.120003|2916400|1.0000000000|82.120003
2025-10-30|438|PSX|137.270004|141.369995|136.059998|137.070007|3093600|0.9712393490|133.127792
2025-10-30|439|AMCR|7.930000|8.040000|7.830000|7.850000|36380200|4.8543684849|38.106792
2025-10-30|440|META|669.150024|680.960022|650.169983|666.469971|88440100|0.9974059053|664.741150
2025-10-30|441|NOW|926.729965|964.830017|896.930008|934.680023|3040600|0.2000000000|186.936005
2025-10-30|442|PANW|217.539993|221.270004|216.610001|218.270004|3759900|1.0000000000|218.270004
2025-10-30|443|FANG|143.630005|144.610001|141.910004|142.149994|1392100|0.9764795206|138.806549
2025-10-30|444|WDAY|231.899994|235.589996|230.759995|232.869995|1947800|1.0000000000|232.869995
2025-10-30|445|ABBV|227.050003|229.649994|226.410004|228.199997|5020700|0.9769027438|222.929214
2025-10-30|446|NCLH|21.920000|22.760000|21.840000|22.219999|16756900|1.0000000000|22.219999
2025-10-30|447|ZTS|142.440002|145.039993|142.440002|144.100006|2476000|0.9811560666|141.384583
2025-10-30|448|IQV|215.990005|220.160004|215.990005|216.470001|1755900|1.0000000000|216.470001
2025-10-30|449|NWS|30.200001|30.639999|29.930000|30.510000|679500|0.9963262306|30.397913
2025-10-30|450|NWSA|26.070000|26.530001|25.770000|26.480000|2738900|0.9958385353|26.369804
2025-10-30|451|CDW|157.320007|159.160004|156.570007|156.800003|1092400|0.9800438553|153.670868
2025-10-30|452|VEEV|286.660004|289.839996|285.000000|285.029999|519000|1.0000000000|285.029999
2025-10-30|453|ALLE|165.380005|167.660004|164.270004|165.289993|636400|0.9921390873|163.990662
2025-10-30|454|HLT|260.010010|263.309998|258.130005|260.179993|1697300|0.9980421657|259.670624
2025-10-30|455|ARES|149.929993|151.059998|146.270996|147.289993|2639400|0.9704279397|142.934341
2025-10-30|456|ANET|162.470001|164.940002|158.399994|158.440002|6911300|1.0000000000|158.440002
2025-10-30|457|SYF|73.070000|74.809998|73.000000|73.589996|2571300|0.9836138777|72.384140
2025-10-30|458|CFG|50.369999|51.490002|50.200001|50.570000|3546300|0.9795741096|49.537067
2025-10-30|459|KEYS|170.460007|176.830002|169.684998|175.369995|1684900|1.0000000000|175.369995
2025-10-30|460|GDDY|126.250000|128.789993|125.000000|126.739998|2499300|1.0000000000|126.739998
2025-10-30|461|KHC|24.320000|24.775000|24.100000|24.580000|30901900|0.9508904028|23.372887
2025-10-30|462|PYPL|69.834999|70.769997|67.900002|67.930000|19550800|0.9914138539|67.346748
2025-10-30|463|LITE|206.570007|212.940002|198.539993|200.130005|4242400|1.0000000000|200.130005
2025-10-30|464|HPE|24.150000|24.747999|24.040001|24.410000|39387200|0.9847720717|24.038286
2025-10-30|465|XYZ|76.470001|76.470001|73.714996|73.919998|6301800|1.0000000000|73.919998
2025-10-30|466|FTV|50.709999|52.830002|50.240002|51.250000|4907700|0.9968000114|51.085999
2025-10-30|467|DELL|160.889999|164.070007|160.210007|161.009995|3105200|0.9909355870|159.550522
2025-10-30|468|TTD|49.555000|50.570000|48.779999|48.970001|7389700|1.0000000000|48.970001
2025-10-30|469|VST|194.679993|198.820007|188.539993|189.710007|3805400|0.9958526400|188.923218
2025-10-30|470|HWM|201.119995|211.949997|200.000000|201.770004|3983100|0.9979223317|201.350800
2025-10-30|471|INVH|27.540001|28.715000|27.379999|28.410000|8331400|0.9672165501|27.478622
2025-10-30|472|CVNA|312.099991|326.710014|301.259995|305.070000|12216700|0.2000000000|61.014000
2025-10-30|473|IR|79.349998|81.080002|78.529999|78.730003|5546600|0.9990084054|78.651932
2025-10-30|474|VICI|29.754999|29.889999|29.370001|29.520000|11161200|0.9523421134|28.113142
2025-10-30|475|VRT|193.860001|202.449997|192.389999|193.759995|5693500|0.9991812568|193.601364
2025-10-30|476|MRNA|24.424999|29.200001|24.250000|28.139999|48698700|1.0000000000|28.139999
2025-10-30|477|FOXA|62.930000|66.559998|62.000000|65.510002|6256000|0.9951185496|65.190216
2025-10-30|478|FOX|56.244999|59.990002|56.000000|58.830002|2436600|0.9946544484|58.515526
2025-10-30|479|DOW|24.370001|24.495001|23.780001|23.799999|11446600|0.9640247460|22.943787
2025-10-30|480|UBER|95.410004|97.620003|94.559998|96.489998|13556600|1.0000000000|96.489998
2025-10-30|481|CTVA|61.279999|61.955002|60.939999|61.700001|5796300|0.9928033602|61.255970
2025-10-30|482|CRWD|543.109985|549.979980|534.104980|538.679993|1954900|0.2500000000|134.669998
2025-10-30|483|DDOG|155.000000|159.889999|153.000000|157.070007|2530600|1.0000000000|157.070007
2025-10-30|484|CARR|60.070000|61.000000|58.349998|58.849998|10231800|0.9886394999|58.181435
2025-10-30|485|OTIS|92.550003|93.830002|92.190002|92.489998|2422000|0.9789066234|90.539078
2025-10-30|486|PLTR|198.425003|199.669998|194.119995|194.550003|43541700|1.0000000000|194.550003
2025-10-30|487|DASH|264.165009|265.454987|254.029999|254.070007|3204500|1.0000000000|254.070007
2025-10-30|488|ABNB|125.470001|128.274994|125.260002|126.339996|4013400|1.0000000000|126.339996
2025-10-30|489|EXE|100.410004|101.980003|98.919998|100.519997|2808000|0.9779564541|98.304184
2025-10-30|490|COIN|343.470001|344.220001|328.209991|328.510010|8947700|1.0000000000|328.510010
2025-10-30|491|APP|622.950012|638.380005|619.750000|620.619995|3560200|1.0000000000|620.619995
2025-10-30|492|HOOD|142.389999|144.149994|137.250000|138.070007|19706900|1.0000000000|138.070007
2025-10-30|493|CEG|397.149994|400.980011|381.989990|382.480011|2218200|0.9944409722|380.353790
2025-10-30|494|GEHC|77.379997|77.379997|73.949997|75.000000|3474800|0.9985528329|74.891457
2025-10-30|495|KVUE|14.360000|14.370000|14.020000|14.240000|34414100|0.9540880845|13.586213
2025-10-30|496|VLTO|99.550003|100.739998|99.410004|100.379997|2112200|0.9957401186|99.952385
2025-10-30|497|RDDT|209.410004|209.470001|193.809998|194.419998|12953300|1.0000000000|194.419998
2025-10-30|498|SOLV|69.669998|70.680000|69.139999|69.279999|569000|1.0000000000|69.279999
2025-10-30|499|GEV|570.000000|592.669983|569.500000|574.070007|2305100|0.9981503345|573.008179
2025-10-30|500|SNDK|192.020004|204.919998|191.089996|195.820007|7341500|1.0000000000|195.820007
2025-10-30|501|Q|94.099998|94.980003|91.675003|93.400002|122600|0.9980995006|93.222496
