date|security_id|ticker|open|high|low|close|volume|adj_factor|adj_close_vendor
2025-10-28|1|AEP|116.519997|116.610001|114.669998|115.110001|3890300|0.9699113042|111.646484
2025-10-28|2|BA|224.360001|225.559998|222.600006|223.330002|7027200|1.0000000000|223.330002
2025-10-28|3|CAT|525.960022|530.289978|521.669983|524.469971|2775400|0.9939261318|521.284424
2025-10-28|4|CNP|39.750000|39.900002|39.410000|39.520000|5436600|0.9777626474|38.641178
2025-10-28|5|CVX|154.899994|156.229996|153.889999|154.130005|5066500|0.9620890936|148.286804
2025-10-28|6|DIS|111.910004|112.480003|111.459999|111.650002|6839400|0.9857264957|110.056366
2025-10-28|7|DTE|141.720001|141.990005|139.470001|139.639999|939300|0.9755422782|136.224716
2025-10-28|8|ED|99.699997|99.959999|98.529999|98.550003|1156300|0.9678975191|95.386314
2025-10-28|9|GD|352.029999|352.649994|346.600006|346.679993|926600|0.9869830633|342.167297
2025-10-28|10|GE|312.100006|316.670013|309.450012|309.790009|3058100|0.9961629631|308.601349
2025-10-28|11|HON|214.810002|215.480003|213.170000|214.410004|4241500|0.9694785487|207.865921
2025-10-28|12|HPQ|27.799999|28.190001|27.510000|28.070000|7421200|0.9607551428|26.968397
2025-10-28|13|IBM|312.600006|319.350006|311.410004|312.570007|6044800|0.9746618623|304.650055
2025-10-28|14|IP|48.049999|48.189999|47.009998|47.130001|4441800|0.9527969504|44.905323
2025-10-28|15|JNJ|189.259995|189.509995|186.619995|186.929993|8329500|0.9779609434|182.810226
2025-10-28|16|KO|70.050003|70.900002|69.949997|70.160004|12730500|0.9799171123|68.750992
2025-10-28|17|KR|67.739998|68.230003|67.379997|67.690002|4369200|0.9778352350|66.189659
2025-10-28|18|LMT|486.369995|489.399994|483.619995|485.769989|1220600|0.9808408602|476.463043
2025-10-28|19|MMM|168.320007|168.500000|166.350006|166.830002|2448100|0.9818750293|163.806213
2025-10-28|20|MO|63.700001|63.980000|63.209999|63.279999|6000600|0.9516126626|60.218048
2025-10-28|21|MRK|88.110001|88.110001|86.930000|87.029999|8345900|0.9772081263|85.046425
2025-10-28|22|MSI|441.010010|445.119995|439.679993|440.209991|520100|0.9910852927|436.285675
2025-10-28|23|PG|151.119995|153.169998|150.619995|151.369995|5819300|0.9782265339|148.074127
2025-10-28|24|XOM|115.489998|116.180000|114.989998|115.029999|9535200|0.9718336400|111.790024
2025-10-28|25|RTX|179.300003|181.309998|178.559998|178.669998|3344100|0.9853742397|176.056824
2025-10-28|26|MCD|308.540009|310.579987|306.329987|306.399994|2336500|0.9818538696|300.840027
2025-10-28|27|AXP|361.220001|362.529999|359.440002|361.029999|1416800|0.9919237847|358.114227
2025-10-28|28|BMY|43.389999|43.389999|42.750000|42.820000|17960600|0.9673144843|41.420406
2025-10-28|29|DD|81.450001|83.170002|81.180000|81.899998|3780800|1.2389568992|101.470573
2025-10-28|30|DE|475.450012|476.500000|467.880005|468.190002|1064700|0.9910776808|464.012695
2025-10-28|31|EMR|134.850006|135.869995|133.830002|134.520004|2525800|0.9845366681|132.439896
2025-10-28|32|ETN|379.859985|381.059998|373.429993|376.010010|1551400|0.9889737586|371.864014
2025-10-28|33|ETR|98.000000|98.000000|95.010002|95.019997|2543000|0.9756994696|92.710960
2025-10-28|34|F|13.240000|13.280000|13.040000|13.130000|96738500|0.9554534458|12.545103
2025-10-28|35|HAL|26.760000|26.950001|26.450001|26.620001|8571600|0.9847026012|26.212786
2025-10-28|36|LLY|826.000000|829.460022|814.049988|820.099976|2493500|0.9937326373|814.960083
2025-10-28|37|PCG|16.500000|16.520000|16.070000|16.120001|18995900|0.9911560857|15.977436
2025-10-28|38|PEP|151.410004|153.210007|149.919998|150.119995|5626500|0.9713251717|145.815323
2025-10-28|39|PFE|24.780001|24.780001|24.379999|24.500000|50152400|0.9344639716|22.894367
2025-10-28|40|TXN|169.139999|169.509995|166.490005|166.910004|9646600|0.9747566992|162.696640
2025-10-28|41|WFC|87.059998|87.300003|85.779999|86.900002|13201000|0.9786587178|85.045441
2025-10-28|42|HUBB|425.500000|456.579987|415.950012|455.339996|1677955|0.9910077151|451.245453
2025-10-28|43|WMT|104.059998|104.139999|103.050003|103.169998|13323000|0.9916508097|102.308609
2025-10-28|44|AIG|79.160004|79.250000|78.050003|78.389999|2604700|0.9824236525|77.012184
2025-10-28|45|AVY|182.009995|182.139999|179.020004|179.169998|502300|0.9833361967|176.184341
2025-10-28|46|BAC|53.000000|53.279999|52.340000|52.869999|29575200|0.9841245494|52.030663
2025-10-28|47|BALL|49.759998|49.880001|49.040001|49.090000|1914500|0.9893620930|48.567787
2025-10-28|48|BDX|187.100009|187.100009|184.160003|184.210001|1330900|0.7715067098|142.119263
2025-10-28|49|CLX|115.220001|116.830002|114.550003|115.220001|1424900|0.9654541242|111.239624
2025-10-28|50|CMI|421.279999|422.660004|413.980011|414.299988|691700|0.9855888256|408.329407
2025-10-28|51|CMS|74.370003|74.550003|73.260002|73.440002|2285300|0.9697049346|71.215134
2025-10-28|52|CVS|83.739998|83.739998|81.610001|82.199997|9852800|0.9771601786|80.322556
2025-10-28|53|ECL|276.899994|279.750000|265.160004|268.279999|2255400|0.9918356453|266.089661
2025-10-28|54|ES|75.089996|75.250000|73.379997|74.879997|2287200|0.9670826030|72.415131
2025-10-28|55|EVRG|78.730003|78.730003|77.459999|77.680000|1458100|0.9663059278|75.062653
2025-10-28|56|GWW|974.929993|981.409973|962.409973|963.479980|314700|0.9918044722|955.583740
2025-10-28|57|LNT|68.709999|68.839996|67.739998|67.980003|2342500|0.9698403407|65.929741
2025-10-28|58|MKC|66.699997|66.769997|65.889999|66.010002|2613600|0.9754240070|64.387741
2025-10-28|59|MRSH|187.000000|187.619995|182.729996|182.820007|2990100|0.9842873682|179.947433
2025-10-28|60|NEE|87.519997|87.529999|82.910004|83.570000|13998100|0.9793736752|81.235382
2025-10-28|61|NI|44.000000|44.029999|43.139999|43.389999|5155500|0.9739163964|42.258236
2025-10-28|62|PNW|91.400002|91.410004|90.370003|90.680000|1113800|0.9627257278|87.299973
2025-10-28|63|RVTY|98.330002|98.389999|95.739998|96.449997|1253100|0.9979858512|96.255730
2025-10-28|64|SNA|344.809998|346.309998|342.609985|342.700012|238700|0.9736214558|333.660065
2025-10-28|65|SPGI|495.340012|498.219989|492.629998|493.679998|1328300|0.9377344841|462.940735
2025-10-28|66|TER|147.050003|147.619995|144.110001|144.380005|5016800|0.9984501140|144.156235
2025-10-28|67|TGT|97.519997|99.489998|96.410004|97.110001|7959600|0.9610823572|93.330711
2025-10-28|68|TXT|80.260002|80.459999|79.330002|79.949997|1602300|0.9993380469|79.897079
2025-10-28|69|VMC|290.950012|293.890015|290.510010|292.589996|723100|0.9925854203|290.420563
2025-10-28|70|XEL|80.669998|80.699997|79.550003|79.820000|4134400|0.9776860259|78.038895
2025-10-28|71|ITW|247.679993|249.580002|245.699997|245.869995|1558000|0.9813941046|241.295364
2025-10-28|72|CL|77.470001|77.790001|76.769997|77.139999|6814500|0.9821445459|75.762627
2025-10-28|73|EXC|48.189999|48.189999|47.560001|47.700001|7730300|0.9737696536|46.448814
2025-10-28|74|MDT|93.809998|94.599998|93.209999|93.230003|4279800|0.9758565703|90.979111
2025-10-28|75|BNY|107.980003|108.919998|107.480003|108.449997|3162300|0.9877222173|107.118477
2025-10-28|76|EIX|56.630001|56.639999|55.720001|56.049999|3445600|0.9623086217|53.937397
2025-10-28|77|FRT|100.440002|100.559998|97.930000|98.000000|700600|0.9693143333|94.992798
2025-10-28|78|PNR|109.150002|109.639999|107.459999|108.870003|937000|0.9901423720|107.796799
2025-10-28|79|USB|47.540001|47.669998|47.090000|47.270000|7549200|0.9719845662|45.945713
2025-10-28|80|WY|23.930000|23.930000|23.639999|23.740000|3812000|0.9737086273|23.115841
2025-10-28|81|SYY|77.000000|77.699997|75.000000|75.889999|5540200|0.9787571978|74.277885
2025-10-28|82|WRB|75.059998|75.059998|72.349998|72.610001|3053600|0.9742469050|70.740074
2025-10-28|83|IFF|65.040001|65.489998|64.480003|64.879997|2062600|0.9828526607|63.767475
2025-10-28|84|TAP|45.049999|45.570000|44.849998|45.230000|1994000|0.9680101781|43.278641
2025-10-28|85|PNC|185.029999|185.029999|181.929993|182.839996|1798400|0.9770281499|178.639832
2025-10-28|86|TRV|269.450012|272.320007|267.529999|268.130005|1341300|0.9883140678|264.996674
2025-10-28|87|C|101.000000|101.529999|100.129997|101.389999|8766400|0.9792834329|99.289551
2025-10-28|88|FDX|250.999995|253.999993|249.400003|249.549997|1792100|0.7954691757|198.509338
2025-10-28|89|WDC|126.699997|126.820000|121.849998|124.919998|7031900|0.9984583045|124.727402
2025-10-28|90|DHR|220.570007|221.630005|216.229996|216.899994|2251700|0.9944303518|215.691925
2025-10-28|91|APA|23.180000|23.180000|22.219999|22.730000|9016100|0.9771167223|22.209862
2025-10-28|92|LUV|32.150002|32.180000|31.030001|31.090000|11384700|0.9870678085|30.687939
2025-10-28|93|PEG|83.160004|83.470001|81.250000|81.269997|2156700|0.9756675447|79.292496
2025-10-28|94|UNP|218.360001|220.910004|217.559998|217.589996|2782500|0.9839040791|214.087677
2025-10-28|95|ABT|126.970001|128.449997|126.190002|126.610001|4763000|0.9817546722|124.299965
2025-10-28|96|ADI|241.509995|243.679993|238.839996|239.350006|2421000|0.9906566026|237.113663
2025-10-28|97|ADM|61.520000|62.180000|61.080002|61.369999|2104200|0.9716117081|59.627811
2025-10-28|98|ADP|280.000000|282.929993|279.309998|279.630005|2351300|0.9780151607|273.482361
2025-10-28|99|AFL|106.860001|107.360001|106.180000|106.680000|1589700|0.9795217260|104.495392
2025-10-28|100|AMAT|229.679993|231.020004|227.080002|227.639999|6118500|0.9944993487|226.387833
2025-10-28|101|AMD|259.140015|264.579987|257.000000|258.010010|47448700|1.0000000000|258.010010
2025-10-28|102|APD|255.750000|256.940002|253.809998|254.429993|996600|0.9804771664|249.462814
2025-10-28|103|BF-B|28.320000|28.690001|28.080000|28.219999|3271300|0.9746521115|27.504683
2025-10-28|104|CHD|85.400002|85.690002|84.250000|84.260002|1898100|0.9872146942|83.182709
2025-10-28|105|CINF|157.100006|157.100006|151.419998|151.750000|970700|0.9835715596|149.256989
2025-10-28|106|CMCSA|29.310001|29.420000|29.129999|29.280001|27062800|0.9033911576|26.451292
2025-10-28|107|D|60.970001|60.990002|59.599998|59.619999|4476500|0.9687101350|57.754494
2025-10-28|108|DOV|178.440002|179.919998|177.300003|179.710007|1125000|0.9924896872|178.360306
2025-10-28|109|DUK|126.860001|127.349998|125.379997|125.650002|3159200|0.9660947366|121.389801
2025-10-28|110|EFX|227.610001|228.600006|223.979996|224.160004|984000|0.9915561793|222.267242
2025-10-28|111|EQT|53.509998|53.509998|52.049999|52.180000|4096000|0.9883492503|51.572060
2025-10-28|112|FITB|42.450001|42.500000|42.020000|42.279999|5143300|0.9757841433|41.256153
2025-10-28|113|GIS|47.990002|48.520000|47.840000|48.049999|6617600|0.9532424984|45.803299
2025-10-28|114|GPC|130.809998|132.970001|130.419998|131.660004|921700|0.9724963604|128.038879
2025-10-28|115|HAS|77.769997|78.290001|77.050003|77.940002|1484200|0.9687474839|75.504173
2025-10-28|116|HBAN|15.600000|15.730000|15.370000|15.540000|61710300|0.9725023795|15.112687
2025-10-28|117|HRL|23.639999|23.889999|23.520000|23.650000|3370400|0.9619905057|22.751074
2025-10-28|118|HST|16.580000|16.620001|16.209999|16.309999|5951400|0.9346875076|15.244752
2025-10-28|119|HSY|179.660004|182.360001|179.410004|180.250000|1761000|0.9707271518|174.973572
2025-10-28|120|INTC|39.590000|42.480000|39.540001|41.529999|181256400|1.0000000000|41.529999
2025-10-28|121|J|161.009995|161.009995|157.580002|158.309998|1017700|0.9894584622|156.641144
2025-10-28|122|JPM|304.859985|307.970001|303.160004|305.359985|6336000|0.9859988977|301.084625
2025-10-28|123|KMB|120.129997|121.989998|119.580002|120.660004|3297100|0.9627154389|116.161240
2025-10-28|124|L|99.800003|99.889999|98.269997|98.370003|749100|0.9977044368|98.144188
2025-10-28|125|LEN|124.279999|129.199997|124.040001|128.220001|3234400|0.9844362452|126.224419
2025-10-28|126|LOW|242.259995|246.630005|242.089996|244.070007|1612900|0.9846876283|240.332703
2025-10-28|127|MAS|68.330002|69.269997|67.800003|68.430000|4224900|0.9817399064|67.180466
2025-10-28|128|MTB|181.789993|182.630005|180.789993|181.410004|1314600|0.9784172563|177.494675
2025-10-28|129|NEM|76.739998|79.860001|76.050003|79.339996|13352200|0.9927701446|78.766380
2025-10-28|130|NTRS|126.330002|127.650002|126.099998|127.339996|1025300|0.9838837164|125.287743
2025-10-28|131|NUE|146.220001|154.779999|145.690002|151.990005|3402700|0.9907811186|150.588837
2025-10-28|132|OMC|78.930000|78.930000|76.860001|76.919998|3346900|0.9700503706|74.616272
2025-10-28|133|PCAR|100.349998|100.849998|98.930000|99.169998|2689400|0.9759401745|96.783989
2025-10-28|134|PGR|216.000000|217.580002|211.529999|211.910004|3808400|0.9393741219|199.062759
2025-10-28|135|PH|773.919983|780.000000|764.450012|767.010010|465300|0.9937397742|762.208313
2025-10-28|136|PHM|117.019997|121.900002|115.410004|120.739998|2354200|0.9937132889|119.980942
2025-10-28|137|PPG|106.089996|106.709999|104.949997|105.309998|2967000|0.9744973374|102.624306
2025-10-28|138|PPL|37.349998|37.459999|36.900002|36.910000|3457600|0.9766950417|36.049816
2025-10-28|139|RF|24.170000|24.450001|24.030001|24.270000|52778600|0.9708879210|23.563452
2025-10-28|140|ROL|56.020000|56.520000|55.070000|56.049999|1822600|0.9856812639|55.247433
2025-10-28|141|SHW|356.429993|368.619995|345.970001|354.450012|5420800|0.9906031983|351.119324
2025-10-28|142|STT|117.029999|118.980003|116.610001|118.680000|3177400|0.9820070009|116.544586
2025-10-28|143|SWK|71.900002|73.430000|71.040001|71.879997|1993000|0.9672078260|69.522896
2025-10-28|144|SYK|382.399994|383.059998|375.700012|375.929993|1325100|0.9921744259|372.988129
2025-10-28|145|TMO|564.130005|565.650024|555.570007|557.630005|992700|0.9972620730|556.103271
2025-10-28|146|TPL|927.000000|929.630035|913.059998|915.009979|78600|0.3318281124|303.626038
2025-10-28|147|TSN|51.910000|52.639999|51.529999|52.139999|2454600|0.9750492370|50.839069
2025-10-28|148|TT|427.820007|432.010010|424.369995|426.359985|957500|0.9953350758|424.371063
2025-10-28|149|TYL|505.890015|513.320007|504.679993|510.679993|211500|1.0000000000|510.679993
2025-10-28|150|UDR|35.900002|35.930000|34.950001|35.040001|2595100|0.9688744575|33.949360
2025-10-28|151|VTRS|10.380000|10.460000|10.270000|10.290000|7206300|0.9657614708|9.937685
2025-10-28|152|WEC|116.870003|116.889999|115.160004|115.220001|2915600|0.9669333840|111.410065
2025-10-28|153|WST|285.029999|287.290009|281.000000|283.489990|749100|0.9968900108|282.608368
2025-10-28|154|NDSN|237.160004|238.210007|233.839996|235.320007|264100|0.9906696357|233.124405
2025-10-28|155|TFC|44.500000|44.660000|44.110001|44.330002|7056800|0.9589220174|42.509014
2025-10-28|156|WELL|189.529999|189.529999|177.550003|179.699997|5371100|0.9854911345|177.092773
2025-10-28|157|AON|335.209991|335.209991|329.000000|329.959991|1212800|0.9951005240|328.343384
2025-10-28|158|GL|134.509995|135.119995|133.889999|134.369995|523500|0.9938835716|133.548126
2025-10-28|159|OKE|69.080002|69.349998|68.050003|69.099998|4593600|0.9485114183|65.542130
2025-10-28|160|KLAC|1206.679993|1209.660034|1195.790024|1206.039963|665400|0.0994634319|119.956871
2025-10-28|161|CSX|35.939999|35.980000|35.369999|35.680000|9642600|0.9900119853|35.323624
2025-10-28|162|PSA|300.179993|300.529999|295.350006|298.040009|977500|0.9701110817|289.131927
2025-10-28|163|NKE|68.110001|68.610001|67.050003|67.430000|11262400|0.9783499344|65.970139
2025-10-28|164|AAPL|268.989990|269.890015|268.149994|269.000000|41534800|0.9963195807|268.009949
2025-10-28|165|BRO|86.750000|86.750000|81.389999|82.379997|7393600|0.9904200305|81.590805
2025-10-28|166|UHS|220.100006|226.720001|211.649994|219.320007|1422400|0.9968342486|218.625671
2025-10-28|167|HD|384.420013|390.010010|382.829987|385.750000|2372800|0.9796274407|377.891266
2025-10-28|168|BAX|23.040001|23.209999|22.770000|22.860001|5722700|0.9984613291|22.816027
2025-10-28|169|COP|88.300003|88.360001|86.690002|86.790001|5234800|0.9694370271|84.137436
2025-10-28|170|GLW|84.309998|87.250000|83.110001|86.430000|14455300|0.9932214224|85.844124
2025-10-28|171|HUM|297.209991|299.679993|288.010010|294.799988|1329400|0.9892166205|291.621063
2025-10-28|172|LHX|290.690002|291.940002|287.070007|287.380005|970900|0.9883920425|284.044128
2025-10-28|173|NOC|594.500000|598.950012|591.239990|595.049988|714700|0.9884333448|588.167236
2025-10-28|174|OXY|42.000000|42.110001|40.810001|40.830002|13300100|0.9849760250|40.216572
2025-10-28|175|ROK|360.420013|362.220001|356.640015|361.980011|549000|0.9867997940|357.201782
2025-10-28|176|SLB|36.180000|36.330002|35.689999|35.860001|12504600|0.9812007073|35.185856
2025-10-28|177|SO|95.099998|95.239998|93.320000|93.910004|6012800|0.9680357165|90.908226
2025-10-28|178|WMB|57.500000|57.900002|56.950001|57.590000|6877500|0.9774919343|56.293758
2025-10-28|179|VLO|172.970001|173.160004|169.300003|169.339996|1708100|0.9792382128|165.824203
2025-10-28|180|CI|309.630005|311.339996|306.239990|308.410004|1173600|0.9832673314|303.249512
2025-10-28|181|NSC|282.709991|284.619995|280.309998|280.399994|1535300|0.9826794519|275.543304
2025-10-28|182|COO|72.550003|72.820000|71.470001|71.750000|1512600|1.0000000000|71.750000
2025-10-28|183|AMGN|288.929993|292.630005|288.260010|292.089996|2217200|0.9730085280|284.206024
2025-10-28|184|RJF|161.820007|162.330002|159.559998|159.690002|1081700|0.9893936166|157.996277
2025-10-28|185|WSM|197.089996|203.779999|194.740005|199.630005|1126600|0.9895967846|197.553223
2025-10-28|186|CAH|163.500000|164.070007|161.970001|162.789993|2067500|0.9929397050|161.640656
2025-10-28|187|CTAS|188.110001|190.610001|187.160004|189.889999|1812700|0.9900452227|187.999695
2025-10-28|188|PAYX|124.510002|124.730003|123.019997|124.050003|2763600|0.9578135440|118.816772
2025-10-28|189|BEN|23.459999|23.469999|23.180000|23.320000|2583200|0.9625940231|22.447693
2025-10-28|190|AOS|68.269997|69.650002|65.500000|66.839996|3248700|0.9781906723|65.382256
2025-10-28|191|CASY|534.500000|540.000000|529.140015|532.380005|222200|0.9965302403|530.532776
2025-10-28|192|T|25.410000|25.780001|25.309999|25.700001|77662500|0.9652496452|24.806917
2025-10-28|193|VZ|39.150002|39.520000|38.950001|39.320000|30719200|0.9521495225|37.438519
2025-10-28|194|JBHT|168.029999|168.740005|165.860001|166.559998|994600|0.9918818614|165.207840
2025-10-28|195|ATO|175.899994|176.460007|174.279999|174.490005|713700|0.9773427979|170.536560
2025-10-28|196|LRCX|155.520004|156.130005|154.279999|155.619995|7939700|0.9964597456|155.069061
2025-10-28|197|MU|218.929993|222.899994|217.559998|221.910004|14957500|0.9990228227|221.693161
2025-10-28|198|AJG|277.239990|279.000000|266.709991|267.500000|2838800|0.9910126646|265.095886
2025-10-28|199|AME|186.729996|187.000000|184.059998|185.100006|1595700|0.9953689352|184.242798
2025-10-28|200|SWKS|85.660004|90.900002|80.139999|80.260002|11143900|0.9685989226|77.739754
2025-10-28|201|EXPD|120.330002|121.269997|119.209999|119.400002|881700|0.9896583057|118.165207
2025-10-28|202|UNH|380.679993|381.000000|358.630005|367.839996|18858700|0.9800610506|360.505646
2025-10-28|203|BBY|82.610001|84.500000|81.599998|83.860001|4529000|0.9593973356|80.455055
2025-10-28|204|DOC|18.860001|18.920000|17.889999|18.030001|13474800|0.9458004738|17.052784
2025-10-28|205|ADSK|312.869995|315.000000|310.730011|311.079987|919400|1.0000000000|311.079987
2025-10-28|206|DVN|32.730000|32.779999|32.000000|32.009998|6428900|0.9814598964|31.416531
2025-10-28|207|NVR|7301.520020|7469.020020|7275.430176|7461.330078|16800|1.0000000000|7461.330078
2025-10-28|208|ROST|160.119995|161.309998|158.649994|160.699997|1534100|0.9936631572|159.681671
2025-10-28|209|JKHY|156.110001|156.389999|154.149994|154.300003|762400|0.9886171552|152.543625
2025-10-28|210|MNST|69.160004|69.540001|68.470001|69.320000|3472100|0.5000000000|69.320000
2025-10-28|211|ORCL|283.000000|285.459991|280.540009|280.829987|12448500|0.9904465499|278.147095
2025-10-28|212|MSFT|550.000000|553.719971|540.770020|542.070007|29986700|0.9918394551|537.646362
2025-10-28|213|TROW|104.849998|105.339996|103.730003|104.959999|1161500|0.9618549978|100.956299
2025-10-28|214|COST|926.869995|930.719971|920.200012|924.159973|2090800|0.9941992924|918.799194
2025-10-28|215|ADBE|360.000000|363.700012|357.799988|359.910004|3005600|1.0000000000|359.910004
2025-10-28|216|FISV|126.730003|128.779999|125.800003|126.169998|5802800|1.0000000000|126.169998
2025-10-28|217|BKR|46.389999|47.980000|46.389999|47.860001|9193800|0.9846041741|47.123158
2025-10-28|218|CDNS|339.010010|348.079987|327.170013|341.299988|3216000|1.0000000000|341.299988
2025-10-28|219|TJX|142.820007|144.050003|142.270004|144.029999|3628100|0.9879468300|142.293976
2025-10-28|220|FICO|1680.000000|1682.760010|1660.040039|1666.640015|184200|1.0000000000|1666.640015
2025-10-28|221|CCL|28.370001|28.490000|27.780001|27.860001|36340400|0.9841845235|27.419380
2025-10-28|222|FAST|42.119999|42.349998|41.599998|41.630001|6111500|0.9838279433|40.956760
2025-10-28|223|SCHW|94.970001|95.000000|93.510002|93.849998|7090300|0.9873800864|92.665619
2025-10-28|224|JCI|112.970001|113.410004|111.540001|112.209999|2952800|0.9941759575|111.556480
2025-10-28|225|COHR|133.910004|136.130005|131.449997|134.240005|3008400|1.0000000000|134.240005
2025-10-28|226|KEY|17.600000|17.639999|17.400000|17.590000|13525500|0.9696888308|17.056826
2025-10-28|227|MOS|29.270000|29.700001|29.080000|29.379999|3012800|0.9727377902|28.579035
2025-10-28|228|MGM|32.500000|32.750000|31.750000|31.950001|5367500|1.0000000000|31.950001
2025-10-28|229|WM|198.979996|208.800003|197.250000|204.229996|3979400|0.9879218676|201.763275
2025-10-28|230|TECH|64.650002|65.160004|63.599998|63.939999|1143000|0.9943671322|63.579834
2025-10-28|231|IEX|167.479996|167.479996|165.399994|166.949997|897600|0.9895889092|165.211868
2025-10-28|232|GEN|26.879999|26.930000|26.660000|26.709999|3749300|0.9804358251|26.187441
2025-10-28|233|CRH|120.870003|121.470001|119.680000|119.940002|4022800|0.9889154582|118.610527
2025-10-28|234|EOG|106.760002|106.790001|105.629997|105.900002|3064900|0.9756845809|103.324989
2025-10-28|235|PTC|203.259995|203.910004|201.860001|202.460007|546100|1.0000000000|202.460007
2025-10-28|236|CSCO|71.199997|72.680000|71.029999|72.620003|19896800|0.9856294108|71.576416
2025-10-28|237|LH|264.899994|268.850006|252.460007|259.690002|2170000|0.9921089357|257.089630
2025-10-28|238|TRMB|81.120003|81.620003|80.349998|80.500000|1496000|1.0000000000|80.500000
2025-10-28|239|AZO|3785.050049|3878.370117|3785.050049|3803.000000|140500|1.0000000000|3803.000000
2025-10-28|240|REGN|612.020020|655.700012|605.030029|654.479980|2126800|0.9948983635|651.141052
2025-10-28|241|IDXX|640.530029|646.000000|633.179993|634.359985|396800|1.0000000000|634.359985
2025-10-28|242|AES|14.520000|14.570000|14.230000|14.460000|6781600|0.9525797478|13.774304
2025-10-28|243|VRTX|418.000000|422.570007|417.369995|422.390015|1219100|1.0000000000|422.390015
2025-10-28|244|ZBRA|293.500000|293.500000|259.010010|274.309998|3140900|1.0000000000|274.309998
2025-10-28|245|BIIB|150.009995|150.300003|148.369995|149.130005|1662800|1.0000000000|149.130005
2025-10-28|246|ODFL|138.000000|138.240005|135.770004|136.089996|2065700|0.9953671039|135.459503
2025-10-28|247|APH|135.990005|137.550003|134.679993|137.289993|6700200|0.9946061744|136.549469
2025-10-28|248|KIM|22.379999|22.379999|21.740000|21.790001|4186300|0.9657396580|21.043470
2025-10-28|249|QCOM|183.929993|185.910004|179.410004|181.029999|20323100|0.9849314898|178.302139
2025-10-28|250|GILD|119.769997|120.279999|117.790001|117.879997|4723500|0.9813788839|115.684937
2025-10-28|251|ROP|463.730011|464.980011|455.709991|456.160004|1500200|0.9929279129|452.934021
2025-10-28|252|SNPS|461.679993|462.399994|445.000000|456.829987|2173800|1.0000000000|456.829987
2025-10-28|253|STZ|137.210007|137.250000|134.160004|134.190002|2385300|0.9716065224|130.379883
2025-10-28|254|BSX|102.309998|102.860001|100.919998|100.970001|5612200|1.0000000000|100.970001
2025-10-28|255|STE|240.320007|242.830002|238.210007|241.199997|1475900|0.9945039836|239.874359
2025-10-28|256|DHI|148.000000|157.990005|147.000000|153.750000|4768700|0.9881394354|151.926437
2025-10-28|257|LIN|445.470001|447.220001|441.989990|442.720001|2110300|0.9898650243|438.233063
2025-10-28|258|SBUX|86.900002|87.540001|85.309998|85.430000|11545600|0.9751160265|83.304161
2025-10-28|259|MS|166.119995|167.130005|164.380005|165.210007|3601000|0.9778330741|161.547821
2025-10-28|260|INTU|684.729980|688.900024|678.250000|678.929993|1103300|0.9906980199|672.614624
2025-10-28|261|MCHP|64.510002|64.610001|63.000000|63.639999|4808700|0.9744763190|62.015671
2025-10-28|262|CB|280.760010|280.760010|275.070007|275.579987|2176100|0.9939554166|273.914215
2025-10-28|263|ORLY|95.669998|97.919998|95.620003|96.300003|5797600|1.0000000000|96.300003
2025-10-28|264|RCL|295.640015|298.799988|287.019989|292.950012|8597400|0.9862054091|288.908905
2025-10-28|265|JBL|213.199997|216.089996|210.460007|214.520004|1275200|0.9988481715|214.272903
2025-10-28|266|ALL|192.369995|193.070007|190.149994|190.850006|942200|0.9851043015|188.007156
2025-10-28|267|CPT|103.529999|103.779999|101.110001|101.419998|1164400|0.9704206326|98.420059
2025-10-28|268|VMRK|63.040001|63.529999|61.439999|61.459999|2323500|0.9671264641|59.439594
2025-10-28|269|IT|253.710007|256.170013|252.229996|252.699997|1046500|1.0000000000|252.699997
2025-10-28|270|DECK|90.500000|90.580002|86.680000|87.610001|6860100|1.0000000000|87.610001
2025-10-28|271|REG|72.940002|73.110001|71.220001|71.540001|1464000|0.9701425273|69.404007
2025-10-28|272|INCY|92.139999|93.980003|84.019997|91.650002|6876000|1.0000000000|91.650002
2025-10-28|273|SPG|179.350006|179.350006|176.610001|176.770004|962300|0.9659807077|170.756409
2025-10-28|274|MAA|132.250000|132.710007|130.529999|130.710007|1017600|0.9656183896|126.215988
2025-10-28|275|MLM|613.599976|619.969971|612.489990|616.840027|293400|0.9960197565|614.384827
2025-10-28|276|TSCO|55.970001|56.169998|55.340000|55.490002|4042500|0.9764906296|54.185463
2025-10-28|277|ALB|97.000000|97.150002|94.769997|96.680000|2509900|0.9919948535|95.906059
2025-10-28|278|CPRT|44.000000|44.340000|43.709999|44.070000|4246600|1.0000000000|44.070000
2025-10-28|279|FLEX|65.510002|65.949997|63.230000|64.260002|5496000|1.0000000000|64.260002
2025-10-28|280|ESS|261.019989|262.859985|255.750000|256.149994|510100|0.9710345219|248.730484
2025-10-28|281|O|60.270000|60.270000|59.160000|59.209999|5791000|0.9566399898|56.642651
2025-10-28|282|MCO|493.899994|497.329987|490.529999|490.760010|777400|0.9914008639|486.539917
2025-10-28|283|SJM|104.379997|105.580002|104.180000|104.839996|1698100|0.9604551346|100.694107
2025-10-28|284|MCK|811.440002|812.690002|800.539978|804.590027|453100|0.9971371280|802.286621
2025-10-28|285|COF|223.190002|223.770004|219.809998|220.990005|2953300|0.9846948620|217.607727
2025-10-28|286|EME|755.090027|758.719971|747.010010|751.440002|399100|0.9983902989|750.230469
2025-10-28|287|DLTR|102.419998|104.489998|100.139999|102.699997|4327400|1.0000000000|102.699997
2025-10-28|288|COR|335.540009|337.820007|332.529999|335.640015|1166000|0.9924371875|333.101624
2025-10-28|289|DRI|182.639999|183.490005|180.690002|181.330002|773400|0.9771066651|177.178741
2025-10-28|290|RMD|259.679993|264.000000|256.570007|256.570007|1171800|0.9895309167|253.883957
2025-10-28|291|WAB|199.440002|201.899994|197.850006|197.990005|719100|0.9953491745|197.069199
2025-10-28|292|FCX|40.590000|41.950001|40.500000|41.169998|11973800|0.9929128187|40.878216
2025-10-28|293|IVZ|23.559999|24.750000|23.420000|23.959999|10492800|0.9692003654|23.222040
2025-10-28|294|ACGL|87.040001|87.040001|82.449997|84.720001|3721600|1.0000000000|84.720001
2025-10-28|295|ERIE|329.970001|330.329987|320.339996|320.339996|220200|0.9834606060|315.041748
2025-10-28|296|EG|325.100006|325.100006|302.440002|304.910004|1557700|0.9878843207|301.215820
2025-10-28|297|DVA|129.550003|130.750000|128.279999|129.610001|544300|1.0000000000|129.610001
2025-10-28|298|HSIC|63.709999|64.040001|63.150002|63.209999|1277300|1.0000000000|63.209999
2025-10-28|299|EL|100.029999|100.349998|97.989998|98.760002|2441900|0.9893232983|97.705574
2025-10-28|300|WAT|350.220001|353.010010|345.019989|345.950012|467500|1.0000000000|345.950012
2025-10-28|301|NTAP|117.000000|117.160004|114.110001|115.910004|1667200|0.9870750252|114.411873
2025-10-28|302|HIG|121.389999|123.550003|120.330002|122.690002|2553200|0.9867007020|121.058304
2025-10-28|303|IRM|105.610001|105.650002|103.720001|104.050003|766300|0.9749654551|101.445152
2025-10-28|304|BRK-B|484.959991|485.670013|481.109985|481.440002|5029100|1.0000000000|481.440002
2025-10-28|305|FDS|290.000000|293.850006|287.029999|288.399994|601700|0.9861098905|284.394073
2025-10-28|306|STLD|158.020004|163.100006|157.289993|161.070007|1534500|0.9917509611|159.741333
2025-10-28|307|DGX|179.800003|180.630005|177.169998|178.279999|1434000|0.9871163208|175.983093
2025-10-28|308|CIEN|182.259995|184.979996|173.800003|183.039993|2597000|1.0000000000|183.039993
2025-10-28|309|TTWO|254.639999|256.200012|251.410004|251.570007|1455600|1.0000000000|251.570007
2025-10-28|310|VTR|71.220001|71.910004|69.510002|70.050003|2445300|0.9818295408|68.777168
2025-10-28|311|AMZN|228.220001|231.490005|226.210007|229.250000|47100000|1.0000000000|229.250000
2025-10-28|312|ARE|69.779999|69.779999|62.560001|62.939999|12272900|0.9575530500|60.268387
2025-10-28|313|RL|337.290009|337.299988|331.100006|331.200012|435100|0.9923194237|328.656219
2025-10-28|314|BXP|74.750000|74.769997|73.440002|74.089996|1913100|0.9663309942|71.595459
2025-10-28|315|FIX|975.000000|989.239990|966.440002|980.969971|357200|0.9979565203|978.965332
2025-10-28|316|YUM|142.210007|143.179993|141.050003|141.089996|1451300|0.9858960568|139.100067
2025-10-28|317|CHRW|129.869995|130.070007|127.360001|128.070007|1476800|0.9892308245|126.690804
2025-10-28|318|FE|46.400002|46.529999|46.060001|46.160000|3186500|0.9613759059|44.377113
2025-10-28|319|MTD|1412.489990|1418.640015|1400.969971|1404.579956|131400|1.0000000000|1404.579956
2025-10-28|320|PLD|126.430000|126.940002|125.150002|125.720001|2922800|0.9772581725|122.860901
2025-10-28|321|URI|901.400024|902.119995|874.979980|875.669983|873000|0.9918999023|868.576904
2025-10-28|322|AEE|104.860001|104.940002|103.190002|103.320000|1399100|0.9792499824|101.176109
2025-10-28|323|VRSN|245.179993|247.220001|239.309998|240.369995|1114700|0.9876930267|237.411758
2025-10-28|324|PWR|442.769989|443.309998|433.880005|439.570007|812900|0.9993903388|439.302032
2025-10-28|325|AMT|185.940002|186.339996|177.490005|182.720001|6047500|0.9712942756|177.474899
2025-10-28|326|MAR|269.880005|271.190002|265.320007|265.459991|1089900|0.9917417055|263.267731
2025-10-28|327|CTSH|67.830002|68.400002|67.419998|67.820000|6160300|0.9779331176|66.323425
2025-10-28|328|SRE|93.870003|93.870003|92.160004|92.550003|2407300|0.9788895267|90.596230
2025-10-28|329|CSGP|77.879997|78.949997|77.400002|78.230003|3543900|1.0000000000|78.230003
2025-10-28|330|RSG|218.050003|221.559998|215.000000|217.729996|1782800|0.9913326285|215.842865
2025-10-28|331|CCI|94.000000|95.000000|90.070000|94.580002|10161000|0.9648543647|91.255928
2025-10-28|332|EBAY|98.199997|100.889999|98.150002|99.580002|6625100|0.9904184858|98.326920
2025-10-28|333|NVDA|193.050003|203.149994|191.910004|201.029999|297986200|0.9987261828|200.773941
2025-10-28|334|BKNG|5240.579987|5275.000000|5120.569992|5120.569992|407100|0.0397328628|203.454895
2025-10-28|335|GS|792.049988|798.359985|787.349976|792.090027|1242000|0.9855142723|780.616028
2025-10-28|336|FFIV|262.350006|276.190002|261.500000|267.579987|2754800|1.0000000000|267.579987
2025-10-28|337|SBAC|195.259995|196.559998|187.440002|193.399994|3275700|0.9751039390|188.585083
2025-10-28|338|LII|496.619995|510.959991|496.619995|501.160004|418100|0.9920705337|497.186035
2025-10-28|339|BLK|1131.969971|1138.650024|1124.540039|1124.949951|390000|0.9841011192|1107.064453
2025-10-28|340|TKO|187.360001|187.889999|185.740005|187.449997|602100|0.9884090368|185.277267
2025-10-28|341|AKAM|75.400002|76.160004|74.910004|75.750000|1999200|1.0000000000|75.750000
2025-10-28|342|UPS|98.449997|100.570000|95.000000|96.360001|30027000|0.9383630641|90.420670
2025-10-28|343|A|145.740005|147.270004|144.630005|145.850006|1470100|0.9940314297|144.979492
2025-10-28|344|TDY|529.669983|529.940002|524.210022|525.450012|276100|1.0000000000|525.450012
2025-10-28|345|PKG|205.880005|208.610001|205.259995|206.160004|468000|0.9816059808|202.367905
2025-10-28|346|EW|80.169998|83.250000|79.849998|82.190002|9813900|1.0000000000|82.190002
2025-10-28|347|MET|78.800003|79.239998|78.160004|78.750000|2948800|0.9722454281|76.564323
2025-10-28|348|ON|52.500000|52.580002|51.099998|51.799999|6843400|1.0000000000|51.799999
2025-10-28|349|ISRG|546.619995|552.200012|539.000000|545.390015|1586400|1.0000000000|545.390015
2025-10-28|350|CRL|193.449997|193.470001|187.029999|187.929993|1102900|1.0000000000|187.929993
2025-10-28|351|MRVL|88.959999|89.980003|87.790001|88.459999|13029300|0.9985347355|88.330383
2025-10-28|352|EQIX|841.109985|842.419983|815.960022|816.130005|603800|0.9790491812|799.031372
2025-10-28|353|TPR|114.220001|115.089996|112.650002|113.110001|2397800|0.9910289553|112.095284
2025-10-28|354|GRMN|250.009995|250.619995|244.889999|248.089996|1123900|0.9875544034|245.002365
2025-10-28|355|GPN|86.790001|87.220001|85.589996|85.629997|1472500|0.9898898052|84.764259
2025-10-28|356|ALGN|134.940002|135.600006|132.789993|133.139999|874200|1.0000000000|133.139999
2025-10-28|357|WTW|325.239990|325.239990|319.700012|320.369995|696600|0.9903328749|317.272919
2025-10-28|358|MDLZ|61.599998|62.430000|60.209999|60.209999|15035000|0.9742061707|58.656956
2025-10-28|359|AXON|746.119995|764.020020|745.000000|755.000000|566100|1.0000000000|755.000000
2025-10-28|360|FIS|66.290001|66.839996|65.720001|65.930000|3886100|0.9743297530|64.237556
2025-10-28|361|ACN|250.000000|254.679993|249.190002|253.350006|3425100|0.9798095806|248.234741
2025-10-28|362|ZBH|103.150002|103.150002|100.959999|101.139999|956500|0.9920119396|100.332085
2025-10-28|363|BG|95.779999|97.190002|95.410004|96.370003|1191500|0.9749906568|93.959862
2025-10-28|364|PFG|81.419998|82.739998|80.010002|82.199997|1781400|0.9740293311|80.065208
2025-10-28|365|ELV|342.489990|347.260010|337.500000|339.399994|1368700|0.9847701459|334.230988
2025-10-28|366|CNC|33.740002|33.740002|32.869999|33.189999|13992200|1.0000000000|33.189999
2025-10-28|367|PRU|101.709999|102.199997|100.860001|101.449997|1394500|0.9496925157|96.346298
2025-10-28|368|NFLX|1094.000015|1116.979980|1093.010025|1102.500000|4020900|0.1000000000|110.250000
2025-10-28|369|NDAQ|88.779999|89.309998|87.870003|87.959999|2663200|0.9903103249|87.107697
2025-10-28|370|WYNN|124.440002|124.980003|120.650002|120.849998|1464000|0.9907231274|119.728897
2025-10-28|371|CME|271.519989|273.390015|265.950012|266.329987|1860300|0.9671562481|257.582703
2025-10-28|372|STX|229.179993|230.000000|217.669998|223.000000|6501000|0.9949371232|221.870972
2025-10-28|373|NRG|173.500000|173.899994|165.839996|172.759995|2472200|0.9877934975|170.651199
2025-10-28|374|AIZ|211.500000|211.690002|207.759995|207.889999|213800|0.9887198190|205.544952
2025-10-28|375|CBRE|161.250000|161.580002|159.179993|159.440002|1240200|1.0000000000|159.440002
2025-10-28|376|CRM|255.470001|258.839996|254.139999|254.259995|6435600|0.9933339931|252.565094
2025-10-28|377|DPZ|412.709991|414.989990|409.950012|410.970001|430800|0.9848757173|404.754364
2025-10-28|378|EXR|149.570007|149.570007|146.740005|146.919998|685700|0.9661267437|141.943344
2025-10-28|379|GOOG|270.200012|271.380005|267.170013|268.429993|20101200|0.9980438060|267.904877
2025-10-28|380|GOOGL|269.690002|270.730011|266.500000|267.470001|29738600|0.9980471771|266.947693
2025-10-28|381|DLR|176.759995|177.320007|173.779999|174.059998|1432300|0.9788235933|170.374039
2025-10-28|382|MPWR|1097.849976|1111.030029|1085.989990|1086.359985|475700|0.9948016730|1080.712769
2025-10-28|383|LVS|59.200001|59.540001|57.820000|58.200001|4666800|0.9787990268|56.966106
2025-10-28|384|DXCM|70.669998|70.669998|66.419998|69.230003|8687500|1.0000000000|69.230003
2025-10-28|385|BLDR|120.269997|121.690002|118.129997|119.349998|1690700|1.0000000000|119.349998
2025-10-28|386|WBD|21.370001|21.370001|20.820000|20.990000|25825200|1.0000000000|20.990000
2025-10-28|387|EXPE|221.070007|226.380005|219.300003|225.300003|1526100|0.9926306212|223.639679
2025-10-28|388|CF|85.790001|87.139999|85.599998|86.099998|1467600|0.9797238699|84.354210
2025-10-28|389|AMP|483.410004|487.660004|480.190002|484.540009|429700|0.9868973539|478.191223
2025-10-28|390|ICE|159.550003|160.110001|157.179993|157.270004|3322400|0.9901381914|155.719040
2025-10-28|391|PSKY|16.559999|16.559999|16.110001|16.209999|3481800|0.9863259572|15.988342
2025-10-28|392|LYV|153.250000|153.259995|150.580002|151.070007|1702300|1.0000000000|151.070007
2025-10-28|393|CMG|41.000000|41.000000|40.230000|40.259998|12383400|1.0000000000|40.259998
2025-10-28|394|UAL|98.699997|98.699997|94.500000|94.940002|5628600|1.0000000000|94.940002
2025-10-28|395|TDG|1354.459961|1356.939941|1334.310059|1335.119995|261600|1.0000000000|1335.119995
2025-10-28|396|MA|573.080017|573.989990|565.450012|565.929993|2916000|0.9951190330|563.167786
2025-10-28|397|LDOS|189.110001|189.770004|186.970001|187.809998|581200|0.9917626624|186.262939
2025-10-28|398|FSLR|246.070007|249.270004|236.839996|239.600006|2552500|1.0000000000|239.600006
2025-10-28|399|BR|230.759995|231.919998|229.110001|229.800003|408200|0.9836780236|226.049210
2025-10-28|400|SMCI|51.669998|54.029999|51.369999|52.360001|28064400|1.0000000000|52.360001
2025-10-28|401|TMUS|218.919998|222.830002|218.250000|219.990005|4467700|0.9849640725|215.438843
2025-10-28|402|DAL|60.340000|60.419998|57.740002|57.860001|8516600|0.9922015511|57.408783
2025-10-28|403|IBKR|70.000000|70.000000|68.570000|68.650002|2595300|0.9966884542|68.422661
2025-10-28|404|PODD|324.769989|326.809998|321.660004|324.339996|328700|1.0000000000|324.339996
2025-10-28|405|TEL|237.839996|239.750000|233.839996|236.539993|2948000|0.9892434805|233.995651
2025-10-28|406|BX|153.809998|153.970001|151.039993|151.690002|3654000|0.9610163599|145.776581
2025-10-28|407|LULU|181.399994|181.520004|175.179993|179.979996|3800100|1.0000000000|179.979996
2025-10-28|408|ULTA|521.039978|523.700012|516.590027|518.789978|386900|1.0000000000|518.789978
2025-10-28|409|MSCI|553.919983|594.380005|550.929993|593.760010|1465900|0.9858483453|585.357361
2025-10-28|410|ECHO|74.129997|75.519997|74.010002|74.800003|2531200|1.0000000000|74.800003
2025-10-28|411|PM|153.000000|153.080002|148.139999|149.809998|7725500|0.9741176592|145.932556
2025-10-28|412|V|348.579987|349.890015|346.500000|346.899994|7445400|0.9920658607|344.147644
2025-10-28|413|AWK|137.899994|139.589996|134.309998|134.809998|2031400|0.9734433274|131.229904
2025-10-28|414|KDP|29.020000|29.100000|28.360001|28.850000|26860700|0.9761522236|28.161993
2025-10-28|415|SW|43.279999|43.279999|42.660000|43.090000|3127300|0.9711821711|41.848240
2025-10-28|416|AVGO|362.619995|374.059998|362.529999|372.970001|21056000|0.9944270811|370.891479
2025-10-28|417|VRSK|233.440002|235.889999|231.839996|232.130005|1752500|0.9927002374|230.435501
2025-10-28|418|DG|102.050003|103.269997|100.879997|101.919998|2050600|0.9860246787|100.495636
2025-10-28|419|FTNT|86.070000|87.040001|84.980003|85.870003|4895600|1.0000000000|85.870003
2025-10-28|420|CHTR|245.000000|249.839996|242.809998|248.880005|1983000|1.0000000000|248.880005
2025-10-28|421|FERG|249.490005|250.979996|247.110001|247.190002|1274200|0.9848254111|243.438980
2025-10-28|422|GNRC|191.360001|191.509995|187.190002|190.149994|1582500|1.0000000000|190.149994
2025-10-28|423|LYB|48.599998|48.750000|47.049999|47.610001|3583100|0.9407211657|44.787731
2025-10-28|424|CBOE|238.009995|240.789993|237.630005|238.529999|613800|0.9954503651|237.444763
2025-10-28|425|TSLA|454.779999|467.000000|451.600006|460.549988|80185700|1.0000000000|460.549988
2025-10-28|426|KKR|122.290001|122.580002|120.300003|120.610001|2881900|0.9928030964|119.741974
2025-10-28|427|NXPI|218.160004|220.429993|207.990005|212.960007|4414700|0.9870653625|210.205444
2025-10-28|428|GM|69.459999|70.190002|68.660004|69.870003|13072200|0.9934966717|69.415619
2025-10-28|429|TRGP|152.949997|153.570007|150.300003|152.539993|978800|0.9789495349|149.328964
2025-10-28|430|CPAY|285.000000|288.299988|282.760010|285.589996|339000|1.0000000000|285.589996
2025-10-28|431|KMI|26.180000|26.180000|25.820000|26.080000|16978500|0.9613533449|25.072096
2025-10-28|432|HCA|466.329987|467.040009|454.459991|466.459991|1493700|0.9950375716|464.145203
2025-10-28|433|HII|300.420013|304.510010|298.089996|299.140015|402700|0.9882397967|294.249817
2025-10-28|434|APO|126.500000|126.790001|124.230003|124.470001|2004800|0.9837214596|122.443810
2025-10-28|435|MPC|194.630005|196.139999|191.949997|192.210007|1171000|0.9835714275|189.052277
2025-10-28|436|XYL|152.740005|153.059998|146.460007|150.500000|2365100|0.9861759388|148.419479
2025-10-28|437|APTV|85.989998|87.320000|85.279999|86.639999|1680500|1.0000000000|86.639999
2025-10-28|438|PSX|134.070007|135.740005|133.660004|133.660004|2366800|0.9712393490|129.815872
2025-10-28|439|AMCR|8.270000|8.410000|8.230000|8.350000|34920900|4.8543684849|40.533978
2025-10-28|440|META|752.630005|758.400024|745.520020|751.440002|12193800|0.9974059053|749.490723
2025-10-28|441|NOW|949.309998|950.999985|937.910004|937.910004|944900|0.2000000000|187.582001
2025-10-28|442|PANW|221.179993|223.610001|219.679993|221.380005|4608900|1.0000000000|221.380005
2025-10-28|443|FANG|143.639999|143.949997|140.410004|141.139999|1140500|0.9764795206|137.820328
2025-10-28|444|WDAY|238.360001|241.830002|236.679993|236.929993|1748400|1.0000000000|236.929993
2025-10-28|445|ABBV|227.000000|228.399994|224.309998|227.539993|3724200|0.9769027438|222.284454
2025-10-28|446|NCLH|22.850000|22.879999|22.170000|22.350000|22753500|1.0000000000|22.350000
2025-10-28|447|ZTS|146.820007|147.460007|145.320007|145.410004|2934300|0.9811560666|142.669907
2025-10-28|448|IQV|210.229996|221.229996|209.460007|218.130005|2009900|1.0000000000|218.130005
2025-10-28|449|NWS|31.040001|31.459999|30.990000|31.170000|1847600|0.9963262306|31.055489
2025-10-28|450|NWSA|26.809999|27.010000|26.620001|26.680000|2679300|0.9958385353|26.568972
2025-10-28|451|CDW|158.660004|158.910004|154.660004|156.160004|934100|0.9800438553|153.043655
2025-10-28|452|VEEV|295.720001|297.809998|291.350006|291.350006|704800|1.0000000000|291.350006
2025-10-28|453|ALLE|170.960007|171.470001|168.830002|169.080002|778400|0.9921390873|167.750870
2025-10-28|454|HLT|265.220001|266.299988|260.440002|260.899994|1690800|0.9980421657|260.389191
2025-10-28|455|ARES|152.350006|152.899994|149.274994|150.929993|1996200|0.9704279397|146.466675
2025-10-28|456|ANET|156.619995|158.660004|152.330002|156.770004|5037400|1.0000000000|156.770004
2025-10-28|457|SYF|75.000000|75.074997|74.250000|74.720001|2322100|0.9836138777|73.495621
2025-10-28|458|CFG|51.830002|51.830002|51.060001|51.330002|3825900|0.9707955381|49.830940
2025-10-28|459|KEYS|166.940002|170.500000|165.059998|170.039993|1280200|1.0000000000|170.039993
2025-10-28|460|GDDY|131.589996|132.544998|130.529999|130.850006|1003400|1.0000000000|130.850006
2025-10-28|461|KHC|25.490000|25.670000|25.305000|25.520000|16389600|0.9508904028|24.266722
2025-10-28|462|PYPL|76.209999|79.214996|72.830002|73.019997|83722300|0.9914138539|72.393044
2025-10-28|463|LITE|193.809998|199.820007|188.300003|198.389999|3168800|1.0000000000|198.389999
2025-10-28|464|HPE|24.250000|24.698000|23.690001|24.250000|38284100|0.9847720717|23.880722
2025-10-28|465|XYZ|80.160004|81.699997|79.769997|80.180000|3954600|1.0000000000|80.180000
2025-10-28|466|FTV|49.529999|49.580002|48.974998|49.160000|4205200|0.9968000114|49.002689
2025-10-28|467|DELL|162.419998|167.000000|160.679993|164.880005|6446400|0.9909355870|163.385468
2025-10-28|468|TTD|53.599998|53.939999|51.410000|51.669998|6958300|1.0000000000|51.669998
2025-10-28|469|VST|197.315002|197.315002|184.470001|190.589996|9390500|0.9958526400|189.799561
2025-10-28|470|HWM|203.000000|205.289993|200.850006|201.039993|2499900|0.9979223317|200.622299
2025-10-28|471|INVH|28.735001|28.790001|28.164000|28.190001|3675200|0.9672165501|27.265835
2025-10-28|472|CVNA|369.550018|372.310982|359.767990|362.200012|2985100|0.2000000000|72.440002
2025-10-28|473|IR|80.750000|80.750000|78.440002|78.849998|3927000|0.9990084054|78.771805
2025-10-28|474|VICI|30.879999|30.879999|30.305000|30.360001|14329800|0.9523421134|28.913109
2025-10-28|475|VRT|192.770004|195.705002|186.020004|190.570007|6044100|0.9991812568|190.413986
2025-10-28|476|MRNA|26.670000|26.900000|25.200001|25.350000|8832400|1.0000000000|25.350000
2025-10-28|477|FOXA|62.105000|62.160000|61.049999|61.110001|3150000|0.9951185496|60.811695
2025-10-28|478|FOX|55.400002|55.485001|54.470001|54.529999|768000|0.9946544484|54.238506
2025-10-28|479|DOW|25.520000|25.540001|24.790001|25.379999|11767500|0.9640247460|24.466946
2025-10-28|480|UBER|96.769997|97.730003|95.410004|95.430000|17138300|1.0000000000|95.430000
2025-10-28|481|CTVA|63.759998|63.889999|63.189999|63.459999|2821400|0.9928033602|63.003300
2025-10-28|482|CRWD|536.809998|553.640015|535.979980|546.940002|3367400|0.2500000000|136.735001
2025-10-28|483|DDOG|159.020004|160.119995|156.639999|157.270004|1855800|1.0000000000|157.270004
2025-10-28|484|CARR|60.000000|60.560001|58.445000|58.740002|9614600|0.9848525765|57.850246
2025-10-28|485|OTIS|91.610001|92.464996|91.165001|91.300003|3218000|0.9789066234|89.374176
2025-10-28|486|PLTR|189.479996|191.779999|186.779999|189.600006|38201000|1.0000000000|189.600006
2025-10-28|487|DASH|263.160004|265.589996|259.829987|261.420013|2775500|1.0000000000|261.420013
2025-10-28|488|ABNB|129.589996|130.050003|127.669998|128.009995|4463200|1.0000000000|128.009995
2025-10-28|489|EXE|103.879997|103.900002|100.779999|101.000000|3350900|0.9779564541|98.773605
2025-10-28|490|COIN|363.230011|368.130005|354.070007|355.220001|6527800|1.0000000000|355.220001
2025-10-28|491|APP|643.989990|649.646973|620.869995|626.820007|2545100|1.0000000000|626.820007
2025-10-28|492|HOOD|146.000000|148.110001|145.630005|146.250000|13446700|1.0000000000|146.250000
2025-10-28|493|CEG|397.029999|401.000000|375.500000|384.950012|2865600|0.9944409722|382.810089
2025-10-28|494|GEHC|78.120003|79.750000|77.680000|79.400002|5877000|0.9985528329|79.285088
2025-10-28|495|KVUE|14.900000|14.925000|14.430000|14.510000|29928100|0.9540880845|13.843818
2025-10-28|496|VLTO|103.580002|103.650002|102.190002|102.529999|1421900|0.9957401186|102.093231
2025-10-28|497|RDDT|222.220001|222.220001|212.750000|212.970001|4565000|1.0000000000|212.970001
2025-10-28|498|SOLV|71.650002|71.930000|70.824997|70.919998|446900|1.0000000000|70.919998
2025-10-28|499|GEV|590.000000|591.919983|565.000000|570.979980|3589300|0.9981503345|569.923889
2025-10-28|500|SNDK|175.490005|178.820007|164.559998|175.529999|9140800|1.0000000000|175.529999
2025-10-28|501|Q|99.010002|103.500000|93.010002|94.739998|172600|0.9980995006|94.559952
