date|security_id|ticker|open|high|low|close|volume|adj_factor|adj_close_vendor
2025-10-06|1|AEP|114.059998|115.839996|113.440002|115.660004|5123200|0.9699113042|112.179939
2025-10-06|2|BA|217.869995|221.800003|215.899994|219.729996|7665300|1.0000000000|219.729996
2025-10-06|3|CAT|500.420013|505.589996|493.040009|495.380005|2629200|0.9910786923|490.960571
2025-10-06|4|CNP|38.930000|39.509998|38.770000|39.459999|5405500|0.9777626474|38.582512
2025-10-06|5|CVX|153.970001|154.649994|152.919998|154.020004|4778900|0.9620890936|148.180969
2025-10-06|6|DIS|112.690002|113.110001|111.449997|112.750000|6141200|0.9857264957|111.140663
2025-10-06|7|DTE|140.289993|142.410004|140.289993|141.759995|930200|0.9755422782|138.292847
2025-10-06|8|ED|98.669998|99.349998|98.419998|99.330002|1769800|0.9678975191|96.141273
2025-10-06|9|GD|344.519989|347.369995|343.390015|346.500000|885900|0.9826639145|340.493042
2025-10-06|10|GE|295.799988|299.290009|294.750000|298.220001|2759800|0.9961629631|297.075714
2025-10-06|11|HON|210.000000|210.499996|207.799999|209.000006|5157300|0.9694785487|202.621048
2025-10-06|12|HPQ|26.790001|26.910000|26.440001|26.610001|7705600|0.9607551428|25.565695
2025-10-06|13|IBM|288.609985|291.450012|287.799988|289.420013|2881900|0.9746618623|282.086639
2025-10-06|14|IP|44.759998|45.980000|44.150002|45.880001|6649200|0.9527969504|43.714321
2025-10-06|15|JNJ|188.000000|189.919998|187.369995|188.160004|5806100|0.9779609434|184.013123
2025-10-06|16|KO|66.489998|66.500000|65.839996|66.099998|14333300|0.9799171123|64.772522
2025-10-06|17|KR|65.989998|66.320000|64.519997|64.800003|8489600|0.9778352350|63.363731
2025-10-06|18|LMT|506.630005|515.429993|506.630005|514.239990|1389700|0.9808408602|504.387573
2025-10-06|19|MMM|158.699997|159.210007|154.630005|155.929993|2421400|0.9818750293|153.103760
2025-10-06|20|MO|65.139999|65.500000|64.779999|65.370003|7768400|0.9516126626|62.206921
2025-10-06|21|MRK|88.830002|90.309998|88.550003|88.800003|11648300|0.9772081263|86.776085
2025-10-06|22|MSI|454.790009|458.420013|453.049988|457.130005|610300|0.9910852927|453.054871
2025-10-06|23|PG|151.500000|152.320007|150.399994|150.410004|6737000|0.9714333836|146.113297
2025-10-06|24|XOM|113.290001|114.769997|113.180000|114.199997|12036800|0.9718336400|110.983398
2025-10-06|25|RTX|167.000000|169.750000|167.000000|168.800003|3816900|0.9853742397|166.331177
2025-10-06|26|MCD|299.040009|299.649994|294.910004|296.040009|3814200|0.9818538696|290.668030
2025-10-06|27|AXP|332.000000|334.000000|326.250000|331.989990|2116200|0.9894167649|328.476440
2025-10-06|28|BMY|45.349998|45.910000|44.869999|45.139999|19162500|0.9673144843|43.664577
2025-10-06|29|DD|80.080001|81.969999|79.950003|80.820001|3181800|1.2389568992|100.132492
2025-10-06|30|DE|464.709991|465.470001|456.130005|457.309998|1150200|0.9910776808|453.229736
2025-10-06|31|EMR|133.199997|135.490005|132.789993|134.770004|2218300|0.9845366681|132.686005
2025-10-06|32|ETN|380.000000|385.670013|377.559998|380.019989|1852100|0.9889737586|375.829742
2025-10-06|33|ETR|95.599998|98.580002|95.599998|97.480003|4137300|0.9756994696|95.111183
2025-10-06|34|F|12.630000|12.800000|12.480000|12.700000|90544900|0.9554534458|12.134258
2025-10-06|35|HAL|24.370001|24.620001|24.129999|24.360001|7899000|0.9847026012|23.987354
2025-10-06|36|LLY|839.950012|856.570007|838.659973|845.049988|3651400|0.9937326373|839.753723
2025-10-06|37|PCG|15.900000|16.170000|15.860000|16.040001|29367600|0.9911560857|15.898145
2025-10-06|38|PEP|141.770004|141.850006|138.880005|139.699997|6750700|0.9713251717|135.694107
2025-10-06|39|PFE|27.270000|27.360001|26.389999|26.430000|62945600|0.9344639716|24.697882
2025-10-06|40|TXN|181.000000|183.229996|179.300003|181.809998|6019800|0.9747566992|177.220520
2025-10-06|41|WFC|80.559998|81.459999|79.570000|80.690002|12837700|0.9786587178|78.967979
2025-10-06|42|HUBB|420.339996|420.910004|411.089996|413.049988|624273|0.9910077151|409.335724
2025-10-06|43|WMT|101.879997|103.070000|101.580002|102.699997|13303600|0.9916508097|101.842529
2025-10-06|44|AIG|81.580002|83.169998|81.320000|83.019997|5067200|0.9824236525|81.560806
2025-10-06|45|AVY|162.690002|163.460007|161.899994|162.750000|608400|0.9833361967|160.037979
2025-10-06|46|BAC|50.930000|51.320000|49.889999|50.389999|25386300|0.9841245494|49.590038
2025-10-06|47|BALL|50.099998|50.240002|49.480000|49.630001|2290400|0.9893620930|49.102043
2025-10-06|48|BDX|193.920006|193.920006|190.700004|191.989996|1093100|0.7715067098|148.121582
2025-10-06|49|CLX|123.190002|123.290001|118.639999|118.669998|2232400|0.9554686115|113.385460
2025-10-06|50|CMI|434.869995|440.510010|431.790009|438.880005|853000|0.9855888256|432.555206
2025-10-06|51|CMS|72.500000|73.260002|72.349998|73.220001|2910200|0.9697049346|71.001793
2025-10-06|52|CVS|77.139999|77.690002|76.580002|76.839996|5894400|0.9692366143|74.476128
2025-10-06|53|ECL|277.739990|280.309998|276.000000|279.739990|949100|0.9918356453|277.456116
2025-10-06|54|ES|72.820000|73.169998|72.500000|72.699997|2719500|0.9670826030|70.306900
2025-10-06|55|EVRG|76.639999|77.709999|76.629997|77.480003|2480800|0.9663059278|74.869392
2025-10-06|56|GWW|960.570007|967.750000|950.859985|958.900024|320300|0.9918044722|951.041321
2025-10-06|57|LNT|66.809998|68.190002|66.769997|68.120003|2723900|0.9698403407|66.065529
2025-10-06|58|MKC|68.760002|69.089996|67.919998|68.290001|5613900|0.9687082665|66.153084
2025-10-06|59|MRSH|201.110001|201.779999|199.779999|201.339996|1491100|0.9842873682|198.176422
2025-10-06|60|NEE|80.150002|82.370003|80.150002|82.110001|15767600|0.9793736752|79.816170
2025-10-06|61|NI|43.959999|44.520000|43.779999|44.169998|4278000|0.9739163964|43.017887
2025-10-06|62|PNW|90.239998|91.209999|89.849998|90.820000|1340000|0.9627257278|87.434738
2025-10-06|63|RVTY|93.440002|94.500000|93.019997|93.379997|1249600|0.9972426702|93.122513
2025-10-06|64|SNA|348.820007|348.820007|340.559998|340.559998|382700|0.9736214558|331.576508
2025-10-06|65|SPGI|480.239989|480.470014|474.280010|478.350014|1997500|0.9377344841|448.565277
2025-10-06|66|TER|147.899994|150.710007|147.300003|147.869995|3706000|0.9984501140|147.640823
2025-10-06|67|TGT|89.339996|90.169998|87.839996|88.959999|8975700|0.9610823572|85.497887
2025-10-06|68|TXT|87.349998|87.919998|86.650002|87.339996|1293400|0.9993380469|87.282188
2025-10-06|69|VMC|304.089996|306.910004|301.010010|304.670013|523100|0.9925854203|302.411041
2025-10-06|70|XEL|80.410004|81.279999|79.889999|81.000000|4082600|0.9776860259|79.192566
2025-10-06|71|ITW|259.339996|260.000000|256.739990|258.709991|844500|0.9813941046|253.896439
2025-10-06|72|CL|78.000000|78.419998|77.320000|77.449997|7520900|0.9756036244|75.560493
2025-10-06|73|EXC|45.310001|45.730000|45.119999|45.689999|6290500|0.9737696536|44.491535
2025-10-06|74|MDT|97.639999|98.660004|97.629997|98.430000|8134500|0.9758565703|96.053558
2025-10-06|75|BNY|106.809998|107.500000|105.370003|106.430000|2580600|0.9828746130|104.607346
2025-10-06|76|EIX|55.299999|55.299999|54.040001|54.799999|3895300|0.9477686299|51.937725
2025-10-06|77|FRT|99.360001|100.099998|98.669998|98.739998|513100|0.9693143333|95.710091
2025-10-06|78|PNR|112.540001|113.029999|111.519997|112.050003|1083000|0.9879062781|110.694893
2025-10-06|79|USB|48.310001|49.000000|47.480000|47.720001|8426600|0.9719845662|46.383106
2025-10-06|80|WY|25.059999|25.100000|24.760000|24.959999|3680500|0.9737086273|24.303766
2025-10-06|81|SYY|81.839996|81.970001|80.720001|80.830002|2204300|0.9787571978|79.112946
2025-10-06|82|WRB|76.989998|77.580002|76.669998|76.980003|1816600|0.9742469050|74.997528
2025-10-06|83|IFF|62.049999|62.380001|61.470001|61.500000|1674100|0.9828526607|60.445442
2025-10-06|84|TAP|46.250000|46.290001|45.639999|45.650002|2297300|0.9680101781|43.680523
2025-10-06|85|PNC|199.919998|202.000000|194.679993|195.619995|2208700|0.9681422743|189.387985
2025-10-06|86|TRV|285.010010|285.690002|281.829987|282.730011|1103900|0.9883140678|279.426056
2025-10-06|87|C|99.199997|100.059998|97.040001|98.050003|10398000|0.9792834329|96.018745
2025-10-06|88|FDX|244.750003|250.089999|243.610008|247.029992|2034400|0.7954691757|196.504745
2025-10-06|89|WDC|135.000000|136.199997|124.940002|125.279999|13060300|0.9984583045|125.086853
2025-10-06|90|DHR|215.009995|215.279999|210.639999|211.710007|3849500|0.9944303518|210.530853
2025-10-06|91|APA|24.660000|25.530001|24.639999|25.120001|6169500|0.9662983352|24.273413
2025-10-06|92|LUV|32.540001|32.709999|31.770000|32.580002|6908500|0.9870678085|32.158672
2025-10-06|93|PEG|82.500000|82.580002|80.120003|81.839996|3741500|0.9756675447|79.848625
2025-10-06|94|UNP|237.000000|238.229996|235.500000|237.410004|3261100|0.9839040791|233.588669
2025-10-06|95|ABT|134.320007|135.240005|133.449997|133.740005|6745900|0.9774083434|130.718597
2025-10-06|96|ADI|245.009995|245.009995|238.919998|242.500000|4021200|0.9906566026|240.234238
2025-10-06|97|ADM|61.049999|63.189999|60.610001|62.450001|4057800|0.9716117081|60.677151
2025-10-06|98|ADP|291.500000|291.950012|288.489990|290.549988|1703700|0.9780151607|284.162292
2025-10-06|99|AFL|112.389999|113.389999|111.370003|113.070000|1607000|0.9795217260|110.754524
2025-10-06|100|AMAT|222.339996|226.490005|220.770004|223.910004|7891900|0.9944993487|222.678360
2025-10-06|101|AMD|226.449997|226.710007|203.009995|203.710007|248859600|1.0000000000|203.710007
2025-10-06|102|APD|271.350006|273.609985|270.149994|270.950012|909000|0.9804771664|265.660309
2025-10-06|103|BF-B|27.780001|27.900000|27.340000|27.540001|1940700|0.9746521115|26.841921
2025-10-06|104|CHD|87.919998|89.160004|87.739998|88.889999|2352000|0.9872146942|87.753510
2025-10-06|105|CINF|164.309998|165.929993|163.649994|165.210007|476000|0.9835715596|162.495865
2025-10-06|106|CMCSA|30.799999|31.110000|30.420001|31.090000|27868000|0.9033911576|28.086428
2025-10-06|107|D|61.630001|61.779999|61.029999|61.500000|5905300|0.9687101350|59.575672
2025-10-06|108|DOV|167.679993|167.750000|165.169998|166.520004|791300|0.9924896872|165.269394
2025-10-06|109|DUK|123.430000|124.459999|122.779999|124.379997|2289000|0.9660947366|120.162849
2025-10-06|110|EFX|235.669998|242.259995|232.429993|237.330002|1199700|0.9915561793|235.326019
2025-10-06|111|EQT|56.590000|57.299999|55.520000|57.189999|7929400|0.9883492503|56.523693
2025-10-06|112|FITB|44.060001|45.330002|43.080002|43.790001|40978600|0.9757841433|42.729588
2025-10-06|113|GIS|50.360001|50.950001|50.029999|50.180000|5989000|0.9414262429|47.240772
2025-10-06|114|GPC|139.380005|139.520004|138.080002|138.449997|935800|0.9724963604|134.642120
2025-10-06|115|HAS|75.830002|76.419998|74.629997|74.779999|1499300|0.9687474839|72.442940
2025-10-06|116|HBAN|17.290001|17.540001|16.680000|16.709999|42630200|0.9725023795|16.250515
2025-10-06|117|HRL|24.600000|24.670000|24.299999|24.309999|4183000|0.9501443377|23.098007
2025-10-06|118|HST|16.990000|17.020000|16.570000|16.620001|7509400|0.9346875076|15.534506
2025-10-06|119|HSY|195.399994|196.050003|192.910004|195.179993|1392900|0.9707271518|189.466522
2025-10-06|120|INTC|37.189999|38.680000|36.430000|36.590000|112086100|1.0000000000|36.590000
2025-10-06|121|J|155.020004|155.820007|154.119995|155.009995|719300|0.9894584622|153.375931
2025-10-06|122|JPM|310.179993|311.750000|305.130005|309.179993|7214500|0.9859988977|304.851105
2025-10-06|123|KMB|122.000000|122.190002|120.449997|120.540001|2143300|0.9627154389|116.045715
2025-10-06|124|L|101.669998|102.839996|101.669998|102.370003|566100|0.9977044368|102.135010
2025-10-06|125|LEN|130.179993|130.809998|126.019997|126.389999|2709700|0.9802617213|123.895279
2025-10-06|126|LOW|246.119995|246.490005|240.529999|241.669998|3307700|0.9798699778|236.805176
2025-10-06|127|MAS|70.519997|70.720001|68.570000|68.790001|1852600|0.9817399064|67.533890
2025-10-06|128|MTB|197.220001|198.869995|189.910004|190.000000|1499800|0.9784172563|185.899277
2025-10-06|129|NEM|87.949997|89.370003|87.400002|88.510002|8890900|0.9927701446|87.870087
2025-10-06|130|NTRS|133.250000|133.919998|130.570007|132.210007|800900|0.9838837164|130.079269
2025-10-06|131|NUE|137.990005|138.529999|135.559998|135.589996|1158600|0.9907811186|134.340012
2025-10-06|132|OMC|78.080002|79.529999|77.860001|78.500000|5640400|0.9700503706|76.148949
2025-10-06|133|PCAR|98.160004|99.580002|97.300003|98.519997|3165600|0.9759401745|96.149635
2025-10-06|134|PGR|244.559998|245.000000|239.410004|240.500000|4322200|0.9393741219|225.919464
2025-10-06|135|PH|767.059998|772.140015|757.989990|763.440002|408300|0.9937397742|758.660645
2025-10-06|136|PHM|137.720001|138.100006|134.149994|135.479996|1419500|0.9937132889|134.628281
2025-10-06|137|PPG|105.129997|105.129997|103.510002|103.519997|1466600|0.9744973374|100.879959
2025-10-06|138|PPL|36.669998|37.220001|36.669998|37.150002|5146300|0.9766950417|36.284222
2025-10-06|139|RF|26.459999|26.870001|25.809999|25.860001|28172100|0.9708879210|25.107164
2025-10-06|140|ROL|58.660000|58.779999|58.169998|58.320000|1133600|0.9856812639|57.484932
2025-10-06|141|SHW|346.239990|346.239990|336.790009|336.910004|2032100|0.9906031983|333.744171
2025-10-06|142|STT|116.309998|117.500000|114.809998|116.900002|1147100|0.9820070009|114.796616
2025-10-06|143|SWK|75.940002|75.940002|73.570000|74.349998|1265000|0.9672078260|71.911896
2025-10-06|144|SYK|371.010010|373.500000|365.000000|366.279999|1721800|0.9921744259|363.413666
2025-10-06|145|TMO|540.000000|545.859985|536.460022|543.950012|2560100|0.9972620730|542.460693
2025-10-06|146|TPL|954.019958|983.230042|947.169983|975.399994|135800|0.3318281124|323.665131
2025-10-06|147|TSN|54.520000|54.680000|54.090000|54.150002|3232600|0.9750492370|52.798912
2025-10-06|148|TT|428.399994|430.230011|422.380005|424.769989|1076000|0.9953350758|422.788483
2025-10-06|149|TYL|500.459991|504.399994|495.299988|496.230011|311100|1.0000000000|496.230011
2025-10-06|150|UDR|36.529999|36.529999|35.860001|36.029999|3335700|0.9573816019|34.494457
2025-10-06|151|VTRS|10.180000|10.210000|10.090000|10.130000|7146500|0.9657614708|9.783164
2025-10-06|152|WEC|113.940002|114.629997|113.410004|114.550003|1389200|0.9669333840|110.762215
2025-10-06|153|WST|271.440002|271.489990|266.329987|268.070007|586400|0.9968900108|267.236328
2025-10-06|154|NDSN|233.970001|235.229996|230.580002|234.119995|214500|0.9906696357|231.935577
2025-10-06|155|TFC|45.560001|46.369999|45.009998|45.330002|9665800|0.9589220174|43.467934
2025-10-06|156|WELL|174.039993|175.440002|173.149994|174.139999|1932200|0.9854911345|171.613434
2025-10-06|157|AON|364.070007|367.000000|362.119995|365.700012|1109200|0.9951005240|363.908295
2025-10-06|158|GL|136.419998|137.839996|133.970001|134.000000|763100|0.9938835716|133.180420
2025-10-06|159|OKE|73.139999|73.440002|72.410004|72.730003|3093400|0.9485114183|68.985237
2025-10-06|160|KLAC|1121.679993|1152.119980|1121.679993|1139.710007|946000|0.0994634319|113.359474
2025-10-06|161|CSX|36.049999|36.270000|35.889999|36.250000|13126100|0.9900119853|35.887936
2025-10-06|162|PSA|293.739990|293.989990|290.089996|290.809998|586900|0.9701110817|282.117981
2025-10-06|163|NKE|72.019997|72.389999|71.010002|71.169998|14039600|0.9783499344|69.629166
2025-10-06|164|AAPL|257.989990|259.070007|255.050003|256.690002|44664100|0.9963195807|255.745285
2025-10-06|165|BRO|94.419998|94.830002|93.900002|94.440002|2155700|0.9904200305|93.535271
2025-10-06|166|UHS|207.169998|209.729996|206.520004|206.839996|588700|0.9968342486|206.185181
2025-10-06|167|HD|394.500000|394.500000|385.720001|389.329987|3653700|0.9796274407|381.398315
2025-10-06|168|BAX|23.900000|23.920000|23.110001|23.150000|6328600|0.9984613291|23.105469
2025-10-06|169|COP|94.779999|95.419998|94.339996|94.910004|3454100|0.9694370271|92.009270
2025-10-06|170|GLW|84.110001|86.099998|83.809998|85.339996|8678000|0.9932214224|84.761513
2025-10-06|171|HUM|284.410004|296.250000|283.000000|295.200012|2777800|0.9892166205|292.016754
2025-10-06|172|LHX|297.290009|303.130005|296.600006|303.010010|819200|0.9883920425|299.492676
2025-10-06|173|NOC|609.119995|619.710022|609.000000|618.520020|540200|0.9884333448|611.365784
2025-10-06|174|OXY|45.000000|45.980000|44.650002|45.400002|13261400|0.9849760250|44.717911
2025-10-06|175|ROK|352.519989|352.890015|348.140015|348.570007|759600|0.9867997940|343.968811
2025-10-06|176|SLB|34.549999|34.840000|34.169998|34.590000|18649900|0.9812007073|33.939732
2025-10-06|177|SO|94.430000|95.529999|94.400002|95.489998|4870200|0.9680357165|92.437721
2025-10-06|178|WMB|64.790001|65.160004|63.570000|63.580002|6239100|0.9774919343|62.148937
2025-10-06|179|VLO|161.820007|165.070007|160.800003|163.419998|2020700|0.9792382128|160.027100
2025-10-06|180|CI|310.000000|311.299988|301.390015|302.989990|1555100|0.9832673314|297.920166
2025-10-06|181|NSC|301.440002|301.529999|298.570007|299.649994|2076600|0.9826794519|294.459869
2025-10-06|182|COO|70.599998|70.599998|69.669998|70.110001|2098900|1.0000000000|70.110001
2025-10-06|183|AMGN|297.619995|297.619995|293.029999|294.119995|1957300|0.9730085280|286.181244
2025-10-06|184|RJF|168.029999|168.619995|165.929993|167.639999|630800|0.9893936166|165.861938
2025-10-06|185|WSM|199.000000|199.100006|195.509995|196.149994|969500|0.9861134039|193.426147
2025-10-06|186|CAH|153.270004|156.149994|152.130005|155.190002|1425200|0.9929397050|154.094299
2025-10-06|187|CTAS|202.449997|202.710007|198.360001|199.039993|1565200|0.9900452227|197.058594
2025-10-06|188|PAYX|124.959999|124.959999|123.260002|124.370003|2936000|0.9578135440|119.123283
2025-10-06|189|BEN|23.770000|23.840000|22.690001|23.180000|5384400|0.9625940231|22.312929
2025-10-06|190|AOS|72.879997|73.150002|72.199997|72.419998|704300|0.9781906723|70.840569
2025-10-06|191|CASY|565.450012|566.369995|557.419983|558.820007|231900|0.9965302403|556.881042
2025-10-06|192|T|26.540001|26.719999|25.840000|25.870001|63474300|0.9549684422|24.705034
2025-10-06|193|VZ|43.250000|43.380001|41.349998|41.439999|75944200|0.9360588259|38.790276
2025-10-06|194|JBHT|137.429993|142.110001|136.479996|141.669998|1150500|0.9918818614|140.519882
2025-10-06|195|ATO|170.639999|173.550003|170.190002|173.320007|843900|0.9773427979|169.393051
2025-10-06|196|LRCX|149.899994|153.699997|149.119995|149.149994|11217100|0.9964597456|148.621964
2025-10-06|197|MU|195.009995|201.000000|189.429993|190.960007|36392300|0.9990228227|190.773392
2025-10-06|198|AJG|310.500000|311.670013|307.679993|309.149994|1053600|0.9910126646|306.371582
2025-10-06|199|AME|187.000000|187.089996|182.419998|182.990005|1360100|0.9953689352|182.142563
2025-10-06|200|SWKS|77.400002|77.660004|75.040001|76.910004|1925800|0.9685989226|74.494942
2025-10-06|201|EXPD|123.269997|124.050003|122.769997|123.669998|783100|0.9896583057|122.391045
2025-10-06|202|UNH|361.029999|362.519989|357.109985|358.769989|7181700|0.9800610506|351.616516
2025-10-06|203|BBY|76.970001|77.889999|75.400002|75.599998|3043500|0.9593973356|72.530441
2025-10-06|204|DOC|19.389999|19.480000|19.230000|19.240000|5176200|0.9405716583|18.096600
2025-10-06|205|ADSK|322.000000|326.200012|320.130005|323.429993|1568800|1.0000000000|323.429993
2025-10-06|206|DVN|34.820000|35.360001|34.570000|34.910000|4807200|0.9814598964|34.262764
2025-10-06|207|NVR|8199.000000|8199.000000|8033.310059|8068.750000|13000|1.0000000000|8068.750000
2025-10-06|208|ROST|152.240005|153.460007|151.199997|152.259995|2669700|0.9936631572|151.295135
2025-10-06|209|JKHY|146.990005|148.940002|145.380005|147.690002|1482300|0.9886171552|146.008865
2025-10-06|210|MNST|67.110001|67.230003|66.330002|67.089996|3254000|0.5000000000|67.089996
2025-10-06|211|ORCL|292.380005|296.679993|290.799988|291.589996|14076800|0.9887307780|288.304016
2025-10-06|212|MSFT|518.609985|531.030029|518.200012|528.570007|21388600|0.9918394551|524.256592
2025-10-06|213|TROW|104.370003|105.839996|103.459999|105.690002|1551500|0.9618549978|101.658455
2025-10-06|214|COST|915.500000|915.780029|904.250000|910.940002|2504000|0.9941992924|905.655945
2025-10-06|215|ADBE|346.929993|357.339996|342.040009|350.140015|5340200|1.0000000000|350.140015
2025-10-06|216|FISV|128.000000|128.240005|125.000000|125.050003|5773000|1.0000000000|125.050003
2025-10-06|217|BKR|48.919998|49.580002|48.799999|49.080002|5371900|0.9846041741|48.324379
2025-10-06|218|CDNS|350.000000|354.850006|350.000000|353.359985|1441200|1.0000000000|353.359985
2025-10-06|219|TJX|141.240005|143.639999|141.240005|143.110001|6309600|0.9879468300|141.385071
2025-10-06|220|FICO|1862.119995|1886.280029|1829.119995|1850.180054|482200|1.0000000000|1850.180054
2025-10-06|221|CCL|28.660000|29.150000|28.020000|29.090000|21702900|0.9841845235|28.629927
2025-10-06|222|FAST|47.820000|48.430000|47.580002|47.779999|4806800|0.9787399757|46.764194
2025-10-06|223|SCHW|94.430000|95.089996|93.419998|94.000000|6284000|0.9873800864|92.813728
2025-10-06|224|JCI|110.110001|111.220001|109.470001|109.580002|2940300|0.9941759575|108.941803
2025-10-06|225|COHR|116.980003|118.550003|113.089996|114.769997|3775500|1.0000000000|114.769997
2025-10-06|226|KEY|18.750000|19.040001|18.350000|18.540001|29963300|0.9696888308|17.978029
2025-10-06|227|MOS|34.450001|35.619999|34.450001|35.340000|4669500|0.9727377902|34.376553
2025-10-06|228|MGM|34.090000|34.380001|33.709999|33.919998|3782700|1.0000000000|33.919998
2025-10-06|229|WM|219.270004|220.000000|217.020004|217.690002|1116700|0.9879218676|215.060699
2025-10-06|230|TECH|62.950001|63.099998|61.500000|61.919998|2820100|0.9943671322|61.571213
2025-10-06|231|IEX|167.059998|167.839996|165.380005|167.050003|334800|0.9853525022|164.603149
2025-10-06|232|GEN|27.910000|27.950001|27.660000|27.750000|3053400|0.9804358251|27.207096
2025-10-06|233|CRH|120.190002|120.269997|117.959999|118.139999|4908200|0.9889154582|116.830475
2025-10-06|234|EOG|110.639999|111.510002|110.389999|110.449997|3362100|0.9664053429|106.739464
2025-10-06|235|PTC|204.039993|205.509995|203.139999|205.000000|811000|1.0000000000|205.000000
2025-10-06|236|CSCO|68.440002|68.949997|67.809998|68.910004|21952700|0.9856294108|67.919731
2025-10-06|237|LH|277.260010|277.290009|273.450012|275.049988|748200|0.9921089357|272.295746
2025-10-06|238|TRMB|80.989998|81.540001|80.330002|80.809998|890500|1.0000000000|80.809998
2025-10-06|239|AZO|4213.529785|4224.080078|4101.799805|4174.430176|136500|1.0000000000|4174.430176
2025-10-06|240|REGN|602.000000|603.650024|584.409973|585.479980|1072400|0.9948983635|582.493103
2025-10-06|241|IDXX|633.559998|634.150024|626.190002|627.780029|247600|1.0000000000|627.780029
2025-10-06|242|AES|14.600000|14.680000|14.160000|14.270000|14574500|0.9525797478|13.593314
2025-10-06|243|VRTX|404.660004|405.450012|400.739990|402.899994|1191100|1.0000000000|402.899994
2025-10-06|244|ZBRA|308.079987|309.079987|298.959991|301.940002|558200|1.0000000000|301.940002
2025-10-06|245|BIIB|159.600006|159.699997|153.100006|154.050003|1817900|1.0000000000|154.050003
2025-10-06|246|ODFL|141.520004|145.080002|140.039993|142.820007|1477400|0.9953671039|142.158340
2025-10-06|247|APH|124.410004|125.029999|122.510002|123.400002|6568600|0.9946061744|122.734398
2025-10-06|248|KIM|21.530001|21.820000|21.370001|21.520000|3461600|0.9657396580|20.782719
2025-10-06|249|QCOM|170.539993|170.880005|167.720001|168.619995|8265800|0.9849314898|166.079132
2025-10-06|250|GILD|115.669998|117.000000|112.410004|113.580002|9090700|0.9813788839|111.465012
2025-10-06|251|ROP|501.899994|507.359985|497.119995|506.989990|1210200|0.9929279129|503.404510
2025-10-06|252|SNPS|471.989990|481.230011|469.549988|478.220001|1651000|1.0000000000|478.220001
2025-10-06|253|STZ|141.509995|141.720001|138.000000|138.710007|4699100|0.9716065224|134.771545
2025-10-06|254|BSX|97.500000|97.580002|96.070000|96.699997|7797300|1.0000000000|96.699997
2025-10-06|255|STE|241.820007|242.699997|239.160004|240.639999|563700|0.9945039836|239.317444
2025-10-06|256|DHI|175.800003|176.050003|170.869995|171.529999|1981100|0.9881394354|169.495544
2025-10-06|257|LIN|466.730011|470.570007|465.100006|468.549988|1539000|0.9898650243|463.801239
2025-10-06|258|SBUX|86.290001|86.290001|82.059998|82.110001|14996700|0.9751160265|80.066780
2025-10-06|259|MS|158.000000|158.729996|155.009995|158.089996|4696300|0.9778330741|154.585632
2025-10-06|260|INTU|667.020020|676.169983|658.330017|670.090027|2538400|0.9888907264|662.645813
2025-10-06|261|MCHP|67.230003|67.769997|64.349998|66.589996|6410200|0.9744763190|64.890381
2025-10-06|262|CB|285.000000|287.380005|283.920013|286.390015|1334800|0.9939554166|284.658905
2025-10-06|263|ORLY|104.910004|105.230003|102.529999|103.300003|4161300|1.0000000000|103.300003
2025-10-06|264|RCL|314.309998|318.000000|310.690002|317.299988|1468800|0.9862054091|312.922974
2025-10-06|265|JBL|207.690002|208.539993|202.190002|202.199997|1480200|0.9988481715|201.967087
2025-10-06|266|ALL|211.000000|211.470001|208.039993|208.830002|1102100|0.9851043015|205.719315
2025-10-06|267|CPT|104.690002|104.970001|102.779999|102.959999|807700|0.9704206326|99.914505
2025-10-06|268|VMRK|63.349998|63.430000|62.180000|62.220001|1856700|0.9671264641|60.174610
2025-10-06|269|IT|258.929993|260.670013|255.000000|256.429993|1075200|1.0000000000|256.429993
2025-10-06|270|DECK|103.199997|103.849998|101.639999|102.040001|2548500|1.0000000000|102.040001
2025-10-06|271|REG|72.320000|72.320000|71.040001|71.139999|1104400|0.9701425273|69.015938
2025-10-06|272|INCY|86.989998|88.300003|86.410004|87.230003|1919000|1.0000000000|87.230003
2025-10-06|273|SPG|184.440002|185.250000|179.149994|179.169998|1568000|0.9659807077|173.074768
2025-10-06|274|MAA|137.220001|137.520004|135.419998|136.000000|904400|0.9546815481|129.836700
2025-10-06|275|MLM|634.969971|638.260010|627.929993|636.109985|259600|0.9960197565|633.578125
2025-10-06|276|TSCO|55.810001|56.060001|54.660000|54.689999|3802300|0.9764906296|53.404263
2025-10-06|277|ALB|89.599998|93.730003|88.500000|92.029999|3402600|0.9919948535|91.293289
2025-10-06|278|CPRT|45.259998|45.360001|44.119999|44.450001|8580400|1.0000000000|44.450001
2025-10-06|279|FLEX|57.720001|58.330002|56.790001|57.279999|3909700|1.0000000000|57.279999
2025-10-06|280|ESS|264.470001|264.670013|260.420013|261.339996|357400|0.9710345219|253.770142
2025-10-06|281|O|60.250000|60.389999|59.900002|59.900002|4976800|0.9566399898|57.302738
2025-10-06|282|MCO|485.859985|488.399994|483.339996|483.450012|859000|0.9914008639|479.292786
2025-10-06|283|SJM|107.949997|108.169998|106.769997|107.040001|1759400|0.9604551346|102.807114
2025-10-06|284|MCK|736.929993|743.700012|732.770020|741.289978|724500|0.9971371280|739.167725
2025-10-06|285|COF|215.490005|217.210007|211.490005|213.850006|2903900|0.9846948620|210.577011
2025-10-06|286|EME|657.640015|679.020020|657.500000|670.000000|592100|0.9980200530|668.673462
2025-10-06|287|DLTR|90.120003|90.239998|87.449997|87.680000|4792500|1.0000000000|87.680000
2025-10-06|288|COR|299.709991|305.670013|299.260010|305.299988|1117600|0.9924371875|302.991089
2025-10-06|289|DRI|193.399994|196.559998|192.440002|193.270004|1115900|0.9692558966|187.328079
2025-10-06|290|RMD|279.350006|283.040009|278.320007|281.380005|911900|0.9895309167|278.434174
2025-10-06|291|WAB|201.059998|202.889999|198.320007|201.279999|1067000|0.9953491745|200.343887
2025-10-06|292|FCX|40.189999|41.240002|39.560001|40.320000|26706800|0.9893641669|39.891167
2025-10-06|293|IVZ|24.080000|24.540001|23.730000|24.129999|4159200|0.9692003654|23.386805
2025-10-06|294|ACGL|91.029999|92.059998|90.860001|91.349998|1474500|1.0000000000|91.349998
2025-10-06|295|ERIE|317.450012|317.769989|313.730011|316.190002|99200|0.9834606060|310.960388
2025-10-06|296|EG|360.000000|364.609985|358.869995|361.559998|252500|0.9878843207|357.179474
2025-10-06|297|DVA|130.660004|131.160004|127.879997|128.139999|753800|1.0000000000|128.139999
2025-10-06|298|HSIC|66.690002|66.959999|64.940002|66.040001|1151600|1.0000000000|66.040001
2025-10-06|299|EL|88.650002|89.230003|87.230003|88.660004|2051000|0.9893232983|87.713409
2025-10-06|300|WAT|327.500000|330.000000|325.540009|327.619995|433000|1.0000000000|327.619995
2025-10-06|301|NTAP|119.989998|120.540001|117.570000|120.419998|1636800|0.9870750252|118.863571
2025-10-06|302|HIG|133.339996|134.259995|132.089996|132.539993|1453900|0.9867007020|130.777313
2025-10-06|303|IRM|104.919998|107.089996|104.839996|106.370003|1336400|0.9749654551|103.707077
2025-10-06|304|BRK-B|499.500000|504.970001|498.019989|500.019989|3519500|1.0000000000|500.019989
2025-10-06|305|FDS|283.339996|283.739990|272.500000|275.010010|1113300|0.9861098905|271.190094
2025-10-06|306|STLD|145.199997|145.929993|141.490005|141.630005|1441600|0.9917509611|140.461700
2025-10-06|307|DGX|178.000000|179.630005|177.389999|178.429993|844000|0.9871163208|176.131149
2025-10-06|308|CIEN|152.679993|159.429993|151.639999|153.250000|3005500|1.0000000000|153.250000
2025-10-06|309|TTWO|258.649994|259.959991|256.100006|256.980011|1399800|1.0000000000|256.980011
2025-10-06|310|VTR|69.470001|69.699997|68.769997|69.250000|2692300|0.9818295408|67.991692
2025-10-06|311|AMZN|221.000000|221.729996|216.029999|220.899994|43690900|1.0000000000|220.899994
2025-10-06|312|ARE|84.110001|84.300003|79.760002|79.989998|2214100|0.9575530500|76.594673
2025-10-06|313|RL|322.410004|324.209991|315.089996|321.100006|573900|0.9923194237|318.633759
2025-10-06|314|BXP|75.400002|75.940002|74.519997|74.610001|1015700|0.9663309942|72.097961
2025-10-06|315|FIX|829.719971|842.960022|823.250000|825.419983|245900|0.9979565203|823.733215
2025-10-06|316|YUM|150.089996|150.669998|148.600006|148.779999|1395000|0.9858960568|146.681625
2025-10-06|317|CHRW|134.649994|135.279999|133.679993|134.360001|997500|0.9892308245|132.913055
2025-10-06|318|FE|45.880001|46.389999|45.830002|46.369999|3634500|0.9613759059|44.578999
2025-10-06|319|MTD|1315.079956|1346.170044|1309.560059|1345.270020|155300|1.0000000000|1345.270020
2025-10-06|320|PLD|117.000000|117.790001|116.370003|117.129997|2540200|0.9772581725|114.466248
2025-10-06|321|URI|979.780029|989.000000|969.289978|987.340027|308600|0.9918999023|979.342407
2025-10-06|322|AEE|104.089996|104.980003|103.650002|104.879997|2061100|0.9792499824|102.703735
2025-10-06|323|VRSN|273.609985|274.079987|268.390015|270.779999|528400|0.9876930267|267.447510
2025-10-06|324|PWR|425.510010|429.700012|421.779999|427.799988|693500|0.9993903388|427.539124
2025-10-06|325|AMT|189.449997|189.449997|185.330002|185.570007|2968100|0.9712942756|180.243088
2025-10-06|326|MAR|269.170013|273.100006|267.899994|271.940002|2064700|0.9917417055|269.694275
2025-10-06|327|CTSH|67.760002|68.220001|67.139999|67.800003|3756100|0.9779331176|66.303864
2025-10-06|328|SRE|91.500000|92.489998|91.220001|92.459999|2863100|0.9788895267|90.508125
2025-10-06|329|CSGP|85.110001|85.239998|80.580002|81.150002|4225100|1.0000000000|81.150002
2025-10-06|330|RSG|224.089996|224.320007|222.320007|223.179993|927600|0.9913326285|221.245605
2025-10-06|331|CCI|94.709999|94.930000|93.809998|93.989998|1656300|0.9648543647|90.686668
2025-10-06|332|EBAY|91.540001|92.970001|90.790001|91.769997|6074700|0.9904184858|90.615189
2025-10-06|333|NVDA|185.500000|187.229996|183.330002|185.539993|157678100|0.9987261828|185.303650
2025-10-06|334|BKNG|5368.040085|5624.890137|5260.079956|5419.869995|353900|0.0397328628|215.346939
2025-10-06|335|GS|795.000000|802.500000|780.049988|796.780029|1632600|0.9855142723|785.238098
2025-10-06|336|FFIV|325.880005|333.000000|325.700012|329.000000|280000|1.0000000000|329.000000
2025-10-06|337|SBAC|190.869995|191.179993|187.789993|188.660004|1072100|0.9751039390|183.963089
2025-10-06|338|LII|559.140015|559.669983|545.700012|553.599976|420400|0.9920705337|549.210205
2025-10-06|339|BLK|1168.979980|1184.130005|1158.599976|1179.270020|772600|0.9841011192|1160.520996
2025-10-06|340|TKO|198.500000|198.589996|194.110001|198.149994|1572900|0.9884090368|195.853241
2025-10-06|341|AKAM|78.000000|78.559998|77.070000|78.440002|1264200|1.0000000000|78.440002
2025-10-06|342|UPS|86.860001|87.050003|85.779999|86.620003|6987000|0.9383630641|81.281013
2025-10-06|343|A|141.509995|141.940002|139.899994|141.610001|1538400|0.9940314297|140.764786
2025-10-06|344|TDY|592.000000|595.530029|588.479980|593.619995|169800|1.0000000000|593.619995
2025-10-06|345|PKG|214.110001|214.250000|211.869995|212.929993|590300|0.9816059808|209.013367
2025-10-06|346|EW|77.129997|78.000000|76.470001|76.559998|2882100|1.0000000000|76.559998
2025-10-06|347|MET|82.620003|83.220001|81.790001|82.349998|2547300|0.9722454281|80.064407
2025-10-06|348|ON|50.130001|50.700001|48.840000|50.349998|7677700|1.0000000000|50.349998
2025-10-06|349|ISRG|459.709991|460.299988|449.079987|449.690002|2478900|1.0000000000|449.690002
2025-10-06|350|CRL|178.149994|179.639999|174.759995|174.949997|856800|1.0000000000|174.949997
2025-10-06|351|MRVL|88.849998|90.250000|88.250000|88.919998|20580500|0.9978740377|88.730957
2025-10-06|352|EQIX|779.450012|792.330017|773.169983|789.840027|425200|0.9790491812|773.292236
2025-10-06|353|TPR|115.699997|117.139999|113.910004|115.489998|2437900|0.9910289553|114.453926
2025-10-06|354|GRMN|257.119995|259.839996|256.130005|257.640015|694900|0.9875544034|254.433533
2025-10-06|355|GPN|88.910004|88.989998|86.480003|87.180000|1453200|0.9898898052|86.298599
2025-10-06|356|ALGN|132.820007|134.039993|129.529999|131.500000|1477800|1.0000000000|131.500000
2025-10-06|357|WTW|347.570007|349.700012|345.799988|349.399994|554500|0.9903328749|346.022278
2025-10-06|358|MDLZ|62.549999|62.549999|61.439999|61.779999|7883300|0.9742061707|60.186462
2025-10-06|359|AXON|719.200012|724.270020|705.000000|721.590027|431900|1.0000000000|721.590027
2025-10-06|360|FIS|66.800003|67.300003|66.180000|67.150002|3526900|0.9743297530|65.426247
2025-10-06|361|ACN|246.000000|248.410004|242.050003|248.169998|3400900|0.9798095806|243.159332
2025-10-06|362|ZBH|101.029999|101.309998|98.779999|98.830002|1065500|0.9920119396|98.040543
2025-10-06|363|BG|83.699997|84.879997|83.160004|84.129997|1221000|0.9749906568|82.025963
2025-10-06|364|PFG|84.250000|85.000000|83.339996|84.180000|841100|0.9740293311|81.993790
2025-10-06|365|ELV|353.910004|355.230011|349.059998|349.940002|1725300|0.9847701459|344.610474
2025-10-06|366|CNC|38.680000|39.119999|37.560001|37.639999|13133200|1.0000000000|37.639999
2025-10-06|367|PRU|104.089996|104.779999|102.779999|103.220001|1340400|0.9496925157|98.027267
2025-10-06|368|NFLX|1160.370026|1163.580017|1145.449982|1163.310013|2968600|0.1000000000|116.331001
2025-10-06|369|NDAQ|87.860001|88.360001|87.500000|88.169998|3519900|0.9903103249|87.315659
2025-10-06|370|WYNN|124.599998|126.349998|122.820000|124.589996|1799500|0.9907231274|123.434204
2025-10-06|371|CME|264.119995|264.220001|258.190002|262.049988|2190600|0.9671562481|253.443283
2025-10-06|372|STX|260.109985|261.239990|242.449997|242.830002|5233600|0.9949371232|241.600586
2025-10-06|373|NRG|168.970001|169.970001|163.100006|163.949997|2408300|0.9877934975|161.948761
2025-10-06|374|AIZ|220.610001|221.949997|219.630005|221.690002|261300|0.9887198190|219.189301
2025-10-06|375|CBRE|156.559998|156.839996|152.800003|153.520004|1173300|1.0000000000|153.520004
2025-10-06|376|CRM|239.330002|250.470001|235.410004|245.779999|13922600|0.9933339931|244.141617
2025-10-06|377|DPZ|426.000000|430.000000|421.380005|422.910004|442600|0.9848757173|416.513824
2025-10-06|378|EXR|143.130005|143.350006|140.949997|141.580002|1144800|0.9661267437|136.784225
2025-10-06|379|GOOG|245.779999|252.199997|245.690002|251.509995|18309000|0.9980438060|251.017990
2025-10-06|380|GOOGL|244.779999|251.320007|244.580002|250.429993|28894700|0.9980471771|249.940948
2025-10-06|381|DLR|178.289993|178.289993|174.509995|176.960007|1873600|0.9788235933|173.212631
2025-10-06|382|MPWR|932.580017|986.630005|930.609985|968.099976|652000|0.9948016730|963.067444
2025-10-06|383|LVS|51.630001|53.110001|51.540001|52.270000|5958900|0.9787990268|51.161823
2025-10-06|384|DXCM|67.900002|68.000000|66.120003|66.360001|5931300|1.0000000000|66.360001
2025-10-06|385|BLDR|129.389999|129.850006|123.730003|127.110001|1644400|1.0000000000|127.110001
2025-10-06|386|WBD|19.030001|19.180000|18.879999|19.080000|17522600|1.0000000000|19.080000
2025-10-06|387|EXPE|220.309998|240.979996|216.839996|223.830002|3741900|0.9926306212|222.180527
2025-10-06|388|CF|90.680000|92.370003|90.519997|92.059998|3067700|0.9797238699|90.193375
2025-10-06|389|AMP|491.880005|496.130005|488.790009|493.809998|350600|0.9868973539|487.339752
2025-10-06|390|ICE|162.070007|162.669998|158.229996|159.059998|3908100|0.9901381914|157.491379
2025-10-06|391|PSKY|19.139999|19.219999|18.680000|19.129999|10251200|0.9863259572|18.868416
2025-10-06|392|LYV|155.270004|156.410004|153.009995|155.940002|2000600|1.0000000000|155.940002
2025-10-06|393|CMG|41.910000|42.029999|41.180000|41.630001|17182500|1.0000000000|41.630001
2025-10-06|394|UAL|96.000000|97.290001|94.550003|97.070000|3792600|1.0000000000|97.070000
2025-10-06|395|TDG|1290.150024|1296.599976|1274.489990|1291.739990|184700|1.0000000000|1291.739990
2025-10-06|396|MA|579.229980|581.140015|569.260010|578.809998|2573500|0.9938070309|575.225464
2025-10-06|397|LDOS|195.580002|198.809998|195.000000|198.039993|885400|0.9917626624|196.408676
2025-10-06|398|FSLR|231.520004|235.580002|227.770004|229.570007|2030600|1.0000000000|229.570007
2025-10-06|399|BR|234.330002|235.539993|232.160004|235.169998|707800|0.9836780236|231.331558
2025-10-06|400|SMCI|54.080002|56.110001|53.959999|54.619999|40241600|1.0000000000|54.619999
2025-10-06|401|TMUS|228.570007|229.059998|222.259995|224.960007|6171700|0.9849640725|220.306030
2025-10-06|402|DAL|57.680000|58.529999|56.680000|58.259998|7821500|0.9891783114|57.629528
2025-10-06|403|IBKR|70.970001|71.440002|69.519997|69.610001|3723400|0.9966884542|69.379478
2025-10-06|404|PODD|310.899994|312.079987|306.019989|311.690002|538500|1.0000000000|311.690002
2025-10-06|405|TEL|223.789993|225.259995|222.690002|222.960007|1694600|0.9892434805|220.561737
2025-10-06|406|BX|168.910004|170.000000|164.380005|166.889999|2334100|0.9610163599|160.384003
2025-10-06|407|LULU|174.470001|177.190002|172.300003|174.119995|3694600|1.0000000000|174.119995
2025-10-06|408|ULTA|558.960022|567.979980|550.099976|566.909973|571300|1.0000000000|566.909973
2025-10-06|409|MSCI|564.059998|568.200012|557.729980|564.809998|396800|0.9858483453|556.817017
2025-10-06|410|ECHO|78.879997|79.050003|75.489998|76.779999|3167500|1.0000000000|76.779999
2025-10-06|411|PM|152.139999|153.649994|150.880005|153.539993|7071400|0.9741176592|149.566010
2025-10-06|412|V|350.010010|351.119995|344.350006|349.279999|4735600|0.9920658607|346.508759
2025-10-06|413|AWK|137.750000|138.990005|136.669998|138.940002|1555500|0.9734433274|135.250229
2025-10-06|414|KDP|25.799999|25.830000|25.190001|25.299999|23707300|0.9761522236|24.696651
2025-10-06|415|SW|40.990002|42.000000|40.029999|40.310001|6926900|0.9711821711|39.148357
2025-10-06|416|AVGO|335.920013|344.130005|334.559998|335.489990|18465700|0.9944270811|333.620331
2025-10-06|417|VRSK|249.259995|249.259995|242.899994|245.070007|1096400|0.9927002374|243.281052
2025-10-06|418|DG|100.269997|100.529999|98.070000|98.129997|3189500|0.9800962717|96.176842
2025-10-06|419|FTNT|86.349998|87.190002|85.959999|86.379997|3844800|1.0000000000|86.379997
2025-10-06|420|CHTR|281.850006|283.519989|276.670013|282.739990|1340800|1.0000000000|282.739990
2025-10-06|421|FERG|232.550003|235.020004|229.199997|234.490005|1446900|0.9848254111|230.931717
2025-10-06|422|GNRC|167.529999|167.529999|162.589996|164.130005|725600|1.0000000000|164.130005
2025-10-06|423|LYB|49.930000|49.930000|48.639999|48.680000|2876400|0.9407211657|45.794308
2025-10-06|424|CBOE|238.570007|239.759995|234.720001|236.839996|859400|0.9954503651|235.762451
2025-10-06|425|TSLA|440.750000|453.549988|436.690002|453.250000|85324900|1.0000000000|453.250000
2025-10-06|426|KKR|128.000000|128.699997|125.470001|126.870003|3521900|0.9928030964|125.956932
2025-10-06|427|NXPI|232.059998|234.000000|227.100006|231.419998|1949600|0.9870653625|228.426666
2025-10-06|428|GM|59.939999|59.939999|58.130001|58.189999|8921500|0.9934966717|57.811569
2025-10-06|429|TRGP|163.600006|163.970001|160.770004|162.600006|1233500|0.9789495349|159.177216
2025-10-06|430|CPAY|289.119995|291.000000|286.450012|288.700012|351400|1.0000000000|288.700012
2025-10-06|431|KMI|28.590000|28.620001|27.930000|27.930000|10716800|0.9613533449|26.850601
2025-10-06|432|HCA|427.190002|435.029999|425.709991|433.549988|960400|0.9950375716|431.398529
2025-10-06|433|HII|285.959991|290.670013|285.700012|288.489990|335500|0.9882397967|283.773895
2025-10-06|434|APO|127.139999|127.489998|124.260002|126.699997|4600000|0.9837214596|124.637505
2025-10-06|435|MPC|193.619995|197.100006|193.190002|193.520004|1013200|0.9835714275|190.340744
2025-10-06|436|XYL|149.919998|151.160004|148.419998|149.899994|1330600|0.9861759388|147.827774
2025-10-06|437|APTV|88.349998|88.800003|87.379997|87.599998|1719400|1.0000000000|87.599998
2025-10-06|438|PSX|133.080002|135.179993|131.770004|132.919998|1610000|0.9712393490|129.097153
2025-10-06|439|AMCR|8.160000|8.190000|8.060000|8.070000|12459500|4.8543684849|39.174751
2025-10-06|440|META|705.190002|716.880005|690.510010|715.659973|21654700|0.9974059053|713.803528
2025-10-06|441|NOW|904.020004|929.759979|895.540009|912.839966|1287800|0.2000000000|182.567993
2025-10-06|442|PANW|209.369995|213.850006|209.130005|212.580002|7286900|1.0000000000|212.580002
2025-10-06|443|FANG|149.009995|152.490005|148.550003|149.100006|2499600|0.9764795206|145.593094
2025-10-06|444|WDAY|235.660004|243.949997|234.690002|238.360001|2253000|1.0000000000|238.360001
2025-10-06|445|ABBV|231.710007|232.949997|227.919998|230.190002|11940300|0.9699105539|223.263733
2025-10-06|446|NCLH|24.320000|24.469999|23.650000|24.100000|11158400|1.0000000000|24.100000
2025-10-06|447|ZTS|146.429993|147.039993|144.850006|145.360001|3119700|0.9811560666|142.620850
2025-10-06|448|IQV|206.910004|207.910004|203.979996|205.020004|1363500|1.0000000000|205.020004
2025-10-06|449|NWS|32.189999|32.310001|31.320000|31.809999|1211200|0.9963262306|31.693136
2025-10-06|450|NWSA|28.549999|28.549999|27.799999|28.059999|3880100|0.9958385353|27.943228
2025-10-06|451|CDW|160.820007|161.500000|157.199997|157.350006|1155500|0.9800438553|154.209915
2025-10-06|452|VEEV|298.119995|303.470001|296.160004|299.760010|1218100|1.0000000000|299.760010
2025-10-06|453|ALLE|177.529999|178.229996|176.720001|177.360001|451000|0.9921390873|175.965790
2025-10-06|454|HLT|258.230011|261.920013|257.480011|260.179993|2937800|0.9980421657|259.670624
2025-10-06|455|ARES|152.970001|153.500000|148.860001|150.100006|2077900|0.9704279397|145.661240
2025-10-06|456|ANET|151.600006|153.729996|149.500000|149.500000|7277600|1.0000000000|149.500000
2025-10-06|457|SYF|71.849998|72.345001|70.000000|71.379997|3271300|0.9836138777|70.210358
2025-10-06|458|CFG|54.200001|55.240002|53.520000|54.000000|4402100|0.9707955381|52.422962
2025-10-06|459|KEYS|175.179993|175.789993|173.169998|173.339996|817600|1.0000000000|173.339996
2025-10-06|460|GDDY|135.589996|137.509995|133.500000|137.190002|1969300|1.0000000000|137.190002
2025-10-06|461|KHC|25.910000|25.959999|25.240000|25.270000|12580300|0.9508904028|24.029001
2025-10-06|462|PYPL|70.220001|71.870003|69.452003|71.290001|16769900|0.9914138539|70.677902
2025-10-06|463|LITE|169.000000|170.759995|158.210007|160.600006|3114100|1.0000000000|160.600006
2025-10-06|464|HPE|24.969999|25.254999|24.764999|24.790001|15656000|0.9847720717|24.412500
2025-10-06|465|XYZ|77.550003|78.800003|76.690002|77.779999|5324100|1.0000000000|77.779999
2025-10-06|466|FTV|50.590000|50.840000|50.020000|50.029999|2622300|0.9968000114|49.869904
2025-10-06|467|DELL|145.520004|149.279999|144.259995|145.759995|10454700|0.9874173534|143.925949
2025-10-06|468|TTD|52.389999|53.740002|50.889999|53.139999|12580000|1.0000000000|53.139999
2025-10-06|469|VST|206.160004|207.929993|197.429993|200.410004|6019800|0.9958526400|199.578842
2025-10-06|470|HWM|188.490005|190.979996|186.589996|190.479996|1751200|0.9979223317|190.084244
2025-10-06|471|INVH|28.750000|28.750000|28.170000|28.219999|5859600|0.9672165501|27.294851
2025-10-06|472|CVNA|379.560013|380.015984|365.999985|369.599991|1801300|0.2000000000|73.919998
2025-10-06|473|IR|84.000000|84.620003|83.360001|83.410004|3621900|0.9990084054|83.327286
2025-10-06|474|VICI|32.520000|32.583000|32.169998|32.240002|6579100|0.9523421134|30.703514
2025-10-06|475|VRT|168.845001|169.830002|162.339996|162.800003|7203300|0.9991812568|162.666702
2025-10-06|476|MRNA|28.490000|28.670000|27.480000|27.540001|8359900|1.0000000000|27.540001
2025-10-06|477|FOXA|62.060001|62.349998|61.369999|61.380001|2152900|0.9951185496|61.080379
2025-10-06|478|FOX|55.750000|56.064999|55.020000|55.070000|1241900|0.9946544484|54.775623
2025-10-06|479|DOW|23.830000|23.889999|23.299999|23.420000|9417100|0.9640247460|22.577459
2025-10-06|480|UBER|96.959999|101.294998|96.889999|100.099998|22760900|1.0000000000|100.099998
2025-10-06|481|CTVA|63.520000|65.065002|63.400002|64.300003|5261000|0.9928033602|63.837261
2025-10-06|482|CRWD|495.510010|503.500000|494.380005|495.950012|1949400|0.2500000000|123.987503
2025-10-06|483|DDOG|153.110001|159.679993|153.009995|157.360001|4732300|1.0000000000|157.360001
2025-10-06|484|CARR|60.349998|60.770000|59.553001|59.810001|5103500|0.9848525765|58.904037
2025-10-06|485|OTIS|91.510002|91.764999|90.489998|90.830002|2121200|0.9789066234|88.914085
2025-10-06|486|PLTR|179.179993|182.949997|177.830002|179.529999|52504200|1.0000000000|179.529999
2025-10-06|487|DASH|274.529999|282.920013|273.679993|281.739990|3905100|1.0000000000|281.739990
2025-10-06|488|ABNB|120.730003|123.150002|120.050003|120.349998|5474300|1.0000000000|120.349998
2025-10-06|489|EXE|108.779999|110.000000|107.220001|107.730003|3345500|0.9779564541|105.355255
2025-10-06|490|COIN|390.329987|392.850006|380.500000|386.070007|8693000|1.0000000000|386.070007
2025-10-06|491|APP|684.474976|687.000000|545.000000|587.000000|14417700|1.0000000000|587.000000
2025-10-06|492|HOOD|153.000000|153.860001|144.119003|144.259995|28117000|1.0000000000|144.259995
2025-10-06|493|CEG|367.630005|368.500000|353.000000|364.100006|2159900|0.9944409722|362.075958
2025-10-06|494|GEHC|76.660004|76.699997|75.879997|76.410004|1677100|0.9981004727|76.264862
2025-10-06|495|KVUE|15.830000|15.920000|15.650000|15.690000|25054700|0.9540880845|14.969641
2025-10-06|496|VLTO|107.014999|107.359001|105.500000|106.099998|1084200|0.9957401186|105.648026
2025-10-06|497|RDDT|207.300003|211.149994|198.869995|203.630005|4985100|1.0000000000|203.630005
2025-10-06|498|SOLV|74.089996|74.500000|73.309998|73.779999|1030000|1.0000000000|73.779999
2025-10-06|499|GEV|606.000000|608.590027|593.700012|603.219971|1950800|0.9977344385|601.853271
2025-10-06|500|SNDK|133.600006|134.789993|119.290001|121.169998|9963900|1.0000000000|121.169998
