date|security_id|ticker|open|high|low|close|volume|adj_factor|adj_close_vendor
2025-10-20|1|AEP|118.129997|118.190002|116.870003|117.820000|2989400|0.9699113042|114.274940
2025-10-20|2|BA|215.130005|217.380005|214.559998|216.820007|5865100|1.0000000000|216.820007
2025-10-20|3|CAT|529.559998|534.200012|526.940002|531.179993|2170800|0.9939261318|527.953613
2025-10-20|4|CNP|39.790001|40.259998|39.790001|40.220001|4227500|0.9777626474|39.325615
2025-10-20|5|CVX|153.429993|154.720001|153.179993|154.479996|5676500|0.9620890936|148.623520
2025-10-20|6|DIS|111.029999|112.250000|110.599998|111.959999|8047500|0.9857264957|110.361938
2025-10-20|7|DTE|142.809998|143.729996|142.350006|143.320007|931200|0.9755422782|139.814713
2025-10-20|8|ED|101.720001|101.940002|100.849998|101.720001|1129300|0.9678975191|98.454536
2025-10-20|9|GD|333.000000|337.940002|331.760010|337.190002|823600|0.9869830633|332.800873
2025-10-20|10|GE|303.859985|305.429993|301.670013|302.679993|5058700|0.9961629631|301.518616
2025-10-20|11|HON|204.340004|206.190007|204.319998|206.030005|3909200|0.9694785487|199.741669
2025-10-20|12|HPQ|27.559999|28.090000|27.500000|27.660000|7049700|0.9607551428|26.574488
2025-10-20|13|IBM|281.250000|285.500000|280.959991|283.649994|3494300|0.9746618623|276.462830
2025-10-20|14|IP|46.840000|47.980000|46.610001|47.889999|3292900|0.9527969504|45.629444
2025-10-20|15|JNJ|193.500000|194.479996|192.330002|193.720001|8034700|0.9779609434|189.450577
2025-10-20|16|KO|68.430000|68.639999|67.919998|68.440002|17786800|0.9799171123|67.065529
2025-10-20|17|KR|69.000000|69.400002|68.239998|69.150002|4219400|0.9778352350|67.617310
2025-10-20|18|LMT|496.429993|505.899994|496.429993|505.899994|1433300|0.9808408602|496.207367
2025-10-20|19|MMM|153.229996|156.070007|153.029999|154.779999|4230400|0.9818750293|151.974609
2025-10-20|20|MO|65.099998|65.199997|64.120003|64.400002|6209000|0.9516126626|61.283859
2025-10-20|21|MRK|85.250000|87.000000|85.029999|86.320000|8611800|0.9772081263|84.352608
2025-10-20|22|MSI|445.000000|448.839996|444.700012|448.440002|410700|0.9910852927|444.442322
2025-10-20|23|PG|151.589996|152.389999|151.300003|151.960007|5601300|0.9714333836|147.619019
2025-10-20|24|XOM|112.000000|113.150002|111.980003|112.699997|9523600|0.9718336400|109.525650
2025-10-20|25|RTX|159.669998|162.070007|159.449997|160.710007|6517800|0.9853742397|158.359512
2025-10-20|26|MCD|307.950012|308.700012|305.839996|307.769989|2329600|0.9818538696|302.185150
2025-10-20|27|AXP|347.390015|350.220001|342.649994|349.480011|3465400|0.9919237847|346.657532
2025-10-20|28|BMY|43.660000|43.980000|43.509998|43.590000|11511500|0.9673144843|42.165234
2025-10-20|29|DD|80.120001|81.039998|80.000001|80.949999|3045400|1.2389568992|100.293564
2025-10-20|30|DE|457.609985|463.890015|455.890015|462.440002|813800|0.9910776808|458.313995
2025-10-20|31|EMR|130.050003|131.110001|129.289993|130.350006|1813700|0.9845366681|128.334366
2025-10-20|32|ETN|375.619995|379.019989|374.600006|377.690002|1331400|0.9889737586|373.525482
2025-10-20|33|ETR|96.379997|96.940002|95.580002|96.709999|2793400|0.9756994696|94.359901
2025-10-20|34|F|11.930000|12.080000|11.910000|11.990000|77878900|0.9554534458|11.455886
2025-10-20|35|HAL|22.299999|22.730000|22.219999|22.620001|18902600|0.9847026012|22.273973
2025-10-20|36|LLY|805.599976|809.409973|799.770020|808.960022|2279700|0.9937326373|803.890015
2025-10-20|37|PCG|16.620001|16.809999|16.530001|16.680000|13608400|0.9911560857|16.532482
2025-10-20|38|PEP|154.419998|154.419998|152.720001|153.639999|4810600|0.9713251717|149.234406
2025-10-20|39|PFE|24.570000|24.730000|24.510000|24.690001|35856800|0.9344639716|23.071917
2025-10-20|40|TXN|172.509995|181.110001|172.509995|179.589996|6620200|0.9747566992|175.056549
2025-10-20|41|WFC|83.620003|86.139999|83.089996|86.019997|15777200|0.9786587178|84.184219
2025-10-20|42|HUBB|431.170013|434.670013|428.130005|431.649994|219249|0.9910077151|427.768494
2025-10-20|43|WMT|107.849998|108.250000|106.610001|107.050003|10581200|0.9916508097|106.156219
2025-10-20|44|AIG|77.510002|78.050003|77.110001|77.690002|2760400|0.9824236525|76.324501
2025-10-20|45|AVY|159.759995|161.000000|159.729996|160.250000|752800|0.9833361967|157.579636
2025-10-20|46|BAC|51.439999|52.279999|51.369999|52.040001|25786000|0.9841245494|51.213840
2025-10-20|47|BALL|48.400002|48.959999|48.240002|48.709999|2599800|0.9893620930|48.191830
2025-10-20|48|BDX|189.280009|193.430002|189.280009|190.999992|1734400|0.7715067098|147.357788
2025-10-20|49|CLX|119.800003|121.120003|119.410004|119.589996|1413600|0.9554686115|114.264481
2025-10-20|50|CMI|415.359985|417.040009|411.640015|414.010010|799700|0.9855888256|408.043640
2025-10-20|51|CMS|75.080002|75.309998|74.800003|75.089996|2002800|0.9697049346|72.815140
2025-10-20|52|CVS|82.459999|82.629997|81.519997|82.480003|5703300|0.9692366143|79.942627
2025-10-20|53|ECL|277.299988|280.579987|276.790009|280.170013|1482700|0.9918356453|277.882599
2025-10-20|54|ES|73.050003|73.360001|72.139999|72.849998|2344400|0.9670826030|70.451965
2025-10-20|55|EVRG|78.349998|78.769997|77.900002|78.650002|2824500|0.9663059278|75.999962
2025-10-20|56|GWW|960.380005|971.179993|958.369995|970.919983|151000|0.9918044722|962.962769
2025-10-20|57|LNT|68.449997|68.669998|68.059998|68.589996|1563300|0.9698403407|66.521339
2025-10-20|58|MKC|67.540001|67.910004|67.330002|67.750000|1743900|0.9754240070|66.084976
2025-10-20|59|MRSH|189.899994|191.050003|187.649994|189.910004|2899600|0.9842873682|186.926025
2025-10-20|60|NEE|85.190002|85.339996|84.309998|84.769997|5225700|0.9793736752|82.401855
2025-10-20|61|NI|43.990002|44.049999|43.570000|43.849998|3402600|0.9739163964|42.706234
2025-10-20|62|PNW|93.949997|93.949997|91.540001|92.730003|1397700|0.9627257278|89.273552
2025-10-20|63|RVTY|94.290001|97.070000|94.290001|95.309998|1016300|0.9979858512|95.118034
2025-10-20|64|SNA|340.679993|342.859985|336.010010|340.869995|348800|0.9736214558|331.878296
2025-10-20|65|SPGI|474.460004|478.119989|472.839989|477.590005|1697100|0.9377344841|447.852600
2025-10-20|66|TER|140.839996|141.460007|138.720001|139.190002|2345700|0.9984501140|138.974274
2025-10-20|67|TGT|91.080002|92.169998|91.000000|91.529999|4886300|0.9610823572|87.967873
2025-10-20|68|TXT|82.029999|82.459999|81.769997|82.400002|1039500|0.9993380469|82.345459
2025-10-20|69|VMC|297.500000|298.089996|292.929993|295.470001|671300|0.9925854203|293.279236
2025-10-20|70|XEL|81.769997|81.970001|80.360001|81.279999|4000900|0.9776860259|79.466316
2025-10-20|71|ITW|249.169998|252.830002|249.169998|252.380005|1001400|0.9813941046|247.684250
2025-10-20|72|CL|79.230003|79.349998|78.690002|78.750000|4087500|0.9821445459|77.343887
2025-10-20|73|EXC|48.049999|48.290001|47.689999|48.240002|4466700|0.9737696536|46.974655
2025-10-20|74|MDT|96.089996|96.599998|94.930000|95.919998|5137800|0.9758565703|93.604164
2025-10-20|75|BNY|106.519997|109.050003|106.519997|108.500000|3982200|0.9828746130|106.641899
2025-10-20|76|EIX|57.180000|57.759998|56.720001|57.650002|2705300|0.9623086217|55.477100
2025-10-20|77|FRT|99.290001|99.800003|98.379997|99.550003|472200|0.9693143333|96.495239
2025-10-20|78|PNR|109.879997|110.860001|109.019997|109.300003|1479800|0.9879062781|107.978157
2025-10-20|79|USB|45.970001|47.189999|45.910000|47.099998|9439000|0.9719845662|45.780472
2025-10-20|80|WY|23.719999|23.809999|23.230000|23.299999|3867600|0.9737086273|22.687408
2025-10-20|81|SYY|79.900002|80.230003|79.669998|79.900002|1921400|0.9787571978|78.202705
2025-10-20|82|WRB|74.300003|74.519997|73.360001|73.480003|3011400|0.9742469050|71.587662
2025-10-20|83|IFF|64.029999|64.790001|63.910000|64.639999|1764600|0.9828526607|63.531597
2025-10-20|84|TAP|47.340000|47.360001|46.580002|46.599998|1610800|0.9680101781|44.589535
2025-10-20|85|PNC|180.220001|182.419998|179.720001|182.169998|2506200|0.9770281499|177.985214
2025-10-20|86|TRV|264.399994|265.769989|262.899994|265.250000|1054600|0.9883140678|262.150299
2025-10-20|87|C|97.470001|99.599998|97.120003|99.300003|11302700|0.9792834329|97.242851
2025-10-20|88|FDX|238.180008|241.599992|237.770002|239.809995|893300|0.7954691757|190.761475
2025-10-20|89|WDC|128.940002|132.000000|119.849998|121.529999|10172200|0.9984583045|121.342636
2025-10-20|90|DHR|210.250000|211.559998|207.740005|208.389999|4971500|0.9944303518|207.229340
2025-10-20|91|APA|22.730000|23.000000|22.049999|22.490000|7247000|0.9662983352|21.732048
2025-10-20|92|LUV|33.779999|34.669998|33.599998|34.430000|7636000|0.9870678085|33.984745
2025-10-20|93|PEG|84.989998|86.089996|84.519997|84.830002|2151800|0.9756675447|82.765884
2025-10-20|94|UNP|226.660004|229.210007|225.800003|227.300003|2922100|0.9839040791|223.641373
2025-10-20|95|ABT|128.440002|129.820007|128.130005|129.509995|5810000|0.9817546722|127.147049
2025-10-20|96|ADI|242.869995|246.839996|242.869995|246.220001|2759700|0.9906566026|243.919479
2025-10-20|97|ADM|63.720001|63.990002|62.919998|63.189999|2124500|0.9716117081|61.396145
2025-10-20|98|ADP|281.609985|283.739990|281.179993|283.029999|1395700|0.9780151607|276.807648
2025-10-20|99|AFL|107.830002|109.099998|107.550003|108.769997|1108900|0.9795217260|106.542580
2025-10-20|100|AMAT|227.149994|231.330002|226.529999|228.130005|5494800|0.9944993487|226.875153
2025-10-20|101|AMD|236.470001|242.880005|234.399994|240.559998|56741700|1.0000000000|240.559998
2025-10-20|102|APD|254.229996|255.320007|252.839996|254.210007|969100|0.9804771664|249.247101
2025-10-20|103|BF-B|28.950001|29.330000|28.740000|28.930000|2853200|0.9746521115|28.196688
2025-10-20|104|CHD|88.449997|88.589996|87.099998|88.080002|1990900|0.9872146942|86.953865
2025-10-20|105|CINF|153.919998|155.160004|153.039993|154.899994|379500|0.9835715596|152.355225
2025-10-20|106|CMCSA|29.549999|29.630000|29.319999|29.570000|16881400|0.9033911576|26.713276
2025-10-20|107|D|60.919998|61.660000|60.849998|61.450001|3726000|0.9687101350|59.527237
2025-10-20|108|DOV|167.649994|169.350006|166.929993|168.919998|1165300|0.9924896872|167.651352
2025-10-20|109|DUK|129.000000|129.199997|127.690002|128.940002|3759300|0.9660947366|124.568253
2025-10-20|110|EFX|230.000000|232.199997|228.250000|231.119995|1264200|0.9915561793|229.168457
2025-10-20|111|EQT|55.349998|57.049999|55.119999|56.450001|5639900|0.9883492503|55.792313
2025-10-20|112|FITB|41.240002|41.900002|41.020000|41.799999|10719600|0.9757841433|40.787777
2025-10-20|113|GIS|48.459999|49.060001|48.299999|48.810001|5357000|0.9532424984|46.527767
2025-10-20|114|GPC|133.520004|133.520004|131.309998|131.809998|1668500|0.9724963604|128.184738
2025-10-20|115|HAS|75.000000|75.250000|74.269997|74.790001|1211800|0.9687474839|72.452621
2025-10-20|116|HBAN|15.800000|15.870000|15.600000|15.840000|28011100|0.9725023795|15.404437
2025-10-20|117|HRL|24.049999|24.080000|23.780001|23.959999|4041100|0.9619905057|23.049292
2025-10-20|118|HST|16.360001|16.500000|16.280001|16.490000|4483100|0.9346875076|15.412995
2025-10-20|119|HSY|187.520004|189.029999|184.070007|186.210007|1433300|0.9707271518|180.759109
2025-10-20|120|INTC|37.570000|38.520000|37.560001|38.099998|80230200|1.0000000000|38.099998
2025-10-20|121|J|156.910004|164.630005|156.050003|162.570007|2883700|0.9894584622|160.856277
2025-10-20|122|JPM|298.500000|303.690002|298.160004|302.359985|6894900|0.9859988977|298.126587
2025-10-20|123|KMB|121.519997|121.889999|120.620003|120.699997|1547700|0.9627154389|116.199745
2025-10-20|124|L|99.139999|99.559998|98.269997|99.199997|568200|0.9977044368|98.972282
2025-10-20|125|LEN|126.389999|127.449997|124.730003|125.849998|3059300|0.9844362452|123.891296
2025-10-20|126|LOW|244.979996|246.100006|242.259995|242.270004|2110500|0.9798699778|237.393097
2025-10-20|127|MAS|68.160004|68.949997|67.879997|68.709999|1472300|0.9817399064|67.455353
2025-10-20|128|MTB|181.649994|183.970001|180.929993|182.070007|1684700|0.9784172563|178.140442
2025-10-20|129|NEM|93.860001|95.019997|91.849998|94.889999|11868600|0.9927701446|94.203964
2025-10-20|130|NTRS|125.970001|130.190002|125.220001|128.850006|1253300|0.9838837164|126.773415
2025-10-20|131|NUE|134.550003|136.779999|133.779999|136.610001|1291700|0.9907811186|135.350616
2025-10-20|132|OMC|77.860001|78.459999|77.480003|78.190002|3123700|0.9700503706|75.848244
2025-10-20|133|PCAR|95.510002|97.849998|95.000000|97.480003|5070900|0.9759401745|95.134651
2025-10-20|134|PGR|223.470001|224.820007|218.410004|219.380005|4986900|0.9393741219|206.079895
2025-10-20|135|PH|740.840027|745.409973|734.719971|740.010010|557100|0.9937397742|735.377380
2025-10-20|136|PHM|124.760002|125.919998|123.040001|123.269997|4499000|0.9937132889|122.495033
2025-10-20|137|PPG|102.000000|102.540001|101.529999|102.169998|1033600|0.9744973374|99.564392
2025-10-20|138|PPL|37.450001|37.849998|37.450001|37.669998|5964400|0.9766950417|36.792099
2025-10-20|139|RF|23.780001|24.139999|23.660000|24.059999|51485500|0.9708879210|23.359564
2025-10-20|140|ROL|55.770000|56.209999|55.590000|56.070000|1092900|0.9856812639|55.267147
2025-10-20|141|SHW|332.179993|333.750000|328.980011|331.239990|3061200|0.9906031983|328.127411
2025-10-20|142|STT|112.309998|115.709999|112.129997|115.290001|2858800|0.9820070009|113.215584
2025-10-20|143|SWK|68.250000|69.620003|67.680000|69.089996|1278300|0.9672078260|66.824379
2025-10-20|144|SYK|375.700012|382.720001|370.940002|381.220001|1417300|0.9921744259|378.236725
2025-10-20|145|TMO|541.000000|550.460022|540.000000|543.840027|1665200|0.9972620730|542.351074
2025-10-20|146|TPL|948.589966|953.250000|932.959991|934.459991|128100|0.3318281124|310.080109
2025-10-20|147|TSN|52.540001|52.720001|52.160000|52.480000|2088800|0.9750492370|51.170578
2025-10-20|148|TT|418.279999|419.179993|412.399994|418.369995|925400|0.9953350758|416.418304
2025-10-20|149|TYL|504.640015|514.530029|504.640015|510.250000|223000|1.0000000000|510.250000
2025-10-20|150|UDR|36.250000|36.639999|36.090000|36.259998|1796600|0.9688744575|35.131386
2025-10-20|151|VTRS|10.170000|10.320000|10.130000|10.310000|6620700|0.9657614708|9.957002
2025-10-20|152|WEC|117.500000|117.839996|116.900002|117.500000|1983300|0.9669333840|113.614655
2025-10-20|153|WST|271.299988|275.109985|270.910004|274.899994|485300|0.9968900108|274.045074
2025-10-20|154|NDSN|234.410004|236.949997|234.000000|235.660004|186700|0.9906696357|233.461212
2025-10-20|155|TFC|43.110001|43.630001|42.700001|43.450001|8580600|0.9589220174|41.665157
2025-10-20|156|WELL|176.330002|177.940002|175.070007|177.710007|1901700|0.9854911345|175.131653
2025-10-20|157|AON|347.220001|347.220001|341.399994|344.109985|935100|0.9951005240|342.424042
2025-10-20|158|GL|135.000000|135.860001|134.110001|135.429993|532500|0.9938835716|134.601654
2025-10-20|159|OKE|68.410004|68.940002|67.860001|68.529999|2604200|0.9485114183|65.001488
2025-10-20|160|KLAC|1130.059967|1161.179962|1126.500015|1152.890015|1078500|0.0994634319|114.670403
2025-10-20|161|CSX|36.860001|36.950001|36.529999|36.669998|14729300|0.9900119853|36.303734
2025-10-20|162|PSA|308.880005|311.850006|307.790009|311.799988|715800|0.9701110817|302.480652
2025-10-20|163|NKE|67.559998|68.180000|67.470001|67.620003|9670000|0.9783499344|66.156029
2025-10-20|164|AAPL|255.889999|264.380005|255.630005|262.239990|90483000|0.9963195807|261.274811
2025-10-20|165|BRO|87.910004|87.940002|86.790001|87.519997|2264500|0.9904200305|86.681557
2025-10-20|166|UHS|205.500000|208.160004|204.630005|207.240005|297000|0.9968342486|206.583923
2025-10-20|167|HD|391.410004|393.179993|388.089996|388.890015|2761100|0.9796274407|380.967316
2025-10-20|168|BAX|23.240000|23.600000|23.110001|23.129999|4500700|0.9984613291|23.085505
2025-10-20|169|COP|86.699997|87.250000|86.199997|87.059998|4636400|0.9694370271|84.399185
2025-10-20|170|GLW|85.230003|86.029999|84.830002|85.279999|4859700|0.9932214224|84.701927
2025-10-20|171|HUM|275.649994|284.040009|275.649994|284.000000|1071300|0.9892166205|280.937531
2025-10-20|172|LHX|286.260010|291.649994|285.970001|290.559998|723600|0.9883920425|287.187225
2025-10-20|173|NOC|599.659973|602.900024|596.210022|602.000000|1084100|0.9884333448|595.036865
2025-10-20|174|OXY|40.959999|41.459999|40.840000|41.029999|8811000|0.9849760250|40.413563
2025-10-20|175|ROK|349.769989|353.660004|349.329987|352.790009|422600|0.9867997940|348.133118
2025-10-20|176|SLB|32.950001|33.480000|32.500000|33.430000|17997800|0.9812007073|32.801537
2025-10-20|177|SO|98.400002|98.410004|97.339996|97.690002|5044900|0.9680357165|94.567413
2025-10-20|178|WMB|62.610001|63.439999|62.450001|63.060001|5013000|0.9774919343|61.640636
2025-10-20|179|VLO|158.169998|161.259995|157.789993|160.169998|1354000|0.9792382128|156.844589
2025-10-20|180|CI|299.929993|308.700012|299.390015|306.839996|1608900|0.9832673314|301.705719
2025-10-20|181|NSC|289.570007|292.890015|289.500000|291.149994|1348100|0.9826794519|286.107117
2025-10-20|182|COO|76.019997|76.220001|73.480003|74.989998|4088700|1.0000000000|74.989998
2025-10-20|183|AMGN|299.480011|303.660004|297.750000|303.329987|1613400|0.9730085280|295.142670
2025-10-20|184|RJF|162.869995|166.279999|162.149994|164.979996|1093000|0.9893936166|163.230148
2025-10-20|185|WSM|186.179993|190.830002|186.179993|189.830002|911500|0.9895967846|187.855164
2025-10-20|186|CAH|157.119995|158.229996|155.839996|157.270004|1154400|0.9929397050|156.159622
2025-10-20|187|CTAS|188.259995|193.809998|188.190002|192.330002|3569100|0.9900452227|190.415421
2025-10-20|188|PAYX|126.750000|127.930000|125.300003|126.589996|2388000|0.9578135440|121.249611
2025-10-20|189|BEN|22.370001|22.730000|22.330000|22.650000|4365500|0.9625940231|21.802757
2025-10-20|190|AOS|69.830002|70.190002|69.250000|69.809998|1074600|0.9781906723|68.287491
2025-10-20|191|CASY|564.570007|565.989990|558.070007|564.400024|259500|0.9965302403|562.441711
2025-10-20|192|T|26.340000|26.440001|25.830000|26.100000|66161100|0.9652496452|25.193018
2025-10-20|193|VZ|40.700001|40.869999|40.349998|40.799999|28079200|0.9521495225|38.847698
2025-10-20|194|JBHT|166.429993|167.889999|164.639999|165.490005|1603600|0.9918818614|164.146515
2025-10-20|195|ATO|177.570007|178.070007|175.309998|177.740005|654500|0.9773427979|173.712921
2025-10-20|196|LRCX|143.490005|146.479996|143.429993|144.050003|8919400|0.9964597456|143.540024
2025-10-20|197|MU|209.660004|214.750000|205.500000|206.770004|23268400|0.9990228227|206.567947
2025-10-20|198|AJG|280.220001|280.820007|275.730011|279.260010|1171200|0.9910126646|276.750214
2025-10-20|199|AME|186.970001|188.000000|186.000000|187.389999|767500|0.9953689352|186.522186
2025-10-20|200|SWKS|74.000000|76.849998|72.779999|76.139999|2160800|0.9685989226|73.749123
2025-10-20|201|EXPD|120.120003|121.300003|120.040001|120.440002|633100|0.9896583057|119.194450
2025-10-20|202|UNH|358.540009|365.570007|357.510010|364.480011|5996500|0.9800610506|357.212677
2025-10-20|203|BBY|80.000000|81.169998|79.900002|81.010002|4272800|0.9593973356|77.720779
2025-10-20|204|DOC|18.670000|18.799999|18.610001|18.719999|4308800|0.9458004738|17.705387
2025-10-20|205|ADSK|305.000000|308.079987|304.320007|307.950012|885100|1.0000000000|307.950012
2025-10-20|206|DVN|31.770000|32.279999|31.600000|31.930000|5770200|0.9814598964|31.338015
2025-10-20|207|NVR|7673.250000|7746.810059|7605.370117|7681.080078|21500|1.0000000000|7681.080078
2025-10-20|208|ROST|157.320007|157.789993|156.350006|157.449997|1691400|0.9936631572|156.452240
2025-10-20|209|JKHY|153.889999|155.339996|152.539993|155.070007|592900|0.9886171552|153.304886
2025-10-20|210|MNST|70.650002|70.720001|69.320000|69.760002|4675400|0.5000000000|69.760002
2025-10-20|211|ORCL|288.950012|289.239990|275.309998|277.179993|32810700|0.9904465499|274.531952
2025-10-20|212|MSFT|514.609985|518.700012|513.429993|516.789978|14665600|0.9918394551|512.572693
2025-10-20|213|TROW|103.970001|104.919998|103.900002|104.239998|1130700|0.9618549978|100.263763
2025-10-20|214|COST|936.190002|939.799988|931.500000|936.109985|1523700|0.9941992924|930.679932
2025-10-20|215|ADBE|334.640015|344.200012|334.250000|343.399994|3903200|1.0000000000|343.399994
2025-10-20|216|FISV|122.290001|124.779999|121.889999|124.139999|3958300|1.0000000000|124.139999
2025-10-20|217|BKR|45.419998|46.389999|45.200001|46.279999|6771900|0.9846041741|45.567478
2025-10-20|218|CDNS|327.790009|331.119995|326.390015|329.640015|1458300|1.0000000000|329.640015
2025-10-20|219|TJX|143.949997|144.380005|142.550003|143.330002|3321600|0.9879468300|141.602402
2025-10-20|220|FICO|1630.089966|1653.150024|1617.339966|1620.390015|160800|1.0000000000|1620.390015
2025-10-20|221|CCL|28.450001|29.059999|28.410000|28.860001|15392300|0.9841845235|28.403566
2025-10-20|222|FAST|42.570000|43.029999|42.459999|42.990002|4398800|0.9787399757|42.076035
2025-10-20|223|SCHW|94.199997|95.680000|94.199997|94.949997|7380900|0.9873800864|93.751740
2025-10-20|224|JCI|109.860001|110.629997|109.360001|110.599998|3116100|0.9941759575|109.955856
2025-10-20|225|COHR|119.660004|125.000000|119.510002|120.199997|3075800|1.0000000000|120.199997
2025-10-20|226|KEY|17.070000|17.430000|17.020000|17.379999|20069900|0.9696888308|16.853189
2025-10-20|227|MOS|29.379999|29.629999|29.080000|29.580000|5475100|0.9727377902|28.773582
2025-10-20|228|MGM|31.900000|32.439999|31.799999|31.870001|4043100|1.0000000000|31.870001
2025-10-20|229|WM|215.850006|216.289993|214.210007|215.399994|941200|0.9879218676|212.798370
2025-10-20|230|TECH|62.500000|63.540001|62.060001|62.540001|1490400|0.9943671322|62.187721
2025-10-20|231|IEX|166.660004|168.949997|165.289993|166.610001|361600|0.9895889092|164.875412
2025-10-20|232|GEN|26.610001|26.889999|26.540001|26.700001|2746800|0.9804358251|26.177637
2025-10-20|233|CRH|118.290001|118.410004|116.730003|117.430000|1664300|0.9889154582|116.128342
2025-10-20|234|EOG|106.480003|107.019997|105.779999|106.400002|3635300|0.9756845809|103.812836
2025-10-20|235|PTC|204.679993|206.779999|201.889999|205.869995|667500|1.0000000000|205.869995
2025-10-20|236|CSCO|70.120003|70.970001|70.120003|70.650002|12183500|0.9856294108|69.634720
2025-10-20|237|LH|287.329987|291.779999|286.000000|290.929993|469400|0.9921089357|288.016724
2025-10-20|238|TRMB|78.139999|79.029999|77.550003|78.580002|1398700|1.0000000000|78.580002
2025-10-20|239|AZO|4030.169922|4034.100098|3945.120117|3968.570068|119600|1.0000000000|3968.570068
2025-10-20|240|REGN|579.409973|582.650024|574.229980|576.770020|639100|0.9948983635|573.827576
2025-10-20|241|IDXX|638.200012|644.919983|634.909973|643.409973|327300|1.0000000000|643.409973
2025-10-20|242|AES|14.700000|14.790000|14.370000|14.400000|6856300|0.9525797478|13.717148
2025-10-20|243|VRTX|418.170013|420.500000|414.519989|419.100006|1083500|1.0000000000|419.100006
2025-10-20|244|ZBRA|297.100006|304.739990|297.100006|301.450012|383700|1.0000000000|301.450012
2025-10-20|245|BIIB|143.309998|147.470001|142.410004|146.630005|1316200|1.0000000000|146.630005
2025-10-20|246|ODFL|138.580002|142.309998|137.679993|140.710007|2009100|0.9953671039|140.058121
2025-10-20|247|APH|126.570000|127.940002|125.699997|127.669998|5275300|0.9946061744|126.981361
2025-10-20|248|KIM|21.950001|22.080000|21.740000|22.000000|5609900|0.9657396580|21.246275
2025-10-20|249|QCOM|163.339996|167.649994|162.059998|167.039993|8194100|0.9849314898|164.522934
2025-10-20|250|GILD|122.589996|123.989998|122.199997|123.110001|8149500|0.9813788839|120.817551
2025-10-20|251|ROP|504.510010|506.970001|501.519989|505.890015|887200|0.9929279129|502.312317
2025-10-20|252|SNPS|450.660004|457.820007|449.000000|453.350006|1539900|1.0000000000|453.350006
2025-10-20|253|STZ|140.770004|143.289993|140.100006|141.229996|1728600|0.9716065224|137.219986
2025-10-20|254|BSX|99.699997|101.019997|99.589996|100.529999|9309700|1.0000000000|100.529999
2025-10-20|255|STE|240.429993|242.710007|239.070007|242.220001|498500|0.9945039836|240.888763
2025-10-20|256|DHI|154.570007|155.320007|153.300003|153.759995|3086600|0.9881394354|151.936310
2025-10-20|257|LIN|452.359985|455.239990|449.709991|451.559998|1895900|0.9898650243|446.983459
2025-10-20|258|SBUX|85.690002|86.339996|84.430000|84.529999|7679700|0.9751160265|82.426552
2025-10-20|259|MS|160.199997|163.139999|159.500000|161.970001|5741000|0.9778330741|158.379639
2025-10-20|260|INTU|663.280029|668.859985|658.489990|664.770020|1205800|0.9906980199|658.586365
2025-10-20|261|MCHP|66.070000|67.669998|65.650002|67.070000|5562100|0.9744763190|65.358124
2025-10-20|262|CB|269.369995|269.519989|267.070007|268.200012|2009300|0.9939554166|266.578857
2025-10-20|263|ORLY|102.019997|102.019997|99.599998|100.970001|4888100|1.0000000000|100.970001
2025-10-20|264|RCL|302.380005|306.440002|301.500000|302.839996|1112700|0.9862054091|298.662415
2025-10-20|265|JBL|210.399994|210.910004|201.089996|204.020004|1181800|0.9988481715|203.785004
2025-10-20|266|ALL|196.119995|196.570007|193.029999|193.789993|1139700|0.9851043015|190.903351
2025-10-20|267|CPT|102.540001|103.430000|102.510002|103.089996|541400|0.9704206326|100.040649
2025-10-20|268|VMRK|62.619999|62.980000|62.209999|62.349998|2558800|0.9671264641|60.300335
2025-10-20|269|IT|237.990005|240.389999|236.149994|239.479996|716700|1.0000000000|239.479996
2025-10-20|270|DECK|100.330002|102.529999|100.059998|100.190002|3934800|1.0000000000|100.190002
2025-10-20|271|REG|72.309998|72.889999|71.519997|72.209999|697700|0.9701425273|70.053993
2025-10-20|272|INCY|87.949997|87.949997|84.379997|86.169998|2100400|1.0000000000|86.169998
2025-10-20|273|SPG|178.630005|179.440002|177.169998|178.470001|685200|0.9659807077|172.398575
2025-10-20|274|MAA|132.899994|133.899994|132.270004|132.889999|761200|0.9656183896|128.321030
2025-10-20|275|MLM|630.419983|630.419983|615.020020|627.090027|244000|0.9960197565|624.594055
2025-10-20|276|TSCO|55.459999|55.599998|54.650002|55.290001|4503200|0.9764906296|53.990166
2025-10-20|277|ALB|94.000000|97.690002|94.000000|96.139999|2927100|0.9919948535|95.370384
2025-10-20|278|CPRT|44.500000|44.830002|44.240002|44.759998|3897300|1.0000000000|44.759998
2025-10-20|279|FLEX|63.020000|63.189999|62.080002|62.750000|2600200|1.0000000000|62.750000
2025-10-20|280|ESS|260.410004|261.809998|258.799988|260.799988|377100|0.9710345219|253.245789
2025-10-20|281|O|60.009998|60.650002|59.990002|60.639999|3687600|0.9566399898|58.010647
2025-10-20|282|MCO|472.640015|476.700012|468.859985|474.459991|760300|0.9914008639|470.380066
2025-10-20|283|SJM|105.220001|105.849998|104.330002|105.360001|1244800|0.9604551346|101.193550
2025-10-20|284|MCK|787.460022|793.539978|780.309998|787.820007|413700|0.9971371280|785.564636
2025-10-20|285|COF|212.529999|215.720001|212.029999|214.869995|3780000|0.9846948620|211.581375
2025-10-20|286|EME|700.000000|704.090027|693.359985|700.179993|289500|0.9983902989|699.052917
2025-10-20|287|DLTR|96.589996|99.269997|96.480003|99.019997|4590900|1.0000000000|99.019997
2025-10-20|288|COR|325.309998|329.579987|323.359985|327.390015|1051000|0.9924371875|324.914001
2025-10-20|289|DRI|191.259995|191.500000|187.559998|187.919998|1026900|0.9771066651|183.617889
2025-10-20|290|RMD|268.369995|271.720001|266.779999|271.410004|619500|0.9895309167|268.568604
2025-10-20|291|WAB|195.940002|197.229996|195.110001|196.119995|721000|0.9953491745|195.207870
2025-10-20|292|FCX|41.930000|42.220001|41.419998|42.189999|12617500|0.9929128187|41.890987
2025-10-20|293|IVZ|22.990000|23.059999|22.799999|22.840000|5444800|0.9692003654|22.136536
2025-10-20|294|ACGL|87.110001|87.250000|86.000000|86.970001|1892200|1.0000000000|86.970001
2025-10-20|295|ERIE|317.480011|317.869995|313.489990|316.420013|106300|0.9834606060|311.186615
2025-10-20|296|EG|350.130005|352.700012|347.410004|350.950012|250000|0.9878843207|346.698029
2025-10-20|297|DVA|126.430000|128.479996|125.660004|128.050003|489400|1.0000000000|128.050003
2025-10-20|298|HSIC|63.750000|64.330002|63.270000|63.930000|1328800|1.0000000000|63.930000
2025-10-20|299|EL|103.620003|104.529999|102.129997|102.519997|4417400|0.9893232983|101.425423
2025-10-20|300|WAT|336.309998|346.179993|334.410004|343.179993|601600|1.0000000000|343.179993
2025-10-20|301|NTAP|119.820000|120.370003|117.059998|117.239998|1414200|0.9870750252|115.724663
2025-10-20|302|HIG|125.000000|125.290001|123.389999|123.849998|1481800|0.9867007020|122.202881
2025-10-20|303|IRM|105.379997|106.000000|104.809998|105.830002|989000|0.9749654551|103.180595
2025-10-20|304|BRK-B|492.359985|494.420013|490.320007|494.079987|4605300|1.0000000000|494.079987
2025-10-20|305|FDS|285.839996|292.429993|285.839996|290.410004|821600|0.9861098905|286.376190
2025-10-20|306|STLD|147.009995|147.320007|144.779999|146.279999|1628100|0.9917509611|145.073334
2025-10-20|307|DGX|190.690002|191.869995|189.500000|190.410004|1491100|0.9871163208|187.956818
2025-10-20|308|CIEN|173.630005|177.789993|171.949997|173.119995|2010800|1.0000000000|173.119995
2025-10-20|309|TTWO|262.220001|262.950012|260.369995|262.290009|1340100|1.0000000000|262.290009
2025-10-20|310|VTR|70.900002|71.500000|70.550003|71.500000|1867700|0.9818295408|70.200821
2025-10-20|311|AMZN|213.880005|216.690002|213.589996|216.479996|38882800|1.0000000000|216.479996
2025-10-20|312|ARE|75.269997|77.360001|75.239998|76.730003|1653200|0.9575530500|73.473053
2025-10-20|313|RL|328.279999|333.140015|325.390015|333.000000|401900|0.9923194237|330.442352
2025-10-20|314|BXP|71.309998|71.849998|70.629997|70.669998|905800|0.9663309942|68.290611
2025-10-20|315|FIX|842.489990|854.460022|832.260010|836.750000|259100|0.9979565203|835.040100
2025-10-20|316|YUM|145.529999|148.550003|145.350006|148.160004|1992100|0.9858960568|146.070358
2025-10-20|317|CHRW|127.779999|128.600006|126.440002|127.459999|1335200|0.9892308245|126.087364
2025-10-20|318|FE|47.080002|47.299999|46.770000|47.230000|3678700|0.9613759059|45.405785
2025-10-20|319|MTD|1353.189941|1378.199951|1351.589966|1357.260010|108700|1.0000000000|1357.260010
2025-10-20|320|PLD|125.199997|127.470001|124.080002|127.180000|4181000|0.9772581725|124.287697
2025-10-20|321|URI|986.219971|1004.280029|981.200012|1000.289978|289100|0.9918999023|992.187500
2025-10-20|322|AEE|106.160004|106.730003|105.349998|105.690002|2217000|0.9792499824|103.496925
2025-10-20|323|VRSN|265.100006|267.570007|264.709991|266.920013|467600|0.9876930267|263.635040
2025-10-20|324|PWR|437.160004|444.059998|437.160004|440.739990|701300|0.9993903388|440.471283
2025-10-20|325|AMT|191.949997|193.119995|190.619995|193.080002|1782100|0.9712942756|187.537506
2025-10-20|326|MAR|262.299988|263.809998|259.929993|260.000000|1650200|0.9917417055|257.852875
2025-10-20|327|CTSH|66.300003|67.110001|66.120003|66.699997|2350100|0.9779331176|65.228134
2025-10-20|328|SRE|92.349998|93.660004|91.849998|92.720001|3444300|0.9788895267|90.762642
2025-10-20|329|CSGP|74.019997|75.029999|73.919998|74.959999|1984600|1.0000000000|74.959999
2025-10-20|330|RSG|219.770004|220.809998|218.000000|220.130005|1108700|0.9913326285|218.222061
2025-10-20|331|CCI|97.129997|98.919998|96.949997|98.870003|2378400|0.9648543647|95.395157
2025-10-20|332|EBAY|93.129997|96.089996|93.040001|95.650002|6806800|0.9904184858|94.446373
2025-10-20|333|NVDA|183.130005|185.199997|181.729996|182.639999|128544700|0.9987261828|182.407349
2025-10-20|334|BKNG|5105.799866|5172.999954|5080.429840|5141.880035|299100|0.0397328628|204.301620
2025-10-20|335|GS|757.000000|766.419983|752.880005|763.320007|1925400|0.9855142723|752.262695
2025-10-20|336|FFIV|300.130005|302.000000|295.029999|296.500000|842900|1.0000000000|296.500000
2025-10-20|337|SBAC|196.479996|198.000000|194.710007|197.759995|627100|0.9751039390|192.836548
2025-10-20|338|LII|526.390015|538.169983|525.960022|534.750000|430000|0.9920705337|530.509705
2025-10-20|339|BLK|1178.000000|1178.989990|1158.619995|1160.000000|678800|0.9841011192|1141.557129
2025-10-20|340|TKO|190.199997|191.360001|186.729996|186.820007|1128700|0.9884090368|184.654572
2025-10-20|341|AKAM|72.949997|74.320000|72.949997|74.250000|1392500|1.0000000000|74.250000
2025-10-20|342|UPS|86.650002|87.500000|86.400002|86.910004|5456500|0.9383630641|81.553139
2025-10-20|343|A|143.000000|144.630005|142.270004|143.000000|1580500|0.9940314297|142.146500
2025-10-20|344|TDY|566.250000|574.710022|562.190002|571.830017|222000|1.0000000000|571.830017
2025-10-20|345|PKG|203.970001|206.009995|201.889999|205.880005|820800|0.9816059808|202.093048
2025-10-20|346|EW|74.690002|75.570000|74.430000|75.290001|4179000|1.0000000000|75.290001
2025-10-20|347|MET|78.589996|79.220001|78.230003|78.739998|2582900|0.9722454281|76.554604
2025-10-20|348|ON|53.349998|55.990002|53.099998|54.889999|9631000|1.0000000000|54.889999
2025-10-20|349|ISRG|452.500000|461.829987|451.350006|458.470001|3410000|1.0000000000|458.470001
2025-10-20|350|CRL|179.350006|184.229996|178.520004|184.139999|815800|1.0000000000|184.139999
2025-10-20|351|MRVL|86.639999|88.720001|85.449997|85.839996|16137500|0.9985347355|85.714211
2025-10-20|352|EQIX|817.739990|827.700012|814.000000|825.140015|438500|0.9790491812|807.852661
2025-10-20|353|TPR|117.639999|117.750000|115.830002|116.339996|1442300|0.9910289553|115.296303
2025-10-20|354|GRMN|250.009995|252.130005|249.130005|249.130005|439900|0.9875544034|246.029434
2025-10-20|355|GPN|85.839996|87.220001|85.519997|87.019997|1262700|0.9898898052|86.140205
2025-10-20|356|ALGN|132.619995|135.059998|131.130005|134.929993|1031900|1.0000000000|134.929993
2025-10-20|357|WTW|332.380005|332.380005|329.119995|330.049988|329200|0.9903328749|326.859344
2025-10-20|358|MDLZ|62.820000|62.959999|62.500000|62.810001|4069100|0.9742061707|61.189896
2025-10-20|359|AXON|675.140015|686.969971|673.000000|683.130005|453600|1.0000000000|683.130005
2025-10-20|360|FIS|67.260002|68.070000|67.139999|67.940002|1878900|0.9743297530|66.195969
2025-10-20|361|ACN|240.100006|244.190002|239.740005|242.179993|3495200|0.9798095806|237.290268
2025-10-20|362|ZBH|102.330002|103.779999|102.190002|102.739998|1636000|0.9920119396|101.919304
2025-10-20|363|BG|98.000000|99.410004|96.650002|97.250000|1928500|0.9749906568|94.817841
2025-10-20|364|PFG|78.779999|79.320000|78.489998|78.970001|922400|0.9740293311|76.919098
2025-10-20|365|ELV|348.769989|355.790009|347.619995|354.070007|1946900|0.9847701459|348.677582
2025-10-20|366|CNC|35.230000|36.150002|35.180000|35.610001|6873100|1.0000000000|35.610001
2025-10-20|367|PRU|101.000000|102.019997|100.739998|101.519997|1114600|0.9496925157|96.412781
2025-10-20|368|NFLX|1207.880020|1247.760010|1206.900024|1238.560028|3986200|0.1000000000|123.856003
2025-10-20|369|NDAQ|89.279999|89.809998|88.769997|88.860001|3107400|0.9903103249|87.998985
2025-10-20|370|WYNN|120.379997|122.750000|120.029999|121.940002|2060000|0.9907231274|120.808792
2025-10-20|371|CME|267.500000|268.269989|264.779999|267.619995|1556800|0.9671562481|258.830353
2025-10-20|372|STX|230.000000|233.279999|209.369995|214.399994|4602000|0.9949371232|213.314499
2025-10-20|373|NRG|171.809998|172.899994|166.309998|167.009995|1768500|0.9877934975|164.971420
2025-10-20|374|AIZ|209.610001|209.899994|207.850006|209.149994|279800|0.9887198190|206.790741
2025-10-20|375|CBRE|157.639999|160.190002|156.929993|159.880005|1088800|1.0000000000|159.880005
2025-10-20|376|CRM|245.000000|255.399994|244.300003|254.279999|9963900|0.9933339931|252.584961
2025-10-20|377|DPZ|417.130005|425.049988|417.130005|422.940002|402900|0.9848757173|416.543365
2025-10-20|378|EXR|152.369995|153.460007|150.429993|151.470001|742300|0.9661267437|146.339233
2025-10-20|379|GOOG|255.229996|257.880005|254.600006|257.019989|13726800|0.9980438060|256.517212
2025-10-20|380|GOOGL|254.690002|257.329987|254.229996|256.549988|22350200|0.9980471771|256.049011
2025-10-20|381|DLR|175.740005|175.740005|171.440002|172.919998|1705500|0.9788235933|169.258179
2025-10-20|382|MPWR|1018.580017|1037.890015|1018.580017|1031.589966|442600|0.9948016730|1026.227417
2025-10-20|383|LVS|49.889999|50.660000|49.419998|49.730000|7701400|0.9787990268|48.675678
2025-10-20|384|DXCM|67.050003|68.470001|66.699997|68.430000|4724700|1.0000000000|68.430000
2025-10-20|385|BLDR|122.360001|123.860001|121.220001|122.459999|1539400|1.0000000000|122.459999
2025-10-20|386|WBD|18.459999|18.500000|18.000000|18.320000|23995300|1.0000000000|18.320000
2025-10-20|387|EXPE|215.399994|219.759995|215.399994|218.250000|989200|0.9926306212|216.641647
2025-10-20|388|CF|83.779999|84.540001|83.440002|83.930000|1659900|0.9797238699|82.228226
2025-10-20|389|AMP|472.029999|476.720001|472.029999|472.679993|761800|0.9868973539|466.486633
2025-10-20|390|ICE|153.949997|155.419998|153.259995|155.289993|2884400|0.9901381914|153.758560
2025-10-20|391|PSKY|16.930000|17.090000|16.650000|16.990000|2422000|0.9863259572|16.757679
2025-10-20|392|LYV|155.429993|158.179993|155.429993|156.770004|1872100|1.0000000000|156.770004
2025-10-20|393|CMG|41.820000|42.340000|41.320000|41.630001|15121600|1.0000000000|41.630001
2025-10-20|394|UAL|99.320000|103.050003|98.239998|101.290001|7564500|1.0000000000|101.290001
2025-10-20|395|TDG|1270.000000|1311.160034|1269.530029|1301.680054|383300|1.0000000000|1301.680054
2025-10-20|396|MA|561.700012|567.419983|553.789978|566.359985|2046400|0.9951190330|563.595642
2025-10-20|397|LDOS|186.279999|191.289993|185.100006|190.490005|536300|0.9917626624|188.920868
2025-10-20|398|FSLR|234.520004|238.000000|228.389999|229.000000|1422500|1.0000000000|229.000000
2025-10-20|399|BR|229.070007|231.350006|228.070007|230.679993|378600|0.9836780236|226.914841
2025-10-20|400|SMCI|55.040001|56.599998|54.599998|55.040001|45553300|1.0000000000|55.040001
2025-10-20|401|TMUS|228.929993|230.539993|226.399994|230.089996|4561300|0.9849640725|225.329895
2025-10-20|402|DAL|60.080002|62.230000|59.209999|61.750000|6512100|0.9922015511|61.268448
2025-10-20|403|IBKR|67.379997|68.330002|66.040001|66.940002|5249700|0.9966884542|66.718323
2025-10-20|404|PODD|318.119995|326.880005|318.119995|326.850006|376000|1.0000000000|326.850006
2025-10-20|405|TEL|225.000000|226.960007|224.070007|225.960007|1799800|0.9892434805|223.529465
2025-10-20|406|BX|158.070007|161.220001|157.720001|160.440002|3081300|0.9610163599|154.185471
2025-10-20|407|LULU|171.279999|176.470001|170.919998|172.429993|5105300|1.0000000000|172.429993
2025-10-20|408|ULTA|539.630005|543.710022|522.919983|523.719971|486900|1.0000000000|523.719971
2025-10-20|409|MSCI|528.679993|538.609985|525.309998|536.700012|603300|0.9858483453|529.104797
2025-10-20|410|ECHO|73.510002|74.559998|72.150002|74.150002|3027000|1.0000000000|74.150002
2025-10-20|411|PM|158.160004|160.699997|157.179993|158.059998|7779200|0.9741176592|153.969025
2025-10-20|412|V|341.899994|344.959991|338.940002|344.410004|4665000|0.9920658607|341.677429
2025-10-20|413|AWK|143.990005|145.610001|143.020004|145.429993|1107200|0.9734433274|141.567871
2025-10-20|414|KDP|27.990000|28.170000|27.730000|27.750000|11046600|0.9761522236|27.088224
2025-10-20|415|SW|41.740002|42.320000|41.700001|42.230000|3270800|0.9711821711|41.013023
2025-10-20|416|AVGO|353.799988|356.589996|347.839996|349.239990|15640200|0.9944270811|347.293671
2025-10-20|417|VRSK|232.889999|235.539993|232.100006|235.289993|953400|0.9927002374|233.572433
2025-10-20|418|DG|105.750000|108.349998|105.260002|106.440002|2343800|0.9860246787|104.952469
2025-10-20|419|FTNT|83.050003|84.959999|83.050003|84.860001|3968300|1.0000000000|84.860001
2025-10-20|420|CHTR|254.410004|254.410004|248.169998|251.509995|1507200|1.0000000000|251.509995
2025-10-20|421|FERG|239.940002|242.509995|237.910004|242.020004|1467500|0.9848254111|238.347458
2025-10-20|422|GNRC|193.000000|196.919998|192.460007|195.770004|679300|1.0000000000|195.770004
2025-10-20|423|LYB|46.209999|46.590000|45.299999|45.619999|3658900|0.9407211657|42.915699
2025-10-20|424|CBOE|238.710007|239.250000|233.529999|237.089996|620200|0.9954503651|236.011322
2025-10-20|425|TSLA|443.869995|449.799988|440.609985|447.429993|63719000|1.0000000000|447.429993
2025-10-20|426|KKR|118.959999|120.629997|118.000000|120.110001|3778700|0.9928030964|119.245583
2025-10-20|427|NXPI|216.720001|222.229996|215.600006|219.820007|2374500|0.9870653625|216.976730
2025-10-20|428|GM|58.540001|58.560001|57.680000|58.000000|10184600|0.9934966717|57.622810
2025-10-20|429|TRGP|150.100006|151.550003|149.009995|150.940002|1057700|0.9789495349|147.762665
2025-10-20|430|CPAY|287.480011|289.480011|285.119995|286.049988|279300|1.0000000000|286.049988
2025-10-20|431|KMI|27.650000|27.870001|27.350000|27.520000|19745500|0.9613533449|26.456442
2025-10-20|432|HCA|426.980011|436.260010|424.519989|433.149994|878400|0.9950375716|431.000519
2025-10-20|433|HII|281.809998|287.040009|281.809998|285.769989|320500|0.9882397967|281.098328
2025-10-20|434|APO|122.519997|126.040001|122.000000|125.190002|2943600|0.9837214596|123.152092
2025-10-20|435|MPC|184.929993|187.300003|184.679993|186.270004|957900|0.9835714275|183.209869
2025-10-20|436|XYL|146.960007|147.570007|145.570007|146.759995|728800|0.9861759388|144.731171
2025-10-20|437|APTV|83.309998|83.930000|82.860001|83.400002|1177000|1.0000000000|83.400002
2025-10-20|438|PSX|129.369995|131.089996|129.369995|130.339996|1997900|0.9712393490|126.591331
2025-10-20|439|AMCR|8.150000|8.170000|8.110000|8.150000|11491800|4.8543684849|39.563107
2025-10-20|440|META|721.190002|733.770020|720.179993|732.169983|8900200|0.9974059053|730.270691
2025-10-20|441|NOW|906.640015|922.020035|906.350021|917.549973|1071600|0.2000000000|183.509995
2025-10-20|442|PANW|209.559998|212.610001|209.529999|211.820007|4086400|1.0000000000|211.820007
2025-10-20|443|FANG|139.899994|141.970001|139.399994|141.190002|2216200|0.9764795206|137.869141
2025-10-20|444|WDAY|235.559998|242.220001|233.130005|241.199997|2080900|1.0000000000|241.199997
2025-10-20|445|ABBV|231.000000|232.259995|230.000000|232.059998|5246700|0.9769027438|226.700043
2025-10-20|446|NCLH|23.110001|23.330000|23.010000|23.250000|9114600|1.0000000000|23.250000
2025-10-20|447|ZTS|143.869995|145.690002|143.509995|145.059998|2479400|0.9811560666|142.326492
2025-10-20|448|IQV|206.320007|212.479996|205.009995|212.050003|1671800|1.0000000000|212.050003
2025-10-20|449|NWS|29.850000|30.049999|29.639999|29.940001|482800|0.9963262306|29.830008
2025-10-20|450|NWSA|26.150000|26.629999|26.049999|26.440001|2997500|0.9958385353|26.329971
2025-10-20|451|CDW|153.119995|155.660004|153.119995|155.380005|1058300|0.9800438553|152.279205
2025-10-20|452|VEEV|285.070007|288.100006|281.920013|285.910004|816100|1.0000000000|285.910004
2025-10-20|453|ALLE|178.179993|178.449997|173.970001|177.970001|591800|0.9921390873|176.570999
2025-10-20|454|HLT|260.529999|263.989990|260.140015|261.040009|1762600|0.9980421657|260.528931
2025-10-20|455|ARES|143.929993|148.190002|143.080002|146.610001|1392300|0.9704279397|142.274429
2025-10-20|456|ANET|146.324997|149.880005|146.190002|146.479996|6120700|1.0000000000|146.479996
2025-10-20|457|SYF|72.000000|72.510002|71.459999|72.260002|3207900|0.9836138777|71.075943
2025-10-20|458|CFG|49.470001|50.486000|49.400002|50.290001|4137200|0.9707955381|48.821312
2025-10-20|459|KEYS|163.779999|165.679993|163.279999|164.750000|864400|1.0000000000|164.750000
2025-10-20|460|GDDY|129.500000|132.759995|129.274994|132.460007|1233500|1.0000000000|132.460007
2025-10-20|461|KHC|25.580000|25.879999|25.530001|25.709999|10077600|0.9508904028|24.447392
2025-10-20|462|PYPL|67.675003|69.470001|67.650002|69.199997|10016100|0.9914138539|68.605843
2025-10-20|463|LITE|164.179993|169.979996|160.600006|161.000000|2675000|1.0000000000|161.000000
2025-10-20|464|HPE|23.065001|23.105000|22.440001|22.870001|60189800|0.9847720717|22.521740
2025-10-20|465|XYZ|75.940002|76.870003|74.839996|76.500000|4538200|1.0000000000|76.500000
2025-10-20|466|FTV|48.970001|49.500000|48.770000|49.279999|1504200|0.9968000114|49.122307
2025-10-20|467|DELL|150.190002|151.410004|147.130005|147.869995|5829600|0.9874173534|146.009399
2025-10-20|468|TTD|50.369999|53.080002|50.299999|52.494999|8558800|1.0000000000|52.494999
2025-10-20|469|VST|204.130005|205.500000|192.807007|194.240005|4058400|0.9958526400|193.434433
2025-10-20|470|HWM|191.630005|193.500000|190.589996|192.520004|1044900|0.9979223317|192.120026
2025-10-20|471|INVH|28.580000|28.860001|28.389999|28.600000|4073700|0.9672165501|27.662394
2025-10-20|472|CVNA|335.180016|341.430016|324.430008|337.599983|2401300|0.2000000000|67.519997
2025-10-20|473|IR|77.970001|78.849998|77.794998|78.470001|1826300|0.9990084054|78.392189
2025-10-20|474|VICI|31.000000|31.270000|30.889999|31.209999|9732000|0.9523421134|29.722599
2025-10-20|475|VRT|178.000000|179.789993|173.949997|175.729996|6692000|0.9991812568|175.586121
2025-10-20|476|MRNA|26.410000|28.120001|26.389999|27.240000|11497800|1.0000000000|27.240000
2025-10-20|477|FOXA|58.369999|58.580002|57.560001|58.180000|1855900|0.9951185496|57.896000
2025-10-20|478|FOX|52.209999|52.250000|51.549999|52.110001|812800|0.9946544484|51.831444
2025-10-20|479|DOW|21.990000|22.084999|21.440001|21.629999|10342700|0.9640247460|20.851854
2025-10-20|480|UBER|93.000000|94.500000|92.849998|93.699997|11274900|1.0000000000|93.699997
2025-10-20|481|CTVA|61.959999|62.430000|61.540001|61.980000|4634300|0.9928033602|61.533955
2025-10-20|482|CRWD|486.529999|504.445007|486.450012|503.609985|2820100|0.2500000000|125.902496
2025-10-20|483|DDOG|155.149994|158.080002|154.184998|156.294998|2559200|1.0000000000|156.294998
2025-10-20|484|CARR|56.790001|57.689999|56.790001|57.669998|7440800|0.9848525765|56.796452
2025-10-20|485|OTIS|91.400002|91.959999|91.050003|91.510002|1615100|0.9789066234|89.579758
2025-10-20|486|PLTR|179.490005|183.089996|177.440002|181.589996|31975800|1.0000000000|181.589996
2025-10-20|487|DASH|263.859985|267.200012|262.690002|265.369995|2376200|1.0000000000|265.369995
2025-10-20|488|ABNB|126.110001|128.500000|125.790001|127.209999|3976900|1.0000000000|127.209999
2025-10-20|489|EXE|103.000000|107.540001|102.440002|106.900002|3659100|0.9779564541|104.543549
2025-10-20|490|COIN|342.209991|354.059998|338.750000|343.779999|7544100|1.0000000000|343.779999
2025-10-20|491|APP|593.309998|595.697021|553.000000|565.940002|6529800|1.0000000000|565.940002
2025-10-20|492|HOOD|133.425003|140.197998|132.899994|135.800003|27605900|1.0000000000|135.800003
2025-10-20|493|CEG|395.940002|398.500000|368.130005|370.000000|3072900|0.9944409722|367.943176
2025-10-20|494|GEHC|74.349998|75.913002|74.059998|75.480003|2050900|0.9981004727|75.336617
2025-10-20|495|KVUE|15.170000|15.260000|14.881000|14.960000|29629300|0.9540880845|14.273156
2025-10-20|496|VLTO|102.910004|104.220001|102.739998|103.980003|902700|0.9957401186|103.537056
2025-10-20|497|RDDT|201.000000|211.110001|200.649994|202.479996|6315000|1.0000000000|202.479996
2025-10-20|498|SOLV|72.440002|73.250000|72.150002|72.870003|479200|1.0000000000|72.870003
2025-10-20|499|GEV|608.119995|610.000000|593.679993|594.070007|2634400|0.9981503345|592.971191
2025-10-20|500|SNDK|145.979996|152.630005|145.500000|148.039993|6626100|1.0000000000|148.039993
